,Month,Hour,Day Type,Daylight Savings Status,Indoor Temperature (C),Average Unmet Cooling Setpoint Difference (C),Indoor Relative Humidity (%),Equipment Electric Power (kWh),DHW Heating (kWh),Cooling Load (kWh),Solar Generation (W/kW),Heating Load (kWh),HVAC Mode (Off/Cooling/Heating),Temperature Set Point (C),Occupant Count (people)
0,1,1,8,0,22.92,0.0,54.43,13.1,1.08,1.2,0.0,0,1,24.444444,2
1,1,2,8,0,22.71,0.0,51.86,5.4,3.12,0.0,0.0,0,1,24.444444,2
2,1,3,8,0,22.66,0.0,49.42,5.6,0.48,0.0,0.0,0,1,24.444444,2
3,1,4,8,0,22.67,0.0,47.54,7.0,1.68,0.01,0.0,0,1,24.444444,2
4,1,5,8,0,22.63,0.0,46.51,4.9,0.0,0.0,0.0,0,1,24.444444,2
5,1,6,8,0,22.62,0.0,46.1,5.0,1.92,0.0,0.0,0,1,24.444444,2
6,1,7,8,0,22.66,0.0,46.0,7.7,4.08,0.08,0.0,0,1,24.444444,2
7,1,8,8,0,22.69,0.0,46.15,9.1,17.76,0.19,0.0,0,1,24.444444,2
8,1,9,8,0,22.72,0.0,45.8,11.6,6.84,0.39,28.2155,0,1,24.444444,2
9,1,10,8,0,22.67,0.0,45.44,7.4,14.28,0.01,45.8566,0,1,24.444444,2
10,1,11,8,0,22.71,0.0,45.45,8.9,6.72,0.22,74.4313,0,1,24.444444,2
11,1,12,8,0,22.82,0.0,46.24,10.8,11.04,0.87,144.55,0,1,24.444444,2
12,1,13,8,0,22.86,0.0,48.09,7.9,2.28,0.79,148.719,0,1,24.444444,2
13,1,14,8,0,22.88,0.0,49.33,9.0,2.04,0.91,96.634,0,1,24.444444,2
14,1,15,8,0,22.9,0.0,49.87,10.6,0.48,1.15,53.573,0,1,24.444444,2
15,1,16,8,0,22.87,0.0,50.7,8.1,2.76,0.64,30.8986,0,1,24.444444,2
16,1,17,8,0,22.85,0.0,51.35,8.3,4.68,0.6,9.70243,0,1,24.444444,2
17,1,18,8,0,22.87,0.0,51.22,9.6,4.8,0.87,0.0,0,1,24.444444,2
18,1,19,8,0,22.88,0.0,51.27,8.9,6.84,0.88,0.0,0,1,24.444444,2
19,1,20,8,0,22.9,0.0,51.74,9.4,4.32,1.03,0.0,0,1,24.444444,2
20,1,21,8,0,22.9,0.0,52.47,8.7,1.08,0.95,0.0,0,1,24.444444,2
21,1,22,8,0,22.97,0.0,53.22,10.8,7.32,1.65,0.0,0,1,24.444444,2
22,1,23,8,0,22.97,0.0,54.22,10.1,3.12,1.41,0.0,0,1,24.444444,2
23,1,24,8,0,22.92,0.0,54.9,8.8,0.48,0.95,0.0,0,1,24.444444,2
24,1,1,5,0,22.95,0.0,55.41,10.2,0.84,1.37,0.0,0,1,24.444444,2
25,1,2,5,0,22.94,0.0,56.47,8.7,0.24,1.08,0.0,0,1,24.444444,2
26,1,3,5,0,22.95,0.0,57.01,10.1,0.36,1.42,0.0,0,1,24.444444,2
27,1,4,5,0,23.09,0.0,56.55,14.0,0.48,2.68,0.0,0,1,24.444444,2
28,1,5,5,0,23.0,0.0,56.89,10.0,0.48,1.42,0.0,0,1,24.444444,2
29,1,6,5,0,22.97,0.0,57.18,9.5,1.68,1.22,0.0,0,1,24.444444,2
30,1,7,5,0,23.0,0.0,57.28,11.4,6.0,1.84,0.0,0,1,24.444444,2
31,1,8,5,0,22.98,0.0,57.67,10.0,19.56,1.51,0.0,0,1,24.444444,2
32,1,9,5,0,22.99,0.0,57.28,11.2,4.32,1.59,45.0112,0,1,24.444444,2
33,1,10,5,0,22.99,0.0,56.04,10.7,6.0,1.56,113.45,0,1,24.444444,2
34,1,11,5,0,22.99,0.0,54.2,9.2,13.56,1.34,174.733,0,1,24.444444,2
35,1,12,5,0,23.01,0.0,51.85,9.2,2.76,1.4,233.711,0,1,24.444444,2
36,1,13,5,0,23.01,0.0,48.58,8.6,3.24,1.23,244.996,0,1,24.444444,2
37,1,14,5,0,23.07,0.0,44.67,9.8,1.08,1.56,232.412,0,1,24.444444,2
38,1,15,5,0,23.11,0.0,41.0,10.3,0.96,1.66,185.682,0,1,24.444444,2
39,1,16,5,0,23.03,0.0,38.54,9.2,3.96,0.83,116.802,0,1,24.444444,2
40,1,17,5,0,22.86,0.0,35.96,7.5,2.04,0.1,25.4838,0,1,24.444444,2
41,1,18,5,0,22.81,0.0,33.56,8.8,3.36,0.23,0.0,0,1,24.444444,2
42,1,19,5,0,22.82,0.0,31.54,10.3,1.56,0.43,0.0,0,1,24.444444,2
43,1,20,5,0,22.78,0.0,30.27,10.4,7.2,0.31,0.0,0,1,24.444444,2
44,1,21,5,0,22.77,0.0,28.97,12.6,4.68,0.42,0.0,0,1,24.444444,2
45,1,22,5,0,22.75,0.0,27.76,13.8,16.56,0.43,0.0,0,1,24.444444,2
46,1,23,5,0,22.62,0.0,26.92,9.6,2.16,0.0,0.0,0,1,24.444444,2
47,1,24,5,0,22.58,0.0,25.54,10.2,1.56,0.0,0.0,0,1,24.444444,2
48,1,1,6,0,22.54,0.0,24.56,7.5,0.84,0.0,0.0,0,1,24.444444,2
49,1,2,6,0,22.48,0.0,23.84,6.0,0.84,0.0,0.0,0,1,24.444444,2
50,1,3,6,0,22.48,0.0,23.06,4.3,0.12,0.0,0.0,0,1,24.444444,2
51,1,4,6,0,22.48,0.0,22.57,6.0,0.36,0.0,0.0,0,1,24.444444,2
52,1,5,6,0,22.48,0.0,22.19,5.7,1.2,0.0,0.0,0,1,24.444444,2
53,1,6,6,0,22.48,0.0,21.75,3.3,2.88,0.0,0.0,0,1,24.444444,2
54,1,7,6,0,22.48,0.0,21.27,4.5,3.96,0.0,0.0,0,1,24.444444,2
55,1,8,6,0,22.48,0.0,20.6,9.3,10.56,0.0,0.0,0,1,24.444444,2
56,1,9,6,0,22.48,0.0,19.36,9.2,3.48,0.0,148.982,0,1,24.444444,2
57,1,10,6,0,22.48,0.0,18.03,7.5,4.56,0.0,209.928,0,1,24.444444,2
58,1,11,6,0,22.48,0.0,17.12,5.7,5.52,0.0,298.434,0,1,24.444444,2
59,1,12,6,0,22.52,0.0,16.43,13.2,6.84,0.0,312.11,0,1,24.444444,2
60,1,13,6,0,22.5,0.0,16.03,8.2,4.2,0.0,332.169,0,1,24.444444,2
61,1,14,6,0,22.5,0.0,15.67,6.3,2.28,0.0,360.719,0,1,24.444444,2
62,1,15,6,0,22.61,0.0,15.07,10.2,3.84,0.0,362.224,0,1,24.444444,2
63,1,16,6,0,22.66,0.0,14.51,9.3,5.4,0.0,265.818,0,1,24.444444,2
64,1,17,6,0,22.64,0.0,14.42,10.3,2.76,0.0,89.0051,0,1,24.444444,2
65,1,18,6,0,22.58,0.0,15.0,10.8,4.8,0.0,0.0,0,1,24.444444,2
66,1,19,6,0,22.6,0.0,16.09,12.5,3.6,0.0,0.0,0,1,24.444444,2
67,1,20,6,0,22.55,0.0,17.13,8.7,5.28,0.0,0.0,0,1,24.444444,2
68,1,21,6,0,22.55,0.0,18.04,11.8,1.08,0.0,0.0,0,1,24.444444,2
69,1,22,6,0,22.53,0.0,19.17,10.1,0.96,0.0,0.0,0,1,24.444444,2
70,1,23,6,0,22.52,0.0,20.03,10.1,1.2,0.0,0.0,0,1,24.444444,2
71,1,24,6,0,22.5,0.0,20.37,9.1,1.44,0.0,0.0,0,1,24.444444,2
72,1,1,7,0,22.48,0.0,20.54,4.0,0.6,0.0,0.0,0,1,24.444444,2
73,1,2,7,0,22.48,0.0,20.77,5.0,2.88,0.0,0.0,0,1,24.444444,2
74,1,3,7,0,22.48,0.0,21.18,4.3,0.96,0.0,0.0,0,1,24.444444,2
75,1,4,7,0,22.48,0.0,21.67,3.3,0.72,0.0,0.0,0,1,24.444444,2
76,1,5,7,0,22.48,0.0,22.38,7.0,0.36,0.0,0.0,0,1,24.444444,2
77,1,6,7,0,22.48,0.0,23.42,3.5,0.36,0.0,0.0,0,1,24.444444,2
78,1,7,7,0,22.48,0.0,24.46,3.8,1.44,0.0,0.0,0,1,24.444444,2
79,1,8,7,0,22.48,0.0,25.69,3.8,6.6,0.0,0.0,0,1,24.444444,2
80,1,9,7,0,22.48,0.0,26.9,4.3,3.0,0.0,167.061,0,1,24.444444,2
81,1,10,7,0,22.48,0.0,28.04,4.2,5.88,0.0,239.717,0,1,24.444444,2
82,1,11,7,0,22.48,0.0,28.8,3.9,7.2,0.0,274.493,0,1,24.444444,2
83,1,12,7,0,22.5,0.0,29.66,5.0,9.6,0.0,254.904,0,1,24.444444,2
84,1,13,7,0,22.61,0.0,30.35,7.7,6.84,0.0,276.912,0,1,24.444444,2
85,1,14,7,0,22.72,0.0,31.4,7.9,7.56,0.0,247.426,0,1,24.444444,2
86,1,15,7,0,22.87,0.0,32.91,10.0,1.44,0.64,205.656,0,1,24.444444,2
87,1,16,7,0,22.81,0.0,34.44,5.0,4.2,0.01,115.319,0,1,24.444444,2
88,1,17,7,0,22.76,0.0,35.77,5.9,7.08,0.01,19.8617,0,1,24.444444,2
89,1,18,7,0,22.81,0.0,37.48,10.2,3.24,0.53,0.0,0,1,24.444444,2
90,1,19,7,0,22.92,0.0,39.25,13.0,5.16,1.25,0.0,0,1,24.444444,2
91,1,20,7,0,22.9,0.0,41.47,11.1,7.2,0.89,0.0,0,1,24.444444,2
92,1,21,7,0,22.83,0.0,43.5,8.6,3.12,0.43,0.0,0,1,24.444444,2
93,1,22,7,0,22.95,0.0,44.94,13.6,1.92,1.52,0.0,0,1,24.444444,2
94,1,23,7,0,22.92,0.0,46.69,11.3,8.28,1.1,0.0,0,1,24.444444,2
95,1,24,7,0,22.83,0.0,48.07,8.7,1.2,0.46,0.0,0,1,24.444444,2
96,1,1,1,0,22.73,0.0,48.83,6.1,4.56,0.06,0.0,0,1,24.444444,2
97,1,2,1,0,22.8,0.0,49.13,10.4,2.04,0.77,0.0,0,1,24.444444,2
98,1,3,1,0,22.87,0.0,50.03,11.4,1.2,1.15,0.0,0,1,24.444444,2
99,1,4,1,0,22.83,0.0,51.29,8.9,0.84,0.68,0.0,0,1,24.444444,2
100,1,5,1,0,22.77,0.0,52.1,6.9,0.36,0.37,0.0,0,1,24.444444,2
101,1,6,1,0,22.77,0.0,52.75,7.0,0.6,0.39,0.0,0,1,24.444444,2
102,1,7,1,0,22.83,0.0,53.15,11.1,0.6,1.13,0.0,0,1,24.444444,2
103,1,8,1,0,22.77,0.0,53.78,6.0,7.8,0.24,0.0,0,1,24.444444,2
104,1,9,1,0,22.73,0.0,53.97,4.8,8.88,0.06,35.0533,0,1,24.444444,2
105,1,10,1,0,22.75,0.0,53.72,5.8,9.48,0.19,83.3007,0,1,24.444444,2
106,1,11,1,0,22.78,0.0,53.63,5.3,10.56,0.28,133.474,0,1,24.444444,2
107,1,12,1,0,22.99,0.0,53.05,10.7,8.64,2.12,161.289,0,1,24.444444,2
108,1,13,1,0,23.01,0.0,53.26,5.6,7.32,1.31,205.484,0,1,24.444444,2
109,1,14,1,0,23.32,0.0,52.67,10.5,6.0,3.72,208.856,0,1,24.444444,2
110,1,15,1,0,23.59,0.0,52.71,11.5,1.92,5.71,162.253,0,1,24.444444,2
111,1,16,1,0,23.62,0.0,53.8,9.8,6.84,5.38,119.52,0,1,24.444444,2
112,1,17,1,0,23.62,0.0,55.13,10.9,3.48,5.69,23.3456,0,1,24.444444,2
113,1,18,1,0,23.57,0.0,56.56,11.8,8.88,4.75,0.0,0,1,24.444444,2
114,1,19,1,0,23.46,0.0,57.05,11.4,8.88,3.51,0.0,0,1,24.444444,2
115,1,20,1,0,23.43,0.0,55.56,13.0,2.64,3.4,0.0,0,1,24.444444,2
116,1,21,1,0,23.23,0.0,52.28,12.2,7.8,1.58,0.0,0,1,24.444444,2
117,1,22,1,0,22.82,0.0,48.87,5.8,10.32,0.01,0.0,0,1,24.444444,2
118,1,23,1,0,22.7,0.0,44.36,6.9,1.8,0.0,0.0,0,1,24.444444,2
119,1,24,1,0,22.62,0.0,40.04,7.5,9.72,0.0,0.0,0,1,24.444444,2
120,1,1,2,0,22.56,0.0,36.23,5.7,1.68,0.0,0.0,0,1,24.444444,2
121,1,2,2,0,22.49,0.0,32.81,4.3,0.12,0.0,0.0,0,1,24.444444,2
122,1,3,2,0,22.48,0.0,29.46,6.5,0.12,0.0,0.0,0,1,24.444444,2
123,1,4,2,0,22.48,0.0,26.72,4.5,0.12,0.0,0.0,0,1,24.444444,2
124,1,5,2,0,22.48,0.0,24.55,3.2,0.48,0.0,0.0,0,1,24.444444,2
125,1,6,2,0,22.48,0.0,22.82,4.3,2.04,0.0,0.0,0,1,24.444444,2
126,1,7,2,0,22.48,0.0,21.69,4.0,1.92,0.0,0.0,0,1,24.444444,2
127,1,8,2,0,22.48,0.0,20.74,5.1,8.52,0.0,0.0,0,1,24.444444,2
128,1,9,2,0,22.48,0.0,19.61,3.8,9.12,0.0,94.531,0,1,24.444444,2
129,1,10,2,0,22.48,0.0,18.45,6.4,7.32,0.0,180.835,0,1,24.444444,2
130,1,11,2,0,22.48,0.0,16.95,6.0,3.48,0.0,242.911,0,1,24.444444,2
131,1,12,2,0,22.48,0.0,15.76,10.0,3.48,0.0,319.648,0,1,24.444444,2
132,1,13,2,0,22.48,0.0,14.64,4.8,2.16,0.0,316.014,0,1,24.444444,2
133,1,14,2,0,22.48,0.0,13.97,11.9,1.68,0.0,295.067,0,1,24.444444,2
134,1,15,2,0,22.48,0.0,13.41,8.8,0.72,0.0,234.592,0,1,24.444444,2
135,1,16,2,0,22.48,0.0,12.78,9.8,3.48,0.0,142.415,0,1,24.444444,2
136,1,17,2,0,22.48,0.0,12.14,9.3,2.76,0.0,39.7412,0,1,24.444444,2
137,1,18,2,0,22.48,0.0,11.72,11.7,1.68,0.0,0.0,0,1,24.444444,2
138,1,19,2,0,22.48,0.0,11.66,11.4,3.72,0.0,0.0,0,1,24.444444,2
139,1,20,2,0,22.48,0.0,11.91,9.1,4.8,0.0,0.0,0,1,24.444444,2
140,1,21,2,0,22.48,0.0,12.16,11.5,4.8,0.0,0.0,0,1,24.444444,2
141,1,22,2,0,22.51,0.0,12.37,18.8,4.44,0.0,0.0,0,1,24.444444,2
142,1,23,2,0,22.48,0.0,12.45,12.5,0.84,0.0,0.0,0,1,24.444444,2
143,1,24,2,0,22.48,0.0,12.45,16.3,0.48,0.0,0.0,0,1,24.444444,2
144,1,1,3,0,22.48,0.0,12.45,4.9,0.48,0.0,0.0,0,1,24.444444,2
145,1,2,3,0,22.48,0.0,12.53,5.8,0.84,0.0,0.0,0,1,24.444444,2
146,1,3,3,0,22.48,0.0,12.55,3.9,0.36,0.0,0.0,0,1,24.444444,2
147,1,4,3,0,22.48,0.0,12.53,4.7,3.48,0.0,0.0,0,1,24.444444,2
148,1,5,3,0,22.47,0.0,12.52,4.4,0.36,0.0,0.0,0,1,24.444444,2
149,1,6,3,0,22.46,0.0,12.44,4.3,1.44,0.0,0.0,0,1,24.444444,2
150,1,7,3,0,22.44,0.0,12.37,4.4,3.96,0.0,0.0,0,1,24.444444,2
151,1,8,3,0,22.47,0.0,12.25,4.8,14.76,0.0,0.0,0,1,24.444444,2
152,1,9,3,0,22.48,0.0,11.87,4.8,5.64,0.0,166.448,0,1,24.444444,2
153,1,10,3,0,22.48,0.0,11.38,9.1,6.96,0.0,240.656,0,1,24.444444,2
154,1,11,3,0,22.48,0.0,10.91,4.6,6.96,0.0,277.92,0,1,24.444444,2
155,1,12,3,0,22.48,0.0,10.49,8.7,6.48,0.0,283.128,0,1,24.444444,2
156,1,13,3,0,22.48,0.0,10.25,5.7,0.72,0.0,364.434,0,1,24.444444,2
157,1,14,3,0,22.48,0.0,10.17,9.4,6.0,0.0,388.746,0,1,24.444444,2
158,1,15,3,0,22.49,0.0,10.29,10.5,3.12,0.0,386.071,0,1,24.444444,2
159,1,16,3,0,22.49,0.0,10.48,10.0,4.92,0.0,271.037,0,1,24.444444,2
160,1,17,3,0,22.48,0.0,10.67,8.6,1.68,0.0,110.073,0,1,24.444444,2
161,1,18,3,0,22.48,0.0,11.21,9.4,5.76,0.0,11.1155,0,1,24.444444,2
162,1,19,3,0,22.48,0.0,12.14,9.1,1.32,0.0,0.0,0,1,24.444444,2
163,1,20,3,0,22.48,0.0,13.14,10.7,5.4,0.0,0.0,0,1,24.444444,2
164,1,21,3,0,22.48,0.0,13.96,12.3,7.8,0.0,0.0,0,1,24.444444,2
165,1,22,3,0,22.48,0.0,14.64,11.6,2.4,0.0,0.0,0,1,24.444444,2
166,1,23,3,0,22.48,0.0,15.39,8.8,0.96,0.0,0.0,0,1,24.444444,2
167,1,24,3,0,22.48,0.0,16.02,7.1,0.48,0.0,0.0,0,1,24.444444,2
168,1,1,4,0,22.48,0.0,16.56,7.7,0.72,0.0,0.0,0,1,24.444444,2
169,1,2,4,0,22.48,0.0,16.84,4.5,1.2,0.0,0.0,0,1,24.444444,2
170,1,3,4,0,22.48,0.0,17.06,7.0,0.6,0.0,0.0,0,1,24.444444,2
171,1,4,4,0,22.48,0.0,17.1,4.3,3.6,0.0,0.0,0,1,24.444444,2
172,1,5,4,0,22.48,0.0,17.06,10.5,0.24,0.0,0.0,0,1,24.444444,2
173,1,6,4,0,22.48,0.0,17.24,6.8,2.16,0.0,0.0,0,1,24.444444,2
174,1,7,4,0,22.48,0.0,17.59,6.1,6.48,0.0,0.0,0,1,24.444444,2
175,1,8,4,0,22.48,0.0,17.82,7.7,14.88,0.0,0.0,0,1,24.444444,2
176,1,9,4,0,22.48,0.0,17.39,7.9,6.84,0.0,200.418,0,1,24.444444,2
177,1,10,4,0,22.48,0.0,16.55,7.6,4.56,0.0,320.081,0,1,24.444444,2
178,1,11,4,0,22.51,0.0,16.24,9.7,9.96,0.0,426.219,0,1,24.444444,2
179,1,12,4,0,22.56,0.0,16.73,8.7,6.72,0.0,500.591,0,1,24.444444,2
180,1,13,4,0,22.66,0.0,17.72,11.8,1.08,0.13,501.666,0,1,24.444444,2
181,1,14,4,0,22.67,0.0,19.21,8.5,1.08,0.07,451.27,0,1,24.444444,2
182,1,15,4,0,22.74,0.0,20.79,10.7,1.08,0.45,362.457,0,1,24.444444,2
183,1,16,4,0,22.73,0.0,21.87,9.2,0.84,0.24,245.231,0,1,24.444444,2
184,1,17,4,0,22.69,0.0,22.98,8.4,3.24,0.0,91.2449,0,1,24.444444,2
185,1,18,4,0,22.63,0.0,23.97,9.1,8.88,0.0,7.0029,0,1,24.444444,2
186,1,19,4,0,22.65,0.0,24.62,10.3,7.68,0.0,0.0,0,1,24.444444,2
187,1,20,4,0,22.61,0.0,25.26,7.8,5.28,0.0,0.0,0,1,24.444444,2
188,1,21,4,0,22.62,0.0,25.46,10.2,1.44,0.0,0.0,0,1,24.444444,2
189,1,22,4,0,22.61,0.0,25.57,8.8,1.56,0.0,0.0,0,1,24.444444,2
190,1,23,4,0,22.67,0.0,25.47,13.5,2.64,0.08,0.0,0,1,24.444444,2
191,1,24,4,0,22.68,0.0,25.72,13.6,0.72,0.13,0.0,0,1,24.444444,2
192,1,1,5,0,22.62,0.0,26.5,9.4,0.6,0.0,0.0,0,1,24.444444,2
193,1,2,5,0,22.58,0.0,27.75,8.7,0.36,0.0,0.0,0,1,24.444444,2
194,1,3,5,0,22.57,0.0,28.85,9.1,0.6,0.0,0.0,0,1,24.444444,2
195,1,4,5,0,22.59,0.0,29.62,10.7,0.36,0.0,0.0,0,1,24.444444,2
196,1,5,5,0,22.57,0.0,30.22,9.3,0.24,0.0,0.0,0,1,24.444444,2
197,1,6,5,0,22.57,0.0,30.53,10.6,1.8,0.0,0.0,0,1,24.444444,2
198,1,7,5,0,22.57,0.0,30.55,10.4,2.04,0.0,0.0,0,1,24.444444,2
199,1,8,5,0,22.55,0.0,30.4,8.2,17.52,0.0,0.0,0,1,24.444444,2
200,1,9,5,0,22.59,0.0,29.84,9.2,5.04,0.0,167.689,0,1,24.444444,2
201,1,10,5,0,22.81,0.0,29.41,12.9,3.24,0.38,288.769,0,1,24.444444,2
202,1,11,5,0,22.95,0.0,29.85,10.9,7.44,0.81,391.802,0,1,24.444444,2
203,1,12,5,0,23.06,0.0,30.87,9.5,1.08,1.36,448.004,0,1,24.444444,2
204,1,13,5,0,23.2,0.0,31.8,8.8,0.96,1.94,439.261,0,1,24.444444,2
205,1,14,5,0,23.39,0.0,32.82,10.8,3.12,3.1,352.374,0,1,24.444444,2
206,1,15,5,0,23.45,0.0,34.3,10.0,0.84,3.31,269.528,0,1,24.444444,2
207,1,16,5,0,23.46,0.0,35.74,10.2,3.48,3.08,130.529,0,1,24.444444,2
208,1,17,5,0,23.31,0.0,37.19,7.3,5.16,1.38,33.8496,0,1,24.444444,2
209,1,18,5,0,23.26,0.0,38.76,8.9,3.48,1.55,0.0,0,1,24.444444,2
210,1,19,5,0,23.25,0.0,40.19,8.9,2.52,1.64,0.0,0,1,24.444444,2
211,1,20,5,0,23.23,0.0,41.85,9.4,5.76,1.66,0.0,0,1,24.444444,2
212,1,21,5,0,23.22,0.0,43.03,10.5,2.4,1.74,0.0,0,1,24.444444,2
213,1,22,5,0,23.23,0.0,43.74,12.4,10.56,2.09,0.0,0,1,24.444444,2
214,1,23,5,0,23.14,0.0,44.46,10.8,4.08,1.39,0.0,0,1,24.444444,2
215,1,24,5,0,23.05,0.0,45.33,10.2,0.72,1.1,0.0,0,1,24.444444,2
216,1,1,6,0,22.82,0.0,46.44,4.8,0.48,0.08,0.0,0,1,24.444444,2
217,1,2,6,0,22.77,0.0,47.05,6.6,0.6,0.26,0.0,0,1,24.444444,2
218,1,3,6,0,22.71,0.0,48.21,4.1,0.48,0.0,0.0,0,1,24.444444,2
219,1,4,6,0,22.71,0.0,49.57,5.2,0.36,0.06,0.0,0,1,24.444444,2
220,1,5,6,0,22.69,0.0,50.75,4.2,0.96,0.01,0.0,0,1,24.444444,2
221,1,6,6,0,22.73,0.0,51.38,8.1,5.04,0.46,0.0,0,1,24.444444,2
222,1,7,6,0,22.68,0.0,52.01,4.3,4.2,0.0,0.0,0,1,24.444444,2
223,1,8,6,0,22.71,0.0,51.93,7.2,15.24,0.24,0.0,0,1,24.444444,2
224,1,9,6,0,22.71,0.0,51.56,6.9,6.84,0.13,27.818,0,1,24.444444,2
225,1,10,6,0,22.71,0.0,51.37,6.3,4.56,0.14,56.079,0,1,24.444444,2
226,1,11,6,0,22.77,0.0,51.66,7.9,6.6,0.56,97.5963,0,1,24.444444,2
227,1,12,6,0,22.88,0.0,52.08,9.5,4.08,1.18,140.04,0,1,24.444444,2
228,1,13,6,0,23.04,0.0,52.53,11.0,1.68,2.02,142.52,0,1,24.444444,2
229,1,14,6,0,23.03,0.0,54.41,7.0,5.28,1.45,137.034,0,1,24.444444,2
230,1,15,6,0,23.26,0.0,54.93,11.5,2.16,3.32,96.0527,0,1,24.444444,2
231,1,16,6,0,23.3,0.0,56.45,11.0,1.8,3.28,38.9878,0,1,24.444444,2
232,1,17,6,0,23.22,0.0,58.31,8.3,1.44,2.03,13.4343,0,1,24.444444,2
233,1,18,6,0,23.26,0.0,59.91,10.0,3.0,3.1,0.0,0,1,24.444444,2
234,1,19,6,0,23.28,0.0,61.27,9.1,3.0,3.23,0.0,0,1,24.444444,2
235,1,20,6,0,23.3,0.0,62.38,9.4,4.44,3.48,0.0,0,1,24.444444,2
236,1,21,6,0,23.55,0.0,61.78,14.8,1.56,6.98,0.0,0,1,24.444444,2
237,1,22,6,0,23.57,0.0,62.25,12.3,1.8,6.09,0.0,0,1,24.444444,2
238,1,23,6,0,23.53,0.0,64.33,9.2,1.32,4.76,0.0,0,1,24.444444,2
239,1,24,6,0,23.61,0.0,66.71,11.4,1.56,7.22,0.0,0,1,24.444444,2
240,1,1,7,0,23.32,0.0,70.11,3.7,0.36,2.0,0.0,0,1,24.444444,2
241,1,2,7,0,23.28,0.0,72.49,4.2,0.6,2.81,0.0,0,1,24.444444,2
242,1,3,7,0,23.28,0.0,74.27,3.7,0.36,2.96,0.0,0,1,24.444444,2
243,1,4,7,0,23.28,0.0,75.91,3.6,0.6,3.18,0.0,0,1,24.444444,2
244,1,5,7,0,23.37,0.0,76.28,6.3,0.12,5.0,0.0,0,1,24.444444,2
245,1,6,7,0,23.33,0.0,76.96,3.7,0.48,3.7,0.0,0,1,24.444444,2
246,1,7,7,0,23.33,0.0,77.13,4.1,2.16,3.95,0.0,0,1,24.444444,2
247,1,8,7,0,23.31,0.0,76.52,3.5,6.72,3.28,0.0,0,1,24.444444,2
248,1,9,7,0,23.36,0.0,74.81,5.2,4.08,4.08,82.4008,0,1,24.444444,2
249,1,10,7,0,23.45,0.0,72.51,4.3,9.72,4.82,191.76,0,1,24.444444,2
250,1,11,7,0,23.58,0.0,68.04,5.7,21.12,9.26,301.812,0,1,24.444444,2
251,1,12,7,0,23.65,0.0,63.76,4.3,12.48,10.07,389.392,0,1,24.444444,2
252,1,13,7,0,23.72,0.0,60.81,4.4,7.44,11.08,423.52,0,1,24.444444,2
253,1,14,7,0,23.97,0.0,54.46,11.3,12.72,18.39,420.118,0,1,24.444444,2
254,1,15,7,0,24.03,0.0,47.14,10.4,5.28,16.59,349.641,0,1,24.444444,2
255,1,16,7,0,23.96,0.0,40.36,5.6,4.08,10.57,256.485,0,1,24.444444,2
256,1,17,7,0,23.85,0.0,36.91,4.4,5.64,7.28,110.496,0,1,24.444444,2
257,1,18,7,0,23.85,0.0,34.9,9.1,11.28,7.1,7.6067,0,1,24.444444,2
258,1,19,7,0,23.67,0.0,33.89,5.8,4.08,3.74,0.0,0,1,24.444444,2
259,1,20,7,0,23.66,0.0,32.7,10.1,7.2,4.95,0.0,0,1,24.444444,2
260,1,21,7,0,23.7,0.0,32.02,12.6,3.36,5.5,0.0,0,1,24.444444,2
261,1,22,7,0,23.56,0.0,31.87,9.3,1.68,2.85,0.0,0,1,24.444444,2
262,1,23,7,0,23.35,0.0,32.22,9.5,6.0,1.69,0.0,0,1,24.444444,2
263,1,24,7,0,23.19,0.0,32.4,9.8,0.84,1.25,0.0,0,1,24.444444,2
264,1,1,1,0,23.03,0.0,32.69,8.7,0.96,0.67,0.0,0,1,24.444444,2
265,1,2,1,0,22.74,0.0,33.18,4.6,1.56,0.0,0.0,0,1,24.444444,2
266,1,3,1,0,22.73,0.0,33.06,9.5,0.12,0.16,0.0,0,1,24.444444,2
267,1,4,1,0,22.6,0.0,33.28,3.3,0.48,0.0,0.0,0,1,24.444444,2
268,1,5,1,0,22.55,0.0,33.34,3.4,0.12,0.0,0.0,0,1,24.444444,2
269,1,6,1,0,22.53,0.0,33.24,4.4,0.12,0.0,0.0,0,1,24.444444,2
270,1,7,1,0,22.58,0.0,32.95,9.1,1.08,0.0,0.0,0,1,24.444444,2
271,1,8,1,0,22.53,0.0,33.14,3.3,4.56,0.0,0.0,0,1,24.444444,2
272,1,9,1,0,22.62,0.0,33.06,5.9,6.72,0.0,189.159,0,1,24.444444,2
273,1,10,1,0,22.92,0.0,32.16,5.6,12.96,0.4,355.317,0,1,24.444444,2
274,1,11,1,0,23.12,0.0,30.79,5.8,17.76,1.83,480.298,0,1,24.444444,2
275,1,12,1,0,23.37,0.0,29.5,10.1,9.84,4.83,514.914,0,1,24.444444,2
276,1,13,1,0,23.39,0.0,28.67,4.7,6.36,3.53,513.373,0,1,24.444444,2
277,1,14,1,0,23.6,0.0,27.61,11.0,7.44,7.75,461.385,0,1,24.444444,2
278,1,15,1,0,23.65,0.0,26.92,10.0,3.36,7.57,347.957,0,1,24.444444,2
279,1,16,1,0,23.66,0.0,26.25,10.3,3.48,7.45,236.652,0,1,24.444444,2
280,1,17,1,0,23.66,0.0,25.82,11.3,7.2,6.7,90.6711,0,1,24.444444,2
281,1,18,1,0,23.61,0.0,26.16,11.8,9.84,5.07,7.18555,0,1,24.444444,2
282,1,19,1,0,23.54,0.0,26.99,10.2,10.44,3.59,0.0,0,1,24.444444,2
283,1,20,1,0,23.49,0.0,28.21,10.6,7.32,3.04,0.0,0,1,24.444444,2
284,1,21,1,0,23.55,0.0,29.46,14.2,4.92,4.54,0.0,0,1,24.444444,2
285,1,22,1,0,23.2,0.0,31.67,5.5,3.72,0.8,0.0,0,1,24.444444,2
286,1,23,1,0,23.21,0.0,33.9,9.7,3.0,1.43,0.0,0,1,24.444444,2
287,1,24,1,0,23.15,0.0,36.11,8.9,4.44,1.18,0.0,0,1,24.444444,2
288,1,1,2,0,22.95,0.0,38.89,4.7,0.84,0.45,0.0,0,1,24.444444,2
289,1,2,2,0,22.86,0.0,41.85,3.7,0.24,0.31,0.0,0,1,24.444444,2
290,1,3,2,0,22.84,0.0,45.17,4.1,0.12,0.38,0.0,0,1,24.444444,2
291,1,4,2,0,22.8,0.0,48.3,3.5,0.0,0.24,0.0,0,1,24.444444,2
292,1,5,2,0,22.77,0.0,50.93,3.6,0.36,0.18,0.0,0,1,24.444444,2
293,1,6,2,0,22.76,0.0,53.29,3.9,2.64,0.25,0.0,0,1,24.444444,2
294,1,7,2,0,22.75,0.0,55.43,3.7,4.56,0.24,0.0,0,1,24.444444,2
295,1,8,2,0,22.77,0.0,57.35,4.5,5.28,0.41,0.0,0,1,24.444444,2
296,1,9,2,0,22.84,0.0,59.13,7.7,4.2,1.06,27.9074,0,1,24.444444,2
297,1,10,2,0,22.84,0.0,61.4,5.2,8.88,0.65,47.6846,0,1,24.444444,2
298,1,11,2,0,22.87,0.0,62.78,6.5,5.28,1.15,78.1288,0,1,24.444444,2
299,1,12,2,0,23.09,0.0,62.41,11.2,3.0,2.78,103.577,0,1,24.444444,2
300,1,13,2,0,22.93,0.0,63.53,3.9,2.4,0.68,102.478,0,1,24.444444,2
301,1,14,2,0,23.15,0.0,63.24,9.4,3.12,2.86,109.48,0,1,24.444444,2
302,1,15,2,0,23.22,0.0,63.81,9.0,0.96,2.9,82.692,0,1,24.444444,2
303,1,16,2,0,23.28,0.0,63.79,10.3,1.56,3.93,43.0444,0,1,24.444444,2
304,1,17,2,0,23.43,0.0,63.08,11.9,4.44,5.01,14.1742,0,1,24.444444,2
305,1,18,2,0,23.39,0.0,63.51,9.4,2.76,3.85,0.0,0,1,24.444444,2
306,1,19,2,0,23.39,0.0,64.13,8.9,3.12,4.02,0.0,0,1,24.444444,2
307,1,20,2,0,23.44,0.0,64.12,9.9,3.6,4.47,0.0,0,1,24.444444,2
308,1,21,2,0,23.52,0.0,62.94,12.6,5.76,5.71,0.0,0,1,24.444444,2
309,1,22,2,0,23.92,0.0,58.41,24.7,2.88,15.98,0.0,0,1,24.444444,2
310,1,23,2,0,23.56,0.0,58.55,9.7,1.8,2.92,0.0,0,1,24.444444,2
311,1,24,2,0,23.24,0.0,58.85,7.5,0.84,1.48,0.0,0,1,24.444444,2
312,1,1,3,0,23.14,0.0,54.45,8.7,1.44,1.31,0.0,0,1,24.444444,2
313,1,2,3,0,22.85,0.0,50.28,4.1,0.6,0.15,0.0,0,1,24.444444,2
314,1,3,3,0,22.75,0.0,45.9,4.4,0.36,0.07,0.0,0,1,24.444444,2
315,1,4,3,0,22.69,0.0,42.33,3.6,1.92,0.0,0.0,0,1,24.444444,2
316,1,5,3,0,22.64,0.0,40.13,4.2,0.24,0.0,0.0,0,1,24.444444,2
317,1,6,3,0,22.62,0.0,38.79,4.9,3.48,0.0,0.0,0,1,24.444444,2
318,1,7,3,0,22.59,0.0,37.84,4.1,7.44,0.0,0.0,0,1,24.444444,2
319,1,8,3,0,22.63,0.0,36.95,6.1,21.48,0.0,0.0,0,1,24.444444,2
320,1,9,3,0,22.71,0.0,36.05,5.9,5.64,0.02,181.422,0,1,24.444444,2
321,1,10,3,0,22.95,0.0,34.52,9.8,4.68,0.81,301.843,0,1,24.444444,2
322,1,11,3,0,23.04,0.0,33.43,6.3,10.68,1.02,375.35,0,1,24.444444,2
323,1,12,3,0,23.39,0.0,31.6,12.2,1.8,4.19,436.956,0,1,24.444444,2
324,1,13,3,0,23.37,0.0,30.81,4.4,3.96,2.45,494.81,0,1,24.444444,2
325,1,14,3,0,23.52,0.0,29.39,8.7,4.08,6.08,442.125,0,1,24.444444,2
326,1,15,3,0,23.71,0.0,27.74,12.2,0.48,10.54,408.133,0,1,24.444444,2
327,1,16,3,0,23.78,0.0,26.96,10.8,3.6,11.16,348.763,0,1,24.444444,2
328,1,17,3,0,23.7,0.0,26.35,8.2,9.0,7.85,178.138,0,1,24.444444,2
329,1,18,3,0,23.6,0.0,25.69,9.1,2.64,4.41,22.1951,0,1,24.444444,2
330,1,19,3,0,23.56,0.0,26.2,9.7,7.2,4.05,0.0,0,1,24.444444,2
331,1,20,3,0,23.47,0.0,27.23,8.2,2.64,2.41,0.0,0,1,24.444444,2
332,1,21,3,0,23.47,0.0,28.97,12.1,8.4,3.31,0.0,0,1,24.444444,2
333,1,22,3,0,23.36,0.0,31.23,10.4,2.28,1.91,0.0,0,1,24.444444,2
334,1,23,3,0,23.33,0.0,32.23,13.0,2.4,2.1,0.0,0,1,24.444444,2
335,1,24,3,0,22.92,0.0,33.0,5.8,0.84,0.15,0.0,0,1,24.444444,2
336,1,1,4,0,22.91,0.0,32.34,11.6,4.2,0.69,0.0,0,1,24.444444,2
337,1,2,4,0,22.69,0.0,32.67,4.1,0.24,0.0,0.0,0,1,24.444444,2
338,1,3,4,0,22.6,0.0,33.29,3.8,0.36,0.0,0.0,0,1,24.444444,2
339,1,4,4,0,22.63,0.0,33.84,7.1,2.16,0.0,0.0,0,1,24.444444,2
340,1,5,4,0,22.58,0.0,34.71,3.4,0.12,0.0,0.0,0,1,24.444444,2
341,1,6,4,0,22.59,0.0,34.83,6.3,1.8,0.0,0.0,0,1,24.444444,2
342,1,7,4,0,22.55,0.0,34.81,3.7,2.64,0.0,0.0,0,1,24.444444,2
343,1,8,4,0,22.6,0.0,34.34,9.1,11.16,0.0,0.0,0,1,24.444444,2
344,1,9,4,0,22.62,0.0,33.59,8.3,3.6,0.0,145.825,0,1,24.444444,2
345,1,10,4,0,22.65,0.0,32.31,7.2,9.72,0.0,274.801,0,1,24.444444,2
346,1,11,4,0,22.77,0.0,30.41,9.1,12.96,0.26,404.569,0,1,24.444444,2
347,1,12,4,0,22.87,0.0,28.48,8.6,3.24,0.57,494.847,0,1,24.444444,2
348,1,13,4,0,22.98,0.0,26.23,8.4,5.28,1.01,564.162,0,1,24.444444,2
349,1,14,4,0,23.2,0.0,22.57,10.8,2.88,1.99,545.298,0,1,24.444444,2
350,1,15,4,0,23.33,0.0,19.23,9.8,1.2,2.55,446.172,0,1,24.444444,2
351,1,16,4,0,23.42,0.0,17.26,9.8,1.92,3.88,415.05,0,1,24.444444,2
352,1,17,4,0,23.35,0.0,16.65,8.6,1.8,2.67,217.021,0,1,24.444444,2
353,1,18,4,0,23.08,0.0,16.96,9.2,2.64,0.72,40.5504,0,1,24.444444,2
354,1,19,4,0,22.97,0.0,17.76,9.6,6.12,0.7,0.0,0,1,24.444444,2
355,1,20,4,0,22.88,0.0,18.71,8.9,4.08,0.33,0.0,0,1,24.444444,2
356,1,21,4,0,22.77,0.0,20.09,8.2,4.32,0.1,0.0,0,1,24.444444,2
357,1,22,4,0,22.77,0.0,21.42,11.5,1.56,0.34,0.0,0,1,24.444444,2
358,1,23,4,0,22.75,0.0,22.02,12.0,1.08,0.32,0.0,0,1,24.444444,2
359,1,24,4,0,22.71,0.0,22.42,10.2,0.6,0.05,0.0,0,1,24.444444,2
360,1,1,5,0,22.68,0.0,22.88,10.9,0.6,0.01,0.0,0,1,24.444444,2
361,1,2,5,0,22.6,0.0,23.32,9.1,0.48,0.0,0.0,0,1,24.444444,2
362,1,3,5,0,22.55,0.0,23.44,8.0,0.96,0.0,0.0,0,1,24.444444,2
363,1,4,5,0,22.58,0.0,23.31,12.3,0.24,0.0,0.0,0,1,24.444444,2
364,1,5,5,0,22.53,0.0,23.24,8.3,0.36,0.0,0.0,0,1,24.444444,2
365,1,6,5,0,22.51,0.0,23.17,9.7,1.92,0.0,0.0,0,1,24.444444,2
366,1,7,5,0,22.53,0.0,23.06,12.2,4.8,0.0,0.0,0,1,24.444444,2
367,1,8,5,0,22.53,0.0,23.35,9.6,20.16,0.0,0.0,0,1,24.444444,2
368,1,9,5,0,22.63,0.0,23.32,9.4,4.56,0.0,259.234,0,1,24.444444,2
369,1,10,5,0,22.9,0.0,22.73,10.0,4.68,0.47,462.229,0,1,24.444444,2
370,1,11,5,0,23.04,0.0,22.23,9.3,8.4,1.77,614.358,0,1,24.444444,2
371,1,12,5,0,23.15,0.0,21.71,8.5,2.16,2.96,700.092,0,1,24.444444,2
372,1,13,5,0,23.27,0.0,21.32,9.2,3.6,5.16,727.537,0,1,24.444444,2
373,1,14,5,0,23.39,0.0,20.7,8.9,3.36,6.82,706.494,0,1,24.444444,2
374,1,15,5,0,23.53,0.0,20.12,10.1,1.68,9.53,608.12,0,1,24.444444,2
375,1,16,5,0,23.55,0.0,20.01,7.9,1.68,8.63,451.889,0,1,24.444444,2
376,1,17,5,0,23.52,0.0,20.2,8.0,2.64,6.88,225.583,0,1,24.444444,2
377,1,18,5,0,23.44,0.0,20.74,9.1,1.32,2.62,50.6496,0,1,24.444444,2
378,1,19,5,0,23.44,0.0,21.37,11.9,2.88,3.5,0.0,0,1,24.444444,2
379,1,20,5,0,23.42,0.0,22.26,11.5,3.96,2.69,0.0,0,1,24.444444,2
380,1,21,5,0,23.37,0.0,23.56,11.6,3.0,2.07,0.0,0,1,24.444444,2
381,1,22,5,0,23.24,0.0,25.49,10.5,13.08,1.34,0.0,0,1,24.444444,2
382,1,23,5,0,23.11,0.0,27.79,10.4,2.4,1.0,0.0,0,1,24.444444,2
383,1,24,5,0,23.01,0.0,30.08,10.4,0.96,0.81,0.0,0,1,24.444444,2
384,1,1,8,0,22.82,0.0,32.62,6.4,0.6,0.16,0.0,0,1,24.444444,2
385,1,2,8,0,22.77,0.0,34.98,6.4,0.24,0.16,0.0,0,1,24.444444,2
386,1,3,8,0,22.73,0.0,37.3,5.7,0.0,0.04,0.0,0,1,24.444444,2
387,1,4,8,0,22.71,0.0,39.37,5.7,0.72,0.01,0.0,0,1,24.444444,2
388,1,5,8,0,22.65,0.0,41.35,3.7,3.36,0.0,0.0,0,1,24.444444,2
389,1,6,8,0,22.63,0.0,42.64,3.9,4.8,0.0,0.0,0,1,24.444444,2
390,1,7,8,0,22.59,0.0,42.72,3.4,6.36,0.0,0.0,0,1,24.444444,2
391,1,8,8,0,22.66,0.0,41.61,8.2,13.32,0.06,0.0,0,1,24.444444,2
392,1,9,8,0,22.74,0.0,39.87,10.0,5.52,0.37,126.407,0,1,24.444444,2
393,1,10,8,0,22.82,0.0,37.4,9.0,3.24,0.51,259.662,0,1,24.444444,2
394,1,11,8,0,22.83,0.0,34.64,5.2,2.52,0.35,356.744,0,1,24.444444,2
395,1,12,8,0,23.13,0.0,31.25,10.6,3.72,1.9,432.737,0,1,24.444444,2
396,1,13,8,0,23.19,0.0,28.45,7.2,5.16,1.71,453.391,0,1,24.444444,2
397,1,14,8,0,23.31,0.0,25.85,6.3,4.2,2.2,458.542,0,1,24.444444,2
398,1,15,8,0,23.47,0.0,23.54,9.5,2.16,4.7,439.101,0,1,24.444444,2
399,1,16,8,0,23.51,0.0,21.4,9.7,2.52,5.1,313.352,0,1,24.444444,2
400,1,17,8,0,23.49,0.0,19.49,9.9,2.04,3.83,141.297,0,1,24.444444,2
401,1,18,8,0,23.36,0.0,18.56,10.7,6.12,1.83,18.6361,0,1,24.444444,2
402,1,19,8,0,23.17,0.0,18.16,9.2,1.44,1.0,0.0,0,1,24.444444,2
403,1,20,8,0,23.06,0.0,18.28,10.3,2.4,0.89,0.0,0,1,24.444444,2
404,1,21,8,0,23.1,0.0,18.31,13.3,1.32,1.26,0.0,0,1,24.444444,2
405,1,22,8,0,23.07,0.0,18.61,13.3,3.12,1.12,0.0,0,1,24.444444,2
406,1,23,8,0,22.86,0.0,19.43,8.7,4.8,0.26,0.0,0,1,24.444444,2
407,1,24,8,0,22.72,0.0,20.33,6.4,3.0,0.0,0.0,0,1,24.444444,2
408,1,1,7,0,22.64,0.0,20.69,6.3,0.72,0.0,0.0,0,1,24.444444,2
409,1,2,7,0,22.56,0.0,20.82,3.7,2.4,0.0,0.0,0,1,24.444444,2
410,1,3,7,0,22.52,0.0,20.72,4.6,0.48,0.0,0.0,0,1,24.444444,2
411,1,4,7,0,22.49,0.0,20.78,4.6,0.36,0.0,0.0,0,1,24.444444,2
412,1,5,7,0,22.48,0.0,21.03,3.4,0.12,0.0,0.0,0,1,24.444444,2
413,1,6,7,0,22.48,0.0,21.41,3.7,0.24,0.0,0.0,0,1,24.444444,2
414,1,7,7,0,22.48,0.0,21.82,6.4,0.72,0.0,0.0,0,1,24.444444,2
415,1,8,7,0,22.48,0.0,22.44,3.4,3.84,0.0,0.0,0,1,24.444444,2
416,1,9,7,0,22.54,0.0,22.54,6.6,4.08,0.0,239.573,0,1,24.444444,2
417,1,10,7,0,22.7,0.0,21.3,4.3,15.0,0.0,453.547,0,1,24.444444,2
418,1,11,7,0,22.86,0.0,19.35,4.5,16.44,0.31,577.516,0,1,24.444444,2
419,1,12,7,0,23.05,0.0,17.87,6.8,10.32,1.69,654.112,0,1,24.444444,2
420,1,13,7,0,23.18,0.0,17.17,7.4,3.96,2.81,676.833,0,1,24.444444,2
421,1,14,7,0,23.24,0.0,17.08,5.8,11.52,2.16,523.55,0,1,24.444444,2
422,1,15,7,0,23.44,0.0,17.22,11.3,4.68,5.25,447.152,0,1,24.444444,2
423,1,16,7,0,23.35,0.0,18.29,4.1,1.44,1.7,295.566,0,1,24.444444,2
424,1,17,7,0,23.3,0.0,20.07,5.8,5.88,1.42,131.766,0,1,24.444444,2
425,1,18,7,0,23.39,0.0,21.63,14.1,9.36,2.62,17.6522,0,1,24.444444,2
426,1,19,7,0,23.05,0.0,24.04,6.4,4.08,0.46,0.0,0,1,24.444444,2
427,1,20,7,0,23.05,0.0,26.12,10.7,3.48,1.03,0.0,0,1,24.444444,2
428,1,21,7,0,22.94,0.0,28.4,9.4,5.28,0.56,0.0,0,1,24.444444,2
429,1,22,7,0,22.84,0.0,30.45,8.5,1.08,0.35,0.0,0,1,24.444444,2
430,1,23,7,0,22.85,0.0,32.3,9.9,3.72,0.5,0.0,0,1,24.444444,2
431,1,24,7,0,22.81,0.0,34.5,9.0,1.44,0.4,0.0,0,1,24.444444,2
432,1,1,1,0,22.72,0.0,37.06,5.4,0.96,0.0,0.0,0,1,24.444444,2
433,1,2,1,0,22.72,0.0,39.46,6.2,6.84,0.13,0.0,0,1,24.444444,2
434,1,3,1,0,22.87,0.0,41.22,13.9,2.52,1.28,0.0,0,1,24.444444,2
435,1,4,1,0,22.76,0.0,43.46,6.9,0.36,0.22,0.0,0,1,24.444444,2
436,1,5,1,0,22.67,0.0,45.65,3.7,0.12,0.0,0.0,0,1,24.444444,2
437,1,6,1,0,22.67,0.0,47.13,5.0,1.8,0.01,0.0,0,1,24.444444,2
438,1,7,1,0,22.79,0.0,48.05,12.5,0.72,0.92,0.0,0,1,24.444444,2
439,1,8,1,0,22.73,0.0,48.79,5.8,5.04,0.1,0.0,0,1,24.444444,2
440,1,9,1,0,22.74,0.0,48.75,4.2,6.96,0.02,167.454,0,1,24.444444,2
441,1,10,1,0,22.9,0.0,46.25,5.0,9.84,0.51,370.872,0,1,24.444444,2
442,1,11,1,0,23.01,0.0,43.06,5.7,18.6,1.14,389.716,0,1,24.444444,2
443,1,12,1,0,23.21,0.0,40.26,8.7,10.92,2.56,444.539,0,1,24.444444,2
444,1,13,1,0,23.34,0.0,37.79,6.2,8.4,3.03,475.773,0,1,24.444444,2
445,1,14,1,0,23.55,0.0,35.16,9.9,8.28,7.94,571.213,0,1,24.444444,2
446,1,15,1,0,23.82,0.0,32.44,14.9,2.64,13.83,463.672,0,1,24.444444,2
447,1,16,1,0,23.86,0.0,30.77,11.6,8.64,13.18,379.912,0,1,24.444444,2
448,1,17,1,0,23.81,0.0,29.98,9.8,8.64,10.4,201.564,0,1,24.444444,2
449,1,18,1,0,23.76,0.0,29.32,11.6,9.6,6.86,30.4076,0,1,24.444444,2
450,1,19,1,0,23.64,0.0,29.15,9.5,7.56,4.57,0.0,0,1,24.444444,2
451,1,20,1,0,23.62,0.0,29.3,12.0,6.0,4.95,0.0,0,1,24.444444,2
452,1,21,1,0,23.39,0.0,29.87,8.3,5.64,1.72,0.0,0,1,24.444444,2
453,1,22,1,0,23.25,0.0,30.47,9.1,6.0,1.48,0.0,0,1,24.444444,2
454,1,23,1,0,23.19,0.0,31.64,9.4,1.08,1.27,0.0,0,1,24.444444,2
455,1,24,1,0,23.1,0.0,33.88,9.8,4.92,1.04,0.0,0,1,24.444444,2
456,1,1,2,0,22.9,0.0,36.04,6.3,0.72,0.23,0.0,0,1,24.444444,2
457,1,2,2,0,22.7,0.0,37.56,3.9,0.6,0.0,0.0,0,1,24.444444,2
458,1,3,2,0,22.62,0.0,37.99,3.9,0.0,0.0,0.0,0,1,24.444444,2
459,1,4,2,0,22.56,0.0,37.72,3.3,0.24,0.0,0.0,0,1,24.444444,2
460,1,5,2,0,22.55,0.0,37.27,5.1,0.24,0.0,0.0,0,1,24.444444,2
461,1,6,2,0,22.52,0.0,36.66,4.4,4.68,0.0,0.0,0,1,24.444444,2
462,1,7,2,0,22.49,0.0,35.96,3.5,3.96,0.0,0.0,0,1,24.444444,2
463,1,8,2,0,22.49,0.0,35.73,3.8,6.72,0.0,0.0,0,1,24.444444,2
464,1,9,2,0,22.57,0.0,35.77,7.2,4.44,0.0,166.658,0,1,24.444444,2
465,1,10,2,0,22.71,0.0,35.64,5.9,5.28,0.02,305.708,0,1,24.444444,2
466,1,11,2,0,22.89,0.0,34.05,5.8,9.24,0.48,399.185,0,1,24.444444,2
467,1,12,2,0,23.1,0.0,32.19,8.5,2.28,1.59,369.539,0,1,24.444444,2
468,1,13,2,0,23.14,0.0,31.16,4.1,5.76,1.15,350.323,0,1,24.444444,2
469,1,14,2,0,23.29,0.0,30.53,6.8,0.84,2.09,271.658,0,1,24.444444,2
470,1,15,2,0,23.45,0.0,31.77,9.0,1.56,3.07,196.291,0,1,24.444444,2
471,1,16,2,0,23.52,0.0,34.67,9.7,3.84,4.03,123.521,0,1,24.444444,2
472,1,17,2,0,23.54,0.0,37.38,10.1,2.28,4.37,43.6345,0,1,24.444444,2
473,1,18,2,0,23.51,0.0,39.71,10.0,1.8,3.55,3.71688,0,1,24.444444,2
474,1,19,2,0,23.48,0.0,42.26,9.7,2.16,3.28,0.0,0,1,24.444444,2
475,1,20,2,0,23.46,0.0,44.75,10.1,6.36,3.19,0.0,0,1,24.444444,2
476,1,21,2,0,23.72,0.0,45.31,18.9,7.68,9.15,0.0,0,1,24.444444,2
477,1,22,2,0,23.66,0.0,46.68,15.5,0.84,6.21,0.0,0,1,24.444444,2
478,1,23,2,0,23.43,0.0,48.39,10.5,2.16,2.45,0.0,0,1,24.444444,2
479,1,24,2,0,23.22,0.0,50.03,8.0,1.8,1.31,0.0,0,1,24.444444,2
480,1,1,3,0,23.13,0.0,52.04,6.8,0.84,1.16,0.0,0,1,24.444444,2
481,1,2,3,0,22.96,0.0,55.16,3.6,0.84,0.5,0.0,0,1,24.444444,2
482,1,3,3,0,22.94,0.0,57.22,5.4,0.24,0.85,0.0,0,1,24.444444,2
483,1,4,3,0,22.87,0.0,58.9,3.4,0.24,0.38,0.0,0,1,24.444444,2
484,1,5,3,0,22.89,0.0,60.13,4.9,0.48,0.79,0.0,0,1,24.444444,2
485,1,6,3,0,22.86,0.0,61.79,3.5,2.88,0.49,0.0,0,1,24.444444,2
486,1,7,3,0,22.8,0.0,61.81,3.7,2.64,0.25,0.0,0,1,24.444444,2
487,1,8,3,0,22.81,0.0,57.24,5.6,12.96,0.37,0.0,0,1,24.444444,2
488,1,9,3,0,22.92,0.0,49.08,5.5,6.36,0.31,215.403,0,1,24.444444,2
489,1,10,3,0,23.08,0.0,42.3,6.7,3.48,1.5,382.388,0,1,24.444444,2
490,1,11,3,0,23.14,0.0,36.32,4.1,5.16,1.44,549.602,0,1,24.444444,2
491,1,12,3,0,23.34,0.0,31.25,9.7,3.36,3.48,543.261,0,1,24.444444,2
492,1,13,3,0,23.38,0.0,27.57,6.0,1.2,3.53,586.081,0,1,24.444444,2
493,1,14,3,0,23.53,0.0,24.19,9.0,1.08,7.61,691.469,0,1,24.444444,2
494,1,15,3,0,23.61,0.0,21.62,9.9,2.64,10.1,603.475,0,1,24.444444,2
495,1,16,3,0,23.71,0.0,20.18,12.5,4.92,11.56,429.962,0,1,24.444444,2
496,1,17,3,0,23.6,0.0,19.05,8.6,13.44,6.73,230.641,0,1,24.444444,2
497,1,18,3,0,23.51,0.0,18.52,12.0,7.56,4.17,38.2717,0,1,24.444444,2
498,1,19,3,0,23.38,0.0,18.9,10.5,3.96,1.92,0.0,0,1,24.444444,2
499,1,20,3,0,23.1,0.0,19.09,7.6,2.88,0.66,0.0,0,1,24.444444,2
500,1,21,3,0,23.01,0.0,18.4,10.5,8.76,0.79,0.0,0,1,24.444444,2
501,1,22,3,0,22.99,0.0,17.5,13.0,7.08,0.84,0.0,0,1,24.444444,2
502,1,23,3,0,22.77,0.0,17.48,9.1,1.68,0.12,0.0,0,1,24.444444,2
503,1,24,3,0,22.7,0.0,17.73,10.1,0.84,0.09,0.0,0,1,24.444444,2
504,1,1,4,0,22.62,0.0,18.2,8.4,0.24,0.0,0.0,0,1,24.444444,2
505,1,2,4,0,22.53,0.0,18.81,4.9,0.6,0.0,0.0,0,1,24.444444,2
506,1,3,4,0,22.48,0.0,19.37,4.1,0.72,0.0,0.0,0,1,24.444444,2
507,1,4,4,0,22.48,0.0,19.67,4.6,0.36,0.0,0.0,0,1,24.444444,2
508,1,5,4,0,22.48,0.0,19.78,3.4,0.12,0.0,0.0,0,1,24.444444,2
509,1,6,4,0,22.48,0.0,19.9,5.7,3.36,0.0,0.0,0,1,24.444444,2
510,1,7,4,0,22.48,0.0,20.06,7.1,5.88,0.0,0.0,0,1,24.444444,2
511,1,8,4,0,22.48,0.0,20.09,8.9,12.72,0.0,53.7145,0,1,24.444444,2
512,1,9,4,0,22.49,0.0,19.78,8.8,5.76,0.0,229.93,0,1,24.444444,2
513,1,10,4,0,22.53,0.0,19.21,8.8,7.2,0.0,367.425,0,1,24.444444,2
514,1,11,4,0,22.61,0.0,18.41,9.1,7.92,0.0,412.356,0,1,24.444444,2
515,1,12,4,0,22.7,0.0,17.61,9.6,3.48,0.16,509.432,0,1,24.444444,2
516,1,13,4,0,22.83,0.0,17.12,10.1,4.68,0.48,520.935,0,1,24.444444,2
517,1,14,4,0,23.08,0.0,16.85,12.9,1.32,1.35,473.058,0,1,24.444444,2
518,1,15,4,0,23.17,0.0,16.71,11.1,1.08,1.38,384.656,0,1,24.444444,2
519,1,16,4,0,23.14,0.0,16.61,9.2,1.56,0.93,270.864,0,1,24.444444,2
520,1,17,4,0,23.06,0.0,16.56,8.9,1.68,0.77,134.105,0,1,24.444444,2
521,1,18,4,0,22.94,0.0,17.0,9.0,2.4,0.44,22.1583,0,1,24.444444,2
522,1,19,4,0,22.9,0.0,17.78,9.7,4.44,0.5,0.0,0,1,24.444444,2
523,1,20,4,0,22.83,0.0,18.91,8.9,4.92,0.21,0.0,0,1,24.444444,2
524,1,21,4,0,22.81,0.0,20.38,11.3,4.56,0.37,0.0,0,1,24.444444,2
525,1,22,4,0,22.74,0.0,22.47,9.5,3.12,0.08,0.0,0,1,24.444444,2
526,1,23,4,0,22.71,0.0,24.65,9.9,3.24,0.08,0.0,0,1,24.444444,2
527,1,24,4,0,22.72,0.0,26.39,12.6,0.72,0.35,0.0,0,1,24.444444,2
528,1,1,5,0,22.69,0.0,27.7,10.2,0.6,0.01,0.0,0,1,24.444444,2
529,1,2,5,0,22.69,0.0,28.66,12.4,0.36,0.16,0.0,0,1,24.444444,2
530,1,3,5,0,22.65,0.0,29.47,10.5,0.72,0.0,0.0,0,1,24.444444,2
531,1,4,5,0,22.62,0.0,30.09,9.6,0.12,0.0,0.0,0,1,24.444444,2
532,1,5,5,0,22.62,0.0,30.83,9.8,0.36,0.0,0.0,0,1,24.444444,2
533,1,6,5,0,22.66,0.0,31.33,12.9,1.32,0.12,0.0,0,1,24.444444,2
534,1,7,5,0,22.65,0.0,31.84,11.1,11.4,0.02,0.0,0,1,24.444444,2
535,1,8,5,0,22.6,0.0,32.51,7.2,21.36,0.0,21.8814,0,1,24.444444,2
536,1,9,5,0,22.6,0.0,32.98,9.5,7.92,0.0,69.4151,0,1,24.444444,2
537,1,10,5,0,22.64,0.0,32.14,10.1,6.12,0.0,134.185,0,1,24.444444,2
538,1,11,5,0,22.72,0.0,30.35,12.0,10.44,0.28,194.051,0,1,24.444444,2
539,1,12,5,0,22.74,0.0,28.87,9.8,2.88,0.22,205.132,0,1,24.444444,2
540,1,13,5,0,22.75,0.0,27.49,8.0,0.96,0.16,258.98,0,1,24.444444,2
541,1,14,5,0,22.79,0.0,26.18,9.0,1.32,0.36,233.549,0,1,24.444444,2
542,1,15,5,0,22.84,0.0,24.6,9.8,0.6,0.69,203.029,0,1,24.444444,2
543,1,16,5,0,22.93,0.0,22.97,11.2,3.6,1.04,161.612,0,1,24.444444,2
544,1,17,5,0,22.86,0.0,22.02,8.1,1.32,0.31,60.8344,0,1,24.444444,2
545,1,18,5,0,22.84,0.0,21.77,9.8,2.4,0.46,8.1813,0,1,24.444444,2
546,1,19,5,0,22.84,0.0,22.06,10.6,2.16,0.61,0.0,0,1,24.444444,2
547,1,20,5,0,22.87,0.0,22.92,11.7,5.16,0.75,0.0,0,1,24.444444,2
548,1,21,5,0,22.82,0.0,23.7,10.7,2.88,0.45,0.0,0,1,24.444444,2
549,1,22,5,0,22.77,0.0,23.87,11.1,5.28,0.36,0.0,0,1,24.444444,2
550,1,23,5,0,22.75,0.0,23.42,12.8,2.76,0.37,0.0,0,1,24.444444,2
551,1,24,5,0,22.66,0.0,23.12,10.2,0.96,0.0,0.0,0,1,24.444444,2
552,1,1,6,0,22.51,0.0,23.25,4.4,2.4,0.0,0.0,0,1,24.444444,2
553,1,2,6,0,22.48,0.0,23.38,4.1,0.72,0.0,0.0,0,1,24.444444,2
554,1,3,6,0,22.48,0.0,22.94,7.3,0.36,0.0,0.0,0,1,24.444444,2
555,1,4,6,0,22.48,0.0,22.76,4.6,0.24,0.0,0.0,0,1,24.444444,2
556,1,5,6,0,22.48,0.0,22.77,3.3,0.84,0.0,0.0,0,1,24.444444,2
557,1,6,6,0,22.48,0.0,22.92,3.7,0.96,0.0,0.0,0,1,24.444444,2
558,1,7,6,0,22.48,0.0,23.05,4.2,4.44,0.0,0.0,0,1,24.444444,2
559,1,8,6,0,22.48,0.0,22.67,8.1,9.72,0.0,8.69607,0,1,24.444444,2
560,1,9,6,0,22.48,0.0,21.78,8.0,1.56,0.0,38.5269,0,1,24.444444,2
561,1,10,6,0,22.48,0.0,20.38,7.1,5.4,0.0,72.1154,0,1,24.444444,2
562,1,11,6,0,22.48,0.0,19.23,4.6,4.68,0.0,108.741,0,1,24.444444,2
563,1,12,6,0,22.48,0.0,18.57,11.1,9.36,0.0,155.023,0,1,24.444444,2
564,1,13,6,0,22.48,0.0,18.14,7.5,8.88,0.0,143.039,0,1,24.444444,2
565,1,14,6,0,22.48,0.0,18.09,6.7,7.56,0.0,127.737,0,1,24.444444,2
566,1,15,6,0,22.48,0.0,18.32,9.9,0.72,0.0,91.3073,0,1,24.444444,2
567,1,16,6,0,22.48,0.0,18.65,10.1,2.52,0.0,56.9175,0,1,24.444444,2
568,1,17,6,0,22.48,0.0,19.22,8.9,2.64,0.0,19.9116,0,1,24.444444,2
569,1,18,6,0,22.48,0.0,19.96,9.2,1.32,0.0,5.84203,0,1,24.444444,2
570,1,19,6,0,22.48,0.0,20.92,11.5,4.44,0.0,0.0,0,1,24.444444,2
571,1,20,6,0,22.48,0.0,21.89,10.7,3.12,0.0,0.0,0,1,24.444444,2
572,1,21,6,0,22.48,0.0,22.78,11.6,1.32,0.0,0.0,0,1,24.444444,2
573,1,22,6,0,22.48,0.0,23.53,9.9,5.88,0.0,0.0,0,1,24.444444,2
574,1,23,6,0,22.48,0.0,24.23,12.0,1.2,0.0,0.0,0,1,24.444444,2
575,1,24,6,0,22.48,0.0,24.85,6.5,0.84,0.0,0.0,0,1,24.444444,2
576,1,1,7,0,22.48,0.0,25.41,4.2,0.6,0.0,0.0,0,1,24.444444,2
577,1,2,7,0,22.48,0.0,25.95,6.2,0.72,0.0,0.0,0,1,24.444444,2
578,1,3,7,0,22.48,0.0,26.35,3.7,0.48,0.0,0.0,0,1,24.444444,2
579,1,4,7,0,22.48,0.0,26.8,3.3,0.48,0.0,0.0,0,1,24.444444,2
580,1,5,7,0,22.48,0.0,27.2,3.9,0.24,0.0,0.0,0,1,24.444444,2
581,1,6,7,0,22.48,0.0,27.43,4.9,0.72,0.0,0.0,0,1,24.444444,2
582,1,7,7,0,22.48,0.0,27.75,5.1,3.0,0.0,0.0,0,1,24.444444,2
583,1,8,7,0,22.48,0.0,27.93,5.0,4.8,0.0,15.8218,0,1,24.444444,2
584,1,9,7,0,22.48,0.0,27.77,4.2,8.04,0.0,86.8187,0,1,24.444444,2
585,1,10,7,0,22.48,0.0,27.64,6.0,6.24,0.0,220.734,0,1,24.444444,2
586,1,11,7,0,22.48,0.0,27.84,3.8,18.24,0.0,357.465,0,1,24.444444,2
587,1,12,7,0,22.5,0.0,28.19,7.1,11.52,0.0,487.589,0,1,24.444444,2
588,1,13,7,0,22.56,0.0,28.56,5.7,3.12,0.0,537.095,0,1,24.444444,2
589,1,14,7,0,22.65,0.0,28.76,6.8,5.64,0.0,517.455,0,1,24.444444,2
590,1,15,7,0,23.0,0.0,29.03,12.0,8.76,1.07,406.992,0,1,24.444444,2
591,1,16,7,0,23.05,0.0,29.76,8.8,10.32,0.94,287.319,0,1,24.444444,2
592,1,17,7,0,22.84,0.0,30.33,3.9,4.68,0.22,135.379,0,1,24.444444,2
593,1,18,7,0,22.86,0.0,30.33,11.0,14.04,0.38,25.1097,0,1,24.444444,2
594,1,19,7,0,22.69,0.0,30.85,5.4,5.28,0.0,0.0,0,1,24.444444,2
595,1,20,7,0,22.75,0.0,30.88,10.3,4.92,0.16,0.0,0,1,24.444444,2
596,1,21,7,0,22.71,0.0,31.03,7.9,1.68,0.0,0.0,0,1,24.444444,2
597,1,22,7,0,22.76,0.0,31.17,12.7,2.52,0.49,0.0,0,1,24.444444,2
598,1,23,7,0,22.73,0.0,31.79,10.3,10.8,0.11,0.0,0,1,24.444444,2
599,1,24,7,0,22.63,0.0,32.7,7.1,1.08,0.0,0.0,0,1,24.444444,2
600,1,1,1,0,22.57,0.0,33.72,5.8,0.96,0.0,0.0,0,1,24.444444,2
601,1,2,1,0,22.54,0.0,34.45,5.6,0.72,0.0,0.0,0,1,24.444444,2
602,1,3,1,0,22.64,0.0,34.61,12.5,0.96,0.02,0.0,0,1,24.444444,2
603,1,4,1,0,22.56,0.0,35.12,6.2,0.72,0.0,0.0,0,1,24.444444,2
604,1,5,1,0,22.53,0.0,35.68,6.3,0.12,0.0,0.0,0,1,24.444444,2
605,1,6,1,0,22.5,0.0,36.01,4.9,1.08,0.0,0.0,0,1,24.444444,2
606,1,7,1,0,22.55,0.0,35.98,10.2,3.12,0.0,0.0,0,1,24.444444,2
607,1,8,1,0,22.52,0.0,36.16,4.9,9.72,0.0,14.3982,0,1,24.444444,2
608,1,9,1,0,22.49,0.0,36.49,4.8,4.8,0.0,74.9971,0,1,24.444444,2
609,1,10,1,0,22.49,0.0,36.65,5.7,4.32,0.0,147.469,0,1,24.444444,2
610,1,11,1,0,22.51,0.0,36.98,3.9,23.76,0.0,232.508,0,1,24.444444,2
611,1,12,1,0,22.79,0.0,36.59,12.9,12.72,0.31,314.225,0,1,24.444444,2
612,1,13,1,0,22.84,0.0,36.62,7.1,9.6,0.21,326.468,0,1,24.444444,2
613,1,14,1,0,23.01,0.0,35.92,10.6,12.84,1.29,287.301,0,1,24.444444,2
614,1,15,1,0,23.12,0.0,36.03,9.3,4.92,1.47,224.289,0,1,24.444444,2
615,1,16,1,0,23.2,0.0,36.53,9.8,5.88,1.86,153.282,0,1,24.444444,2
616,1,17,1,0,23.18,0.0,37.7,9.1,6.48,1.46,56.9165,0,1,24.444444,2
617,1,18,1,0,23.15,0.0,39.59,9.6,13.68,1.37,9.98519,0,1,24.444444,2
618,1,19,1,0,23.15,0.0,41.17,10.0,6.96,1.52,0.0,0,1,24.444444,2
619,1,20,1,0,23.18,0.0,42.81,11.7,7.92,1.89,0.0,0,1,24.444444,2
620,1,21,1,0,23.11,0.0,44.68,10.3,4.68,1.3,0.0,0,1,24.444444,2
621,1,22,1,0,23.06,0.0,46.41,9.8,2.4,1.21,0.0,0,1,24.444444,2
622,1,23,1,0,22.94,0.0,48.18,7.0,3.6,0.56,0.0,0,1,24.444444,2
623,1,24,1,0,23.01,0.0,49.35,10.7,2.52,1.51,0.0,0,1,24.444444,2
624,1,1,2,0,22.97,0.0,51.03,8.1,0.6,1.02,0.0,0,1,24.444444,2
625,1,2,2,0,22.89,0.0,53.2,4.8,1.32,0.43,0.0,0,1,24.444444,2
626,1,3,2,0,22.82,0.0,55.18,3.8,0.12,0.27,0.0,0,1,24.444444,2
627,1,4,2,0,22.8,0.0,56.78,4.4,0.12,0.36,0.0,0,1,24.444444,2
628,1,5,2,0,22.8,0.0,58.23,4.4,0.12,0.42,0.0,0,1,24.444444,2
629,1,6,2,0,22.82,0.0,60.21,4.1,0.96,0.53,0.0,0,1,24.444444,2
630,1,7,2,0,22.82,0.0,62.48,3.9,6.96,0.51,0.0,0,1,24.444444,2
631,1,8,2,0,22.83,0.0,63.99,4.1,6.72,0.65,7.80092,0,1,24.444444,2
632,1,9,2,0,22.93,0.0,64.73,7.9,8.88,1.67,30.0726,0,1,24.444444,2
633,1,10,2,0,22.99,0.0,65.02,8.5,1.44,1.77,50.3082,0,1,24.444444,2
634,1,11,2,0,22.96,0.0,65.07,6.9,7.08,1.24,61.5832,0,1,24.444444,2
635,1,12,2,0,23.2,0.0,63.02,12.6,2.64,3.67,108.022,0,1,24.444444,2
636,1,13,2,0,23.06,0.0,62.75,5.6,3.96,1.27,123.64,0,1,24.444444,2
637,1,14,2,0,23.13,0.0,61.45,7.4,2.04,2.1,125.373,0,1,24.444444,2
638,1,15,2,0,23.19,0.0,59.24,8.6,2.28,2.5,105.175,0,1,24.444444,2
639,1,16,2,0,23.23,0.0,56.51,11.1,1.2,3.04,52.9776,0,1,24.444444,2
640,1,17,2,0,23.19,0.0,53.95,9.8,2.76,2.02,19.1847,0,1,24.444444,2
641,1,18,2,0,23.21,0.0,51.73,10.7,2.04,2.49,8.55621,0,1,24.444444,2
642,1,19,2,0,23.21,0.0,49.74,10.2,3.24,2.27,0.0,0,1,24.444444,2
643,1,20,2,0,23.25,0.0,46.99,13.0,6.48,2.9,0.0,0,1,24.444444,2
644,1,21,2,0,23.15,0.0,44.01,10.7,3.6,1.41,0.0,0,1,24.444444,2
645,1,22,2,0,23.16,0.0,40.8,13.4,5.16,1.8,0.0,0,1,24.444444,2
646,1,23,2,0,22.99,0.0,38.58,12.1,4.56,0.74,0.0,0,1,24.444444,2
647,1,24,2,0,22.7,0.0,36.05,5.4,0.96,0.0,0.0,0,1,24.444444,2
648,1,1,3,0,22.72,0.0,32.52,8.8,0.84,0.1,0.0,0,1,24.444444,2
649,1,2,3,0,22.6,0.0,30.73,4.1,0.36,0.0,0.0,0,1,24.444444,2
650,1,3,3,0,22.56,0.0,28.54,4.6,0.36,0.0,0.0,0,1,24.444444,2
651,1,4,3,0,22.51,0.0,26.23,3.5,0.6,0.0,0.0,0,1,24.444444,2
652,1,5,3,0,22.48,0.0,24.18,3.5,0.36,0.0,0.0,0,1,24.444444,2
653,1,6,3,0,22.48,0.0,22.27,3.8,3.12,0.0,0.0,0,1,24.444444,2
654,1,7,3,0,22.48,0.0,20.68,3.7,8.52,0.0,0.0,0,1,24.444444,2
655,1,8,3,0,22.48,0.0,19.53,8.5,19.32,0.0,27.803,0,1,24.444444,2
656,1,9,3,0,22.48,0.0,18.51,4.8,2.28,0.0,65.7319,0,1,24.444444,2
657,1,10,3,0,22.48,0.0,17.68,6.7,3.84,0.0,113.13,0,1,24.444444,2
658,1,11,3,0,22.48,0.0,17.4,5.4,9.0,0.0,143.979,0,1,24.444444,2
659,1,12,3,0,22.48,0.0,17.85,9.6,1.92,0.0,131.242,0,1,24.444444,2
660,1,13,3,0,22.48,0.0,18.56,3.6,1.56,0.0,142.103,0,1,24.444444,2
661,1,14,3,0,22.48,0.0,19.23,9.0,4.8,0.0,134.755,0,1,24.444444,2
662,1,15,3,0,22.48,0.0,19.68,9.9,2.76,0.0,113.49,0,1,24.444444,2
663,1,16,3,0,22.48,0.0,19.77,10.7,1.68,0.0,66.6828,0,1,24.444444,2
664,1,17,3,0,22.48,0.0,19.59,9.2,10.8,0.0,21.8214,0,1,24.444444,2
665,1,18,3,0,22.48,0.0,19.42,9.5,6.0,0.0,11.3193,0,1,24.444444,2
666,1,19,3,0,22.48,0.0,19.57,9.3,8.16,0.0,0.0,0,1,24.444444,2
667,1,20,3,0,22.48,0.0,19.88,9.9,4.44,0.0,0.0,0,1,24.444444,2
668,1,21,3,0,22.48,0.0,20.01,8.7,4.8,0.0,0.0,0,1,24.444444,2
669,1,22,3,0,22.48,0.0,19.91,13.1,2.4,0.0,0.0,0,1,24.444444,2
670,1,23,3,0,22.48,0.0,19.6,11.9,0.48,0.0,0.0,0,1,24.444444,2
671,1,24,3,0,22.48,0.0,19.21,8.9,1.08,0.0,0.0,0,1,24.444444,2
672,1,1,4,0,22.48,0.0,18.88,8.6,0.6,0.0,0.0,0,1,24.444444,2
673,1,2,4,0,22.48,0.0,18.44,5.4,0.36,0.0,0.0,0,1,24.444444,2
674,1,3,4,0,22.48,0.0,17.89,4.7,0.24,0.0,0.0,0,1,24.444444,2
675,1,4,4,0,22.48,0.0,17.43,6.9,0.12,0.0,0.0,0,1,24.444444,2
676,1,5,4,0,22.46,0.0,16.96,3.4,0.12,0.0,0.0,0,1,24.444444,2
677,1,6,4,0,22.45,0.0,16.36,4.8,2.76,0.0,0.0,0,1,24.444444,2
678,1,7,4,0,22.41,0.0,15.8,3.3,1.8,0.0,0.0,0,1,24.444444,2
679,1,8,4,0,22.47,0.0,15.14,9.1,8.28,0.0,34.5148,0,1,24.444444,2
680,1,9,4,0,22.48,0.0,14.28,8.7,5.28,0.0,94.4056,0,1,24.444444,2
681,1,10,4,0,22.48,0.0,13.37,8.6,6.12,0.0,158.406,0,1,24.444444,2
682,1,11,4,0,22.48,0.0,12.6,11.0,1.44,0.0,218.96,0,1,24.444444,2
683,1,12,4,0,22.48,0.0,12.22,8.9,4.32,0.0,218.257,0,1,24.444444,2
684,1,13,4,0,22.48,0.0,11.93,8.6,2.88,0.0,298.916,0,1,24.444444,2
685,1,14,4,0,22.48,0.0,11.74,11.0,1.68,0.0,275.505,0,1,24.444444,2
686,1,15,4,0,22.48,0.0,11.61,9.8,0.6,0.0,231.297,0,1,24.444444,2
687,1,16,4,0,22.48,0.0,11.53,8.2,1.2,0.0,187.727,0,1,24.444444,2
688,1,17,4,0,22.48,0.0,11.47,8.8,1.8,0.0,88.8634,0,1,24.444444,2
689,1,18,4,0,22.48,0.0,11.61,9.6,4.56,0.0,18.6565,0,1,24.444444,2
690,1,19,4,0,22.48,0.0,12.06,10.4,4.92,0.0,0.0,0,1,24.444444,2
691,1,20,4,0,22.48,0.0,12.62,8.2,3.12,0.0,0.0,0,1,24.444444,2
692,1,21,4,0,22.48,0.0,13.01,8.7,5.16,0.0,0.0,0,1,24.444444,2
693,1,22,4,0,22.48,0.0,13.31,11.8,2.4,0.0,0.0,0,1,24.444444,2
694,1,23,4,0,22.48,0.0,13.61,8.1,1.68,0.0,0.0,0,1,24.444444,2
695,1,24,4,0,22.5,0.0,13.89,17.1,0.72,0.0,0.0,0,1,24.444444,2
696,1,1,5,0,22.48,0.0,14.11,11.6,1.44,0.0,0.0,0,1,24.444444,2
697,1,2,5,0,22.48,0.0,14.24,8.0,2.16,0.0,0.0,0,1,24.444444,2
698,1,3,5,0,22.48,0.0,14.32,10.4,0.36,0.0,0.0,0,1,24.444444,2
699,1,4,5,0,22.48,0.0,14.49,10.4,0.24,0.0,0.0,0,1,24.444444,2
700,1,5,5,0,22.48,0.0,14.81,11.5,0.24,0.0,0.0,0,1,24.444444,2
701,1,6,5,0,22.48,0.0,15.29,9.9,1.2,0.0,0.0,0,1,24.444444,2
702,1,7,5,0,22.48,0.0,16.01,11.5,9.72,0.0,0.0,0,1,24.444444,2
703,1,8,5,0,22.48,0.0,16.47,7.6,13.44,0.0,57.8769,0,1,24.444444,2
704,1,9,5,0,22.48,0.0,16.63,10.8,6.36,0.0,199.775,0,1,24.444444,2
705,1,10,5,0,22.49,0.0,16.72,12.7,4.2,0.0,335.832,0,1,24.444444,2
706,1,11,5,0,22.51,0.0,17.1,8.8,3.72,0.0,446.399,0,1,24.444444,2
707,1,12,5,0,22.58,0.0,17.7,9.2,3.84,0.0,516.085,0,1,24.444444,2
708,1,13,5,0,22.65,0.0,18.2,8.3,0.48,0.05,561.918,0,1,24.444444,2
709,1,14,5,0,22.77,0.0,19.21,10.8,3.6,0.46,475.904,0,1,24.444444,2
710,1,15,5,0,22.82,0.0,20.64,9.6,1.2,0.61,399.611,0,1,24.444444,2
711,1,16,5,0,22.84,0.0,21.85,8.3,4.44,0.55,280.445,0,1,24.444444,2
712,1,17,5,0,22.88,0.0,22.48,9.1,2.28,0.58,164.338,0,1,24.444444,2
713,1,18,5,0,22.83,0.0,23.32,9.6,1.8,0.26,36.0294,0,1,24.444444,2
714,1,19,5,0,22.74,0.0,24.71,8.9,3.72,0.06,0.0,0,1,24.444444,2
715,1,20,5,0,22.74,0.0,25.93,11.4,5.76,0.17,0.0,0,1,24.444444,2
716,1,21,5,0,22.69,0.0,27.36,9.8,4.32,0.0,0.0,0,1,24.444444,2
717,1,22,5,0,22.71,0.0,28.42,13.2,15.0,0.22,0.0,0,1,24.444444,2
718,1,23,5,0,22.65,0.0,29.2,9.7,2.88,0.0,0.0,0,1,24.444444,2
719,1,24,5,0,22.61,0.0,29.77,9.7,1.2,0.0,0.0,0,1,24.444444,2
720,1,1,6,0,22.54,0.0,30.27,6.7,1.08,0.0,0.0,0,1,24.444444,2
721,1,2,6,0,22.48,0.0,30.76,4.3,0.6,0.0,0.0,0,1,24.444444,2
722,1,3,6,0,22.48,0.0,31.28,5.7,0.24,0.0,0.0,0,1,24.444444,2
723,1,4,6,0,22.48,0.0,32.12,4.6,0.36,0.0,0.0,0,1,24.444444,2
724,1,5,6,0,22.48,0.0,32.87,5.6,0.72,0.0,0.0,0,1,24.444444,2
725,1,6,6,0,22.48,0.0,33.39,3.2,2.88,0.0,0.0,0,1,24.444444,2
726,1,7,6,0,22.48,0.0,34.16,4.2,9.24,0.0,0.0,0,1,24.444444,2
727,1,8,6,0,22.51,0.0,34.67,8.4,13.56,0.0,38.2631,0,1,24.444444,2
728,1,9,6,0,22.55,0.0,34.98,9.1,2.64,0.0,144.805,0,1,24.444444,2
729,1,10,6,0,22.56,0.0,35.58,6.1,5.4,0.0,220.549,0,1,24.444444,2
730,1,11,6,0,22.59,0.0,36.49,3.9,2.4,0.0,311.954,0,1,24.444444,2
731,1,12,6,0,22.97,0.0,36.83,12.2,2.04,0.93,345.208,0,1,24.444444,2
732,1,13,6,0,23.07,0.0,37.9,8.3,2.28,1.09,377.839,0,1,24.444444,2
733,1,14,6,0,23.21,0.0,38.45,8.5,5.04,1.88,361.033,0,1,24.444444,2
734,1,15,6,0,23.53,0.0,38.46,13.2,1.92,5.02,336.545,0,1,24.444444,2
735,1,16,6,0,23.51,0.0,38.85,10.1,2.4,3.81,243.704,0,1,24.444444,2
736,1,17,6,0,23.41,0.0,39.39,8.2,5.88,2.8,135.778,0,1,24.444444,2
737,1,18,6,0,23.39,0.0,39.78,11.0,0.96,2.88,29.2164,0,1,24.444444,2
738,1,19,6,0,23.35,0.0,40.35,11.5,2.28,2.41,0.0,0,1,24.444444,2
739,1,20,6,0,23.23,0.0,41.24,9.5,0.96,1.39,0.0,0,1,24.444444,2
740,1,21,6,0,23.14,0.0,42.3,9.2,3.24,1.16,0.0,0,1,24.444444,2
741,1,22,6,0,23.13,0.0,43.32,10.0,2.04,1.37,0.0,0,1,24.444444,2
742,1,23,6,0,23.01,0.0,44.73,8.0,2.16,0.76,0.0,0,1,24.444444,2
743,1,24,6,0,22.95,0.0,45.64,8.6,1.44,0.76,0.0,0,1,24.444444,2
744,2,1,7,0,22.81,0.0,46.61,5.0,0.36,0.14,0.0,0,1,24.444444,2
745,2,2,7,0,22.73,0.0,47.27,3.9,2.52,0.0,0.0,0,1,24.444444,2
746,2,3,7,0,22.68,0.0,47.8,3.3,0.72,0.0,0.0,0,1,24.444444,2
747,2,4,7,0,22.65,0.0,48.34,3.3,0.84,0.0,0.0,0,1,24.444444,2
748,2,5,7,0,22.63,0.0,48.68,3.7,0.6,0.0,0.0,0,1,24.444444,2
749,2,6,7,0,22.61,0.0,49.21,3.2,0.84,0.0,0.0,0,1,24.444444,2
750,2,7,7,0,22.65,0.0,49.52,5.4,7.32,0.0,0.0,0,1,24.444444,2
751,2,8,7,0,23.05,0.0,48.77,5.4,10.32,1.53,70.055,0,1,24.444444,2
752,2,9,7,0,23.3,0.0,48.44,3.6,11.76,5.86,317.925,0,1,24.444444,2
753,2,10,7,0,23.47,0.0,48.3,4.6,21.96,9.39,541.897,0,1,24.444444,2
754,2,11,7,0,23.62,0.0,48.7,4.2,10.08,10.34,699.062,0,1,24.444444,2
755,2,12,7,0,23.73,0.0,49.4,5.3,7.32,12.71,747.616,0,1,24.444444,2
756,2,13,7,0,23.8,0.0,50.59,4.7,6.84,15.0,750.954,0,1,24.444444,2
757,2,14,7,0,23.86,0.0,51.04,6.1,6.96,20.15,708.593,0,1,24.444444,2
758,2,15,7,0,23.94,0.0,50.63,5.3,3.24,22.72,615.205,0,1,24.444444,2
759,2,16,7,0,23.95,0.0,50.5,4.0,9.72,21.95,471.577,0,1,24.444444,2
760,2,17,7,0,24.03,0.0,50.15,11.1,9.0,27.5,270.993,0,1,24.444444,2
761,2,18,7,0,24.06,0.0,49.86,14.6,20.64,25.34,62.8172,0,1,24.444444,2
762,2,19,7,0,24.07,0.0,50.69,11.0,13.92,18.08,0.0,0,1,24.444444,2
763,2,20,7,0,24.02,0.0,52.68,7.3,3.84,12.62,0.0,0,1,24.444444,2
764,2,21,7,0,23.93,0.0,55.73,5.1,4.08,9.55,0.0,0,1,24.444444,2
765,2,22,7,0,23.83,0.0,58.43,4.5,4.44,7.98,0.0,0,1,24.444444,2
766,2,23,7,0,23.85,0.0,59.67,7.3,1.92,9.32,0.0,0,1,24.444444,2
767,2,24,7,0,23.76,0.0,60.7,6.2,0.84,6.95,0.0,0,1,24.444444,2
768,2,1,1,0,23.63,0.0,62.49,4.5,0.72,4.85,0.0,0,1,24.444444,2
769,2,2,1,0,23.6,0.0,64.23,5.3,4.08,5.06,0.0,0,1,24.444444,2
770,2,3,1,0,23.49,0.0,66.6,3.7,0.84,3.51,0.0,0,1,24.444444,2
771,2,4,1,0,23.46,0.0,68.25,4.7,2.52,3.88,0.0,0,1,24.444444,2
772,2,5,1,0,23.38,0.0,69.78,3.7,0.84,3.02,0.0,0,1,24.444444,2
773,2,6,1,0,23.33,0.0,70.92,4.0,2.52,2.95,0.0,0,1,24.444444,2
774,2,7,1,0,23.29,0.0,71.86,3.5,1.08,2.61,0.0,0,1,24.444444,2
775,2,8,1,0,23.41,0.0,71.72,3.8,5.88,4.05,45.3566,0,1,24.444444,2
776,2,9,1,0,23.54,0.0,70.44,4.7,9.84,7.14,199.066,0,1,24.444444,2
777,2,10,1,0,23.62,0.0,68.44,4.7,7.68,9.5,335.469,0,1,24.444444,2
778,2,11,1,0,23.68,0.0,66.97,4.5,12.84,11.37,448.251,0,1,24.444444,2
779,2,12,1,0,23.82,0.0,65.12,7.7,23.04,16.97,561.067,0,1,24.444444,2
780,2,13,1,0,23.82,0.0,64.69,4.4,3.6,15.18,581.621,0,1,24.444444,2
781,2,14,1,0,23.9,0.0,64.08,5.4,8.88,17.89,546.22,0,1,24.444444,2
782,2,15,1,0,24.01,0.0,61.56,9.7,2.64,23.4,430.334,0,1,24.444444,2
783,2,16,1,0,24.0,0.0,60.32,5.1,7.08,17.71,341.65,0,1,24.444444,2
784,2,17,1,0,23.97,0.0,60.67,4.3,12.12,16.57,201.129,0,1,24.444444,2
785,2,18,1,0,23.95,0.0,61.89,4.3,8.76,12.99,47.5721,0,1,24.444444,2
786,2,19,1,0,23.98,0.0,63.28,6.0,3.48,13.75,0.0,0,1,24.444444,2
787,2,20,1,0,23.99,0.0,65.03,6.1,2.04,13.51,0.0,0,1,24.444444,2
788,2,21,1,0,24.02,0.0,66.3,7.7,8.88,15.52,0.0,0,1,24.444444,2
789,2,22,1,0,24.01,0.0,67.67,6.6,3.24,13.93,0.0,0,1,24.444444,2
790,2,23,1,0,23.97,0.0,69.59,5.5,6.12,11.84,0.0,0,1,24.444444,2
791,2,24,1,0,23.95,0.0,70.62,6.0,0.96,11.69,0.0,0,1,24.444444,2
792,2,1,2,0,23.96,0.0,70.38,7.9,0.48,12.73,0.0,0,1,24.444444,2
793,2,2,2,0,23.6,0.0,69.92,5.0,0.36,3.05,0.0,0,1,24.444444,2
794,2,3,2,0,23.06,0.0,66.84,5.8,0.48,0.78,0.0,0,1,24.444444,2
795,2,4,2,0,22.86,0.0,61.27,5.6,0.24,0.35,0.0,0,1,24.444444,2
796,2,5,2,0,22.74,0.0,55.0,5.2,0.96,0.03,0.0,0,1,24.444444,2
797,2,6,2,0,22.66,0.0,49.31,5.1,0.72,0.0,0.0,0,1,24.444444,2
798,2,7,2,0,22.58,0.0,45.27,3.6,9.96,0.0,0.0,0,1,24.444444,2
799,2,8,2,0,22.56,0.0,42.08,4.0,18.84,0.0,50.2135,0,1,24.444444,2
800,2,9,2,0,22.56,0.0,39.92,5.6,12.12,0.0,212.157,0,1,24.444444,2
801,2,10,2,0,22.63,0.0,38.21,7.4,6.6,0.0,362.45,0,1,24.444444,2
802,2,11,2,0,22.66,0.0,36.59,6.2,6.24,0.05,507.612,0,1,24.444444,2
803,2,12,2,0,22.64,0.0,35.79,3.8,4.32,0.04,606.612,0,1,24.444444,2
804,2,13,2,0,22.67,0.0,35.09,4.4,6.0,0.18,625.065,0,1,24.444444,2
805,2,14,2,0,22.7,0.0,34.49,4.0,1.32,0.32,621.07,0,1,24.444444,2
806,2,15,2,0,23.09,0.0,33.43,10.7,1.92,1.51,530.138,0,1,24.444444,2
807,2,16,2,0,22.96,0.0,33.71,4.3,2.76,0.77,396.33,0,1,24.444444,2
808,2,17,2,0,22.86,0.0,34.02,4.0,3.72,0.48,220.908,0,1,24.444444,2
809,2,18,2,0,22.71,0.0,34.68,3.5,2.28,0.08,52.1713,0,1,24.444444,2
810,2,19,2,0,22.64,0.0,35.48,4.4,6.84,0.0,0.0,0,1,24.444444,2
811,2,20,2,0,22.84,0.0,35.97,12.7,10.32,0.53,0.0,0,1,24.444444,2
812,2,21,2,0,22.75,0.0,36.99,9.3,15.12,0.13,0.0,0,1,24.444444,2
813,2,22,2,0,22.66,0.0,37.8,6.7,3.0,0.0,0.0,0,1,24.444444,2
814,2,23,2,0,22.64,0.0,38.35,7.0,3.6,0.0,0.0,0,1,24.444444,2
815,2,24,2,0,22.73,0.0,38.6,12.9,1.56,0.36,0.0,0,1,24.444444,2
816,2,1,3,0,22.64,0.0,39.31,7.2,1.08,0.0,0.0,0,1,24.444444,2
817,2,2,3,0,22.55,0.0,40.12,4.2,0.48,0.0,0.0,0,1,24.444444,2
818,2,3,3,0,22.53,0.0,40.85,4.2,1.08,0.0,0.0,0,1,24.444444,2
819,2,4,3,0,22.51,0.0,41.4,3.6,0.24,0.0,0.0,0,1,24.444444,2
820,2,5,3,0,22.49,0.0,41.83,3.5,0.6,0.0,0.0,0,1,24.444444,2
821,2,6,3,0,22.49,0.0,42.26,3.8,2.04,0.0,0.0,0,1,24.444444,2
822,2,7,3,0,22.54,0.0,42.68,7.6,3.0,0.0,0.0,0,1,24.444444,2
823,2,8,3,0,22.54,0.0,43.24,4.8,22.32,0.0,49.9988,0,1,24.444444,2
824,2,9,3,0,22.55,0.0,43.81,4.7,2.76,0.0,206.784,0,1,24.444444,2
825,2,10,3,0,22.73,0.0,44.28,6.7,10.8,0.03,353.431,0,1,24.444444,2
826,2,11,3,0,22.96,0.0,45.03,6.4,1.08,0.73,502.04,0,1,24.444444,2
827,2,12,3,0,23.14,0.0,46.88,5.7,3.36,2.1,584.688,0,1,24.444444,2
828,2,13,3,0,23.28,0.0,49.45,4.0,3.84,3.47,615.382,0,1,24.444444,2
829,2,14,3,0,23.41,0.0,52.16,3.4,3.36,5.8,594.197,0,1,24.444444,2
830,2,15,3,0,23.69,0.0,54.02,9.5,1.44,14.43,533.254,0,1,24.444444,2
831,2,16,3,0,23.64,0.0,57.05,3.2,1.2,10.03,384.168,0,1,24.444444,2
832,2,17,3,0,23.62,0.0,60.47,3.7,2.28,9.97,208.469,0,1,24.444444,2
833,2,18,3,0,23.58,0.0,62.5,3.5,2.28,7.07,48.5017,0,1,24.444444,2
834,2,19,3,0,23.63,0.0,63.98,7.0,7.56,10.01,0.0,0,1,24.444444,2
835,2,20,3,0,23.7,0.0,65.17,8.0,7.92,11.15,0.0,0,1,24.444444,2
836,2,21,3,0,23.66,0.0,66.78,6.2,9.24,8.73,0.0,0,1,24.444444,2
837,2,22,3,0,23.73,0.0,68.22,7.8,6.6,11.67,0.0,0,1,24.444444,2
838,2,23,3,0,23.74,0.0,69.16,7.8,2.52,10.1,0.0,0,1,24.444444,2
839,2,24,3,0,23.67,0.0,68.07,8.7,0.84,8.0,0.0,0,1,24.444444,2
840,2,1,4,0,23.89,0.0,62.7,18.2,0.36,14.74,0.0,0,1,24.444444,2
841,2,2,4,0,23.34,0.0,60.87,6.3,0.36,1.49,0.0,0,1,24.444444,2
842,2,3,4,0,23.07,0.0,57.09,8.1,0.24,1.05,0.0,0,1,24.444444,2
843,2,4,4,0,22.86,0.0,53.68,5.1,0.36,0.22,0.0,0,1,24.444444,2
844,2,5,4,0,22.75,0.0,50.42,4.2,0.24,0.0,0.0,0,1,24.444444,2
845,2,6,4,0,22.7,0.0,47.81,5.3,7.08,0.0,0.0,0,1,24.444444,2
846,2,7,4,0,22.62,0.0,45.47,3.8,10.56,0.0,0.0,0,1,24.444444,2
847,2,8,4,0,22.84,0.0,42.6,10.1,10.2,0.29,61.8467,0,1,24.444444,2
848,2,9,4,0,22.94,0.0,40.05,8.0,3.36,0.41,269.999,0,1,24.444444,2
849,2,10,4,0,23.04,0.0,37.61,9.2,1.68,1.34,468.187,0,1,24.444444,2
850,2,11,4,0,23.13,0.0,35.02,9.7,4.32,2.52,643.91,0,1,24.444444,2
851,2,12,4,0,23.18,0.0,33.74,8.0,7.68,2.74,767.196,0,1,24.444444,2
852,2,13,4,0,23.33,0.0,32.49,12.1,3.84,5.6,833.333,0,1,24.444444,2
853,2,14,4,0,23.34,0.0,31.52,7.6,3.36,4.33,823.032,0,1,24.444444,2
854,2,15,4,0,23.46,0.0,30.63,9.9,4.44,7.62,757.12,0,1,24.444444,2
855,2,16,4,0,23.51,0.0,29.96,9.6,0.48,8.89,616.965,0,1,24.444444,2
856,2,17,4,0,23.51,0.0,29.34,8.8,3.36,7.95,407.395,0,1,24.444444,2
857,2,18,4,0,23.34,0.0,29.09,8.5,3.24,3.55,136.215,0,1,24.444444,2
858,2,19,4,0,23.16,0.0,29.18,10.5,2.52,0.96,0.0,0,1,24.444444,2
859,2,20,4,0,22.95,0.0,29.34,8.6,5.64,0.42,0.0,0,1,24.444444,2
860,2,21,4,0,22.77,0.0,29.17,7.9,7.2,0.19,0.0,0,1,24.444444,2
861,2,22,4,0,22.75,0.0,28.79,10.8,8.28,0.26,0.0,0,1,24.444444,2
862,2,23,4,0,22.72,0.0,28.58,11.1,4.08,0.18,0.0,0,1,24.444444,2
863,2,24,4,0,22.66,0.0,28.27,9.8,1.2,0.02,0.0,0,1,24.444444,2
864,2,1,5,0,22.61,0.0,28.02,9.9,0.36,0.0,0.0,0,1,24.444444,2
865,2,2,5,0,22.55,0.0,27.74,7.4,0.48,0.0,0.0,0,1,24.444444,2
866,2,3,5,0,22.49,0.0,27.27,3.7,0.6,0.0,0.0,0,1,24.444444,2
867,2,4,5,0,22.48,0.0,26.62,4.6,0.12,0.0,0.0,0,1,24.444444,2
868,2,5,5,0,22.48,0.0,26.01,3.6,1.08,0.0,0.0,0,1,24.444444,2
869,2,6,5,0,22.48,0.0,25.48,4.6,2.16,0.0,0.0,0,1,24.444444,2
870,2,7,5,0,22.48,0.0,25.0,9.8,3.24,0.0,0.0,0,1,24.444444,2
871,2,8,5,0,22.48,0.0,24.47,5.5,19.56,0.0,57.6286,0,1,24.444444,2
872,2,9,5,0,22.48,0.0,23.84,6.1,10.32,0.0,227.766,0,1,24.444444,2
873,2,10,5,0,22.48,0.0,23.12,6.5,14.52,0.0,398.648,0,1,24.444444,2
874,2,11,5,0,22.48,0.0,22.22,4.8,11.88,0.0,519.637,0,1,24.444444,2
875,2,12,5,0,22.5,0.0,21.85,8.9,3.24,0.0,619.397,0,1,24.444444,2
876,2,13,5,0,22.52,0.0,21.72,7.0,1.44,0.0,665.526,0,1,24.444444,2
877,2,14,5,0,22.58,0.0,21.71,8.7,0.96,0.0,688.95,0,1,24.444444,2
878,2,15,5,0,22.65,0.0,21.78,10.2,2.52,0.12,615.196,0,1,24.444444,2
879,2,16,5,0,22.74,0.0,22.06,9.5,2.04,0.49,527.065,0,1,24.444444,2
880,2,17,5,0,22.71,0.0,22.55,7.5,0.96,0.25,310.328,0,1,24.444444,2
881,2,18,5,0,22.6,0.0,23.06,8.8,3.24,0.01,77.47,0,1,24.444444,2
882,2,19,5,0,22.54,0.0,23.81,11.4,5.88,0.0,0.0,0,1,24.444444,2
883,2,20,5,0,22.52,0.0,24.72,10.3,5.28,0.0,0.0,0,1,24.444444,2
884,2,21,5,0,22.51,0.0,25.4,10.0,4.8,0.0,0.0,0,1,24.444444,2
885,2,22,5,0,22.51,0.0,25.81,11.7,8.28,0.0,0.0,0,1,24.444444,2
886,2,23,5,0,22.54,0.0,25.91,13.9,1.56,0.0,0.0,0,1,24.444444,2
887,2,24,5,0,22.48,0.0,25.87,6.6,1.8,0.0,0.0,0,1,24.444444,2
888,2,1,6,0,22.48,0.0,25.62,5.1,0.6,0.0,0.0,0,1,24.444444,2
889,2,2,6,0,22.48,0.0,25.67,3.6,0.96,0.0,0.0,0,1,24.444444,2
890,2,3,6,0,22.48,0.0,25.8,3.2,0.6,0.0,0.0,0,1,24.444444,2
891,2,4,6,0,22.48,0.0,25.88,3.8,0.48,0.0,0.0,0,1,24.444444,2
892,2,5,6,0,22.48,0.0,25.93,3.6,0.24,0.0,0.0,0,1,24.444444,2
893,2,6,6,0,22.48,0.0,25.87,5.2,2.04,0.0,0.0,0,1,24.444444,2
894,2,7,6,0,22.48,0.0,25.85,8.7,6.6,0.0,0.0,0,1,24.444444,2
895,2,8,6,0,22.48,0.0,25.85,3.6,14.88,0.0,71.3526,0,1,24.444444,2
896,2,9,6,0,22.48,0.0,25.56,4.0,6.84,0.0,306.933,0,1,24.444444,2
897,2,10,6,0,22.52,0.0,25.04,5.4,2.88,0.0,492.444,0,1,24.444444,2
898,2,11,6,0,22.59,0.0,24.68,5.1,1.32,0.0,655.082,0,1,24.444444,2
899,2,12,6,0,22.78,0.0,24.44,11.1,1.32,0.37,745.898,0,1,24.444444,2
900,2,13,6,0,22.95,0.0,24.35,11.2,5.52,1.04,779.347,0,1,24.444444,2
901,2,14,6,0,22.86,0.0,24.6,3.5,3.96,0.68,779.361,0,1,24.444444,2
902,2,15,6,0,23.25,0.0,24.08,11.4,1.68,3.04,654.754,0,1,24.444444,2
903,2,16,6,0,23.3,0.0,24.21,5.2,7.8,2.47,496.622,0,1,24.444444,2
904,2,17,6,0,23.34,0.0,24.39,9.5,4.08,4.11,279.656,0,1,24.444444,2
905,2,18,6,0,23.08,0.0,25.37,4.0,2.64,1.02,90.0863,0,1,24.444444,2
906,2,19,6,0,23.16,0.0,25.76,12.0,5.76,1.43,0.0,0,1,24.444444,2
907,2,20,6,0,23.09,0.0,26.44,8.9,3.72,0.84,0.0,0,1,24.444444,2
908,2,21,6,0,23.07,0.0,27.09,10.4,4.32,1.03,0.0,0,1,24.444444,2
909,2,22,6,0,22.91,0.0,28.36,7.2,1.32,0.29,0.0,0,1,24.444444,2
910,2,23,6,0,22.77,0.0,30.08,6.5,5.28,0.08,0.0,0,1,24.444444,2
911,2,24,6,0,22.71,0.0,31.46,6.1,2.28,0.0,0.0,0,1,24.444444,2
912,2,1,7,0,22.66,0.0,32.62,5.2,0.24,0.0,0.0,0,1,24.444444,2
913,2,2,7,0,22.59,0.0,33.38,3.4,0.48,0.0,0.0,0,1,24.444444,2
914,2,3,7,0,22.55,0.0,34.23,3.3,0.24,0.0,0.0,0,1,24.444444,2
915,2,4,7,0,22.53,0.0,34.92,3.7,0.6,0.0,0.0,0,1,24.444444,2
916,2,5,7,0,22.51,0.0,35.55,3.4,0.48,0.0,0.0,0,1,24.444444,2
917,2,6,7,0,22.52,0.0,35.69,4.8,0.84,0.0,0.0,0,1,24.444444,2
918,2,7,7,0,22.51,0.0,35.54,4.4,1.92,0.0,0.0,0,1,24.444444,2
919,2,8,7,0,22.62,0.0,34.87,3.6,10.08,0.0,75.0495,0,1,24.444444,2
920,2,9,7,0,22.88,0.0,33.84,3.6,2.76,0.67,321.359,0,1,24.444444,2
921,2,10,7,0,23.02,0.0,33.24,3.8,15.6,2.01,518.092,0,1,24.444444,2
922,2,11,7,0,23.1,0.0,33.29,4.2,10.44,2.97,601.613,0,1,24.444444,2
923,2,12,7,0,23.2,0.0,33.49,5.2,9.0,3.54,692.343,0,1,24.444444,2
924,2,13,7,0,23.25,0.0,33.93,3.9,5.16,4.12,713.709,0,1,24.444444,2
925,2,14,7,0,23.41,0.0,34.25,6.6,3.96,6.58,680.13,0,1,24.444444,2
926,2,15,7,0,23.52,0.0,34.47,4.5,4.8,7.46,633.466,0,1,24.444444,2
927,2,16,7,0,23.57,0.0,34.77,5.6,16.44,9.29,479.594,0,1,24.444444,2
928,2,17,7,0,23.61,0.0,35.14,6.7,7.56,8.99,278.096,0,1,24.444444,2
929,2,18,7,0,23.57,0.0,35.78,7.5,11.28,6.0,70.7243,0,1,24.444444,2
930,2,19,7,0,23.48,0.0,37.05,4.6,16.8,2.93,0.0,0,1,24.444444,2
931,2,20,7,0,23.46,0.0,37.81,5.8,4.2,3.12,0.0,0,1,24.444444,2
932,2,21,7,0,23.38,0.0,38.8,5.4,4.68,1.93,0.0,0,1,24.444444,2
933,2,22,7,0,23.19,0.0,40.74,4.7,2.04,1.0,0.0,0,1,24.444444,2
934,2,23,7,0,23.11,0.0,42.12,6.0,5.64,0.98,0.0,0,1,24.444444,2
935,2,24,7,0,23.14,0.0,43.01,9.2,1.68,1.33,0.0,0,1,24.444444,2
936,2,1,1,0,23.02,0.0,44.09,7.5,3.0,0.88,0.0,0,1,24.444444,2
937,2,2,1,0,22.85,0.0,45.88,3.8,0.96,0.13,0.0,0,1,24.444444,2
938,2,3,1,0,22.78,0.0,46.99,3.9,1.68,0.03,0.0,0,1,24.444444,2
939,2,4,1,0,22.74,0.0,47.08,5.2,0.48,0.02,0.0,0,1,24.444444,2
940,2,5,1,0,22.67,0.0,47.09,3.6,0.36,0.0,0.0,0,1,24.444444,2
941,2,6,1,0,22.64,0.0,47.29,3.5,3.48,0.0,0.0,0,1,24.444444,2
942,2,7,1,0,22.63,0.0,47.5,3.6,0.48,0.0,0.0,0,1,24.444444,2
943,2,8,1,0,22.7,0.0,47.52,3.4,2.04,0.0,62.2293,0,1,24.444444,2
944,2,9,1,0,23.01,0.0,46.92,3.9,14.16,0.81,267.582,0,1,24.444444,2
945,2,10,1,0,23.26,0.0,46.35,4.4,8.04,4.23,459.244,0,1,24.444444,2
946,2,11,1,0,23.46,0.0,45.76,4.5,8.52,6.49,607.509,0,1,24.444444,2
947,2,12,1,0,23.56,0.0,45.69,4.5,17.28,8.28,701.934,0,1,24.444444,2
948,2,13,1,0,23.65,0.0,45.56,4.9,5.04,10.58,657.248,0,1,24.444444,2
949,2,14,1,0,23.76,0.0,45.36,7.3,8.28,14.91,679.274,0,1,24.444444,2
950,2,15,1,0,23.86,0.0,44.83,7.8,8.04,17.83,601.722,0,1,24.444444,2
951,2,16,1,0,23.86,0.0,44.51,4.7,6.72,16.42,453.48,0,1,24.444444,2
952,2,17,1,0,23.85,0.0,44.59,5.6,15.96,15.83,274.422,0,1,24.444444,2
953,2,18,1,0,23.79,0.0,46.23,4.9,8.28,10.34,69.8489,0,1,24.444444,2
954,2,19,1,0,23.68,0.0,48.44,4.1,10.2,7.31,0.0,0,1,24.444444,2
955,2,20,1,0,23.67,0.0,50.01,6.3,4.2,7.79,0.0,0,1,24.444444,2
956,2,21,1,0,23.7,0.0,50.96,8.3,17.52,7.9,0.0,0,1,24.444444,2
957,2,22,1,0,23.61,0.0,51.88,6.8,3.24,5.0,0.0,0,1,24.444444,2
958,2,23,1,0,23.48,0.0,52.98,6.1,5.04,3.19,0.0,0,1,24.444444,2
959,2,24,1,0,23.32,0.0,53.98,5.2,0.48,1.89,0.0,0,1,24.444444,2
960,2,1,2,0,23.28,0.0,54.37,6.4,0.6,2.13,0.0,0,1,24.444444,2
961,2,2,2,0,23.28,0.0,54.96,6.8,0.48,2.14,0.0,0,1,24.444444,2
962,2,3,2,0,23.08,0.0,56.51,3.7,0.6,0.85,0.0,0,1,24.444444,2
963,2,4,2,0,22.94,0.0,57.77,3.3,0.36,0.55,0.0,0,1,24.444444,2
964,2,5,2,0,22.89,0.0,58.49,3.8,0.12,0.49,0.0,0,1,24.444444,2
965,2,6,2,0,22.88,0.0,58.67,4.6,1.44,0.56,0.0,0,1,24.444444,2
966,2,7,2,0,22.83,0.0,58.88,3.6,7.32,0.29,0.0,0,1,24.444444,2
967,2,8,2,0,22.89,0.0,58.76,3.5,7.2,0.46,65.2114,0,1,24.444444,2
968,2,9,2,0,23.12,0.0,58.11,4.0,12.6,2.02,228.851,0,1,24.444444,2
969,2,10,2,0,23.5,0.0,56.7,5.5,3.0,7.14,467.701,0,1,24.444444,2
970,2,11,2,0,23.68,0.0,55.67,6.0,4.32,10.04,615.542,0,1,24.444444,2
971,2,12,2,0,23.62,0.0,55.36,3.7,4.56,6.15,614.603,0,1,24.444444,2
972,2,13,2,0,23.56,0.0,54.44,4.9,1.68,6.34,613.261,0,1,24.444444,2
973,2,14,2,0,23.62,0.0,53.79,5.5,2.28,9.34,575.031,0,1,24.444444,2
974,2,15,2,0,23.83,0.0,51.89,12.7,7.8,16.92,522.33,0,1,24.444444,2
975,2,16,2,0,23.66,0.0,51.4,3.7,2.64,7.4,372.485,0,1,24.444444,2
976,2,17,2,0,23.53,0.0,50.91,4.0,7.8,5.3,221.215,0,1,24.444444,2
977,2,18,2,0,23.38,0.0,50.81,3.7,4.08,2.32,49.6867,0,1,24.444444,2
978,2,19,2,0,23.31,0.0,50.61,6.3,5.76,2.33,0.0,0,1,24.444444,2
979,2,20,2,0,23.39,0.0,49.74,10.0,3.36,3.4,0.0,0,1,24.444444,2
980,2,21,2,0,23.34,0.0,49.2,9.4,28.2,2.33,0.0,0,1,24.444444,2
981,2,22,2,0,23.11,0.0,49.43,6.3,5.88,0.85,0.0,0,1,24.444444,2
982,2,23,2,0,23.01,0.0,49.28,7.3,1.56,0.77,0.0,0,1,24.444444,2
983,2,24,2,0,22.96,0.0,48.81,8.5,0.84,0.73,0.0,0,1,24.444444,2
984,2,1,3,0,22.86,0.0,48.62,7.3,0.6,0.36,0.0,0,1,24.444444,2
985,2,2,3,0,22.72,0.0,48.74,3.8,1.8,0.0,0.0,0,1,24.444444,2
986,2,3,3,0,22.65,0.0,48.76,3.8,0.48,0.0,0.0,0,1,24.444444,2
987,2,4,3,0,22.62,0.0,48.53,4.3,0.24,0.0,0.0,0,1,24.444444,2
988,2,5,3,0,22.59,0.0,47.8,4.8,0.36,0.0,0.0,0,1,24.444444,2
989,2,6,3,0,22.55,0.0,45.83,5.5,3.48,0.0,0.0,0,1,24.444444,2
990,2,7,3,0,22.51,0.0,43.31,4.3,3.0,0.0,0.0,0,1,24.444444,2
991,2,8,3,0,22.53,0.0,41.06,7.3,25.32,0.0,65.9488,0,1,24.444444,2
992,2,9,3,0,22.5,0.0,39.33,5.3,2.28,0.0,216.223,0,1,24.444444,2
993,2,10,3,0,22.5,0.0,37.43,5.1,9.6,0.0,366.779,0,1,24.444444,2
994,2,11,3,0,22.52,0.0,36.06,4.7,9.6,0.0,484.485,0,1,24.444444,2
995,2,12,3,0,22.55,0.0,35.15,4.1,6.84,0.0,598.949,0,1,24.444444,2
996,2,13,3,0,22.63,0.0,34.55,7.0,2.64,0.05,616.212,0,1,24.444444,2
997,2,14,3,0,22.62,0.0,34.52,4.3,0.96,0.0,589.37,0,1,24.444444,2
998,2,15,3,0,22.76,0.0,34.24,9.7,2.04,0.47,503.221,0,1,24.444444,2
999,2,16,3,0,22.67,0.0,34.37,3.8,2.4,0.05,364.104,0,1,24.444444,2
1000,2,17,3,0,22.62,0.0,34.17,3.9,2.4,0.0,198.954,0,1,24.444444,2
1001,2,18,3,0,22.56,0.0,34.29,4.3,3.72,0.0,44.2444,0,1,24.444444,2
1002,2,19,3,0,22.54,0.0,34.66,6.2,8.64,0.0,0.0,0,1,24.444444,2
1003,2,20,3,0,22.54,0.0,34.98,6.9,7.32,0.0,0.0,0,1,24.444444,2
1004,2,21,3,0,22.52,0.0,35.27,5.4,11.76,0.0,0.0,0,1,24.444444,2
1005,2,22,3,0,22.64,0.0,35.39,13.3,7.44,0.06,0.0,0,1,24.444444,2
1006,2,23,3,0,22.55,0.0,35.68,7.5,5.64,0.0,0.0,0,1,24.444444,2
1007,2,24,3,0,22.51,0.0,35.33,8.0,1.44,0.0,0.0,0,1,24.444444,2
1008,2,1,4,0,22.52,0.0,34.7,10.0,0.6,0.0,0.0,0,1,24.444444,2
1009,2,2,4,0,22.5,0.0,34.55,7.6,1.08,0.0,0.0,0,1,24.444444,2
1010,2,3,4,0,22.5,0.0,34.67,8.4,0.48,0.0,0.0,0,1,24.444444,2
1011,2,4,4,0,22.48,0.0,34.52,3.8,0.12,0.0,0.0,0,1,24.444444,2
1012,2,5,4,0,22.48,0.0,34.3,4.0,1.44,0.0,0.0,0,1,24.444444,2
1013,2,6,4,0,22.48,0.0,34.12,5.3,5.04,0.0,0.0,0,1,24.444444,2
1014,2,7,4,0,22.48,0.0,34.12,6.0,6.0,0.0,0.0,0,1,24.444444,2
1015,2,8,4,0,22.48,0.0,34.24,8.3,8.16,0.0,68.2188,0,1,24.444444,2
1016,2,9,4,0,22.49,0.0,33.79,9.5,4.44,0.0,207.801,0,1,24.444444,2
1017,2,10,4,0,22.51,0.0,32.96,9.7,1.8,0.0,362.398,0,1,24.444444,2
1018,2,11,4,0,22.5,0.0,32.53,5.8,3.72,0.0,482.693,0,1,24.444444,2
1019,2,12,4,0,22.58,0.0,32.07,10.4,7.56,0.0,566.591,0,1,24.444444,2
1020,2,13,4,0,22.6,0.0,31.74,7.2,5.04,0.0,620.047,0,1,24.444444,2
1021,2,14,4,0,22.62,0.0,31.45,8.2,4.92,0.02,596.92,0,1,24.444444,2
1022,2,15,4,0,22.69,0.0,31.13,9.9,2.76,0.19,517.93,0,1,24.444444,2
1023,2,16,4,0,22.71,0.0,30.96,8.8,2.76,0.19,369.474,0,1,24.444444,2
1024,2,17,4,0,22.67,0.0,30.86,7.8,2.28,0.04,214.402,0,1,24.444444,2
1025,2,18,4,0,22.62,0.0,30.71,9.0,1.2,0.0,46.4017,0,1,24.444444,2
1026,2,19,4,0,22.57,0.0,30.84,8.8,4.44,0.0,0.0,0,1,24.444444,2
1027,2,20,4,0,22.54,0.0,31.08,9.0,4.56,0.0,0.0,0,1,24.444444,2
1028,2,21,4,0,22.52,0.0,31.05,8.8,3.72,0.0,0.0,0,1,24.444444,2
1029,2,22,4,0,22.53,0.0,30.93,10.3,6.84,0.0,0.0,0,1,24.444444,2
1030,2,23,4,0,22.52,0.0,30.65,10.7,3.96,0.0,0.0,0,1,24.444444,2
1031,2,24,4,0,22.51,0.0,30.22,11.0,2.16,0.0,0.0,0,1,24.444444,2
1032,2,1,5,0,22.5,0.0,29.9,9.9,1.32,0.0,0.0,0,1,24.444444,2
1033,2,2,5,0,22.48,0.0,29.81,3.9,0.12,0.0,0.0,0,1,24.444444,2
1034,2,3,5,0,22.48,0.0,29.74,5.5,0.72,0.0,0.0,0,1,24.444444,2
1035,2,4,5,0,22.48,0.0,29.67,4.3,0.24,0.0,0.0,0,1,24.444444,2
1036,2,5,5,0,22.48,0.0,29.56,3.5,0.48,0.0,0.0,0,1,24.444444,2
1037,2,6,5,0,22.48,0.0,29.34,4.9,0.96,0.0,0.0,0,1,24.444444,2
1038,2,7,5,0,22.48,0.0,29.17,10.3,3.48,0.0,0.0,0,1,24.444444,2
1039,2,8,5,0,22.48,0.0,29.05,6.1,18.12,0.0,76.5185,0,1,24.444444,2
1040,2,9,5,0,22.48,0.0,28.73,4.3,15.0,0.0,251.6,0,1,24.444444,2
1041,2,10,5,0,22.49,0.0,28.29,5.1,1.44,0.0,467.655,0,1,24.444444,2
1042,2,11,5,0,22.55,0.0,27.92,5.6,10.08,0.0,610.734,0,1,24.444444,2
1043,2,12,5,0,22.74,0.0,27.67,8.1,7.68,0.2,717.732,0,1,24.444444,2
1044,2,13,5,0,22.93,0.0,27.44,8.1,2.88,0.96,697.669,0,1,24.444444,2
1045,2,14,5,0,23.2,0.0,27.09,9.6,2.4,2.29,730.879,0,1,24.444444,2
1046,2,15,5,0,23.47,0.0,26.98,10.0,3.84,5.61,618.433,0,1,24.444444,2
1047,2,16,5,0,23.54,0.0,27.11,9.4,1.08,7.96,519.584,0,1,24.444444,2
1048,2,17,5,0,23.54,0.0,27.38,7.5,2.28,6.56,310.713,0,1,24.444444,2
1049,2,18,5,0,23.45,0.0,27.88,8.7,3.36,4.4,114.293,0,1,24.444444,2
1050,2,19,5,0,23.34,0.0,28.32,9.3,6.12,2.23,0.0,0,1,24.444444,2
1051,2,20,5,0,23.32,0.0,28.64,10.5,5.88,2.16,0.0,0,1,24.444444,2
1052,2,21,5,0,23.23,0.0,28.98,9.7,2.88,1.17,0.0,0,1,24.444444,2
1053,2,22,5,0,23.14,0.0,29.3,10.6,2.52,1.07,0.0,0,1,24.444444,2
1054,2,23,5,0,23.19,0.0,29.77,14.8,4.56,1.63,0.0,0,1,24.444444,2
1055,2,24,5,0,22.85,0.0,31.05,7.0,1.08,0.03,0.0,0,1,24.444444,2
1056,2,1,6,0,22.63,0.0,32.03,4.8,0.6,0.0,0.0,0,1,24.444444,2
1057,2,2,6,0,22.55,0.0,32.3,3.7,0.84,0.0,0.0,0,1,24.444444,2
1058,2,3,6,0,22.52,0.0,32.24,4.0,0.48,0.0,0.0,0,1,24.444444,2
1059,2,4,6,0,22.5,0.0,32.1,4.8,0.0,0.0,0.0,0,1,24.444444,2
1060,2,5,6,0,22.48,0.0,31.92,4.2,4.8,0.0,0.0,0,1,24.444444,2
1061,2,6,6,0,22.48,0.0,31.55,3.3,3.12,0.0,0.0,0,1,24.444444,2
1062,2,7,6,0,22.48,0.0,31.56,3.9,7.68,0.0,0.0,0,1,24.444444,2
1063,2,8,6,0,22.6,0.0,31.82,5.4,18.36,0.0,89.4961,0,1,24.444444,2
1064,2,9,6,0,22.88,0.0,32.35,4.1,3.48,0.87,347.082,0,1,24.444444,2
1065,2,10,6,0,23.08,0.0,33.39,5.5,5.28,2.3,580.475,0,1,24.444444,2
1066,2,11,6,0,23.16,0.0,34.68,5.9,2.52,3.14,754.31,0,1,24.444444,2
1067,2,12,6,0,23.21,0.0,36.01,4.5,5.04,3.37,795.906,0,1,24.444444,2
1068,2,13,6,0,23.35,0.0,37.23,5.4,14.4,5.14,815.6,0,1,24.444444,2
1069,2,14,6,0,23.5,0.0,38.3,5.5,5.88,7.11,785.183,0,1,24.444444,2
1070,2,15,6,0,23.74,0.0,38.56,10.8,2.4,13.95,681.934,0,1,24.444444,2
1071,2,16,6,0,23.7,0.0,39.02,4.8,3.0,10.38,519.223,0,1,24.444444,2
1072,2,17,6,0,23.75,0.0,39.57,9.0,2.16,13.32,288.991,0,1,24.444444,2
1073,2,18,6,0,23.63,0.0,41.31,4.0,4.8,6.47,101.08,0,1,24.444444,2
1074,2,19,6,0,23.71,0.0,42.59,10.6,6.72,9.11,0.0,0,1,24.444444,2
1075,2,20,6,0,23.72,0.0,43.94,10.2,3.48,8.09,0.0,0,1,24.444444,2
1076,2,21,6,0,23.62,0.0,45.93,7.7,2.4,5.5,0.0,0,1,24.444444,2
1077,2,22,6,0,23.58,0.0,47.94,7.7,1.8,5.07,0.0,0,1,24.444444,2
1078,2,23,6,0,23.54,0.0,50.48,7.5,3.48,4.32,0.0,0,1,24.444444,2
1079,2,24,6,0,23.44,0.0,53.36,5.7,1.44,2.96,0.0,0,1,24.444444,2
1080,2,1,7,0,23.39,0.0,55.07,6.6,0.6,2.73,0.0,0,1,24.444444,2
1081,2,2,7,0,23.24,0.0,54.11,6.2,0.48,1.52,0.0,0,1,24.444444,2
1082,2,3,7,0,22.92,0.0,49.96,3.3,0.12,0.25,0.0,0,1,24.444444,2
1083,2,4,7,0,22.78,0.0,45.35,3.3,0.48,0.02,0.0,0,1,24.444444,2
1084,2,5,7,0,22.69,0.0,41.93,3.5,0.0,0.0,0.0,0,1,24.444444,2
1085,2,6,7,0,22.65,0.0,39.58,3.9,1.56,0.0,0.0,0,1,24.444444,2
1086,2,7,7,0,22.67,0.0,38.17,6.0,0.84,0.0,0.0,0,1,24.444444,2
1087,2,8,7,0,23.01,0.0,36.66,4.0,8.64,1.09,92.2409,0,1,24.444444,2
1088,2,9,7,0,23.18,0.0,35.09,3.4,11.16,2.89,374.918,0,1,24.444444,2
1089,2,10,7,0,23.21,0.0,32.82,3.9,15.0,2.95,601.124,0,1,24.444444,2
1090,2,11,7,0,23.17,0.0,31.4,4.1,11.04,2.9,759.045,0,1,24.444444,2
1091,2,12,7,0,23.2,0.0,29.93,5.0,16.32,3.56,833.333,0,1,24.444444,2
1092,2,13,7,0,23.28,0.0,28.49,4.4,12.24,4.73,833.333,0,1,24.444444,2
1093,2,14,7,0,23.64,0.0,26.83,12.9,2.88,11.36,833.333,0,1,24.444444,2
1094,2,15,7,0,23.66,0.0,25.66,6.0,6.0,11.25,766.719,0,1,24.444444,2
1095,2,16,7,0,23.69,0.0,24.21,4.7,15.24,13.86,638.422,0,1,24.444444,2
1096,2,17,7,0,23.68,0.0,23.26,4.5,11.64,14.94,405.374,0,1,24.444444,2
1097,2,18,7,0,23.63,0.0,22.89,4.9,22.68,9.3,170.833,0,1,24.444444,2
1098,2,19,7,0,23.55,0.0,22.79,7.0,12.72,4.48,0.0,0,1,24.444444,2
1099,2,20,7,0,23.48,0.0,23.17,7.7,5.16,3.37,0.0,0,1,24.444444,2
1100,2,21,7,0,23.3,0.0,23.95,3.9,22.32,1.14,0.0,0,1,24.444444,2
1101,2,22,7,0,23.22,0.0,25.47,6.0,0.96,1.15,0.0,0,1,24.444444,2
1102,2,23,7,0,23.17,0.0,28.48,8.6,1.56,1.17,0.0,0,1,24.444444,2
1103,2,24,7,0,23.01,0.0,31.79,7.0,1.92,0.54,0.0,0,1,24.444444,2
1104,2,1,1,0,22.81,0.0,34.53,4.7,0.72,0.08,0.0,0,1,24.444444,2
1105,2,2,1,0,22.72,0.0,36.15,5.2,1.08,0.02,0.0,0,1,24.444444,2
1106,2,3,1,0,22.65,0.0,36.96,4.9,4.56,0.0,0.0,0,1,24.444444,2
1107,2,4,1,0,22.58,0.0,37.33,3.9,0.72,0.0,0.0,0,1,24.444444,2
1108,2,5,1,0,22.54,0.0,37.53,3.4,0.48,0.0,0.0,0,1,24.444444,2
1109,2,6,1,0,22.52,0.0,37.64,3.7,2.16,0.0,0.0,0,1,24.444444,2
1110,2,7,1,0,22.52,0.0,37.84,4.3,1.68,0.0,0.0,0,1,24.444444,2
1111,2,8,1,0,22.84,0.0,37.67,3.7,6.6,0.59,93.0818,0,1,24.444444,2
1112,2,9,1,0,23.15,0.0,37.78,3.8,8.04,3.8,360.92,0,1,24.444444,2
1113,2,10,1,0,23.35,0.0,38.23,6.0,15.72,6.8,563.231,0,1,24.444444,2
1114,2,11,1,0,23.5,0.0,38.95,5.0,10.44,6.77,696.343,0,1,24.444444,2
1115,2,12,1,0,23.56,0.0,40.46,3.5,15.84,7.57,775.806,0,1,24.444444,2
1116,2,13,1,0,23.69,0.0,41.53,5.4,4.56,11.04,814.967,0,1,24.444444,2
1117,2,14,1,0,23.79,0.0,41.97,5.9,9.48,13.38,757.228,0,1,24.444444,2
1118,2,15,1,0,23.83,0.0,42.41,4.2,4.2,15.12,640.557,0,1,24.444444,2
1119,2,16,1,0,23.89,0.0,42.85,4.0,9.12,15.75,453.763,0,1,24.444444,2
1120,2,17,1,0,23.92,0.0,43.18,5.8,11.28,15.54,241.947,0,1,24.444444,2
1121,2,18,1,0,23.88,0.0,43.77,4.4,12.12,11.01,51.4444,0,1,24.444444,2
1122,2,19,1,0,23.82,0.0,44.76,4.2,5.04,8.99,0.0,0,1,24.444444,2
1123,2,20,1,0,23.85,0.0,45.62,6.6,6.24,9.78,0.0,0,1,24.444444,2
1124,2,21,1,0,23.83,0.0,46.78,7.1,4.56,8.36,0.0,0,1,24.444444,2
1125,2,22,1,0,23.64,0.0,48.92,4.8,5.88,4.66,0.0,0,1,24.444444,2
1126,2,23,1,0,23.65,0.0,50.17,8.3,2.64,5.9,0.0,0,1,24.444444,2
1127,2,24,1,0,23.53,0.0,51.55,6.2,0.72,3.36,0.0,0,1,24.444444,2
1128,2,1,8,0,23.4,0.0,53.12,5.4,0.6,2.55,0.0,0,1,24.444444,2
1129,2,2,8,0,23.29,0.0,54.77,4.2,0.6,1.84,0.0,0,1,24.444444,2
1130,2,3,8,0,23.23,0.0,56.32,4.0,0.72,1.66,0.0,0,1,24.444444,2
1131,2,4,8,0,23.17,0.0,58.26,3.6,0.48,1.32,0.0,0,1,24.444444,2
1132,2,5,8,0,23.21,0.0,59.49,6.1,0.6,2.18,0.0,0,1,24.444444,2
1133,2,6,8,0,23.09,0.0,61.37,3.5,3.24,1.04,0.0,0,1,24.444444,2
1134,2,7,8,0,23.11,0.0,62.27,4.3,8.76,1.59,0.0,0,1,24.444444,2
1135,2,8,8,0,23.34,0.0,61.9,3.6,13.8,2.84,75.3544,0,1,24.444444,2
1136,2,9,8,0,23.52,0.0,60.93,4.4,11.76,7.02,263.995,0,1,24.444444,2
1137,2,10,8,0,23.66,0.0,59.54,4.5,11.04,11.22,455.759,0,1,24.444444,2
1138,2,11,8,0,23.75,0.0,57.84,5.4,3.48,15.12,613.372,0,1,24.444444,2
1139,2,12,8,0,23.8,0.0,56.59,3.6,1.92,14.81,706.569,0,1,24.444444,2
1140,2,13,8,0,23.86,0.0,55.23,3.8,1.2,17.13,738.243,0,1,24.444444,2
1141,2,14,8,0,23.93,0.0,53.46,4.8,1.8,20.67,693.901,0,1,24.444444,2
1142,2,15,8,0,24.05,0.0,50.44,11.5,7.92,33.09,638.76,0,1,24.444444,2
1143,2,16,8,0,24.05,0.0,48.41,4.8,2.04,25.84,488.892,0,1,24.444444,2
1144,2,17,8,0,24.05,0.0,47.95,4.6,8.04,23.33,284.414,0,1,24.444444,2
1145,2,18,8,0,24.04,0.0,48.39,4.1,5.64,18.37,89.7966,0,1,24.444444,2
1146,2,19,8,0,24.05,0.0,50.08,4.5,5.52,14.69,0.0,0,1,24.444444,2
1147,2,20,8,0,24.07,0.0,51.09,11.4,4.2,22.18,0.0,0,1,24.444444,2
1148,2,21,8,0,24.07,0.0,51.87,8.7,19.68,16.12,0.0,0,1,24.444444,2
1149,2,22,8,0,24.02,0.0,53.38,6.3,4.32,10.66,0.0,0,1,24.444444,2
1150,2,23,8,0,24.03,0.0,54.37,10.1,1.68,12.64,0.0,0,1,24.444444,2
1151,2,24,8,0,23.88,0.0,56.2,6.1,2.16,7.03,0.0,0,1,24.444444,2
1152,2,1,3,0,23.7,0.0,58.65,4.6,0.72,4.79,0.0,0,1,24.444444,2
1153,2,2,3,0,23.55,0.0,61.19,3.5,0.48,3.81,0.0,0,1,24.444444,2
1154,2,3,3,0,23.49,0.0,63.24,3.5,0.12,3.55,0.0,0,1,24.444444,2
1155,2,4,3,0,23.45,0.0,64.87,4.1,0.36,3.49,0.0,0,1,24.444444,2
1156,2,5,3,0,23.43,0.0,66.31,4.9,1.2,3.55,0.0,0,1,24.444444,2
1157,2,6,3,0,23.39,0.0,67.28,5.5,0.6,3.32,0.0,0,1,24.444444,2
1158,2,7,3,0,23.29,0.0,68.38,3.5,4.92,2.29,0.0,0,1,24.444444,2
1159,2,8,3,0,23.43,0.0,68.13,5.7,24.96,4.4,67.5743,0,1,24.444444,2
1160,2,9,3,0,23.55,0.0,67.15,5.2,5.88,6.45,220.139,0,1,24.444444,2
1161,2,10,3,0,23.62,0.0,65.93,5.0,9.36,8.97,357.974,0,1,24.444444,2
1162,2,11,3,0,23.71,0.0,64.01,5.3,4.92,12.15,537.541,0,1,24.444444,2
1163,2,12,3,0,23.75,0.0,62.53,3.8,7.32,14.09,676.038,0,1,24.444444,2
1164,2,13,3,0,23.89,0.0,60.3,6.3,4.2,20.37,755.662,0,1,24.444444,2
1165,2,14,3,0,23.95,0.0,57.71,4.5,1.08,21.92,767.9,0,1,24.444444,2
1166,2,15,3,0,24.05,0.0,53.63,10.4,1.8,33.1,659.177,0,1,24.444444,2
1167,2,16,3,0,24.04,0.0,51.3,3.6,0.96,23.44,476.08,0,1,24.444444,2
1168,2,17,3,0,24.03,0.0,51.37,3.4,1.08,20.22,274.617,0,1,24.444444,2
1169,2,18,3,0,24.02,0.0,52.49,3.6,4.32,15.3,69.8876,0,1,24.444444,2
1170,2,19,3,0,24.04,0.0,54.04,6.1,17.04,14.9,0.0,0,1,24.444444,2
1171,2,20,3,0,23.98,0.0,55.81,4.2,5.64,11.06,0.0,0,1,24.444444,2
1172,2,21,3,0,24.01,0.0,57.28,7.5,8.28,12.99,0.0,0,1,24.444444,2
1173,2,22,3,0,24.01,0.0,58.53,8.2,4.92,12.6,0.0,0,1,24.444444,2
1174,2,23,3,0,23.99,0.0,59.93,8.5,2.4,11.8,0.0,0,1,24.444444,2
1175,2,24,3,0,23.96,0.0,61.52,8.0,1.08,10.19,0.0,0,1,24.444444,2
1176,2,1,4,0,23.92,0.0,63.34,7.7,0.0,9.43,0.0,0,1,24.444444,2
1177,2,2,4,0,23.73,0.0,66.25,3.8,0.36,5.38,0.0,0,1,24.444444,2
1178,2,3,4,0,23.67,0.0,68.16,4.5,0.6,5.63,0.0,0,1,24.444444,2
1179,2,4,4,0,23.68,0.0,68.67,6.4,0.12,6.79,0.0,0,1,24.444444,2
1180,2,5,4,0,23.55,0.0,69.84,4.0,0.24,3.81,0.0,0,1,24.444444,2
1181,2,6,4,0,23.6,0.0,69.79,7.1,3.12,5.74,0.0,0,1,24.444444,2
1182,2,7,4,0,23.54,0.0,69.92,5.3,3.96,4.38,0.0,0,1,24.444444,2
1183,2,8,4,0,23.7,0.0,68.16,8.1,12.36,11.19,81.8821,0,1,24.444444,2
1184,2,9,4,0,23.79,0.0,65.73,8.7,2.16,17.04,255.631,0,1,24.444444,2
1185,2,10,4,0,23.88,0.0,62.74,8.6,1.56,21.34,441.1,0,1,24.444444,2
1186,2,11,4,0,23.98,0.0,58.99,8.7,4.2,22.95,583.446,0,1,24.444444,2
1187,2,12,4,0,24.03,0.0,56.82,8.1,10.2,23.89,708.697,0,1,24.444444,2
1188,2,13,4,0,24.07,0.0,55.24,10.0,1.44,29.68,748.01,0,1,24.444444,2
1189,2,14,4,0,24.07,0.0,53.21,8.8,3.36,31.12,735.545,0,1,24.444444,2
1190,2,15,4,0,24.07,0.0,51.76,9.7,1.68,37.0,696.139,0,1,24.444444,2
1191,2,16,4,0,24.07,0.0,50.68,9.1,6.72,37.14,539.144,0,1,24.444444,2
1192,2,17,4,0,24.07,0.0,50.5,8.1,2.64,33.21,337.991,0,1,24.444444,2
1193,2,18,4,0,24.07,0.0,50.88,8.3,3.36,27.92,112.771,0,1,24.444444,2
1194,2,19,4,0,24.07,0.0,51.91,8.9,4.92,23.11,0.0,0,1,24.444444,2
1195,2,20,4,0,24.07,0.0,53.08,10.3,5.4,22.81,0.0,0,1,24.444444,2
1196,2,21,4,0,24.07,0.0,55.15,8.2,13.44,17.55,0.0,0,1,24.444444,2
1197,2,22,4,0,24.07,0.0,56.73,11.5,8.04,20.77,0.0,0,1,24.444444,2
1198,2,23,4,0,24.07,0.0,57.32,12.7,1.44,20.86,0.0,0,1,24.444444,2
1199,2,24,4,0,24.02,0.0,59.32,6.7,0.48,10.93,0.0,0,1,24.444444,2
1200,2,1,5,0,24.05,0.0,60.86,11.3,0.6,16.11,0.0,0,1,24.444444,2
1201,2,2,5,0,23.92,0.0,62.9,5.7,0.6,8.17,0.0,0,1,24.444444,2
1202,2,3,5,0,23.76,0.0,66.25,4.1,0.48,5.92,0.0,0,1,24.444444,2
1203,2,4,5,0,23.67,0.0,68.82,3.9,0.0,5.54,0.0,0,1,24.444444,2
1204,2,5,5,0,23.62,0.0,70.55,3.9,0.96,5.07,0.0,0,1,24.444444,2
1205,2,6,5,0,23.63,0.0,71.35,5.6,3.24,6.11,0.0,0,1,24.444444,2
1206,2,7,5,0,23.84,0.0,69.29,11.9,3.48,13.84,0.0,0,1,24.444444,2
1207,2,8,5,0,23.79,0.0,67.79,5.0,17.4,9.58,84.1887,0,1,24.444444,2
1208,2,9,5,0,23.77,0.0,67.05,5.1,25.2,15.38,272.518,0,1,24.444444,2
1209,2,10,5,0,23.85,0.0,65.01,6.3,2.88,22.97,513.206,0,1,24.444444,2
1210,2,11,5,0,23.95,0.0,63.12,6.0,7.08,25.32,728.024,0,1,24.444444,2
1211,2,12,5,0,24.05,0.01,61.59,8.2,2.64,30.52,833.333,0,1,24.444444,2
1212,2,13,5,0,24.1,0.03,59.73,7.3,1.44,31.16,833.333,0,1,24.444444,2
1213,2,14,5,0,24.12,0.05,57.39,9.3,0.96,37.23,792.737,0,1,24.444444,2
1214,2,15,5,0,24.13,0.06,55.56,10.9,2.28,41.9,657.421,0,1,24.444444,2
1215,2,16,5,0,24.09,0.02,55.22,8.9,2.76,38.64,497.477,0,1,24.444444,2
1216,2,17,5,0,24.07,0.0,55.44,7.6,4.44,33.42,283.766,0,1,24.444444,2
1217,2,18,5,0,24.07,0.0,56.07,9.2,6.84,30.64,81.0278,0,1,24.444444,2
1218,2,19,5,0,24.07,0.0,57.26,9.9,12.24,28.12,0.0,0,1,24.444444,2
1219,2,20,5,0,24.07,0.0,58.62,8.9,4.92,24.87,0.0,0,1,24.444444,2
1220,2,21,5,0,24.07,0.0,60.09,8.8,5.4,22.85,0.0,0,1,24.444444,2
1221,2,22,5,0,24.07,0.0,60.98,10.3,6.24,24.02,0.0,0,1,24.444444,2
1222,2,23,5,0,24.07,0.0,60.78,14.0,2.76,29.13,0.0,0,1,24.444444,2
1223,2,24,5,0,24.07,0.0,62.54,6.8,1.2,16.0,0.0,0,1,24.444444,2
1224,2,1,6,0,24.01,0.0,64.78,5.0,0.84,11.45,0.0,0,1,24.444444,2
1225,2,2,6,0,23.77,0.0,64.46,3.7,0.96,5.54,0.0,0,1,24.444444,2
1226,2,3,6,0,23.51,0.0,62.4,5.1,2.4,3.33,0.0,0,1,24.444444,2
1227,2,4,6,0,23.26,0.0,57.7,4.4,0.36,1.79,0.0,0,1,24.444444,2
1228,2,5,6,0,23.09,0.0,53.15,3.4,0.96,0.98,0.0,0,1,24.444444,2
1229,2,6,6,0,23.02,0.0,47.92,4.7,2.28,0.89,0.0,0,1,24.444444,2
1230,2,7,6,0,23.01,0.0,43.34,4.1,3.12,0.62,0.0,0,1,24.444444,2
1231,2,8,6,0,23.32,0.0,38.86,5.3,18.24,2.42,90.9822,0,1,24.444444,2
1232,2,9,6,0,23.38,0.0,36.03,4.4,6.6,3.32,319.53,0,1,24.444444,2
1233,2,10,6,0,23.53,0.0,33.3,8.0,8.52,5.53,511.875,0,1,24.444444,2
1234,2,11,6,0,23.57,0.0,31.47,4.5,3.0,4.81,682.152,0,1,24.444444,2
1235,2,12,6,0,23.58,0.0,29.79,4.9,3.84,5.74,750.383,0,1,24.444444,2
1236,2,13,6,0,23.68,0.0,27.7,7.5,11.76,8.75,766.367,0,1,24.444444,2
1237,2,14,6,0,23.68,0.0,26.48,3.4,5.76,8.95,725.266,0,1,24.444444,2
1238,2,15,6,0,23.93,0.0,24.96,11.1,2.04,17.37,664.575,0,1,24.444444,2
1239,2,16,6,0,23.85,0.0,23.94,4.6,6.0,13.02,507.04,0,1,24.444444,2
1240,2,17,6,0,23.87,0.0,23.14,8.2,2.04,14.27,285.323,0,1,24.444444,2
1241,2,18,6,0,23.75,0.0,23.18,3.9,1.8,7.8,92.2402,0,1,24.444444,2
1242,2,19,6,0,23.83,0.0,23.28,9.6,6.96,9.03,0.0,0,1,24.444444,2
1243,2,20,6,0,23.92,0.0,23.35,13.0,1.92,10.29,0.0,0,1,24.444444,2
1244,2,21,6,0,23.75,0.0,24.1,7.5,8.52,4.78,0.0,0,1,24.444444,2
1245,2,22,6,0,23.59,0.0,25.37,6.9,2.52,3.34,0.0,0,1,24.444444,2
1246,2,23,6,0,23.31,0.0,27.27,6.2,1.8,1.34,0.0,0,1,24.444444,2
1247,2,24,6,0,23.08,0.0,29.2,5.3,0.72,0.8,0.0,0,1,24.444444,2
1248,2,1,7,0,22.98,0.0,30.89,4.6,0.48,0.52,0.0,0,1,24.444444,2
1249,2,2,7,0,22.85,0.0,32.86,3.5,0.6,0.14,0.0,0,1,24.444444,2
1250,2,3,7,0,22.76,0.0,34.92,3.3,1.2,0.01,0.0,0,1,24.444444,2
1251,2,4,7,0,22.69,0.0,36.49,3.8,0.72,0.0,0.0,0,1,24.444444,2
1252,2,5,7,0,22.66,0.0,37.25,3.6,0.36,0.0,0.0,0,1,24.444444,2
1253,2,6,7,0,22.65,0.0,37.49,3.5,0.72,0.0,0.0,0,1,24.444444,2
1254,2,7,7,0,22.65,0.0,38.3,3.9,3.12,0.0,0.0,0,1,24.444444,2
1255,2,8,7,0,22.81,0.0,38.65,4.3,9.12,0.05,90.1713,0,1,24.444444,2
1256,2,9,7,0,23.16,0.0,37.47,5.0,13.92,1.57,300.231,0,1,24.444444,2
1257,2,10,7,0,23.32,0.0,35.63,4.1,10.8,3.54,502.468,0,1,24.444444,2
1258,2,11,7,0,23.42,0.0,33.89,4.1,12.6,4.17,649.821,0,1,24.444444,2
1259,2,12,7,0,23.51,0.0,32.49,4.1,1.92,5.53,737.711,0,1,24.444444,2
1260,2,13,7,0,23.62,0.0,31.76,4.9,4.32,7.54,751.797,0,1,24.444444,2
1261,2,14,7,0,23.74,0.0,30.89,6.6,8.76,11.46,718.278,0,1,24.444444,2
1262,2,15,7,0,23.82,0.0,30.28,4.6,6.72,13.22,662.36,0,1,24.444444,2
1263,2,16,7,0,23.84,0.0,29.8,4.4,22.92,13.88,501.639,0,1,24.444444,2
1264,2,17,7,0,23.8,0.0,29.94,4.4,4.08,11.56,282.258,0,1,24.444444,2
1265,2,18,7,0,23.79,0.0,30.83,5.9,21.12,9.4,79.6241,0,1,24.444444,2
1266,2,19,7,0,23.76,0.0,32.3,6.4,17.04,7.47,0.0,0,1,24.444444,2
1267,2,20,7,0,23.89,0.0,33.67,12.2,1.56,10.44,0.0,0,1,24.444444,2
1268,2,21,7,0,23.69,0.0,36.77,5.5,2.76,4.47,0.0,0,1,24.444444,2
1269,2,22,7,0,23.56,0.0,39.97,5.8,2.28,3.78,0.0,0,1,24.444444,2
1270,2,23,7,0,23.48,0.0,42.66,5.4,2.4,3.0,0.0,0,1,24.444444,2
1271,2,24,7,0,23.62,0.0,44.44,10.7,0.84,6.07,0.0,0,1,24.444444,2
1272,2,1,1,0,23.39,0.0,46.99,4.6,0.6,2.18,0.0,0,1,24.444444,2
1273,2,2,1,0,23.28,0.0,50.07,3.8,0.84,1.83,0.0,0,1,24.444444,2
1274,2,3,1,0,23.25,0.0,53.19,3.9,0.84,1.83,0.0,0,1,24.444444,2
1275,2,4,1,0,23.21,0.0,56.31,4.1,1.08,1.69,0.0,0,1,24.444444,2
1276,2,5,1,0,23.17,0.0,59.23,3.9,0.72,1.65,0.0,0,1,24.444444,2
1277,2,6,1,0,23.13,0.0,61.78,3.4,1.08,1.45,0.0,0,1,24.444444,2
1278,2,7,1,0,23.09,0.0,64.33,3.6,1.2,1.35,0.0,0,1,24.444444,2
1279,2,8,1,0,23.11,0.0,64.74,3.9,4.8,1.39,69.4444,0,1,24.444444,2
1280,2,9,1,0,23.15,0.0,64.08,3.9,11.52,1.8,186.081,0,1,24.444444,2
1281,2,10,1,0,23.34,0.0,63.18,4.4,11.64,3.34,326.215,0,1,24.444444,2
1282,2,11,1,0,23.49,0.0,62.8,3.8,15.0,5.73,423.364,0,1,24.444444,2
1283,2,12,1,0,23.56,0.0,62.37,5.4,14.64,7.44,507.677,0,1,24.444444,2
1284,2,13,1,0,23.56,0.0,61.95,5.2,2.04,7.37,514.415,0,1,24.444444,2
1285,2,14,1,0,23.62,0.0,61.12,5.7,3.84,9.55,471.198,0,1,24.444444,2
1286,2,15,1,0,23.89,0.0,58.6,12.9,5.76,19.39,430.779,0,1,24.444444,2
1287,2,16,1,0,23.82,0.0,58.19,4.5,5.16,12.0,345.062,0,1,24.444444,2
1288,2,17,1,0,23.76,0.0,58.73,4.2,15.96,9.28,186.254,0,1,24.444444,2
1289,2,18,1,0,23.73,0.0,59.56,4.9,11.16,8.13,37.3379,0,1,24.444444,2
1290,2,19,1,0,23.67,0.0,60.85,4.4,6.96,6.91,0.0,0,1,24.444444,2
1291,2,20,1,0,23.73,0.0,61.67,7.6,10.08,8.96,0.0,0,1,24.444444,2
1292,2,21,1,0,23.76,0.0,61.88,8.2,13.44,8.92,0.0,0,1,24.444444,2
1293,2,22,1,0,23.63,0.0,63.24,5.1,2.52,5.48,0.0,0,1,24.444444,2
1294,2,23,1,0,23.61,0.0,64.37,7.2,3.12,6.16,0.0,0,1,24.444444,2
1295,2,24,1,0,23.6,0.0,65.08,7.4,0.48,5.9,0.0,0,1,24.444444,2
1296,2,1,2,0,23.51,0.0,66.33,5.0,0.36,3.87,0.0,0,1,24.444444,2
1297,2,2,2,0,23.51,0.0,67.34,6.2,0.24,4.57,0.0,0,1,24.444444,2
1298,2,3,2,0,23.36,0.0,68.62,3.5,0.0,2.58,0.0,0,1,24.444444,2
1299,2,4,2,0,23.3,0.0,69.52,3.9,0.12,2.46,0.0,0,1,24.444444,2
1300,2,5,2,0,23.23,0.0,69.97,3.2,0.12,1.77,0.0,0,1,24.444444,2
1301,2,6,2,0,23.27,0.0,69.66,6.0,0.84,2.91,0.0,0,1,24.444444,2
1302,2,7,2,0,23.19,0.0,69.6,3.5,12.96,1.69,0.0,0,1,24.444444,2
1303,2,8,2,0,23.25,0.0,68.98,4.3,6.48,2.41,76.2194,0,1,24.444444,2
1304,2,9,2,0,23.25,0.0,67.62,3.9,7.56,1.86,199.946,0,1,24.444444,2
1305,2,10,2,0,23.41,0.0,63.89,6.4,5.4,4.3,342.254,0,1,24.444444,2
1306,2,11,2,0,23.51,0.0,60.21,4.4,9.0,5.13,473.648,0,1,24.444444,2
1307,2,12,2,0,23.56,0.0,56.19,4.5,3.48,7.41,569.465,0,1,24.444444,2
1308,2,13,2,0,23.62,0.0,52.57,4.3,1.2,9.24,676.943,0,1,24.444444,2
1309,2,14,2,0,23.66,0.0,50.21,3.7,2.52,10.94,637.221,0,1,24.444444,2
1310,2,15,2,0,23.94,0.0,47.26,10.1,8.28,19.43,556.087,0,1,24.444444,2
1311,2,16,2,0,23.89,0.0,45.89,3.7,2.76,15.61,456.457,0,1,24.444444,2
1312,2,17,2,0,23.88,0.0,45.81,4.3,1.56,15.11,279.092,0,1,24.444444,2
1313,2,18,2,0,23.86,0.0,46.37,4.3,2.16,11.43,83.0142,0,1,24.444444,2
1314,2,19,2,0,23.81,0.0,47.84,4.5,5.88,8.97,0.0,0,1,24.444444,2
1315,2,20,2,0,23.9,0.0,48.48,8.6,5.16,11.53,0.0,0,1,24.444444,2
1316,2,21,2,0,23.91,0.0,49.28,8.6,17.04,10.24,0.0,0,1,24.444444,2
1317,2,22,2,0,23.91,0.0,50.14,9.8,2.16,9.93,0.0,0,1,24.444444,2
1318,2,23,2,0,23.85,0.0,51.08,9.1,1.68,7.88,0.0,0,1,24.444444,2
1319,2,24,2,0,23.65,0.0,53.01,5.8,0.72,4.44,0.0,0,1,24.444444,2
1320,2,1,3,0,23.57,0.0,54.25,6.9,0.12,4.11,0.0,0,1,24.444444,2
1321,2,2,3,0,23.31,0.0,55.62,3.9,0.6,1.69,0.0,0,1,24.444444,2
1322,2,3,3,0,23.21,0.0,56.24,4.5,0.48,1.63,0.0,0,1,24.444444,2
1323,2,4,3,0,23.12,0.0,57.1,3.0,0.24,1.12,0.0,0,1,24.444444,2
1324,2,5,3,0,23.16,0.0,58.07,5.3,0.24,1.7,0.0,0,1,24.444444,2
1325,2,6,3,0,23.12,0.0,59.38,5.1,1.92,1.52,0.0,0,1,24.444444,2
1326,2,7,3,0,23.12,0.0,60.48,4.7,4.44,1.63,0.0,0,1,24.444444,2
1327,2,8,3,0,23.19,0.0,61.01,4.4,23.28,2.13,77.2564,0,1,24.444444,2
1328,2,9,3,0,23.42,0.0,60.67,6.7,7.44,4.27,212.466,0,1,24.444444,2
1329,2,10,3,0,23.57,0.0,59.82,5.6,3.72,6.71,326.611,0,1,24.444444,2
1330,2,11,3,0,23.61,0.0,59.26,3.8,7.68,7.56,450.151,0,1,24.444444,2
1331,2,12,3,0,23.63,0.0,58.93,3.8,5.4,8.54,505.099,0,1,24.444444,2
1332,2,13,3,0,23.69,0.0,58.23,3.9,1.68,10.26,481.596,0,1,24.444444,2
1333,2,14,3,0,23.79,0.0,56.99,4.3,1.08,13.21,490.952,0,1,24.444444,2
1334,2,15,3,0,24.0,0.0,54.79,9.3,1.08,21.11,419.024,0,1,24.444444,2
1335,2,16,3,0,23.98,0.0,54.35,4.0,3.36,13.93,312.277,0,1,24.444444,2
1336,2,17,3,0,23.92,0.0,55.46,3.4,2.28,11.69,158.644,0,1,24.444444,2
1337,2,18,3,0,23.88,0.0,56.61,3.8,2.16,10.36,30.7834,0,1,24.444444,2
1338,2,19,3,0,23.94,0.0,57.11,6.1,13.32,11.97,0.0,0,1,24.444444,2
1339,2,20,3,0,23.94,0.0,57.81,6.1,5.88,11.3,0.0,0,1,24.444444,2
1340,2,21,3,0,23.89,0.0,59.19,5.3,5.88,9.38,0.0,0,1,24.444444,2
1341,2,22,3,0,24.0,0.0,59.04,10.8,8.16,14.88,0.0,0,1,24.444444,2
1342,2,23,3,0,23.93,0.0,60.31,7.1,2.52,9.25,0.0,0,1,24.444444,2
1343,2,24,3,0,23.98,0.0,61.32,10.9,1.32,13.08,0.0,0,1,24.444444,2
1344,2,1,4,0,23.97,0.0,61.73,10.2,0.48,11.36,0.0,0,1,24.444444,2
1345,2,2,4,0,23.77,0.0,63.57,5.7,0.48,5.62,0.0,0,1,24.444444,2
1346,2,3,4,0,23.73,0.0,63.83,8.9,0.0,6.54,0.0,0,1,24.444444,2
1347,2,4,4,0,23.36,0.0,64.2,4.0,0.48,1.95,0.0,0,1,24.444444,2
1348,2,5,4,0,23.21,0.0,63.59,4.9,0.36,1.7,0.0,0,1,24.444444,2
1349,2,6,4,0,23.0,0.0,62.54,3.8,3.12,0.69,0.0,0,1,24.444444,2
1350,2,7,4,0,22.89,0.0,59.75,4.5,6.96,0.5,0.0,0,1,24.444444,2
1351,2,8,4,0,23.02,0.0,55.72,8.0,13.2,0.99,80.922,0,1,24.444444,2
1352,2,9,4,0,23.11,0.0,51.51,9.9,2.88,1.29,213.025,0,1,24.444444,2
1353,2,10,4,0,23.08,0.0,47.73,9.3,2.28,0.93,326.536,0,1,24.444444,2
1354,2,11,4,0,23.22,0.0,43.86,12.8,8.16,2.08,458.609,0,1,24.444444,2
1355,2,12,4,0,23.07,0.0,41.32,8.4,6.12,0.76,557.329,0,1,24.444444,2
1356,2,13,4,0,23.06,0.0,38.91,7.7,4.08,1.13,673.589,0,1,24.444444,2
1357,2,14,4,0,23.26,0.0,36.97,9.6,2.16,2.27,681.183,0,1,24.444444,2
1358,2,15,4,0,23.48,0.0,35.06,13.8,4.56,5.81,614.439,0,1,24.444444,2
1359,2,16,4,0,23.45,0.0,33.81,9.3,1.92,4.61,514.623,0,1,24.444444,2
1360,2,17,4,0,23.35,0.0,33.2,7.6,3.24,3.22,303.787,0,1,24.444444,2
1361,2,18,4,0,23.22,0.0,32.7,8.9,6.84,1.93,93.4885,0,1,24.444444,2
1362,2,19,4,0,23.06,0.0,32.25,9.8,4.44,0.82,0.0,0,1,24.444444,2
1363,2,20,4,0,22.97,0.0,31.99,9.5,3.72,0.55,0.0,0,1,24.444444,2
1364,2,21,4,0,22.86,0.0,31.69,8.0,10.2,0.16,0.0,0,1,24.444444,2
1365,2,22,4,0,22.9,0.0,31.28,12.0,5.4,0.65,0.0,0,1,24.444444,2
1366,2,23,4,0,22.78,0.0,31.07,10.7,1.92,0.16,0.0,0,1,24.444444,2
1367,2,24,4,0,22.73,0.0,30.38,12.5,0.48,0.19,0.0,0,1,24.444444,2
1368,2,1,5,0,22.66,0.0,29.72,9.7,0.48,0.0,0.0,0,1,24.444444,2
1369,2,2,5,0,22.57,0.0,29.25,7.2,0.48,0.0,0.0,0,1,24.444444,2
1370,2,3,5,0,22.51,0.0,28.68,5.5,0.36,0.0,0.0,0,1,24.444444,2
1371,2,4,5,0,22.48,0.0,27.74,5.0,0.84,0.0,0.0,0,1,24.444444,2
1372,2,5,5,0,22.48,0.0,26.69,3.1,6.48,0.0,0.0,0,1,24.444444,2
1373,2,6,5,0,22.48,0.0,25.64,6.7,2.52,0.0,0.0,0,1,24.444444,2
1374,2,7,5,0,22.48,0.0,24.51,10.0,5.88,0.0,0.0,0,1,24.444444,2
1375,2,8,5,0,22.48,0.0,23.13,4.4,10.56,0.0,116.172,0,1,24.444444,2
1376,2,9,5,0,22.63,0.0,21.43,6.5,10.08,0.0,385.03,0,1,24.444444,2
1377,2,10,5,0,22.82,0.0,19.71,7.4,5.28,0.37,629.343,0,1,24.444444,2
1378,2,11,5,0,22.86,0.0,18.66,4.2,12.96,0.24,796.145,0,1,24.444444,2
1379,2,12,5,0,22.98,0.0,18.17,8.7,2.64,1.36,833.333,0,1,24.444444,2
1380,2,13,5,0,23.05,0.0,17.99,7.0,0.6,2.09,833.333,0,1,24.444444,2
1381,2,14,5,0,23.24,0.0,17.53,8.8,1.8,4.17,833.333,0,1,24.444444,2
1382,2,15,5,0,23.46,0.0,17.05,10.0,3.0,7.61,798.908,0,1,24.444444,2
1383,2,16,5,0,23.56,0.0,16.6,9.1,3.72,10.18,652.642,0,1,24.444444,2
1384,2,17,5,0,23.57,0.0,16.31,8.7,0.72,10.26,423.868,0,1,24.444444,2
1385,2,18,5,0,23.52,0.0,16.42,8.6,6.72,6.62,144.305,0,1,24.444444,2
1386,2,19,5,0,23.39,0.0,17.08,9.5,6.36,2.51,0.0,0,1,24.444444,2
1387,2,20,5,0,23.36,0.0,17.96,12.4,6.24,2.52,0.0,0,1,24.444444,2
1388,2,21,5,0,23.26,0.0,18.91,9.7,6.6,1.2,0.0,0,1,24.444444,2
1389,2,22,5,0,23.21,0.0,19.95,10.4,5.52,1.23,0.0,0,1,24.444444,2
1390,2,23,5,0,23.14,0.0,21.13,11.8,1.92,1.15,0.0,0,1,24.444444,2
1391,2,24,5,0,22.85,0.0,22.71,6.8,0.84,0.09,0.0,0,1,24.444444,2
1392,2,1,6,0,22.66,0.0,24.09,5.2,1.8,0.0,0.0,0,1,24.444444,2
1393,2,2,6,0,22.56,0.0,25.37,3.7,0.24,0.0,0.0,0,1,24.444444,2
1394,2,3,6,0,22.54,0.0,26.33,4.9,1.08,0.0,0.0,0,1,24.444444,2
1395,2,4,6,0,22.51,0.0,27.36,4.3,0.24,0.0,0.0,0,1,24.444444,2
1396,2,5,6,0,22.51,0.0,28.06,6.7,0.24,0.0,0.0,0,1,24.444444,2
1397,2,6,6,0,22.48,0.0,28.54,3.4,3.24,0.0,0.0,0,1,24.444444,2
1398,2,7,6,0,22.48,0.0,28.78,4.3,11.4,0.0,0.0,0,1,24.444444,2
1399,2,8,6,0,22.83,0.0,28.44,6.0,22.2,0.61,118.562,0,1,24.444444,2
1400,2,9,6,0,23.14,0.0,27.8,7.1,6.0,3.03,400.895,0,1,24.444444,2
1401,2,10,6,0,23.23,0.0,27.2,5.8,6.96,3.38,616.288,0,1,24.444444,2
1402,2,11,6,0,23.25,0.0,26.8,4.9,4.32,3.29,781.336,0,1,24.444444,2
1403,2,12,6,0,23.43,0.0,26.54,9.7,2.04,5.91,833.333,0,1,24.444444,2
1404,2,13,6,0,23.63,0.0,26.98,11.7,22.56,9.07,833.333,0,1,24.444444,2
1405,2,14,6,0,23.62,0.0,28.86,5.4,3.0,7.32,833.333,0,1,24.444444,2
1406,2,15,6,0,23.77,0.0,30.47,10.9,1.44,13.57,742.987,0,1,24.444444,2
1407,2,16,6,0,23.71,0.0,32.33,4.3,5.16,9.58,523.749,0,1,24.444444,2
1408,2,17,6,0,23.76,0.0,33.53,8.9,2.88,10.84,271.356,0,1,24.444444,2
1409,2,18,6,0,23.65,0.0,35.05,5.2,2.76,5.1,43.5179,0,1,24.444444,2
1410,2,19,6,0,23.62,0.0,36.41,8.4,10.08,6.25,0.0,0,1,24.444444,2
1411,2,20,6,0,23.67,0.0,37.81,10.5,8.28,6.96,0.0,0,1,24.444444,2
1412,2,21,6,0,23.56,0.0,39.52,7.0,20.04,3.59,0.0,0,1,24.444444,2
1413,2,22,6,0,23.45,0.0,41.1,6.2,2.04,2.54,0.0,0,1,24.444444,2
1414,2,23,6,0,23.42,0.0,42.37,7.8,3.36,2.68,0.0,0,1,24.444444,2
1415,2,24,6,0,23.28,0.0,43.83,5.3,1.32,1.42,0.0,0,1,24.444444,2
1416,3,1,7,0,23.2,0.0,45.12,5.5,0.6,1.32,0.0,0,1,24.444444,2
1417,3,2,7,0,23.06,0.0,47.28,3.5,1.2,0.77,0.0,0,1,24.444444,2
1418,3,3,7,0,23.0,0.0,49.65,3.5,0.36,0.77,0.0,0,1,24.444444,2
1419,3,4,7,0,22.96,0.0,51.97,3.6,0.36,0.78,0.0,0,1,24.444444,2
1420,3,5,7,0,22.92,0.0,54.34,3.5,0.48,0.64,0.0,0,1,24.444444,2
1421,3,6,7,0,22.94,0.0,55.86,5.7,2.88,1.01,0.0,0,1,24.444444,2
1422,3,7,7,0,23.04,0.0,56.65,3.8,4.32,1.17,0.0,0,1,24.444444,2
1423,3,8,7,0,23.41,0.0,55.69,4.5,6.6,8.51,114.105,0,1,24.444444,2
1424,3,9,7,0,23.55,0.0,54.86,4.9,10.44,14.15,381.065,0,1,24.444444,2
1425,3,10,7,0,23.68,0.0,54.18,4.4,10.2,15.05,602.356,0,1,24.444444,2
1426,3,11,7,0,23.76,0.0,53.95,4.7,4.44,15.8,754.617,0,1,24.444444,2
1427,3,12,7,0,23.81,0.0,53.97,3.8,7.92,16.93,833.333,0,1,24.444444,2
1428,3,13,7,0,23.86,0.0,53.44,4.3,1.92,20.39,833.333,0,1,24.444444,2
1429,3,14,7,0,24.01,0.0,51.15,9.9,8.76,29.4,830.545,0,1,24.444444,2
1430,3,15,7,0,24.06,0.0,48.97,10.5,4.56,35.25,754.841,0,1,24.444444,2
1431,3,16,7,0,24.05,0.0,48.36,4.7,2.16,30.82,630.368,0,1,24.444444,2
1432,3,17,7,0,24.05,0.0,48.17,5.5,8.52,30.68,418.725,0,1,24.444444,2
1433,3,18,7,0,24.07,0.0,48.4,9.2,10.2,29.13,146.795,0,1,24.444444,2
1434,3,19,7,0,24.07,0.0,49.47,8.9,3.84,21.52,0.0,0,1,24.444444,2
1435,3,20,7,0,24.07,0.0,50.37,9.3,5.04,19.2,0.0,0,1,24.444444,2
1436,3,21,7,0,24.05,0.0,51.88,6.6,1.56,13.15,0.0,0,1,24.444444,2
1437,3,22,7,0,24.05,0.0,53.89,8.3,1.32,13.22,0.0,0,1,24.444444,2
1438,3,23,7,0,24.06,0.0,54.41,11.7,2.16,15.46,0.0,0,1,24.444444,2
1439,3,24,7,0,23.93,0.0,56.12,6.6,1.08,7.88,0.0,0,1,24.444444,2
1440,3,1,1,0,23.72,0.0,58.68,4.6,2.52,4.88,0.0,0,1,24.444444,2
1441,3,2,1,0,23.55,0.0,60.93,4.0,0.48,3.66,0.0,0,1,24.444444,2
1442,3,3,1,0,23.66,0.0,61.29,8.4,0.6,6.27,0.0,0,1,24.444444,2
1443,3,4,1,0,23.43,0.0,63.02,3.6,1.56,2.66,0.0,0,1,24.444444,2
1444,3,5,1,0,23.56,0.0,63.6,8.4,1.92,5.3,0.0,0,1,24.444444,2
1445,3,6,1,0,23.31,0.0,65.12,3.4,3.96,1.9,0.0,0,1,24.444444,2
1446,3,7,1,0,23.57,0.0,63.81,9.8,5.52,8.71,0.0,0,1,24.444444,2
1447,3,8,1,0,23.7,0.0,61.07,7.5,4.56,15.52,113.979,0,1,24.444444,2
1448,3,9,1,0,23.67,0.0,60.24,4.3,11.4,14.66,357.64,0,1,24.444444,2
1449,3,10,1,0,23.7,0.0,59.76,4.5,22.92,16.38,539.085,0,1,24.444444,2
1450,3,11,1,0,23.78,0.0,59.13,4.2,6.96,16.91,703.693,0,1,24.444444,2
1451,3,12,1,0,23.94,0.0,57.75,8.6,8.88,23.13,793.095,0,1,24.444444,2
1452,3,13,1,0,23.97,0.0,57.11,4.7,10.08,20.45,824.505,0,1,24.444444,2
1453,3,14,1,0,24.06,0.0,55.47,9.4,5.88,30.03,822.816,0,1,24.444444,2
1454,3,15,1,0,24.07,0.0,53.31,10.2,9.6,35.54,753.725,0,1,24.444444,2
1455,3,16,1,0,24.07,0.0,52.42,5.9,6.24,30.42,604.126,0,1,24.444444,2
1456,3,17,1,0,24.07,0.0,52.46,6.5,4.92,29.96,400.65,0,1,24.444444,2
1457,3,18,1,0,24.07,0.0,52.23,11.4,12.0,31.3,143.888,0,1,24.444444,2
1458,3,19,1,0,24.07,0.0,52.72,9.7,6.96,22.3,0.0,0,1,24.444444,2
1459,3,20,1,0,24.07,0.0,52.37,19.0,4.2,33.61,0.0,0,1,24.444444,2
1460,3,21,1,0,24.07,0.0,53.26,6.8,7.32,13.78,0.0,0,1,24.444444,2
1461,3,22,1,0,24.02,0.0,56.04,5.8,3.72,11.33,0.0,0,1,24.444444,2
1462,3,23,1,0,23.98,0.0,58.11,6.4,1.92,10.44,0.0,0,1,24.444444,2
1463,3,24,1,0,23.94,0.0,60.09,6.4,1.92,9.28,0.0,0,1,24.444444,2
1464,3,1,2,0,23.95,0.0,61.05,8.5,0.48,10.4,0.0,0,1,24.444444,2
1465,3,2,2,0,23.92,0.0,62.12,8.4,0.84,9.19,0.0,0,1,24.444444,2
1466,3,3,2,0,23.9,0.0,63.32,8.4,0.6,9.27,0.0,0,1,24.444444,2
1467,3,4,2,0,23.68,0.0,65.22,4.3,1.2,4.34,0.0,0,1,24.444444,2
1468,3,5,2,0,23.42,0.0,65.61,3.2,0.72,2.7,0.0,0,1,24.444444,2
1469,3,6,2,0,23.2,0.0,65.08,3.2,4.68,1.44,0.0,0,1,24.444444,2
1470,3,7,2,0,23.16,0.0,61.51,8.1,12.48,1.71,0.0,0,1,24.444444,2
1471,3,8,2,0,23.03,0.0,56.55,5.7,15.6,0.33,106.031,0,1,24.444444,2
1472,3,9,2,0,23.12,0.0,50.34,9.2,3.12,1.05,270.587,0,1,24.444444,2
1473,3,10,2,0,23.16,0.0,46.1,7.6,4.92,1.11,515.314,0,1,24.444444,2
1474,3,11,2,0,23.34,0.0,41.01,13.1,1.68,3.49,679.191,0,1,24.444444,2
1475,3,12,2,0,23.36,0.0,38.23,11.2,1.8,2.71,793.361,0,1,24.444444,2
1476,3,13,2,0,23.04,0.0,36.46,3.9,4.56,0.71,822.193,0,1,24.444444,2
1477,3,14,2,0,23.22,0.0,33.92,8.4,2.04,1.82,797.862,0,1,24.444444,2
1478,3,15,2,0,23.4,0.0,31.94,9.0,3.6,3.37,723.076,0,1,24.444444,2
1479,3,16,2,0,23.44,0.0,30.31,10.0,3.0,5.14,554.682,0,1,24.444444,2
1480,3,17,2,0,23.41,0.0,29.49,10.0,1.2,4.83,342.216,0,1,24.444444,2
1481,3,18,2,0,23.22,0.0,29.17,8.6,9.24,1.81,102.953,0,1,24.444444,2
1482,3,19,2,0,22.98,0.0,29.24,9.0,8.88,0.35,0.0,0,1,24.444444,2
1483,3,20,2,0,22.87,0.0,29.25,10.1,4.08,0.21,0.0,0,1,24.444444,2
1484,3,21,2,0,22.85,0.0,28.76,14.3,18.96,0.35,0.0,0,1,24.444444,2
1485,3,22,2,0,22.77,0.0,28.05,14.5,2.76,0.24,0.0,0,1,24.444444,2
1486,3,23,2,0,22.67,0.0,27.31,12.3,0.96,0.01,0.0,0,1,24.444444,2
1487,3,24,2,0,22.61,0.0,26.56,12.0,2.04,0.0,0.0,0,1,24.444444,2
1488,3,1,3,0,22.55,0.0,26.23,9.5,1.08,0.0,0.0,0,1,24.444444,2
1489,3,2,3,0,22.49,0.0,26.08,5.8,0.48,0.0,0.0,0,1,24.444444,2
1490,3,3,3,0,22.48,0.0,25.96,4.6,0.24,0.0,0.0,0,1,24.444444,2
1491,3,4,3,0,22.48,0.0,25.88,5.0,0.48,0.0,0.0,0,1,24.444444,2
1492,3,5,3,0,22.48,0.0,25.79,3.0,0.6,0.0,0.0,0,1,24.444444,2
1493,3,6,3,0,22.48,0.0,25.73,3.7,5.16,0.0,0.0,0,1,24.444444,2
1494,3,7,3,0,22.48,0.0,25.84,3.8,17.04,0.0,0.0,0,1,24.444444,2
1495,3,8,3,0,22.48,0.0,26.07,6.6,6.36,0.0,114.474,0,1,24.444444,2
1496,3,9,3,0,22.48,0.0,26.07,8.8,7.56,0.0,281.555,0,1,24.444444,2
1497,3,10,3,0,22.48,0.0,25.73,4.5,13.44,0.0,425.761,0,1,24.444444,2
1498,3,11,3,0,22.48,0.0,25.55,5.1,1.8,0.0,544.663,0,1,24.444444,2
1499,3,12,3,0,22.48,0.0,25.63,3.8,3.72,0.0,633.377,0,1,24.444444,2
1500,3,13,3,0,22.48,0.0,25.86,4.2,12.72,0.0,622.498,0,1,24.444444,2
1501,3,14,3,0,22.52,0.0,26.06,9.6,3.36,0.0,610.105,0,1,24.444444,2
1502,3,15,3,0,22.57,0.0,26.27,9.6,2.64,0.0,533.623,0,1,24.444444,2
1503,3,16,3,0,22.52,0.0,26.69,3.5,2.76,0.0,380.253,0,1,24.444444,2
1504,3,17,3,0,22.51,0.0,27.23,7.8,5.64,0.0,214.619,0,1,24.444444,2
1505,3,18,3,0,22.49,0.0,27.99,8.7,9.12,0.0,55.53,0,1,24.444444,2
1506,3,19,3,0,22.49,0.0,28.95,8.3,6.6,0.0,0.0,0,1,24.444444,2
1507,3,20,3,0,22.51,0.0,30.19,10.3,5.64,0.0,0.0,0,1,24.444444,2
1508,3,21,3,0,22.49,0.0,31.1,7.6,7.56,0.0,0.0,0,1,24.444444,2
1509,3,22,3,0,22.51,0.0,31.76,9.5,3.72,0.0,0.0,0,1,24.444444,2
1510,3,23,3,0,22.52,0.0,32.32,9.8,0.6,0.0,0.0,0,1,24.444444,2
1511,3,24,3,0,22.48,0.0,32.99,5.7,1.08,0.0,0.0,0,1,24.444444,2
1512,3,1,4,0,22.5,0.0,33.57,8.8,1.2,0.0,0.0,0,1,24.444444,2
1513,3,2,4,0,22.51,0.0,34.15,8.1,0.6,0.0,0.0,0,1,24.444444,2
1514,3,3,4,0,22.5,0.0,34.87,7.4,0.6,0.0,0.0,0,1,24.444444,2
1515,3,4,4,0,22.48,0.0,35.61,3.2,0.48,0.0,0.0,0,1,24.444444,2
1516,3,5,4,0,22.52,0.0,35.95,10.5,1.2,0.0,0.0,0,1,24.444444,2
1517,3,6,4,0,22.48,0.0,36.33,3.5,4.68,0.0,0.0,0,1,24.444444,2
1518,3,7,4,0,22.51,0.0,36.72,8.5,6.6,0.0,0.0,0,1,24.444444,2
1519,3,8,4,0,22.54,0.0,37.21,7.8,12.0,0.0,113.963,0,1,24.444444,2
1520,3,9,4,0,22.62,0.0,37.66,8.1,2.4,0.0,282.331,0,1,24.444444,2
1521,3,10,4,0,22.75,0.0,37.96,7.0,6.48,0.0,452.458,0,1,24.444444,2
1522,3,11,4,0,22.96,0.0,38.02,10.0,6.6,0.28,556.008,0,1,24.444444,2
1523,3,12,4,0,22.97,0.0,38.42,8.3,8.28,0.51,616.713,0,1,24.444444,2
1524,3,13,4,0,23.01,0.0,38.85,7.9,4.08,0.9,581.581,0,1,24.444444,2
1525,3,14,4,0,23.18,0.0,39.18,8.8,0.96,1.63,570.061,0,1,24.444444,2
1526,3,15,4,0,23.39,0.0,39.28,9.8,0.96,3.21,518.172,0,1,24.444444,2
1527,3,16,4,0,23.47,0.0,39.64,9.5,0.96,4.31,399.27,0,1,24.444444,2
1528,3,17,4,0,23.43,0.0,39.91,7.8,3.96,3.41,223.836,0,1,24.444444,2
1529,3,18,4,0,23.4,0.0,40.69,9.1,6.96,3.25,55.3368,0,1,24.444444,2
1530,3,19,4,0,23.36,0.0,41.89,8.8,5.4,2.49,0.0,0,1,24.444444,2
1531,3,20,4,0,23.35,0.0,42.98,9.7,4.68,2.6,0.0,0,1,24.444444,2
1532,3,21,4,0,23.34,0.0,44.08,10.2,11.4,2.61,0.0,0,1,24.444444,2
1533,3,22,4,0,23.3,0.0,45.19,9.5,2.16,2.22,0.0,0,1,24.444444,2
1534,3,23,4,0,23.18,0.0,46.53,7.5,1.92,1.09,0.0,0,1,24.444444,2
1535,3,24,4,0,23.2,0.0,47.36,11.1,0.84,2.01,0.0,0,1,24.444444,2
1536,3,1,5,0,23.06,0.0,48.26,8.3,0.6,0.93,0.0,0,1,24.444444,2
1537,3,2,5,0,23.02,0.0,48.49,8.9,0.24,0.99,0.0,0,1,24.444444,2
1538,3,3,5,0,23.05,0.0,48.37,11.2,0.6,1.54,0.0,0,1,24.444444,2
1539,3,4,5,0,23.0,0.0,48.6,9.7,0.36,1.04,0.0,0,1,24.444444,2
1540,3,5,5,0,22.98,0.0,48.81,10.4,1.32,1.13,0.0,0,1,24.444444,2
1541,3,6,5,0,22.94,0.0,48.98,9.6,5.04,0.85,0.0,0,1,24.444444,2
1542,3,7,5,0,22.91,0.0,49.15,8.2,23.28,0.6,0.0,0,1,24.444444,2
1543,3,8,5,0,23.03,0.0,48.75,8.8,13.2,0.97,111.135,0,1,24.444444,2
1544,3,9,5,0,23.19,0.0,47.75,10.1,16.68,1.68,266.243,0,1,24.444444,2
1545,3,10,5,0,23.24,0.0,46.93,8.9,4.68,1.56,403.442,0,1,24.444444,2
1546,3,11,5,0,23.24,0.0,46.09,8.2,3.24,1.65,512.665,0,1,24.444444,2
1547,3,12,5,0,23.27,0.0,45.48,8.2,2.16,2.04,606.091,0,1,24.444444,2
1548,3,13,5,0,23.3,0.0,44.76,8.1,3.12,1.99,592.108,0,1,24.444444,2
1549,3,14,5,0,23.37,0.0,43.63,8.9,1.2,2.6,584.984,0,1,24.444444,2
1550,3,15,5,0,23.44,0.0,42.35,10.3,2.28,3.85,513.362,0,1,24.444444,2
1551,3,16,5,0,23.39,0.0,41.02,9.3,1.8,2.99,378.485,0,1,24.444444,2
1552,3,17,5,0,23.23,0.0,40.02,7.8,2.52,1.43,210.709,0,1,24.444444,2
1553,3,18,5,0,23.12,0.0,39.26,9.1,5.52,1.0,52.5062,0,1,24.444444,2
1554,3,19,5,0,23.01,0.0,39.29,9.1,8.76,0.59,0.0,0,1,24.444444,2
1555,3,20,5,0,22.91,0.0,39.59,8.7,3.96,0.31,0.0,0,1,24.444444,2
1556,3,21,5,0,22.92,0.0,39.43,11.9,3.72,0.6,0.0,0,1,24.444444,2
1557,3,22,5,0,22.86,0.0,39.28,10.7,1.56,0.39,0.0,0,1,24.444444,2
1558,3,23,5,0,22.8,0.0,39.3,10.1,1.2,0.29,0.0,0,1,24.444444,2
1559,3,24,5,0,22.75,0.0,39.44,9.3,0.72,0.16,0.0,0,1,24.444444,2
1560,3,1,6,0,22.7,0.0,39.62,7.6,0.6,0.0,0.0,0,1,24.444444,2
1561,3,2,6,0,22.62,0.0,39.82,5.9,1.2,0.0,0.0,0,1,24.444444,2
1562,3,3,6,0,22.66,0.0,39.67,9.4,0.6,0.0,0.0,0,1,24.444444,2
1563,3,4,6,0,22.59,0.0,39.68,4.7,0.84,0.0,0.0,0,1,24.444444,2
1564,3,5,6,0,22.59,0.0,39.52,7.7,1.44,0.0,0.0,0,1,24.444444,2
1565,3,6,6,0,22.56,0.0,39.69,4.6,6.84,0.0,0.0,0,1,24.444444,2
1566,3,7,6,0,22.59,0.0,39.69,8.0,6.84,0.0,0.0,0,1,24.444444,2
1567,3,8,6,0,22.64,0.0,39.59,8.0,9.12,0.0,114.486,0,1,24.444444,2
1568,3,9,6,0,22.73,0.0,38.94,8.6,5.88,0.0,284.247,0,1,24.444444,2
1569,3,10,6,0,22.96,0.0,37.8,12.9,9.12,0.6,415.739,0,1,24.444444,2
1570,3,11,6,0,23.01,0.0,37.23,9.8,12.24,0.66,484.299,0,1,24.444444,2
1571,3,12,6,0,23.06,0.0,36.78,8.9,0.84,1.12,612.662,0,1,24.444444,2
1572,3,13,6,0,23.07,0.0,36.61,6.9,1.68,1.09,672.211,0,1,24.444444,2
1573,3,14,6,0,23.21,0.0,36.26,7.2,1.56,1.62,652.916,0,1,24.444444,2
1574,3,15,6,0,23.47,0.0,35.75,11.0,1.2,4.59,559.558,0,1,24.444444,2
1575,3,16,6,0,23.57,0.0,35.58,10.7,1.08,6.77,449.578,0,1,24.444444,2
1576,3,17,6,0,23.56,0.0,35.66,8.5,3.48,5.61,278.929,0,1,24.444444,2
1577,3,18,6,0,23.48,0.0,36.01,9.1,2.76,3.97,89.4342,0,1,24.444444,2
1578,3,19,6,0,23.38,0.0,36.8,10.4,6.84,2.85,0.0,0,1,24.444444,2
1579,3,20,6,0,23.33,0.0,37.46,9.8,5.4,2.15,0.0,0,1,24.444444,2
1580,3,21,6,0,23.24,0.0,38.09,9.3,6.24,1.54,0.0,0,1,24.444444,2
1581,3,22,6,0,23.22,0.0,38.67,10.5,2.28,1.74,0.0,0,1,24.444444,2
1582,3,23,6,0,23.09,0.0,39.53,9.1,1.44,0.81,0.0,0,1,24.444444,2
1583,3,24,6,0,23.04,0.0,39.95,11.0,1.08,0.95,0.0,0,1,24.444444,2
1584,3,1,7,0,22.79,0.0,40.78,4.9,0.36,0.0,0.0,0,1,24.444444,2
1585,3,2,7,0,22.65,0.0,41.32,3.4,0.84,0.0,0.0,0,1,24.444444,2
1586,3,3,7,0,22.61,0.0,41.52,3.6,0.6,0.0,0.0,0,1,24.444444,2
1587,3,4,7,0,22.57,0.0,41.62,3.2,0.12,0.0,0.0,0,1,24.444444,2
1588,3,5,7,0,22.56,0.0,41.79,3.5,0.24,0.0,0.0,0,1,24.444444,2
1589,3,6,7,0,22.56,0.0,42.36,3.6,0.6,0.0,0.0,0,1,24.444444,2
1590,3,7,7,0,22.58,0.0,43.06,4.9,3.48,0.0,0.0,0,1,24.444444,2
1591,3,8,7,0,22.68,0.0,43.19,4.2,4.56,0.0,120.466,0,1,24.444444,2
1592,3,9,7,0,22.97,0.0,42.81,4.1,8.76,0.33,319.04,0,1,24.444444,2
1593,3,10,7,0,23.18,0.0,42.73,3.8,6.96,1.46,525.185,0,1,24.444444,2
1594,3,11,7,0,23.26,0.0,43.26,4.6,1.92,2.86,655.395,0,1,24.444444,2
1595,3,12,7,0,23.45,0.0,43.64,6.1,6.12,4.84,742.324,0,1,24.444444,2
1596,3,13,7,0,23.54,0.0,43.88,4.8,11.52,5.78,779.44,0,1,24.444444,2
1597,3,14,7,0,23.77,0.0,43.54,9.9,5.28,12.25,732.427,0,1,24.444444,2
1598,3,15,7,0,23.94,0.0,42.85,10.7,6.24,16.27,642.243,0,1,24.444444,2
1599,3,16,7,0,23.88,0.0,42.89,5.5,2.88,13.7,473.55,0,1,24.444444,2
1600,3,17,7,0,23.84,0.0,43.05,4.5,3.0,12.56,300.538,0,1,24.444444,2
1601,3,18,7,0,23.99,0.0,42.62,12.9,15.12,17.35,92.0994,0,1,24.444444,2
1602,3,19,7,0,24.0,0.0,43.19,9.6,4.8,11.31,0.0,0,1,24.444444,2
1603,3,20,7,0,23.95,0.0,44.13,9.0,10.92,9.77,0.0,0,1,24.444444,2
1604,3,21,7,0,23.79,0.0,45.46,5.7,2.28,5.82,0.0,0,1,24.444444,2
1605,3,22,7,0,23.67,0.0,47.22,5.8,1.8,4.96,0.0,0,1,24.444444,2
1606,3,23,7,0,23.88,0.0,47.24,14.0,1.44,10.25,0.0,0,1,24.444444,2
1607,3,24,7,0,23.61,0.0,48.95,6.6,1.56,3.39,0.0,0,1,24.444444,2
1608,3,1,1,1,23.33,0.0,51.17,3.6,1.92,1.68,0.0,0,1,24.444444,2
1609,3,2,1,1,23.43,0.0,51.61,8.9,0.24,3.47,0.0,0,1,24.444444,2
1610,3,3,1,1,23.12,0.0,53.3,3.4,0.36,0.86,0.0,0,1,24.444444,2
1611,3,4,1,1,23.19,0.0,53.74,8.2,0.0,2.01,0.0,0,1,24.444444,2
1612,3,5,1,1,22.97,0.0,54.83,3.6,0.24,0.47,0.0,0,1,24.444444,2
1613,3,6,1,1,22.99,0.0,54.17,8.7,2.64,1.21,0.0,0,1,24.444444,2
1614,3,7,1,1,22.96,0.0,53.7,3.8,5.16,0.3,0.0,0,1,24.444444,2
1615,3,8,1,1,23.18,0.0,52.87,3.5,11.28,1.53,123.373,0,1,24.444444,2
1616,3,9,1,1,23.39,0.0,52.29,4.1,12.48,6.98,332.263,0,1,24.444444,2
1617,3,10,1,1,23.6,0.0,51.35,7.1,23.16,11.46,541.315,0,1,24.444444,2
1618,3,11,1,1,23.77,0.0,49.7,9.3,18.48,14.01,647.101,0,1,24.444444,2
1619,3,12,1,1,23.76,0.0,48.66,4.5,14.28,9.53,743.993,0,1,24.444444,2
1620,3,13,1,1,23.91,0.0,47.27,10.7,7.44,17.04,727.927,0,1,24.444444,2
1621,3,14,1,1,24.01,0.0,45.26,10.5,9.96,19.69,700.345,0,1,24.444444,2
1622,3,15,1,1,24.03,0.0,43.64,6.6,6.0,19.22,635.954,0,1,24.444444,2
1623,3,16,1,1,24.02,0.0,42.66,4.5,8.4,19.57,482.55,0,1,24.444444,2
1624,3,17,1,1,24.06,0.0,42.01,9.3,9.12,24.59,293.338,0,1,24.444444,2
1625,3,18,1,1,24.07,0.0,41.79,9.6,6.84,21.26,86.362,0,1,24.444444,2
1626,3,19,1,1,24.08,0.0,41.76,13.9,6.36,21.47,0.0,0,1,24.444444,2
1627,3,20,1,1,24.05,0.0,42.53,6.9,5.64,11.23,0.0,0,1,24.444444,2
1628,3,21,1,1,24.02,0.0,43.91,8.6,3.0,11.07,0.0,0,1,24.444444,2
1629,3,22,1,1,23.9,0.0,45.3,6.3,2.52,6.82,0.0,0,1,24.444444,2
1630,3,23,1,1,23.94,0.0,46.18,11.1,1.32,9.3,0.0,0,1,24.444444,2
1631,3,24,1,1,23.5,0.0,48.7,3.2,0.72,2.31,0.0,0,1,24.444444,2
1632,3,1,2,1,23.56,0.0,49.5,8.5,0.24,4.41,0.0,0,1,24.444444,2
1633,3,2,2,1,23.52,0.0,50.33,8.0,1.2,3.15,0.0,0,1,24.444444,2
1634,3,3,2,1,23.22,0.0,51.62,5.0,0.6,1.21,0.0,0,1,24.444444,2
1635,3,4,2,1,23.09,0.0,51.95,6.0,0.84,1.09,0.0,0,1,24.444444,2
1636,3,5,2,1,22.93,0.0,52.2,4.5,0.72,0.53,0.0,0,1,24.444444,2
1637,3,6,2,1,22.97,0.0,52.08,7.8,3.72,1.12,0.0,0,1,24.444444,2
1638,3,7,2,1,23.16,0.0,51.87,3.9,16.56,1.74,0.0,0,1,24.444444,2
1639,3,8,2,1,23.44,0.0,50.28,9.1,7.2,10.52,136.262,0,1,24.444444,2
1640,3,9,2,1,23.53,0.0,48.63,8.4,7.08,13.02,400.492,0,1,24.444444,2
1641,3,10,2,1,23.67,0.0,47.17,9.4,2.88,14.73,610.535,0,1,24.444444,2
1642,3,11,2,1,23.79,0.0,46.05,9.7,6.84,15.64,726.644,0,1,24.444444,2
1643,3,12,2,1,23.81,0.0,45.53,5.6,1.68,13.21,808.436,0,1,24.444444,2
1644,3,13,2,1,23.93,0.0,44.42,8.4,2.16,18.85,770.902,0,1,24.444444,2
1645,3,14,2,1,24.02,0.0,43.26,9.3,2.64,23.89,757.943,0,1,24.444444,2
1646,3,15,2,1,24.06,0.0,42.46,9.3,3.48,28.72,720.459,0,1,24.444444,2
1647,3,16,2,1,24.07,0.0,42.29,7.9,3.36,29.32,544.258,0,1,24.444444,2
1648,3,17,2,1,24.08,0.0,42.08,9.0,3.84,29.63,316.982,0,1,24.444444,2
1649,3,18,2,1,24.08,0.0,42.05,8.7,5.64,25.23,86.5689,0,1,24.444444,2
1650,3,19,2,1,24.08,0.0,42.53,9.1,11.64,20.74,0.0,0,1,24.444444,2
1651,3,20,2,1,24.08,0.0,43.49,12.1,4.8,22.06,0.0,0,1,24.444444,2
1652,3,21,2,1,24.07,0.0,44.59,12.5,6.96,20.47,0.0,0,1,24.444444,2
1653,3,22,2,1,24.07,0.0,45.75,11.9,5.52,17.5,0.0,0,1,24.444444,2
1654,3,23,2,1,24.06,0.0,46.95,9.8,1.8,12.78,0.0,0,1,24.444444,2
1655,3,24,2,1,24.04,0.0,48.08,10.3,0.6,11.47,0.0,0,1,24.444444,2
1656,3,1,3,1,23.75,0.0,50.62,3.8,0.48,4.5,0.0,0,1,24.444444,2
1657,3,2,3,1,23.56,0.0,53.41,3.4,0.36,3.59,0.0,0,1,24.444444,2
1658,3,3,3,1,23.45,0.0,55.74,3.2,0.36,2.92,0.0,0,1,24.444444,2
1659,3,4,3,1,23.39,0.0,57.91,3.1,0.36,2.77,0.0,0,1,24.444444,2
1660,3,5,3,1,23.38,0.0,59.69,3.5,1.08,2.94,0.0,0,1,24.444444,2
1661,3,6,3,1,23.32,0.0,61.81,3.3,7.32,2.61,0.0,0,1,24.444444,2
1662,3,7,3,1,23.37,0.0,62.8,4.2,11.88,3.3,0.0,0,1,24.444444,2
1663,3,8,3,1,23.58,0.0,62.78,6.9,10.44,6.86,112.296,0,1,24.444444,2
1664,3,9,3,1,23.64,0.0,62.86,5.7,3.0,7.91,257.11,0,1,24.444444,2
1665,3,10,3,1,23.66,0.0,62.99,5.1,9.0,8.24,397.351,0,1,24.444444,2
1666,3,11,3,1,23.7,0.0,62.74,5.0,1.92,10.39,500.022,0,1,24.444444,2
1667,3,12,3,1,23.72,0.0,62.34,4.3,1.8,10.4,588.055,0,1,24.444444,2
1668,3,13,3,1,23.88,0.0,60.49,9.8,5.16,17.94,639.43,0,1,24.444444,2
1669,3,14,3,1,23.98,0.0,58.64,9.7,2.4,20.37,609.787,0,1,24.444444,2
1670,3,15,3,1,24.02,0.0,56.8,7.3,1.44,20.6,524.449,0,1,24.444444,2
1671,3,16,3,1,24.04,0.0,55.21,7.8,5.4,23.27,442.24,0,1,24.444444,2
1672,3,17,3,1,24.06,0.0,54.05,9.4,4.2,24.96,274.754,0,1,24.444444,2
1673,3,18,3,1,24.07,0.0,53.26,9.2,10.08,21.8,87.2161,0,1,24.444444,2
1674,3,19,3,1,24.08,0.0,53.3,9.5,5.88,17.26,0.0,0,1,24.444444,2
1675,3,20,3,1,24.04,0.0,54.26,7.3,5.88,12.29,0.0,0,1,24.444444,2
1676,3,21,3,1,24.05,0.0,55.08,10.0,4.08,14.04,0.0,0,1,24.444444,2
1677,3,22,3,1,23.99,0.0,56.02,8.0,2.28,10.27,0.0,0,1,24.444444,2
1678,3,23,3,1,23.84,0.0,57.22,5.8,2.4,6.64,0.0,0,1,24.444444,2
1679,3,24,3,1,23.87,0.0,57.36,9.7,1.2,8.67,0.0,0,1,24.444444,2
1680,3,1,4,1,23.75,0.0,57.83,8.1,0.48,5.55,0.0,0,1,24.444444,2
1681,3,2,4,1,23.6,0.0,58.63,7.2,0.24,3.93,0.0,0,1,24.444444,2
1682,3,3,4,1,23.33,0.0,60.16,3.6,3.0,1.93,0.0,0,1,24.444444,2
1683,3,4,4,1,23.5,0.0,60.18,8.7,0.24,4.44,0.0,0,1,24.444444,2
1684,3,5,4,1,23.28,0.0,61.53,3.8,0.72,1.67,0.0,0,1,24.444444,2
1685,3,6,4,1,23.39,0.0,61.55,8.6,3.12,3.87,0.0,0,1,24.444444,2
1686,3,7,4,1,23.49,0.0,61.1,7.9,3.72,4.91,0.0,0,1,24.444444,2
1687,3,8,4,1,23.68,0.0,59.08,10.1,9.6,10.84,128.569,0,1,24.444444,2
1688,3,9,4,1,23.68,0.0,57.57,8.0,4.8,10.7,314.735,0,1,24.444444,2
1689,3,10,4,1,23.72,0.0,56.25,9.2,2.04,13.23,456.885,0,1,24.444444,2
1690,3,11,4,1,23.76,0.0,55.12,8.0,3.24,11.56,567.699,0,1,24.444444,2
1691,3,12,4,1,23.78,0.0,54.26,7.4,10.08,11.16,610.408,0,1,24.444444,2
1692,3,13,4,1,23.85,0.0,52.38,8.6,2.28,14.46,798.674,0,1,24.444444,2
1693,3,14,4,1,23.95,0.0,50.23,9.6,0.84,18.62,833.333,0,1,24.444444,2
1694,3,15,4,1,24.03,0.0,46.57,8.8,1.2,22.43,824.086,0,1,24.444444,2
1695,3,16,4,1,24.04,0.0,43.73,7.6,4.92,23.61,694.538,0,1,24.444444,2
1696,3,17,4,1,24.03,0.0,41.64,7.8,0.6,23.61,503.119,0,1,24.444444,2
1697,3,18,4,1,23.99,0.0,40.07,7.4,6.84,18.09,197.954,0,1,24.444444,2
1698,3,19,4,1,23.93,0.0,39.03,8.5,4.56,9.6,0.0,0,1,24.444444,2
1699,3,20,4,1,23.93,0.0,37.67,11.0,7.08,9.49,0.0,0,1,24.444444,2
1700,3,21,4,1,23.93,0.0,35.83,12.2,13.68,8.52,0.0,0,1,24.444444,2
1701,3,22,4,1,23.74,0.0,34.19,9.4,5.52,4.48,0.0,0,1,24.444444,2
1702,3,23,4,1,23.51,0.0,32.74,8.2,1.2,2.58,0.0,0,1,24.444444,2
1703,3,24,4,1,23.31,0.0,31.88,8.0,0.84,1.64,0.0,0,1,24.444444,2
1704,3,1,5,1,23.16,0.0,31.08,8.6,0.72,1.21,0.0,0,1,24.444444,2
1705,3,2,5,1,23.07,0.0,30.26,9.6,0.96,0.99,0.0,0,1,24.444444,2
1706,3,3,5,1,22.93,0.0,29.32,8.1,0.6,0.49,0.0,0,1,24.444444,2
1707,3,4,5,1,22.89,0.0,28.62,9.5,0.24,0.54,0.0,0,1,24.444444,2
1708,3,5,5,1,22.8,0.0,28.08,8.1,1.08,0.26,0.0,0,1,24.444444,2
1709,3,6,5,1,22.8,0.0,27.83,10.7,5.04,0.49,0.0,0,1,24.444444,2
1710,3,7,5,1,23.03,0.0,27.59,9.7,17.64,0.87,0.0,0,1,24.444444,2
1711,3,8,5,1,23.29,0.0,27.09,9.5,15.12,5.54,154.698,0,1,24.444444,2
1712,3,9,5,1,23.33,0.0,26.59,9.3,17.04,7.11,429.473,0,1,24.444444,2
1713,3,10,5,1,23.4,0.0,25.72,8.6,7.68,6.73,644.435,0,1,24.444444,2
1714,3,11,5,1,23.51,0.0,24.29,8.5,0.24,5.57,790.589,0,1,24.444444,2
1715,3,12,5,1,23.65,0.0,23.26,10.2,0.6,7.0,833.333,0,1,24.444444,2
1716,3,13,5,1,23.73,0.0,22.97,9.4,5.52,8.47,833.333,0,1,24.444444,2
1717,3,14,5,1,23.81,0.0,22.72,9.8,2.16,11.77,833.333,0,1,24.444444,2
1718,3,15,5,1,23.94,0.0,22.27,10.3,2.64,15.94,798.594,0,1,24.444444,2
1719,3,16,5,1,23.95,0.0,22.06,8.4,1.44,17.48,616.38,0,1,24.444444,2
1720,3,17,5,1,24.0,0.0,22.17,9.4,7.56,19.55,378.611,0,1,24.444444,2
1721,3,18,5,1,24.0,0.0,22.52,8.9,2.04,15.61,143.747,0,1,24.444444,2
1722,3,19,5,1,23.95,0.0,22.83,9.2,4.56,9.41,0.0,0,1,24.444444,2
1723,3,20,5,1,23.92,0.0,23.25,11.1,4.44,8.97,0.0,0,1,24.444444,2
1724,3,21,5,1,23.83,0.0,24.24,10.2,6.72,6.32,0.0,0,1,24.444444,2
1725,3,22,5,1,23.65,0.0,26.13,9.1,6.12,3.85,0.0,0,1,24.444444,2
1726,3,23,5,1,23.57,0.0,28.8,10.4,1.8,3.44,0.0,0,1,24.444444,2
1727,3,24,5,1,23.36,0.0,31.3,8.3,0.72,1.68,0.0,0,1,24.444444,2
1728,3,1,6,1,23.01,0.0,33.23,3.9,0.48,0.35,0.0,0,1,24.444444,2
1729,3,2,6,1,23.02,0.0,34.1,8.9,0.96,0.93,0.0,0,1,24.444444,2
1730,3,3,6,1,22.77,0.0,35.37,3.7,0.24,0.0,0.0,0,1,24.444444,2
1731,3,4,6,1,22.67,0.0,35.86,4.3,1.32,0.0,0.0,0,1,24.444444,2
1732,3,5,6,1,22.6,0.0,36.04,3.5,1.08,0.0,0.0,0,1,24.444444,2
1733,3,6,6,1,22.73,0.0,35.8,12.2,5.76,0.4,0.0,0,1,24.444444,2
1734,3,7,6,1,22.97,0.0,35.75,7.9,4.56,0.35,0.0,0,1,24.444444,2
1735,3,8,6,1,23.27,0.0,35.47,9.4,6.0,5.31,148.169,0,1,24.444444,2
1736,3,9,6,1,23.42,0.0,34.89,12.2,4.8,10.08,426.709,0,1,24.444444,2
1737,3,10,6,1,23.59,0.0,34.22,13.6,4.8,11.4,634.539,0,1,24.444444,2
1738,3,11,6,1,23.68,0.0,34.64,10.7,7.68,9.43,748.897,0,1,24.444444,2
1739,3,12,6,1,23.73,0.0,36.08,8.6,1.08,8.76,794.083,0,1,24.444444,2
1740,3,13,6,1,23.76,0.0,38.01,7.5,1.08,9.59,808.557,0,1,24.444444,2
1741,3,14,6,1,23.87,0.0,38.97,10.3,2.88,14.94,784.398,0,1,24.444444,2
1742,3,15,6,1,23.99,0.0,39.37,9.9,1.2,18.81,725.732,0,1,24.444444,2
1743,3,16,6,1,24.0,0.0,39.69,8.0,3.36,19.71,562.858,0,1,24.444444,2
1744,3,17,6,1,24.03,0.0,39.91,9.1,1.08,21.36,369.265,0,1,24.444444,2
1745,3,18,6,1,24.05,0.0,40.7,10.0,3.72,19.01,133.839,0,1,24.444444,2
1746,3,19,6,1,24.03,0.0,42.07,8.7,6.84,11.67,0.0,0,1,24.444444,2
1747,3,20,6,1,24.02,0.0,43.12,9.9,1.44,11.55,0.0,0,1,24.444444,2
1748,3,21,6,1,24.02,0.0,43.91,10.6,4.56,11.23,0.0,0,1,24.444444,2
1749,3,22,6,1,23.99,0.0,45.13,10.3,3.84,9.86,0.0,0,1,24.444444,2
1750,3,23,6,1,23.9,0.0,46.64,8.3,1.32,7.17,0.0,0,1,24.444444,2
1751,3,24,6,1,23.81,0.0,48.03,7.8,0.72,6.11,0.0,0,1,24.444444,2
1752,3,1,7,1,23.54,0.0,50.08,3.6,0.72,2.82,0.0,0,1,24.444444,2
1753,3,2,7,1,23.38,0.0,52.13,3.3,1.2,2.36,0.0,0,1,24.444444,2
1754,3,3,7,1,23.36,0.0,53.63,4.7,0.96,2.64,0.0,0,1,24.444444,2
1755,3,4,7,1,23.26,0.0,55.29,3.7,0.36,1.7,0.0,0,1,24.444444,2
1756,3,5,7,1,23.17,0.0,57.17,3.9,1.44,1.52,0.0,0,1,24.444444,2
1757,3,6,7,1,23.12,0.0,58.81,3.9,3.6,1.46,0.0,0,1,24.444444,2
1758,3,7,7,1,23.24,0.0,59.28,3.7,1.2,2.09,0.0,0,1,24.444444,2
1759,3,8,7,1,23.46,0.0,58.53,4.3,10.8,4.74,133.009,0,1,24.444444,2
1760,3,9,7,1,23.58,0.0,57.62,5.2,7.56,7.8,297.956,0,1,24.444444,2
1761,3,10,7,1,23.64,0.0,56.81,4.1,6.36,9.45,449.861,0,1,24.444444,2
1762,3,11,7,1,23.68,0.0,56.38,4.0,4.44,9.37,573.622,0,1,24.444444,2
1763,3,12,7,1,23.73,0.0,55.72,5.5,1.92,10.69,601.603,0,1,24.444444,2
1764,3,13,7,1,23.88,0.0,53.81,9.5,6.24,16.47,649.552,0,1,24.444444,2
1765,3,14,7,1,23.99,0.0,51.98,9.9,4.32,19.5,636.515,0,1,24.444444,2
1766,3,15,7,1,23.98,0.0,51.72,4.4,13.56,16.7,561.336,0,1,24.444444,2
1767,3,16,7,1,24.0,0.0,51.87,5.1,3.84,18.95,456.149,0,1,24.444444,2
1768,3,17,7,1,24.05,0.0,51.4,10.2,9.0,24.66,268.836,0,1,24.444444,2
1769,3,18,7,1,24.07,0.0,51.28,9.1,14.04,21.27,85.2758,0,1,24.444444,2
1770,3,19,7,1,24.07,0.0,51.89,9.0,3.96,17.2,0.0,0,1,24.444444,2
1771,3,20,7,1,24.04,0.0,53.24,5.8,6.96,12.07,0.0,0,1,24.444444,2
1772,3,21,7,1,24.0,0.0,55.12,5.1,2.52,11.06,0.0,0,1,24.444444,2
1773,3,22,7,1,23.99,0.0,56.92,6.0,3.84,11.42,0.0,0,1,24.444444,2
1774,3,23,7,1,23.99,0.0,59.02,6.6,1.68,11.43,0.0,0,1,24.444444,2
1775,3,24,7,1,23.93,0.0,61.36,5.1,1.56,9.09,0.0,0,1,24.444444,2
1776,3,1,1,1,23.83,0.0,63.7,3.7,3.12,7.55,0.0,0,1,24.444444,2
1777,3,2,1,1,23.93,0.0,64.29,8.2,0.84,11.88,0.0,0,1,24.444444,2
1778,3,3,1,1,23.85,0.0,65.77,5.0,0.6,8.43,0.0,0,1,24.444444,2
1779,3,4,1,1,23.92,0.0,66.81,8.2,0.36,11.79,0.0,0,1,24.444444,2
1780,3,5,1,1,23.77,0.0,69.77,3.5,0.48,6.98,0.0,0,1,24.444444,2
1781,3,6,1,1,23.92,0.0,69.67,9.1,0.84,13.31,0.0,0,1,24.444444,2
1782,3,7,1,1,23.76,0.0,71.13,3.2,0.48,7.03,0.0,0,1,24.444444,2
1783,3,8,1,1,23.78,0.0,70.48,4.8,8.4,11.72,124.128,0,1,24.444444,2
1784,3,9,1,1,23.82,0.0,68.58,4.9,9.24,17.22,297.905,0,1,24.444444,2
1785,3,10,1,1,23.9,0.0,66.29,5.6,10.32,21.95,502.991,0,1,24.444444,2
1786,3,11,1,1,24.02,0.0,63.02,9.2,16.92,26.55,617.988,0,1,24.444444,2
1787,3,12,1,1,24.05,0.0,59.9,4.8,17.64,21.72,712.797,0,1,24.444444,2
1788,3,13,1,1,24.07,0.0,56.72,10.8,3.96,33.83,759.636,0,1,24.444444,2
1789,3,14,1,1,24.07,0.0,51.5,9.7,5.04,32.15,664.099,0,1,24.444444,2
1790,3,15,1,1,24.07,0.0,48.12,4.2,4.56,24.4,568.926,0,1,24.444444,2
1791,3,16,1,1,24.07,0.0,46.79,4.1,4.68,23.91,391.234,0,1,24.444444,2
1792,3,17,1,1,24.07,0.0,45.91,11.2,2.28,30.55,229.089,0,1,24.444444,2
1793,3,18,1,1,24.08,0.0,45.93,10.9,6.96,27.02,74.8952,0,1,24.444444,2
1794,3,19,1,1,24.08,0.0,46.33,11.0,5.76,22.68,0.0,0,1,24.444444,2
1795,3,20,1,1,24.08,0.0,47.15,9.5,5.4,18.21,0.0,0,1,24.444444,2
1796,3,21,1,1,24.07,0.0,48.4,7.4,5.64,13.69,0.0,0,1,24.444444,2
1797,3,22,1,1,24.01,0.0,49.99,5.6,2.04,9.8,0.0,0,1,24.444444,2
1798,3,23,1,1,24.02,0.0,50.99,9.1,2.16,11.35,0.0,0,1,24.444444,2
1799,3,24,1,1,23.81,0.0,52.28,4.7,1.32,5.54,0.0,0,1,24.444444,2
1800,3,1,2,1,23.87,0.0,51.27,9.8,0.6,8.03,0.0,0,1,24.444444,2
1801,3,2,2,1,23.73,0.0,49.55,10.0,0.36,4.55,0.0,0,1,24.444444,2
1802,3,3,2,1,23.18,0.0,47.43,5.2,0.96,0.93,0.0,0,1,24.444444,2
1803,3,4,2,1,22.92,0.0,44.58,4.5,0.36,0.43,0.0,0,1,24.444444,2
1804,3,5,2,1,22.81,0.0,42.48,4.2,0.6,0.17,0.0,0,1,24.444444,2
1805,3,6,2,1,22.83,0.0,40.43,8.6,6.0,0.53,0.0,0,1,24.444444,2
1806,3,7,2,1,22.72,0.0,39.36,4.8,14.76,0.0,0.0,0,1,24.444444,2
1807,3,8,2,1,22.85,0.0,37.4,10.2,5.64,0.35,127.118,0,1,24.444444,2
1808,3,9,2,1,22.93,0.0,35.59,7.8,8.16,0.14,288.525,0,1,24.444444,2
1809,3,10,2,1,23.12,0.0,33.92,9.6,5.28,1.08,461.471,0,1,24.444444,2
1810,3,11,2,1,23.2,0.0,32.89,9.3,1.32,1.38,573.91,0,1,24.444444,2
1811,3,12,2,1,23.07,0.0,32.24,6.1,3.0,0.79,658.936,0,1,24.444444,2
1812,3,13,2,1,23.2,0.0,31.41,8.6,3.84,1.69,637.002,0,1,24.444444,2
1813,3,14,2,1,23.35,0.0,30.67,9.1,1.44,2.22,608.672,0,1,24.444444,2
1814,3,15,2,1,23.4,0.0,30.22,8.8,3.72,2.62,530.189,0,1,24.444444,2
1815,3,16,2,1,23.36,0.0,29.99,8.6,1.68,2.29,379.875,0,1,24.444444,2
1816,3,17,2,1,23.27,0.0,30.01,8.9,2.88,1.71,212.854,0,1,24.444444,2
1817,3,18,2,1,23.17,0.0,30.43,8.9,5.28,1.15,55.9339,0,1,24.444444,2
1818,3,19,2,1,23.07,0.0,30.99,10.0,7.92,0.73,0.0,0,1,24.444444,2
1819,3,20,2,1,23.24,0.0,30.87,17.3,4.68,2.46,0.0,0,1,24.444444,2
1820,3,21,2,1,23.25,0.0,31.03,17.3,9.36,2.2,0.0,0,1,24.444444,2
1821,3,22,2,1,22.96,0.0,31.66,10.8,3.48,0.39,0.0,0,1,24.444444,2
1822,3,23,2,1,22.89,0.0,31.62,12.9,1.32,0.57,0.0,0,1,24.444444,2
1823,3,24,2,1,22.79,0.0,31.75,10.5,1.08,0.23,0.0,0,1,24.444444,2
1824,3,1,3,1,22.64,0.0,32.11,5.5,0.6,0.0,0.0,0,1,24.444444,2
1825,3,2,3,1,22.59,0.0,32.24,5.3,0.84,0.0,0.0,0,1,24.444444,2
1826,3,3,3,1,22.54,0.0,32.52,3.0,0.36,0.0,0.0,0,1,24.444444,2
1827,3,4,3,1,22.51,0.0,32.66,3.5,0.0,0.0,0.0,0,1,24.444444,2
1828,3,5,3,1,22.51,0.0,32.66,3.9,0.6,0.0,0.0,0,1,24.444444,2
1829,3,6,3,1,22.51,0.0,32.66,5.8,7.92,0.0,0.0,0,1,24.444444,2
1830,3,7,3,1,22.56,0.0,32.32,8.4,21.48,0.0,0.0,0,1,24.444444,2
1831,3,8,3,1,22.77,0.0,31.63,5.3,8.76,0.12,157.04,0,1,24.444444,2
1832,3,9,3,1,23.05,0.0,30.99,5.4,4.8,1.88,420.781,0,1,24.444444,2
1833,3,10,3,1,23.13,0.0,31.07,3.9,6.84,1.93,653.374,0,1,24.444444,2
1834,3,11,3,1,23.13,0.0,31.6,4.1,0.84,1.59,777.847,0,1,24.444444,2
1835,3,12,3,1,23.12,0.0,32.35,4.2,4.32,2.09,833.333,0,1,24.444444,2
1836,3,13,3,1,23.4,0.0,32.72,9.0,4.44,5.23,833.333,0,1,24.444444,2
1837,3,14,3,1,23.65,0.0,33.37,9.8,1.92,8.45,833.333,0,1,24.444444,2
1838,3,15,3,1,23.62,0.0,34.63,3.7,5.64,8.13,823.19,0,1,24.444444,2
1839,3,16,3,1,23.73,0.0,34.91,8.6,1.32,14.3,655.225,0,1,24.444444,2
1840,3,17,3,1,23.75,0.0,35.38,8.5,1.08,14.36,417.347,0,1,24.444444,2
1841,3,18,3,1,23.76,0.0,36.26,10.2,6.0,12.11,143.275,0,1,24.444444,2
1842,3,19,3,1,23.68,0.0,37.54,9.4,7.44,6.08,0.0,0,1,24.444444,2
1843,3,20,3,1,23.59,0.0,38.7,8.8,4.2,4.31,0.0,0,1,24.444444,2
1844,3,21,3,1,23.62,0.0,39.5,12.4,12.96,5.41,0.0,0,1,24.444444,2
1845,3,22,3,1,23.6,0.0,40.21,13.5,3.12,4.87,0.0,0,1,24.444444,2
1846,3,23,3,1,23.16,0.0,42.01,4.9,0.84,0.66,0.0,0,1,24.444444,2
1847,3,24,3,1,22.94,0.0,43.28,4.6,0.72,0.37,0.0,0,1,24.444444,2
1848,3,1,4,1,22.95,0.0,43.87,7.8,0.6,0.81,0.0,0,1,24.444444,2
1849,3,2,4,1,22.79,0.0,44.81,3.9,0.6,0.01,0.0,0,1,24.444444,2
1850,3,3,4,1,22.71,0.0,45.42,3.7,2.52,0.0,0.0,0,1,24.444444,2
1851,3,4,4,1,22.76,0.0,45.7,8.3,0.48,0.35,0.0,0,1,24.444444,2
1852,3,5,4,1,22.66,0.0,46.08,3.3,0.48,0.0,0.0,0,1,24.444444,2
1853,3,6,4,1,22.71,0.0,45.78,8.5,6.0,0.19,0.0,0,1,24.444444,2
1854,3,7,4,1,22.87,0.0,45.41,8.9,7.32,0.39,0.0,0,1,24.444444,2
1855,3,8,4,1,23.28,0.0,44.86,9.6,17.28,4.96,156.809,0,1,24.444444,2
1856,3,9,4,1,23.38,0.0,45.27,7.3,9.48,9.53,400.974,0,1,24.444444,2
1857,3,10,4,1,23.55,0.0,45.46,9.4,1.68,12.2,617.051,0,1,24.444444,2
1858,3,11,4,1,23.68,0.0,45.67,8.1,8.52,11.23,767.289,0,1,24.444444,2
1859,3,12,4,1,23.77,0.0,45.7,7.3,3.24,12.47,825.879,0,1,24.444444,2
1860,3,13,4,1,23.88,0.0,45.07,8.4,6.48,16.9,831.436,0,1,24.444444,2
1861,3,14,4,1,23.99,0.0,44.27,9.6,0.96,21.58,821.133,0,1,24.444444,2
1862,3,15,4,1,24.04,0.0,43.85,9.4,1.68,26.34,708.261,0,1,24.444444,2
1863,3,16,4,1,24.06,0.0,43.38,10.2,4.56,29.75,526.232,0,1,24.444444,2
1864,3,17,4,1,24.07,0.0,43.03,8.2,3.36,26.26,303.941,0,1,24.444444,2
1865,3,18,4,1,24.08,0.0,43.11,9.0,8.16,24.28,89.0808,0,1,24.444444,2
1866,3,19,4,1,24.08,0.0,43.41,9.7,8.28,20.37,0.0,0,1,24.444444,2
1867,3,20,4,1,24.08,0.0,44.12,9.5,7.44,17.36,0.0,0,1,24.444444,2
1868,3,21,4,1,24.07,0.0,45.42,10.8,18.36,16.13,0.0,0,1,24.444444,2
1869,3,22,4,1,24.07,0.0,46.42,11.1,2.4,13.66,0.0,0,1,24.444444,2
1870,3,23,4,1,24.02,0.0,47.5,9.7,1.92,10.17,0.0,0,1,24.444444,2
1871,3,24,4,1,23.91,0.0,49.17,8.1,0.6,7.19,0.0,0,1,24.444444,2
1872,3,1,5,1,23.82,0.0,50.83,8.3,0.84,6.2,0.0,0,1,24.444444,2
1873,3,2,5,1,23.85,0.0,51.75,11.1,0.12,7.61,0.0,0,1,24.444444,2
1874,3,3,5,1,23.77,0.0,52.72,9.8,0.48,6.14,0.0,0,1,24.444444,2
1875,3,4,5,1,23.65,0.0,54.41,8.1,0.12,4.08,0.0,0,1,24.444444,2
1876,3,5,5,1,23.56,0.0,55.76,8.2,1.68,3.67,0.0,0,1,24.444444,2
1877,3,6,5,1,23.53,0.0,56.32,8.7,6.72,3.6,0.0,0,1,24.444444,2
1878,3,7,5,1,23.59,0.0,54.86,8.4,23.4,5.43,0.0,0,1,24.444444,2
1879,3,8,5,1,23.69,0.0,51.28,9.7,12.36,11.11,153.347,0,1,24.444444,2
1880,3,9,5,1,23.71,0.0,48.1,9.2,11.28,13.44,401.678,0,1,24.444444,2
1881,3,10,5,1,23.77,0.0,44.82,10.2,2.76,15.75,609.047,0,1,24.444444,2
1882,3,11,5,1,23.86,0.0,42.23,9.3,1.32,15.63,772.462,0,1,24.444444,2
1883,3,12,5,1,23.93,0.0,40.87,9.2,1.32,15.61,833.333,0,1,24.444444,2
1884,3,13,5,1,23.98,0.0,40.17,9.3,1.2,17.42,833.333,0,1,24.444444,2
1885,3,14,5,1,24.05,0.0,38.79,10.2,1.08,22.32,775.831,0,1,24.444444,2
1886,3,15,5,1,24.07,0.0,37.97,9.4,3.6,26.97,768.007,0,1,24.444444,2
1887,3,16,5,1,24.08,0.0,37.47,8.3,1.56,28.54,568.784,0,1,24.444444,2
1888,3,17,5,1,24.08,0.0,37.1,9.2,3.48,29.71,367.418,0,1,24.444444,2
1889,3,18,5,1,24.08,0.0,37.38,9.5,3.12,26.82,138.195,0,1,24.444444,2
1890,3,19,5,1,24.08,0.0,37.71,9.5,3.0,19.63,0.0,0,1,24.444444,2
1891,3,20,5,1,24.08,0.0,37.95,12.4,2.76,20.61,0.0,0,1,24.444444,2
1892,3,21,5,1,24.08,0.0,38.4,11.6,5.28,17.89,0.0,0,1,24.444444,2
1893,3,22,5,1,24.07,0.0,39.51,10.3,1.44,13.19,0.0,0,1,24.444444,2
1894,3,23,5,1,24.07,0.0,42.07,13.2,1.8,14.1,0.0,0,1,24.444444,2
1895,3,24,5,1,23.96,0.0,45.19,8.3,1.08,7.66,0.0,0,1,24.444444,2
1896,3,1,6,1,23.68,0.0,48.42,4.1,0.36,3.67,0.0,0,1,24.444444,2
1897,3,2,6,1,23.48,0.0,51.7,4.6,1.68,2.98,0.0,0,1,24.444444,2
1898,3,3,6,1,23.3,0.0,53.79,4.0,0.72,1.84,0.0,0,1,24.444444,2
1899,3,4,6,1,23.24,0.0,54.91,5.2,0.72,1.96,0.0,0,1,24.444444,2
1900,3,5,6,1,23.16,0.0,55.95,4.7,1.56,1.42,0.0,0,1,24.444444,2
1901,3,6,6,1,23.26,0.0,55.7,9.7,7.44,2.76,0.0,0,1,24.444444,2
1902,3,7,6,1,23.27,0.0,54.95,9.2,2.64,2.4,0.0,0,1,24.444444,2
1903,3,8,6,1,23.46,0.0,54.15,10.4,7.8,4.62,130.652,0,1,24.444444,2
1904,3,9,6,1,23.64,0.0,53.47,9.4,6.24,9.69,321.393,0,1,24.444444,2
1905,3,10,6,1,23.83,0.0,51.11,12.6,6.12,19.32,539.246,0,1,24.444444,2
1906,3,11,6,1,23.91,0.0,48.28,9.3,9.36,17.12,685.422,0,1,24.444444,2
1907,3,12,6,1,23.95,0.0,46.73,7.7,3.48,16.02,745.621,0,1,24.444444,2
1908,3,13,6,1,24.0,0.0,45.33,7.3,3.36,17.57,754.489,0,1,24.444444,2
1909,3,14,6,1,24.07,0.0,43.06,13.2,2.76,27.04,707.179,0,1,24.444444,2
1910,3,15,6,1,24.08,0.0,41.0,12.4,4.08,28.75,623.862,0,1,24.444444,2
1911,3,16,6,1,24.08,0.0,40.07,7.7,1.92,23.55,465.35,0,1,24.444444,2
1912,3,17,6,1,24.08,0.0,39.86,8.4,3.36,23.59,281.961,0,1,24.444444,2
1913,3,18,6,1,24.08,0.0,40.04,9.4,2.4,21.83,90.5979,0,1,24.444444,2
1914,3,19,6,1,24.08,0.0,40.68,11.3,10.44,19.43,0.0,0,1,24.444444,2
1915,3,20,6,1,24.08,0.0,41.52,10.2,8.28,15.99,0.0,0,1,24.444444,2
1916,3,21,6,1,24.07,0.0,43.04,9.4,8.16,13.11,0.0,0,1,24.444444,2
1917,3,22,6,1,24.05,0.0,45.32,9.3,1.32,11.31,0.0,0,1,24.444444,2
1918,3,23,6,1,24.01,0.0,47.63,8.6,1.56,9.44,0.0,0,1,24.444444,2
1919,3,24,6,1,23.95,0.0,49.69,8.2,2.64,8.22,0.0,0,1,24.444444,2
1920,3,1,7,1,23.64,0.0,52.55,3.1,1.32,3.49,0.0,0,1,24.444444,2
1921,3,2,7,1,23.48,0.0,55.18,3.7,1.32,3.05,0.0,0,1,24.444444,2
1922,3,3,7,1,23.39,0.0,57.03,3.8,0.48,2.7,0.0,0,1,24.444444,2
1923,3,4,7,1,23.32,0.0,58.64,3.5,0.6,2.4,0.0,0,1,24.444444,2
1924,3,5,7,1,23.29,0.0,60.1,4.1,0.84,2.45,0.0,0,1,24.444444,2
1925,3,6,7,1,23.32,0.0,61.03,5.8,1.44,3.13,0.0,0,1,24.444444,2
1926,3,7,7,1,23.4,0.0,61.66,4.1,4.68,3.17,0.0,0,1,24.444444,2
1927,3,8,7,1,23.54,0.0,61.27,5.0,10.44,6.85,141.007,0,1,24.444444,2
1928,3,9,7,1,23.63,0.0,60.28,4.9,7.92,11.33,330.737,0,1,24.444444,2
1929,3,10,7,1,23.67,0.0,59.21,3.6,9.72,12.99,513.829,0,1,24.444444,2
1930,3,11,7,1,23.76,0.0,57.94,4.1,7.8,14.33,656.923,0,1,24.444444,2
1931,3,12,7,1,23.91,0.0,56.25,6.8,3.6,18.07,731.932,0,1,24.444444,2
1932,3,13,7,1,24.05,0.0,53.86,9.2,14.52,22.95,720.24,0,1,24.444444,2
1933,3,14,7,1,24.07,0.0,51.6,10.4,7.68,27.95,650.917,0,1,24.444444,2
1934,3,15,7,1,24.06,0.0,50.51,4.2,13.92,23.62,589.476,0,1,24.444444,2
1935,3,16,7,1,24.07,0.0,50.27,4.9,1.92,26.13,448.249,0,1,24.444444,2
1936,3,17,7,1,24.07,0.0,50.27,8.8,8.28,30.14,270.808,0,1,24.444444,2
1937,3,18,7,1,24.07,0.0,50.52,9.2,9.36,27.09,77.4559,0,1,24.444444,2
1938,3,19,7,1,24.07,0.0,50.77,9.5,4.2,22.99,0.0,0,1,24.444444,2
1939,3,20,7,1,24.07,0.0,51.79,6.9,3.72,17.22,0.0,0,1,24.444444,2
1940,3,21,7,1,24.07,0.0,52.99,10.0,4.2,20.08,0.0,0,1,24.444444,2
1941,3,22,7,1,24.07,0.0,54.45,8.4,2.88,15.79,0.0,0,1,24.444444,2
1942,3,23,7,1,24.02,0.0,56.95,5.4,4.44,10.49,0.0,0,1,24.444444,2
1943,3,24,7,1,23.92,0.0,60.47,3.6,2.16,8.18,0.0,0,1,24.444444,2
1944,3,1,1,1,23.85,0.0,63.58,3.6,2.04,7.73,0.0,0,1,24.444444,2
1945,3,2,1,1,23.95,0.0,64.36,8.1,0.36,12.09,0.0,0,1,24.444444,2
1946,3,3,1,1,23.81,0.0,66.15,3.8,0.84,6.71,0.0,0,1,24.444444,2
1947,3,4,1,1,23.92,0.0,66.9,8.6,2.52,11.91,0.0,0,1,24.444444,2
1948,3,5,1,1,23.75,0.0,68.77,3.1,0.48,5.71,0.0,0,1,24.444444,2
1949,3,6,1,1,23.87,0.0,69.01,8.3,1.68,11.08,0.0,0,1,24.444444,2
1950,3,7,1,1,23.79,0.0,69.81,4.4,5.88,7.58,0.0,0,1,24.444444,2
1951,3,8,1,1,23.79,0.0,70.05,4.8,10.32,9.6,125.327,0,1,24.444444,2
1952,3,9,1,1,23.8,0.0,68.83,4.6,11.04,11.48,258.838,0,1,24.444444,2
1953,3,10,1,1,23.9,0.0,66.03,7.5,26.04,16.55,382.705,0,1,24.444444,2
1954,3,11,1,1,23.98,0.0,63.1,8.7,19.56,19.87,525.51,0,1,24.444444,2
1955,3,12,1,1,24.02,0.0,60.42,6.9,19.08,18.18,605.577,0,1,24.444444,2
1956,3,13,1,1,24.06,0.0,57.61,9.0,7.56,20.63,686.87,0,1,24.444444,2
1957,3,14,1,1,24.07,0.0,54.64,9.0,9.72,20.28,638.318,0,1,24.444444,2
1958,3,15,1,1,24.05,0.0,52.09,5.7,3.96,16.53,548.965,0,1,24.444444,2
1959,3,16,1,1,24.04,0.0,50.3,6.9,3.6,18.21,446.38,0,1,24.444444,2
1960,3,17,1,1,24.07,0.0,48.27,9.8,6.24,18.71,268.199,0,1,24.444444,2
1961,3,18,1,1,24.06,0.0,47.24,9.9,5.64,15.2,87.9959,0,1,24.444444,2
1962,3,19,1,1,24.07,0.0,46.36,14.0,2.28,15.5,0.0,0,1,24.444444,2
1963,3,20,1,1,23.96,0.0,46.36,7.2,6.12,6.91,0.0,0,1,24.444444,2
1964,3,21,1,1,23.89,0.0,46.58,8.6,3.84,7.14,0.0,0,1,24.444444,2
1965,3,22,1,1,23.72,0.0,47.18,7.3,3.36,4.27,0.0,0,1,24.444444,2
1966,3,23,1,1,23.64,0.0,47.27,9.4,3.6,4.19,0.0,0,1,24.444444,2
1967,3,24,1,1,23.6,0.0,46.85,10.2,1.8,3.83,0.0,0,1,24.444444,2
1968,3,1,2,1,23.44,0.0,46.58,8.3,0.24,2.42,0.0,0,1,24.444444,2
1969,3,2,2,1,23.31,0.0,45.58,8.2,1.32,1.9,0.0,0,1,24.444444,2
1970,3,3,2,1,22.97,0.0,45.39,3.3,0.24,0.35,0.0,0,1,24.444444,2
1971,3,4,2,1,22.83,0.0,44.81,4.5,0.48,0.32,0.0,0,1,24.444444,2
1972,3,5,2,1,22.75,0.0,44.57,3.6,0.96,0.07,0.0,0,1,24.444444,2
1973,3,6,2,1,22.84,0.0,44.52,9.0,4.2,0.71,0.0,0,1,24.444444,2
1974,3,7,2,1,22.77,0.0,45.16,4.1,9.72,0.08,0.0,0,1,24.444444,2
1975,3,8,2,1,22.99,0.0,44.48,11.2,9.12,1.08,131.138,0,1,24.444444,2
1976,3,9,2,1,23.08,0.0,43.82,6.5,5.88,0.58,293.685,0,1,24.444444,2
1977,3,10,2,1,23.27,0.0,42.77,8.9,5.76,2.02,444.768,0,1,24.444444,2
1978,3,11,2,1,23.42,0.0,41.7,9.0,1.2,3.14,572.781,0,1,24.444444,2
1979,3,12,2,1,23.52,0.0,40.96,9.5,1.92,4.1,638.365,0,1,24.444444,2
1980,3,13,2,1,23.56,0.0,40.43,8.5,4.32,5.16,698.393,0,1,24.444444,2
1981,3,14,2,1,23.74,0.0,39.77,10.8,2.28,9.59,652.764,0,1,24.444444,2
1982,3,15,2,1,23.83,0.0,39.54,9.0,0.96,10.56,574.505,0,1,24.444444,2
1983,3,16,2,1,23.84,0.0,39.06,8.5,3.6,12.06,471.828,0,1,24.444444,2
1984,3,17,2,1,23.86,0.0,38.44,8.0,1.68,11.74,282.069,0,1,24.444444,2
1985,3,18,2,1,23.86,0.0,38.38,8.0,4.32,9.97,90.9889,0,1,24.444444,2
1986,3,19,2,1,23.83,0.0,38.62,8.8,6.24,7.4,0.0,0,1,24.444444,2
1987,3,20,2,1,23.85,0.0,38.82,10.4,8.04,7.78,0.0,0,1,24.444444,2
1988,3,21,2,1,23.94,0.0,39.14,14.6,12.0,10.34,0.0,0,1,24.444444,2
1989,3,22,2,1,23.81,0.0,40.5,10.4,3.84,5.92,0.0,0,1,24.444444,2
1990,3,23,2,1,23.67,0.0,41.93,9.1,0.72,4.43,0.0,0,1,24.444444,2
1991,3,24,2,1,23.54,0.0,43.37,8.3,1.68,3.07,0.0,0,1,24.444444,2
1992,3,1,3,1,23.12,0.0,45.59,3.6,0.6,0.7,0.0,0,1,24.444444,2
1993,3,2,3,1,22.93,0.0,45.87,3.7,0.6,0.47,0.0,0,1,24.444444,2
1994,3,3,3,1,22.87,0.0,43.91,4.1,1.2,0.35,0.0,0,1,24.444444,2
1995,3,4,3,1,22.81,0.0,41.86,4.3,0.48,0.22,0.0,0,1,24.444444,2
1996,3,5,3,1,22.74,0.0,40.12,3.5,2.4,0.02,0.0,0,1,24.444444,2
1997,3,6,3,1,22.7,0.0,38.09,3.7,9.36,0.0,0.0,0,1,24.444444,2
1998,3,7,3,1,22.98,0.0,36.39,6.9,20.64,0.44,0.0,0,1,24.444444,2
1999,3,8,3,1,23.27,0.0,34.88,6.2,9.84,2.78,175.069,0,1,24.444444,2
2000,3,9,3,1,23.34,0.0,33.12,8.0,6.24,5.96,448.858,0,1,24.444444,2
2001,3,10,3,1,23.32,0.0,31.32,3.7,8.04,3.67,671.788,0,1,24.444444,2
2002,3,11,3,1,23.36,0.0,30.11,3.7,1.56,2.85,824.512,0,1,24.444444,2
2003,3,12,3,1,23.4,0.0,28.85,3.4,1.68,2.87,833.333,0,1,24.444444,2
2004,3,13,3,1,23.74,0.0,27.11,11.0,1.56,8.63,833.333,0,1,24.444444,2
2005,3,14,3,1,23.85,0.0,25.46,9.3,3.36,10.29,833.333,0,1,24.444444,2
2006,3,15,3,1,23.78,0.0,24.05,3.3,3.36,9.41,833.333,0,1,24.444444,2
2007,3,16,3,1,23.86,0.0,22.7,8.2,2.52,15.87,654.15,0,1,24.444444,2
2008,3,17,3,1,23.93,0.0,22.19,8.7,5.64,16.98,429.993,0,1,24.444444,2
2009,3,18,3,1,23.93,0.0,22.21,8.9,3.96,14.2,163.183,0,1,24.444444,2
2010,3,19,3,1,23.88,0.0,22.34,9.6,8.4,8.03,0.0,0,1,24.444444,2
2011,3,20,3,1,23.83,0.0,22.24,10.2,3.24,6.92,0.0,0,1,24.444444,2
2012,3,21,3,1,23.77,0.0,22.21,10.3,4.44,5.52,0.0,0,1,24.444444,2
2013,3,22,3,1,23.57,0.0,22.79,8.5,7.2,3.0,0.0,0,1,24.444444,2
2014,3,23,3,1,23.24,0.0,23.45,5.4,1.68,1.08,0.0,0,1,24.444444,2
2015,3,24,3,1,23.17,0.0,24.07,7.5,2.04,1.23,0.0,0,1,24.444444,2
2016,3,1,4,1,23.1,0.0,24.72,8.0,0.48,0.98,0.0,0,1,24.444444,2
2017,3,2,4,1,22.97,0.0,25.48,7.5,0.48,0.53,0.0,0,1,24.444444,2
2018,3,3,4,1,22.78,0.0,26.14,4.0,0.72,0.0,0.0,0,1,24.444444,2
2019,3,4,4,1,22.78,0.0,26.04,8.0,0.6,0.24,0.0,0,1,24.444444,2
2020,3,5,4,1,22.66,0.0,25.81,3.8,0.84,0.0,0.0,0,1,24.444444,2
2021,3,6,4,1,22.7,0.0,24.69,8.3,6.36,0.09,0.0,0,1,24.444444,2
2022,3,7,4,1,22.75,0.0,23.96,7.5,7.08,0.12,0.0,0,1,24.444444,2
2023,3,8,4,1,22.94,0.0,23.89,8.3,11.16,0.25,162.864,0,1,24.444444,2
2024,3,9,4,1,23.13,0.0,23.97,7.2,10.56,0.5,357.34,0,1,24.444444,2
2025,3,10,4,1,23.36,0.0,23.6,11.9,7.32,3.14,530.368,0,1,24.444444,2
2026,3,11,4,1,23.36,0.0,23.42,8.3,7.08,2.08,647.345,0,1,24.444444,2
2027,3,12,4,1,23.33,0.0,23.46,6.9,2.88,1.83,669.062,0,1,24.444444,2
2028,3,13,4,1,23.47,0.0,23.13,9.0,3.72,3.28,647.62,0,1,24.444444,2
2029,3,14,4,1,23.57,0.0,22.83,10.0,1.08,4.85,617.725,0,1,24.444444,2
2030,3,15,4,1,23.61,0.0,22.9,9.3,2.16,5.24,544.72,0,1,24.444444,2
2031,3,16,4,1,23.61,0.0,23.11,9.0,1.56,5.24,404.429,0,1,24.444444,2
2032,3,17,4,1,23.56,0.0,23.89,7.7,6.72,4.09,231.257,0,1,24.444444,2
2033,3,18,4,1,23.49,0.0,25.17,8.4,5.28,3.45,68.6959,0,1,24.444444,2
2034,3,19,4,1,23.42,0.0,26.57,9.4,6.24,2.5,0.0,0,1,24.444444,2
2035,3,20,4,1,23.42,0.0,27.91,10.4,2.52,2.62,0.0,0,1,24.444444,2
2036,3,21,4,1,23.37,0.0,29.64,9.9,11.52,2.21,0.0,0,1,24.444444,2
2037,3,22,4,1,23.26,0.0,31.61,8.5,1.32,1.39,0.0,0,1,24.444444,2
2038,3,23,4,1,23.28,0.0,33.39,12.0,2.28,2.13,0.0,0,1,24.444444,2
2039,3,24,4,1,23.15,0.0,35.88,8.7,1.56,1.04,0.0,0,1,24.444444,2
2040,3,1,5,1,23.09,0.0,37.86,8.6,0.6,1.03,0.0,0,1,24.444444,2
2041,3,2,5,1,23.03,0.0,39.72,8.3,0.24,0.91,0.0,0,1,24.444444,2
2042,3,3,5,1,23.02,0.0,41.28,9.5,0.6,1.15,0.0,0,1,24.444444,2
2043,3,4,5,1,23.03,0.0,42.56,10.9,0.36,1.44,0.0,0,1,24.444444,2
2044,3,5,5,1,22.94,0.0,43.99,8.0,0.84,0.7,0.0,0,1,24.444444,2
2045,3,6,5,1,22.97,0.0,45.1,10.0,6.36,1.23,0.0,0,1,24.444444,2
2046,3,7,5,1,23.11,0.0,45.77,9.4,17.88,1.62,30.9565,0,1,24.444444,2
2047,3,8,5,1,23.36,0.0,46.2,8.9,7.08,2.76,158.884,0,1,24.444444,2
2048,3,9,5,1,23.54,0.0,46.86,10.5,17.28,6.82,344.409,0,1,24.444444,2
2049,3,10,5,1,23.69,0.0,47.88,11.7,7.68,11.18,509.051,0,1,24.444444,2
2050,3,11,5,1,23.74,0.0,49.19,8.7,3.96,10.1,631.796,0,1,24.444444,2
2051,3,12,5,1,23.82,0.0,49.67,9.8,1.08,12.25,648.937,0,1,24.444444,2
2052,3,13,5,1,23.87,0.0,49.97,8.6,5.88,12.19,594.394,0,1,24.444444,2
2053,3,14,5,1,23.95,0.0,49.51,10.1,0.6,15.16,541.242,0,1,24.444444,2
2054,3,15,5,1,23.99,0.0,49.35,9.4,0.84,15.79,476.734,0,1,24.444444,2
2055,3,16,5,1,23.99,0.0,49.9,7.9,1.8,14.48,349.779,0,1,24.444444,2
2056,3,17,5,1,24.01,0.0,51.23,8.8,20.28,15.19,199.549,0,1,24.444444,2
2057,3,18,5,1,24.04,0.0,52.87,10.3,4.2,15.7,52.7907,0,1,24.444444,2
2058,3,19,5,1,24.03,0.0,54.26,9.8,9.0,13.16,0.0,0,1,24.444444,2
2059,3,20,5,1,24.05,0.0,55.25,12.6,2.16,15.71,0.0,0,1,24.444444,2
2060,3,21,5,1,24.05,0.0,56.11,12.8,10.32,15.18,0.0,0,1,24.444444,2
2061,3,22,5,1,24.05,0.0,56.66,13.2,1.2,15.74,0.0,0,1,24.444444,2
2062,3,23,5,1,24.02,0.0,57.67,10.6,1.08,11.48,0.0,0,1,24.444444,2
2063,3,24,5,1,23.92,0.0,59.98,8.2,1.08,8.32,0.0,0,1,24.444444,2
2064,3,1,6,1,23.86,0.0,62.13,7.8,0.72,7.82,0.0,0,1,24.444444,2
2065,3,2,6,1,23.85,0.0,63.27,9.1,1.68,8.6,0.0,0,1,24.444444,2
2066,3,3,6,1,23.61,0.0,65.88,3.7,0.48,3.94,0.0,0,1,24.444444,2
2067,3,4,6,1,23.66,0.0,67.22,6.3,0.48,6.01,0.0,0,1,24.444444,2
2068,3,5,6,1,23.62,0.0,68.69,5.3,0.96,5.35,0.0,0,1,24.444444,2
2069,3,6,6,1,23.68,0.0,69.33,7.7,4.92,7.55,0.0,0,1,24.444444,2
2070,3,7,6,1,23.74,0.0,68.45,8.9,4.56,9.64,26.8028,0,1,24.444444,2
2071,3,8,6,1,23.81,0.0,67.19,9.0,4.92,11.1,131.031,0,1,24.444444,2
2072,3,9,6,1,23.88,0.0,66.32,9.5,3.6,14.59,264.285,0,1,24.444444,2
2073,3,10,6,1,23.94,0.0,65.34,9.2,4.92,16.92,398.832,0,1,24.444444,2
2074,3,11,6,1,23.95,0.0,64.25,9.0,12.6,15.45,476.56,0,1,24.444444,2
2075,3,12,6,1,23.9,0.0,63.27,7.0,4.44,11.41,557.116,0,1,24.444444,2
2076,3,13,6,1,23.92,0.0,62.06,7.8,3.36,13.96,572.055,0,1,24.444444,2
2077,3,14,6,1,24.01,0.0,60.24,10.6,1.8,18.14,585.581,0,1,24.444444,2
2078,3,15,6,1,24.02,0.0,58.55,9.9,1.08,17.8,520.039,0,1,24.444444,2
2079,3,16,6,1,24.0,0.0,56.84,8.9,1.56,16.37,425.349,0,1,24.444444,2
2080,3,17,6,1,23.97,0.0,56.43,8.0,1.68,12.71,258.88,0,1,24.444444,2
2081,3,18,6,1,23.96,0.0,56.56,8.6,2.4,11.58,86.3497,0,1,24.444444,2
2082,3,19,6,1,23.97,0.0,56.63,11.3,5.76,11.56,0.0,0,1,24.444444,2
2083,3,20,6,1,23.93,0.0,57.2,9.9,3.72,8.94,0.0,0,1,24.444444,2
2084,3,21,6,1,23.86,0.0,58.21,9.3,6.12,7.8,0.0,0,1,24.444444,2
2085,3,22,6,1,23.87,0.0,58.74,11.1,6.72,8.85,0.0,0,1,24.444444,2
2086,3,23,6,1,23.79,0.0,59.68,9.2,1.56,6.67,0.0,0,1,24.444444,2
2087,3,24,6,1,23.69,0.0,61.02,8.0,2.52,5.3,0.0,0,1,24.444444,2
2088,3,1,7,1,23.39,0.0,63.69,3.5,0.72,2.18,0.0,0,1,24.444444,2
2089,3,2,7,1,23.25,0.0,65.49,3.4,1.8,1.82,0.0,0,1,24.444444,2
2090,3,3,7,1,23.17,0.0,66.19,3.2,0.72,1.44,0.0,0,1,24.444444,2
2091,3,4,7,1,23.1,0.0,66.34,3.6,0.36,1.27,0.0,0,1,24.444444,2
2092,3,5,7,1,23.02,0.0,65.81,3.7,0.6,0.97,0.0,0,1,24.444444,2
2093,3,6,7,1,22.93,0.0,65.04,3.5,2.64,0.61,0.0,0,1,24.444444,2
2094,3,7,7,1,22.95,0.0,63.8,3.4,3.0,0.71,30.9545,0,1,24.444444,2
2095,3,8,7,1,23.14,0.0,62.78,4.4,8.04,1.61,150.549,0,1,24.444444,2
2096,3,9,7,1,23.31,0.0,61.63,3.7,14.4,2.16,319.675,0,1,24.444444,2
2097,3,10,7,1,23.49,0.0,59.28,6.0,10.8,5.86,503.391,0,1,24.444444,2
2098,3,11,7,1,23.56,0.0,57.76,4.0,8.76,5.25,642.626,0,1,24.444444,2
2099,3,12,7,1,23.64,0.0,56.67,5.6,5.16,8.22,766.522,0,1,24.444444,2
2100,3,13,7,1,23.87,0.0,54.4,10.7,3.36,15.47,832.761,0,1,24.444444,2
2101,3,14,7,1,24.0,0.0,50.53,10.9,5.88,18.53,773.347,0,1,24.444444,2
2102,3,15,7,1,23.97,0.0,47.81,4.6,6.24,16.23,707.07,0,1,24.444444,2
2103,3,16,7,1,23.98,0.0,45.72,4.5,6.0,18.43,570.923,0,1,24.444444,2
2104,3,17,7,1,24.04,0.0,43.51,9.4,8.04,23.81,375.798,0,1,24.444444,2
2105,3,18,7,1,24.07,0.0,40.99,8.7,9.36,19.88,135.27,0,1,24.444444,2
2106,3,19,7,1,24.07,0.0,39.05,11.7,5.04,16.08,0.0,0,1,24.444444,2
2107,3,20,7,1,23.98,0.0,39.02,5.7,3.0,8.0,0.0,0,1,24.444444,2
2108,3,21,7,1,23.89,0.0,40.03,6.0,4.8,6.76,0.0,0,1,24.444444,2
2109,3,22,7,1,23.71,0.0,41.3,4.9,4.08,4.65,0.0,0,1,24.444444,2
2110,3,23,7,1,23.56,0.0,41.28,6.0,2.28,3.26,0.0,0,1,24.444444,2
2111,3,24,7,1,23.25,0.0,40.64,3.3,1.44,1.27,0.0,0,1,24.444444,2
2112,3,1,1,1,23.13,0.0,39.39,3.4,3.36,1.05,0.0,0,1,24.444444,2
2113,3,2,1,1,23.24,0.0,38.61,8.3,1.08,2.04,0.0,0,1,24.444444,2
2114,3,3,1,1,22.99,0.0,39.51,3.7,0.36,0.39,0.0,0,1,24.444444,2
2115,3,4,1,1,23.0,0.0,39.72,8.3,1.44,0.99,0.0,0,1,24.444444,2
2116,3,5,1,1,22.83,0.0,40.18,3.3,1.56,0.06,0.0,0,1,24.444444,2
2117,3,6,1,1,22.88,0.0,39.59,8.5,1.44,0.64,0.0,0,1,24.444444,2
2118,3,7,1,1,22.84,0.0,39.09,4.0,2.16,0.06,34.7279,0,1,24.444444,2
2119,3,8,1,1,22.93,0.0,38.13,3.7,13.68,0.09,169.273,0,1,24.444444,2
2120,3,9,1,1,23.12,0.0,36.75,3.9,15.96,0.49,361.106,0,1,24.444444,2
2121,3,10,1,1,23.25,0.0,35.93,4.1,23.4,1.53,524.706,0,1,24.444444,2
2122,3,11,1,1,23.48,0.0,34.9,8.7,19.32,4.26,668.921,0,1,24.444444,2
2123,3,12,1,1,23.48,0.0,34.12,4.4,21.96,2.75,771.628,0,1,24.444444,2
2124,3,13,1,1,23.66,0.0,32.38,8.9,5.76,6.87,789.507,0,1,24.444444,2
2125,3,14,1,1,23.81,0.0,31.17,8.9,6.6,9.88,757.466,0,1,24.444444,2
2126,3,15,1,1,23.86,0.0,30.6,5.0,5.64,11.77,711.357,0,1,24.444444,2
2127,3,16,1,1,23.89,0.0,30.14,5.0,3.72,15.21,553.431,0,1,24.444444,2
2128,3,17,1,1,24.0,0.0,30.02,9.7,5.28,20.03,364.357,0,1,24.444444,2
2129,3,18,1,1,24.04,0.0,30.45,9.3,5.4,17.67,131.158,0,1,24.444444,2
2130,3,19,1,1,24.07,0.0,30.79,13.9,7.44,16.75,0.0,0,1,24.444444,2
2131,3,20,1,1,24.03,0.0,31.2,8.3,6.96,9.72,0.0,0,1,24.444444,2
2132,3,21,1,1,23.99,0.0,32.09,9.5,6.48,8.67,0.0,0,1,24.444444,2
2133,3,22,1,1,23.68,0.0,34.44,4.4,3.72,3.5,0.0,0,1,24.444444,2
2134,3,23,1,1,23.55,0.0,36.14,6.6,0.84,3.42,0.0,0,1,24.444444,2
2135,3,24,1,1,23.48,0.0,37.97,7.6,0.6,2.87,0.0,0,1,24.444444,2
2136,3,1,2,1,23.52,0.0,39.35,10.9,0.96,3.42,0.0,0,1,24.444444,2
2137,3,2,2,1,23.38,0.0,40.46,10.0,0.36,2.07,0.0,0,1,24.444444,2
2138,3,3,2,1,22.93,0.0,42.19,3.7,0.36,0.19,0.0,0,1,24.444444,2
2139,3,4,2,1,22.76,0.0,43.04,3.1,0.48,0.0,0.0,0,1,24.444444,2
2140,3,5,2,1,22.73,0.0,43.33,4.6,1.08,0.01,0.0,0,1,24.444444,2
2141,3,6,2,1,22.82,0.0,42.9,10.6,6.36,0.67,0.0,0,1,24.444444,2
2142,3,7,2,1,22.97,0.0,42.76,4.5,14.88,0.3,27.1493,0,1,24.444444,2
2143,3,8,2,1,23.38,0.0,42.23,9.5,11.28,6.99,185.817,0,1,24.444444,2
2144,3,9,2,1,23.47,0.0,41.48,9.4,5.16,10.46,456.343,0,1,24.444444,2
2145,3,10,2,1,23.65,0.0,39.88,12.4,1.92,12.93,659.243,0,1,24.444444,2
2146,3,11,2,1,23.77,0.0,38.46,11.1,2.16,11.7,793.92,0,1,24.444444,2
2147,3,12,2,1,23.78,0.0,38.03,6.9,3.24,9.23,833.333,0,1,24.444444,2
2148,3,13,2,1,23.88,0.0,38.25,8.9,3.6,13.18,833.333,0,1,24.444444,2
2149,3,14,2,1,24.02,0.0,38.86,10.7,3.24,18.42,833.333,0,1,24.444444,2
2150,3,15,2,1,24.05,0.0,39.76,9.1,2.4,22.28,801.67,0,1,24.444444,2
2151,3,16,2,1,24.07,0.0,40.0,9.1,3.0,26.23,627.814,0,1,24.444444,2
2152,3,17,2,1,24.07,0.0,40.32,9.1,1.08,28.75,476.468,0,1,24.444444,2
2153,3,18,2,1,24.08,0.0,41.12,8.1,5.4,24.7,185.036,0,1,24.444444,2
2154,3,19,2,1,24.08,0.0,42.08,10.5,6.24,17.96,0.0,0,1,24.444444,2
2155,3,20,2,1,24.08,0.0,42.49,15.7,6.36,22.04,0.0,0,1,24.444444,2
2156,3,21,2,1,24.07,0.0,42.98,14.8,7.32,18.88,0.0,0,1,24.444444,2
2157,3,22,2,1,24.07,0.0,44.28,12.4,6.24,14.07,0.0,0,1,24.444444,2
2158,3,23,2,1,24.02,0.0,46.28,9.3,1.32,9.29,0.0,0,1,24.444444,2
2159,3,24,2,1,23.94,0.0,48.43,8.6,0.84,7.49,0.0,0,1,24.444444,2
2160,4,1,3,1,23.6,0.0,51.43,3.5,0.48,3.21,0.0,0,1,24.444444,2
2161,4,2,3,1,23.44,0.0,54.36,3.7,0.96,2.83,0.0,0,1,24.444444,2
2162,4,3,3,1,23.3,0.0,57.43,3.2,0.72,2.23,0.0,0,1,24.444444,2
2163,4,4,3,1,23.24,0.0,60.01,3.4,5.16,2.0,0.0,0,1,24.444444,2
2164,4,5,3,1,23.2,0.0,61.93,3.5,9.72,1.79,0.0,0,1,24.444444,2
2165,4,6,3,1,23.17,0.0,63.18,3.5,2.28,1.77,0.0,0,1,24.444444,2
2166,4,7,3,1,23.52,0.0,61.59,6.6,22.32,7.78,24.5658,0,1,24.444444,2
2167,4,8,3,1,23.59,0.0,60.46,5.2,7.68,11.73,179.767,0,1,24.444444,2
2168,4,9,3,1,23.63,0.0,58.82,4.9,6.72,13.89,397.689,0,1,24.444444,2
2169,4,10,3,1,23.67,0.0,58.01,3.5,2.52,13.87,572.741,0,1,24.444444,2
2170,4,11,3,1,23.74,0.0,57.59,3.4,1.92,13.48,673.044,0,1,24.444444,2
2171,4,12,3,1,23.83,0.0,56.97,3.9,2.4,14.85,724.126,0,1,24.444444,2
2172,4,13,3,1,24.03,0.0,54.92,9.6,3.6,23.75,757.653,0,1,24.444444,2
2173,4,14,3,1,24.07,0.0,52.74,10.1,2.04,28.86,732.796,0,1,24.444444,2
2174,4,15,3,1,24.07,0.0,51.23,9.0,9.0,30.76,635.67,0,1,24.444444,2
2175,4,16,3,1,24.07,0.0,50.38,7.9,3.0,29.99,483.176,0,1,24.444444,2
2176,4,17,3,1,24.07,0.0,50.12,9.3,3.24,30.71,293.383,0,1,24.444444,2
2177,4,18,3,1,24.07,0.0,50.52,8.1,5.4,26.1,108.31,0,1,24.444444,2
2178,4,19,3,1,24.07,0.0,51.94,6.8,4.56,18.37,0.0,0,1,24.444444,2
2179,4,20,3,1,24.07,0.0,53.16,6.9,5.76,16.38,0.0,0,1,24.444444,2
2180,4,21,3,1,24.07,0.0,53.51,11.7,9.84,21.23,0.0,0,1,24.444444,2
2181,4,22,3,1,24.06,0.0,54.56,7.6,3.84,13.13,0.0,0,1,24.444444,2
2182,4,23,3,1,23.96,0.0,57.16,4.5,1.08,8.27,0.0,0,1,24.444444,2
2183,4,24,3,1,23.8,0.0,59.83,3.3,0.96,6.1,0.0,0,1,24.444444,2
2184,4,1,4,1,23.71,0.0,61.85,3.8,0.6,5.58,0.0,0,1,24.444444,2
2185,4,2,4,1,23.66,0.0,63.72,4.2,0.72,5.22,0.0,0,1,24.444444,2
2186,4,3,4,1,23.61,0.0,65.93,3.7,0.36,4.84,0.0,0,1,24.444444,2
2187,4,4,4,1,23.59,0.0,68.01,3.8,0.24,5.0,0.0,0,1,24.444444,2
2188,4,5,4,1,23.55,0.0,70.12,3.5,1.32,4.51,0.0,0,1,24.444444,2
2189,4,6,4,1,23.49,0.0,71.94,2.9,7.2,4.07,0.0,0,1,24.444444,2
2190,4,7,4,1,23.75,0.0,69.89,8.4,16.56,14.1,36.927,0,1,24.444444,2
2191,4,8,4,1,23.83,0.0,67.23,8.6,10.92,17.73,167.392,0,1,24.444444,2
2192,4,9,4,1,23.93,0.0,64.48,10.7,3.6,23.38,345.612,0,1,24.444444,2
2193,4,10,4,1,24.0,0.0,61.98,8.5,6.84,23.92,531.059,0,1,24.444444,2
2194,4,11,4,1,24.05,0.0,60.51,8.1,2.4,25.24,658.784,0,1,24.444444,2
2195,4,12,4,1,24.07,0.0,58.39,12.1,5.52,33.69,738.507,0,1,24.444444,2
2196,4,13,4,1,24.07,0.0,56.48,8.6,1.56,30.4,731.647,0,1,24.444444,2
2197,4,14,4,1,24.07,0.0,54.41,9.6,0.72,34.96,698.139,0,1,24.444444,2
2198,4,15,4,1,24.07,0.0,52.9,9.7,2.04,37.21,596.72,0,1,24.444444,2
2199,4,16,4,1,24.07,0.0,52.02,7.5,1.56,34.77,481.177,0,1,24.444444,2
2200,4,17,4,1,24.07,0.0,51.69,7.3,1.8,33.95,294.703,0,1,24.444444,2
2201,4,18,4,1,24.07,0.0,51.12,9.1,4.56,33.87,117.076,0,1,24.444444,2
2202,4,19,4,1,24.07,0.0,51.33,11.6,2.4,30.19,0.0,0,1,24.444444,2
2203,4,20,4,1,24.07,0.0,52.47,10.7,5.4,26.75,0.0,0,1,24.444444,2
2204,4,21,4,1,24.07,0.0,54.3,10.3,2.52,24.47,0.0,0,1,24.444444,2
2205,4,22,4,1,24.07,0.0,55.91,10.2,3.72,22.35,0.0,0,1,24.444444,2
2206,4,23,4,1,24.07,0.0,57.81,7.6,0.72,16.81,0.0,0,1,24.444444,2
2207,4,24,4,1,24.07,0.0,59.78,7.7,0.6,15.8,0.0,0,1,24.444444,2
2208,4,1,5,1,23.99,0.0,62.51,3.9,2.28,9.55,0.0,0,1,24.444444,2
2209,4,2,5,1,24.03,0.0,64.02,8.4,1.68,15.09,0.0,0,1,24.444444,2
2210,4,3,5,1,24.04,0.0,64.37,9.5,1.08,15.92,0.0,0,1,24.444444,2
2211,4,4,5,1,24.02,0.0,65.68,7.8,0.48,12.53,0.0,0,1,24.444444,2
2212,4,5,5,1,23.85,0.0,69.01,3.3,2.64,7.04,0.0,0,1,24.444444,2
2213,4,6,5,1,23.98,0.0,68.58,9.5,3.96,15.16,0.0,0,1,24.444444,2
2214,4,7,5,1,24.01,0.0,66.18,10.1,23.76,24.49,28.74,0,1,24.444444,2
2215,4,8,5,1,24.02,0.0,64.1,9.7,9.72,26.31,180.984,0,1,24.444444,2
2216,4,9,5,1,24.05,0.0,61.71,12.6,3.6,33.04,402.35,0,1,24.444444,2
2217,4,10,5,1,24.06,0.0,60.18,8.5,8.88,28.66,577.745,0,1,24.444444,2
2218,4,11,5,1,24.07,0.0,58.75,8.4,5.88,28.95,704.363,0,1,24.444444,2
2219,4,12,5,1,24.07,0.0,57.15,8.6,1.92,29.94,751.604,0,1,24.444444,2
2220,4,13,5,1,24.07,0.0,56.03,8.9,1.08,32.37,755.287,0,1,24.444444,2
2221,4,14,5,1,24.07,0.0,54.65,10.2,3.24,37.0,709.745,0,1,24.444444,2
2222,4,15,5,1,24.07,0.0,53.73,9.0,3.96,37.32,619.514,0,1,24.444444,2
2223,4,16,5,1,24.07,0.0,53.16,8.4,2.52,36.35,471.878,0,1,24.444444,2
2224,4,17,5,1,24.07,0.0,52.89,8.9,1.68,35.73,287.813,0,1,24.444444,2
2225,4,18,5,1,24.07,0.0,53.27,10.1,4.2,34.99,112.517,0,1,24.444444,2
2226,4,19,5,1,24.07,0.0,54.15,9.2,6.24,27.03,0.0,0,1,24.444444,2
2227,4,20,5,1,24.07,0.0,54.92,10.9,1.68,27.43,0.0,0,1,24.444444,2
2228,4,21,5,1,24.07,0.0,55.76,9.5,3.72,23.79,0.0,0,1,24.444444,2
2229,4,22,5,1,24.07,0.0,56.33,13.1,2.04,27.78,0.0,0,1,24.444444,2
2230,4,23,5,1,24.07,0.0,58.21,5.5,1.08,14.9,0.0,0,1,24.444444,2
2231,4,24,5,1,24.07,0.0,60.27,10.0,0.84,21.23,0.0,0,1,24.444444,2
2232,4,1,6,1,24.02,0.0,62.9,4.0,0.6,11.05,0.0,0,1,24.444444,2
2233,4,2,6,1,24.04,0.0,64.87,7.9,0.24,15.94,0.0,0,1,24.444444,2
2234,4,3,6,1,23.94,0.0,67.18,3.2,0.6,8.87,0.0,0,1,24.444444,2
2235,4,4,6,1,24.01,0.0,68.18,7.8,0.72,14.95,0.0,0,1,24.444444,2
2236,4,5,6,1,23.91,0.0,69.89,3.6,1.08,8.67,0.0,0,1,24.444444,2
2237,4,6,6,1,23.98,0.0,70.28,8.1,7.44,14.54,0.0,0,1,24.444444,2
2238,4,7,6,1,23.99,0.0,69.09,7.3,17.76,18.67,40.6886,0,1,24.444444,2
2239,4,8,6,1,24.01,0.0,67.32,8.2,7.56,23.47,170.26,0,1,24.444444,2
2240,4,9,6,1,24.04,0.0,65.15,8.6,5.04,26.46,336.14,0,1,24.444444,2
2241,4,10,6,1,24.04,0.0,63.39,4.6,4.32,23.37,495.993,0,1,24.444444,2
2242,4,11,6,1,24.06,0.0,61.08,9.4,3.48,27.29,617.514,0,1,24.444444,2
2243,4,12,6,1,24.07,0.0,58.67,8.7,6.84,23.33,619.405,0,1,24.444444,2
2244,4,13,6,1,24.07,0.0,56.78,9.9,1.44,29.47,652.247,0,1,24.444444,2
2245,4,14,6,1,24.07,0.0,54.71,12.1,5.28,35.78,701.199,0,1,24.444444,2
2246,4,15,6,1,24.07,0.0,52.95,10.2,1.8,35.25,619.144,0,1,24.444444,2
2247,4,16,6,1,24.07,0.0,50.8,11.6,4.68,37.14,454.332,0,1,24.444444,2
2248,4,17,6,1,24.07,0.0,49.75,11.1,4.2,35.77,300.117,0,1,24.444444,2
2249,4,18,6,1,24.07,0.0,49.66,9.6,1.92,31.43,113.463,0,1,24.444444,2
2250,4,19,6,1,24.07,0.0,50.34,8.9,19.32,24.71,0.0,0,1,24.444444,2
2251,4,20,6,1,24.07,0.0,51.74,10.3,6.0,24.83,0.0,0,1,24.444444,2
2252,4,21,6,1,24.07,0.0,53.37,9.3,3.36,22.1,0.0,0,1,24.444444,2
2253,4,22,6,1,24.07,0.0,55.48,8.1,3.0,19.51,0.0,0,1,24.444444,2
2254,4,23,6,1,24.07,0.0,57.48,6.0,0.6,14.71,0.0,0,1,24.444444,2
2255,4,24,6,1,24.03,0.0,59.63,4.7,0.12,11.45,0.0,0,1,24.444444,2
2256,4,1,7,1,23.96,0.0,61.05,3.7,3.36,8.94,0.0,0,1,24.444444,2
2257,4,2,7,1,23.87,0.0,61.57,3.6,1.2,7.44,0.0,0,1,24.444444,2
2258,4,3,7,1,23.76,0.0,61.33,3.5,2.88,5.95,0.0,0,1,24.444444,2
2259,4,4,7,1,23.65,0.0,60.93,3.5,0.72,4.58,0.0,0,1,24.444444,2
2260,4,5,7,1,23.53,0.0,59.34,3.5,0.48,3.54,0.0,0,1,24.444444,2
2261,4,6,7,1,23.41,0.0,56.82,3.2,6.84,2.75,0.0,0,1,24.444444,2
2262,4,7,7,1,23.45,0.0,53.7,3.2,3.24,3.05,28.7669,0,1,24.444444,2
2263,4,8,7,1,23.58,0.0,50.84,5.6,4.92,5.15,160.508,0,1,24.444444,2
2264,4,9,7,1,23.65,0.0,47.53,6.0,19.56,6.25,306.783,0,1,24.444444,2
2265,4,10,7,1,23.67,0.0,44.86,5.1,3.0,6.26,446.794,0,1,24.444444,2
2266,4,11,7,1,23.66,0.0,43.27,3.8,4.92,5.45,545.74,0,1,24.444444,2
2267,4,12,7,1,23.69,0.0,42.38,4.9,5.04,6.85,646.98,0,1,24.444444,2
2268,4,13,7,1,23.7,0.0,41.8,4.3,3.6,6.98,640.69,0,1,24.444444,2
2269,4,14,7,1,23.91,0.0,40.46,10.8,9.24,13.55,589.856,0,1,24.444444,2
2270,4,15,7,1,23.84,0.0,40.32,4.1,14.04,8.87,504.424,0,1,24.444444,2
2271,4,16,7,1,23.76,0.0,41.02,3.8,6.72,6.85,355.61,0,1,24.444444,2
2272,4,17,7,1,23.65,0.0,42.51,4.0,10.32,5.55,220.138,0,1,24.444444,2
2273,4,18,7,1,23.56,0.0,44.46,3.8,6.24,4.66,71.4472,0,1,24.444444,2
2274,4,19,7,1,23.55,0.0,46.97,6.1,7.08,4.44,0.0,0,1,24.444444,2
2275,4,20,7,1,23.47,0.0,50.13,5.0,6.0,3.19,0.0,0,1,24.444444,2
2276,4,21,7,1,23.44,0.0,52.34,6.1,5.28,3.28,0.0,0,1,24.444444,2
2277,4,22,7,1,23.32,0.0,53.9,4.4,2.16,2.1,0.0,0,1,24.444444,2
2278,4,23,7,1,23.29,0.0,55.22,4.8,2.16,2.26,0.0,0,1,24.444444,2
2279,4,24,7,1,23.34,0.0,56.55,6.6,0.48,3.16,0.0,0,1,24.444444,2
2280,4,1,1,1,23.29,0.0,59.13,4.8,1.08,2.36,0.0,0,1,24.444444,2
2281,4,2,1,1,23.22,0.0,63.08,3.2,0.84,1.75,0.0,0,1,24.444444,2
2282,4,3,1,1,23.21,0.0,66.7,3.3,0.12,2.05,0.0,0,1,24.444444,2
2283,4,4,1,1,23.22,0.0,69.72,3.5,0.24,2.48,0.0,0,1,24.444444,2
2284,4,5,1,1,23.26,0.0,71.9,4.8,1.08,3.41,0.0,0,1,24.444444,2
2285,4,6,1,1,23.23,0.0,73.51,3.7,2.04,2.56,0.0,0,1,24.444444,2
2286,4,7,1,1,23.24,0.0,73.32,3.8,1.44,2.34,28.0764,0,1,24.444444,2
2287,4,8,1,1,23.21,0.0,71.49,3.9,6.24,1.72,142.936,0,1,24.444444,2
2288,4,9,1,1,23.29,0.0,68.33,4.6,11.04,2.6,255.381,0,1,24.444444,2
2289,4,10,1,1,23.42,0.0,65.95,3.5,7.56,3.81,403.23,0,1,24.444444,2
2290,4,11,1,1,23.63,0.0,63.24,8.2,5.64,9.8,491.948,0,1,24.444444,2
2291,4,12,1,1,23.63,0.0,62.14,4.6,1.68,7.56,570.404,0,1,24.444444,2
2292,4,13,1,1,23.67,0.0,61.54,4.5,4.32,8.99,570.577,0,1,24.444444,2
2293,4,14,1,1,23.91,0.0,59.68,9.2,6.0,17.42,551.081,0,1,24.444444,2
2294,4,15,1,1,23.94,0.0,59.15,4.8,3.72,15.9,505.017,0,1,24.444444,2
2295,4,16,1,1,23.97,0.0,59.61,4.9,3.12,19.34,399.292,0,1,24.444444,2
2296,4,17,1,1,24.02,0.0,60.34,6.5,5.76,23.92,252.702,0,1,24.444444,2
2297,4,18,1,1,24.07,0.0,61.53,9.0,7.2,28.2,98.2624,0,1,24.444444,2
2298,4,19,1,1,24.07,0.0,63.33,6.8,2.64,21.15,0.0,0,1,24.444444,2
2299,4,20,1,1,24.07,0.0,63.36,12.5,2.76,30.32,0.0,0,1,24.444444,2
2300,4,21,1,1,24.07,0.0,63.08,10.5,8.4,26.36,0.0,0,1,24.444444,2
2301,4,22,1,1,24.06,0.0,65.27,4.6,2.16,15.95,0.0,0,1,24.444444,2
2302,4,23,1,1,24.04,0.0,68.36,3.8,2.76,14.28,0.0,0,1,24.444444,2
2303,4,24,1,1,24.03,0.0,70.66,4.8,0.6,15.42,0.0,0,1,24.444444,2
2304,4,1,2,1,24.0,0.0,73.22,3.3,1.68,12.92,0.0,0,1,24.444444,2
2305,4,2,2,1,23.97,0.0,74.88,3.3,2.88,12.23,0.0,0,1,24.444444,2
2306,4,3,2,1,23.95,0.0,75.64,3.5,0.6,11.9,0.0,0,1,24.444444,2
2307,4,4,2,1,23.93,0.0,75.95,3.3,1.2,11.26,0.0,0,1,24.444444,2
2308,4,5,2,1,23.92,0.0,75.78,4.0,0.96,11.53,0.0,0,1,24.444444,2
2309,4,6,2,1,23.85,0.0,76.14,3.4,7.32,9.37,0.0,0,1,24.444444,2
2310,4,7,2,1,23.84,0.0,73.81,4.1,19.92,11.32,30.8507,0,1,24.444444,2
2311,4,8,2,1,23.81,0.0,70.44,4.4,8.52,10.45,159.524,0,1,24.444444,2
2312,4,9,2,1,23.76,0.0,66.7,4.1,5.76,10.05,308.779,0,1,24.444444,2
2313,4,10,2,1,23.81,0.0,62.32,7.0,3.72,14.26,468.155,0,1,24.444444,2
2314,4,11,2,1,23.85,0.0,58.81,6.4,2.76,12.8,613.036,0,1,24.444444,2
2315,4,12,2,1,23.81,0.0,56.12,3.5,1.8,9.62,728.755,0,1,24.444444,2
2316,4,13,2,1,23.96,0.0,52.79,9.7,3.12,17.51,734.483,0,1,24.444444,2
2317,4,14,2,1,24.07,0.0,49.04,12.7,2.52,23.15,704.325,0,1,24.444444,2
2318,4,15,2,1,24.07,0.0,46.36,9.4,3.48,21.95,564.054,0,1,24.444444,2
2319,4,16,2,1,24.04,0.0,45.34,4.5,1.2,17.82,440.103,0,1,24.444444,2
2320,4,17,2,1,24.04,0.0,45.31,4.4,4.68,17.28,279.954,0,1,24.444444,2
2321,4,18,2,1,24.07,0.0,45.21,8.6,2.4,19.69,85.7957,0,1,24.444444,2
2322,4,19,2,1,24.08,0.0,45.44,9.6,2.88,16.87,0.0,0,1,24.444444,2
2323,4,20,2,1,24.08,0.0,45.98,9.9,10.2,15.26,0.0,0,1,24.444444,2
2324,4,21,2,1,24.07,0.0,46.46,9.9,5.04,13.94,0.0,0,1,24.444444,2
2325,4,22,2,1,24.07,0.0,46.39,12.2,3.84,14.99,0.0,0,1,24.444444,2
2326,4,23,2,1,23.84,0.0,47.35,5.0,1.08,4.88,0.0,0,1,24.444444,2
2327,4,24,2,1,23.73,0.0,47.63,8.0,0.24,5.41,0.0,0,1,24.444444,2
2328,4,1,3,1,23.42,0.0,48.27,3.2,1.8,2.11,0.0,0,1,24.444444,2
2329,4,2,3,1,23.26,0.0,48.75,4.2,0.48,1.77,0.0,0,1,24.444444,2
2330,4,3,3,1,23.13,0.0,49.21,3.5,0.24,1.04,0.0,0,1,24.444444,2
2331,4,4,3,1,23.01,0.0,49.93,3.1,1.2,0.69,0.0,0,1,24.444444,2
2332,4,5,3,1,22.95,0.0,50.5,3.9,2.04,0.66,0.0,0,1,24.444444,2
2333,4,6,3,1,22.92,0.0,50.84,4.0,4.2,0.56,0.0,0,1,24.444444,2
2334,4,7,3,1,23.23,0.0,50.18,6.2,21.12,1.76,39.1879,0,1,24.444444,2
2335,4,8,3,1,23.38,0.0,49.74,5.0,6.84,3.19,189.165,0,1,24.444444,2
2336,4,9,3,1,23.45,0.0,48.62,5.2,11.16,6.2,399.76,0,1,24.444444,2
2337,4,10,3,1,23.48,0.0,47.3,3.4,4.56,5.89,604.143,0,1,24.444444,2
2338,4,11,3,1,23.56,0.0,45.9,3.8,0.96,5.14,740.023,0,1,24.444444,2
2339,4,12,3,1,23.62,0.0,44.8,3.6,2.88,5.43,833.333,0,1,24.444444,2
2340,4,13,3,1,23.81,0.0,43.59,10.5,3.12,11.45,833.333,0,1,24.444444,2
2341,4,14,3,1,23.87,0.0,42.22,9.8,2.52,10.61,757.683,0,1,24.444444,2
2342,4,15,3,1,23.88,0.0,40.99,9.1,13.44,11.41,641.739,0,1,24.444444,2
2343,4,16,3,1,23.87,0.0,40.63,7.9,2.52,11.7,497.993,0,1,24.444444,2
2344,4,17,3,1,23.9,0.0,40.23,10.2,4.32,13.18,340.698,0,1,24.444444,2
2345,4,18,3,1,23.8,0.0,40.11,7.7,2.76,8.77,126.473,0,1,24.444444,2
2346,4,19,3,1,23.65,0.0,40.96,7.4,4.92,4.38,0.0,0,1,24.444444,2
2347,4,20,3,1,23.68,0.0,40.87,11.4,3.48,5.86,0.0,0,1,24.444444,2
2348,4,21,3,1,23.62,0.0,40.65,10.3,5.28,4.37,0.0,0,1,24.444444,2
2349,4,22,3,1,23.54,0.0,40.22,10.4,2.04,3.32,0.0,0,1,24.444444,2
2350,4,23,3,1,23.23,0.0,40.35,6.0,0.72,1.11,0.0,0,1,24.444444,2
2351,4,24,3,1,23.02,0.0,40.4,4.8,0.72,0.56,0.0,0,1,24.444444,2
2352,4,1,4,1,22.89,0.0,40.24,3.6,0.72,0.23,0.0,0,1,24.444444,2
2353,4,2,4,1,23.01,0.0,39.69,9.1,0.6,1.11,0.0,0,1,24.444444,2
2354,4,3,4,1,22.81,0.0,40.33,3.7,0.36,0.02,0.0,0,1,24.444444,2
2355,4,4,4,1,22.7,0.0,40.76,3.8,0.24,0.0,0.0,0,1,24.444444,2
2356,4,5,4,1,22.64,0.0,41.06,3.3,0.72,0.0,0.0,0,1,24.444444,2
2357,4,6,4,1,22.62,0.0,41.09,3.9,4.2,0.0,0.0,0,1,24.444444,2
2358,4,7,4,1,23.14,0.0,39.9,8.0,20.88,2.59,9.98814,0,1,24.444444,2
2359,4,8,4,1,23.3,0.0,39.59,8.8,12.12,8.39,222.74,0,1,24.444444,2
2360,4,9,4,1,23.37,0.0,39.18,8.6,6.0,8.95,483.258,0,1,24.444444,2
2361,4,10,4,1,23.43,0.0,38.68,7.3,4.8,7.52,676.146,0,1,24.444444,2
2362,4,11,4,1,23.57,0.0,37.88,8.0,1.32,6.88,789.503,0,1,24.444444,2
2363,4,12,4,1,23.75,0.0,36.74,10.6,7.68,9.91,833.333,0,1,24.444444,2
2364,4,13,4,1,23.83,0.0,35.77,9.0,1.44,10.71,833.333,0,1,24.444444,2
2365,4,14,4,1,23.93,0.0,34.74,9.8,5.04,13.95,833.333,0,1,24.444444,2
2366,4,15,4,1,24.03,0.0,33.63,9.7,2.64,19.27,787.353,0,1,24.444444,2
2367,4,16,4,1,24.04,0.0,32.94,7.8,3.12,22.25,654.029,0,1,24.444444,2
2368,4,17,4,1,24.05,0.0,32.94,8.1,0.96,25.63,470.224,0,1,24.444444,2
2369,4,18,4,1,24.07,0.0,33.38,9.6,9.84,26.39,209.779,0,1,24.444444,2
2370,4,19,4,1,24.08,0.0,33.83,10.1,8.64,15.62,0.0,0,1,24.444444,2
2371,4,20,4,1,24.07,0.0,34.44,9.4,9.84,12.13,0.0,0,1,24.444444,2
2372,4,21,4,1,24.07,0.0,34.98,11.2,6.12,12.22,0.0,0,1,24.444444,2
2373,4,22,4,1,24.04,0.0,35.54,9.8,1.08,9.38,0.0,0,1,24.444444,2
2374,4,23,4,1,24.07,0.0,36.4,17.0,0.84,14.77,0.0,0,1,24.444444,2
2375,4,24,4,1,23.81,0.0,38.51,7.3,0.72,4.31,0.0,0,1,24.444444,2
2376,4,1,5,1,23.37,0.0,41.14,4.2,0.72,1.69,0.0,0,1,24.444444,2
2377,4,2,5,1,23.39,0.0,42.21,8.6,0.48,2.72,0.0,0,1,24.444444,2
2378,4,3,5,1,23.32,0.0,43.37,8.4,1.2,2.09,0.0,0,1,24.444444,2
2379,4,4,5,1,23.16,0.0,44.37,7.6,1.32,1.41,0.0,0,1,24.444444,2
2380,4,5,5,1,22.92,0.0,45.57,4.2,1.8,0.38,0.0,0,1,24.444444,2
2381,4,6,5,1,22.99,0.0,45.82,8.7,13.08,1.14,0.0,0,1,24.444444,2
2382,4,7,5,1,23.43,0.0,44.92,8.2,16.8,6.69,11.0029,0,1,24.444444,2
2383,4,8,5,1,23.51,0.0,44.55,9.7,6.0,12.13,209.198,0,1,24.444444,2
2384,4,9,5,1,23.58,0.0,43.9,8.4,6.72,13.08,465.228,0,1,24.444444,2
2385,4,10,5,1,23.64,0.0,43.13,7.8,5.4,12.47,668.298,0,1,24.444444,2
2386,4,11,5,1,23.77,0.0,41.61,10.2,5.16,13.61,814.984,0,1,24.444444,2
2387,4,12,5,1,23.85,0.0,39.74,8.3,1.44,12.42,833.333,0,1,24.444444,2
2388,4,13,5,1,23.94,0.0,39.49,9.4,3.24,15.23,833.333,0,1,24.444444,2
2389,4,14,5,1,24.05,0.0,39.62,11.3,3.96,20.47,833.333,0,1,24.444444,2
2390,4,15,5,1,24.06,0.0,39.92,9.0,1.2,22.32,741.055,0,1,24.444444,2
2391,4,16,5,1,24.07,0.0,39.97,8.2,1.08,23.52,565.84,0,1,24.444444,2
2392,4,17,5,1,24.07,0.0,39.37,8.8,2.64,23.4,338.779,0,1,24.444444,2
2393,4,18,5,1,24.08,0.0,39.33,9.3,2.16,20.71,116.115,0,1,24.444444,2
2394,4,19,5,1,24.08,0.0,40.07,9.6,6.48,15.32,0.0,0,1,24.444444,2
2395,4,20,5,1,24.08,0.0,40.9,10.3,2.4,13.82,0.0,0,1,24.444444,2
2396,4,21,5,1,24.07,0.0,41.88,10.0,4.08,11.68,0.0,0,1,24.444444,2
2397,4,22,5,1,24.03,0.0,43.42,9.7,1.8,9.93,0.0,0,1,24.444444,2
2398,4,23,5,1,23.92,0.0,45.49,7.8,1.2,6.67,0.0,0,1,24.444444,2
2399,4,24,5,1,23.88,0.0,46.89,10.0,0.96,7.05,0.0,0,1,24.444444,2
2400,4,1,6,1,23.48,0.0,49.3,3.9,0.6,2.29,0.0,0,1,24.444444,2
2401,4,2,6,1,23.53,0.0,50.44,8.1,0.48,3.71,0.0,0,1,24.444444,2
2402,4,3,6,1,23.26,0.0,52.67,3.5,0.36,1.46,0.0,0,1,24.444444,2
2403,4,4,6,1,23.37,0.0,54.03,7.8,0.72,3.14,0.0,0,1,24.444444,2
2404,4,5,6,1,23.15,0.0,56.36,3.4,1.32,1.13,0.0,0,1,24.444444,2
2405,4,6,6,1,23.28,0.0,57.24,8.1,7.44,2.95,0.0,0,1,24.444444,2
2406,4,7,6,1,23.56,0.0,56.83,10.0,7.92,6.26,41.4297,0,1,24.444444,2
2407,4,8,6,1,23.75,0.0,56.1,12.5,6.96,14.15,185.889,0,1,24.444444,2
2408,4,9,6,1,23.78,0.0,55.69,9.2,4.08,14.65,370.773,0,1,24.444444,2
2409,4,10,6,1,23.77,0.0,55.48,5.6,3.72,13.15,547.637,0,1,24.444444,2
2410,4,11,6,1,23.88,0.0,54.13,8.2,2.04,15.82,644.668,0,1,24.444444,2
2411,4,12,6,1,23.99,0.0,52.28,8.7,2.4,16.86,703.434,0,1,24.444444,2
2412,4,13,6,1,24.05,0.0,50.9,9.4,3.12,19.36,730.299,0,1,24.444444,2
2413,4,14,6,1,24.07,0.0,48.77,11.0,2.64,25.76,711.918,0,1,24.444444,2
2414,4,15,6,1,24.07,0.0,47.03,9.6,7.8,28.7,670.018,0,1,24.444444,2
2415,4,16,6,1,24.07,0.0,46.13,10.6,3.96,32.95,549.52,0,1,24.444444,2
2416,4,17,6,1,24.08,0.0,46.11,8.2,6.24,30.99,366.508,0,1,24.444444,2
2417,4,18,6,1,24.08,0.0,46.38,8.5,1.68,29.72,147.477,0,1,24.444444,2
2418,4,19,6,1,24.08,0.0,47.0,8.8,5.64,23.09,0.0,0,1,24.444444,2
2419,4,20,6,1,24.07,0.0,47.79,10.8,5.64,22.06,0.0,0,1,24.444444,2
2420,4,21,6,1,24.07,0.0,48.93,11.6,3.36,21.75,0.0,0,1,24.444444,2
2421,4,22,6,1,24.07,0.0,50.16,17.0,2.88,27.75,0.0,0,1,24.444444,2
2422,4,23,6,1,24.01,0.0,52.78,4.8,1.32,9.52,0.0,0,1,24.444444,2
2423,4,24,6,1,23.94,0.0,56.42,4.7,2.64,8.32,0.0,0,1,24.444444,2
2424,4,1,7,1,23.81,0.0,59.66,3.5,3.6,6.14,0.0,0,1,24.444444,2
2425,4,2,7,1,23.69,0.0,62.12,3.4,1.68,5.27,0.0,0,1,24.444444,2
2426,4,3,7,1,23.64,0.0,63.75,4.0,0.6,4.95,0.0,0,1,24.444444,2
2427,4,4,7,1,23.53,0.0,65.43,3.3,1.32,3.7,0.0,0,1,24.444444,2
2428,4,5,7,1,23.49,0.0,66.59,3.9,0.96,3.75,0.0,0,1,24.444444,2
2429,4,6,7,1,23.5,0.0,67.74,3.8,6.96,4.23,0.0,0,1,24.444444,2
2430,4,7,7,1,23.6,0.0,68.09,3.2,1.8,6.66,42.0822,0,1,24.444444,2
2431,4,8,7,1,23.71,0.0,66.98,5.3,3.96,12.68,183.218,0,1,24.444444,2
2432,4,9,7,1,23.75,0.0,65.35,4.8,18.24,14.93,348.996,0,1,24.444444,2
2433,4,10,7,1,23.81,0.0,63.49,5.0,8.28,16.77,513.006,0,1,24.444444,2
2434,4,11,7,1,23.89,0.0,62.06,4.8,6.84,16.9,625.729,0,1,24.444444,2
2435,4,12,7,1,23.95,0.0,61.09,4.2,2.52,17.17,733.475,0,1,24.444444,2
2436,4,13,7,1,24.01,0.0,59.43,4.1,1.8,19.08,788.485,0,1,24.444444,2
2437,4,14,7,1,24.07,0.0,56.45,9.7,9.84,30.35,756.191,0,1,24.444444,2
2438,4,15,7,1,24.07,0.0,53.66,3.6,19.8,25.43,698.513,0,1,24.444444,2
2439,4,16,7,1,24.07,0.0,52.51,3.9,11.4,28.42,568.83,0,1,24.444444,2
2440,4,17,7,1,24.07,0.0,51.58,4.6,7.68,30.21,384.501,0,1,24.444444,2
2441,4,18,7,1,24.07,0.0,51.53,3.6,6.84,26.89,156.726,0,1,24.444444,2
2442,4,19,7,1,24.08,0.0,51.93,4.8,6.84,20.62,0.0,0,1,24.444444,2
2443,4,20,7,1,24.07,0.0,52.61,5.8,2.76,18.33,0.0,0,1,24.444444,2
2444,4,21,7,1,24.07,0.0,53.7,5.0,1.92,15.56,0.0,0,1,24.444444,2
2445,4,22,7,1,24.07,0.0,55.31,4.7,2.4,13.25,0.0,0,1,24.444444,2
2446,4,23,7,1,24.07,0.0,56.04,6.7,3.48,14.08,0.0,0,1,24.444444,2
2447,4,24,7,1,23.97,0.0,56.97,3.3,0.6,8.23,0.0,0,1,24.444444,2
2448,4,1,1,1,23.92,0.0,58.25,4.6,0.72,8.3,0.0,0,1,24.444444,2
2449,4,2,1,1,23.82,0.0,60.0,3.2,0.96,6.37,0.0,0,1,24.444444,2
2450,4,3,1,1,23.74,0.0,61.58,3.4,0.48,5.77,0.0,0,1,24.444444,2
2451,4,4,1,1,23.67,0.0,63.11,3.5,0.36,5.2,0.0,0,1,24.444444,2
2452,4,5,1,1,23.61,0.0,65.11,3.2,0.84,4.55,0.0,0,1,24.444444,2
2453,4,6,1,1,23.63,0.0,66.76,3.5,1.8,6.51,0.0,0,1,24.444444,2
2454,4,7,1,1,23.73,0.0,66.12,3.6,4.44,12.73,42.9086,0,1,24.444444,2
2455,4,8,1,1,23.77,0.0,64.85,4.3,5.4,17.82,197.612,0,1,24.444444,2
2456,4,9,1,1,23.79,0.0,63.94,3.1,16.68,19.13,416.339,0,1,24.444444,2
2457,4,10,1,1,23.89,0.0,62.46,5.1,8.52,21.29,578.955,0,1,24.444444,2
2458,4,11,1,1,24.04,0.0,59.22,10.4,3.24,28.16,707.377,0,1,24.444444,2
2459,4,12,1,1,24.06,0.0,57.04,5.1,4.32,22.45,750.726,0,1,24.444444,2
2460,4,13,1,1,24.07,0.0,55.62,4.2,1.8,22.84,750.741,0,1,24.444444,2
2461,4,14,1,1,24.07,0.0,53.1,9.5,6.96,33.29,713.314,0,1,24.444444,2
2462,4,15,1,1,24.07,0.0,51.99,3.4,4.68,27.62,604.568,0,1,24.444444,2
2463,4,16,1,1,24.07,0.0,51.67,3.7,9.0,28.75,480.922,0,1,24.444444,2
2464,4,17,1,1,24.07,0.0,51.47,3.7,1.68,27.83,294.055,0,1,24.444444,2
2465,4,18,1,1,24.07,0.0,51.31,9.5,8.4,32.99,108.038,0,1,24.444444,2
2466,4,19,1,1,24.07,0.0,52.08,5.7,4.8,22.17,0.198528,0,1,24.444444,2
2467,4,20,1,1,24.07,0.0,53.55,5.4,6.36,19.37,0.0,0,1,24.444444,2
2468,4,21,1,1,24.07,0.0,55.78,5.0,1.8,17.6,0.0,0,1,24.444444,2
2469,4,22,1,1,24.07,0.0,58.82,5.3,3.72,16.63,0.0,0,1,24.444444,2
2470,4,23,1,1,24.05,0.0,61.61,3.9,0.84,13.44,0.0,0,1,24.444444,2
2471,4,24,1,1,24.04,0.0,63.66,4.9,0.96,14.03,0.0,0,1,24.444444,2
2472,4,1,2,1,24.01,0.0,65.21,4.0,0.6,11.53,0.0,0,1,24.444444,2
2473,4,2,2,1,23.96,0.0,66.98,3.1,0.48,9.82,0.0,0,1,24.444444,2
2474,4,3,2,1,23.97,0.0,68.49,4.8,0.48,11.61,0.0,0,1,24.444444,2
2475,4,4,2,1,23.92,0.0,70.44,3.5,0.48,9.51,0.0,0,1,24.444444,2
2476,4,5,2,1,23.89,0.0,72.1,3.9,1.2,9.76,0.0,0,1,24.444444,2
2477,4,6,2,1,23.85,0.0,73.21,3.1,3.48,9.63,0.0,0,1,24.444444,2
2478,4,7,2,1,23.88,0.0,72.71,3.5,9.0,14.33,44.9802,0,1,24.444444,2
2479,4,8,2,1,23.91,0.0,70.96,4.1,5.28,18.59,182.207,0,1,24.444444,2
2480,4,9,2,1,23.95,0.0,68.21,4.2,5.16,21.13,347.562,0,1,24.444444,2
2481,4,10,2,1,24.02,0.0,65.5,7.1,6.24,26.75,486.714,0,1,24.444444,2
2482,4,11,2,1,24.03,0.0,64.35,3.8,1.32,22.21,598.015,0,1,24.444444,2
2483,4,12,2,1,24.05,0.0,64.28,4.2,1.68,24.01,667.121,0,1,24.444444,2
2484,4,13,2,1,24.07,0.0,63.1,9.2,6.96,31.36,672.98,0,1,24.444444,2
2485,4,14,2,1,24.07,0.0,61.14,13.3,0.6,39.22,596.255,0,1,24.444444,2
2486,4,15,2,1,24.07,0.0,59.54,10.0,2.64,32.69,456.549,0,1,24.444444,2
2487,4,16,2,1,24.07,0.0,59.46,4.2,1.2,21.01,368.728,0,1,24.444444,2
2488,4,17,2,1,24.07,0.0,61.05,3.9,0.84,21.56,257.587,0,1,24.444444,2
2489,4,18,2,1,24.07,0.0,61.45,8.6,5.76,23.94,73.5932,0,1,24.444444,2
2490,4,19,2,1,24.07,0.0,60.14,9.3,1.8,19.2,1.21702,0,1,24.444444,2
2491,4,20,2,1,24.07,0.0,59.77,10.0,4.08,17.91,0.0,0,1,24.444444,2
2492,4,21,2,1,24.07,0.0,59.79,11.3,6.24,18.51,0.0,0,1,24.444444,2
2493,4,22,2,1,24.07,0.0,58.23,15.6,1.44,22.52,0.0,0,1,24.444444,2
2494,4,23,2,1,23.92,0.0,59.35,6.3,8.04,7.36,0.0,0,1,24.444444,2
2495,4,24,2,1,23.67,0.0,61.66,4.7,0.84,4.05,0.0,0,1,24.444444,2
2496,4,1,3,1,23.26,0.0,62.1,3.4,1.32,1.6,0.0,0,1,24.444444,2
2497,4,2,3,1,22.98,0.0,59.27,3.5,0.6,0.64,0.0,0,1,24.444444,2
2498,4,3,3,1,22.85,0.0,54.88,3.3,0.24,0.29,0.0,0,1,24.444444,2
2499,4,4,3,1,22.77,0.0,51.22,3.4,0.72,0.07,0.0,0,1,24.444444,2
2500,4,5,3,1,22.69,0.0,48.39,3.3,1.08,0.0,0.0,0,1,24.444444,2
2501,4,6,3,1,22.65,0.0,45.2,3.8,2.28,0.0,0.0,0,1,24.444444,2
2502,4,7,3,1,22.63,0.0,42.26,4.7,29.04,0.0,49.8655,0,1,24.444444,2
2503,4,8,3,1,22.64,0.0,39.92,4.6,10.2,0.0,205.883,0,1,24.444444,2
2504,4,9,3,1,22.76,0.0,37.44,5.2,4.56,0.0,423.518,0,1,24.444444,2
2505,4,10,3,1,22.82,0.0,34.79,4.9,7.2,0.03,657.242,0,1,24.444444,2
2506,4,11,3,1,22.74,0.0,33.3,3.4,2.28,0.0,833.333,0,1,24.444444,2
2507,4,12,3,1,22.76,0.0,32.37,3.7,0.84,0.0,833.333,0,1,24.444444,2
2508,4,13,3,1,23.07,0.0,31.12,9.1,1.08,1.09,833.333,0,1,24.444444,2
2509,4,14,3,1,23.49,0.0,29.24,12.3,3.0,4.18,833.333,0,1,24.444444,2
2510,4,15,3,1,23.59,0.0,27.75,8.9,1.2,5.85,805.177,0,1,24.444444,2
2511,4,16,3,1,23.58,0.0,26.73,7.7,2.04,7.7,621.872,0,1,24.444444,2
2512,4,17,3,1,23.63,0.0,25.26,9.6,1.68,9.39,368.926,0,1,24.444444,2
2513,4,18,3,1,23.6,0.0,24.51,7.5,3.36,6.57,133.994,0,1,24.444444,2
2514,4,19,3,1,23.37,0.0,24.5,5.1,6.0,2.53,1.43136,0,1,24.444444,2
2515,4,20,3,1,23.35,0.0,24.33,8.8,4.44,2.94,0.0,0,1,24.444444,2
2516,4,21,3,1,23.48,0.0,24.3,13.0,7.44,4.02,0.0,0,1,24.444444,2
2517,4,22,3,1,23.42,0.0,24.89,12.4,2.16,2.96,0.0,0,1,24.444444,2
2518,4,23,3,1,23.03,0.0,25.74,4.8,0.96,0.16,0.0,0,1,24.444444,2
2519,4,24,3,1,22.79,0.0,26.61,4.9,0.36,0.03,0.0,0,1,24.444444,2
2520,4,1,4,1,22.69,0.0,27.66,3.2,0.36,0.0,0.0,0,1,24.444444,2
2521,4,2,4,1,22.68,0.0,28.48,5.2,0.36,0.0,0.0,0,1,24.444444,2
2522,4,3,4,1,22.6,0.0,29.14,3.2,0.12,0.0,0.0,0,1,24.444444,2
2523,4,4,4,1,22.56,0.0,29.34,3.1,0.6,0.0,0.0,0,1,24.444444,2
2524,4,5,4,1,22.56,0.0,29.43,3.9,0.72,0.0,0.0,0,1,24.444444,2
2525,4,6,4,1,22.58,0.0,29.44,4.4,9.96,0.0,0.0,0,1,24.444444,2
2526,4,7,4,1,23.05,0.0,28.44,8.4,19.44,1.28,13.3615,0,1,24.444444,2
2527,4,8,4,1,23.2,0.0,27.82,8.5,11.4,4.7,241.482,0,1,24.444444,2
2528,4,9,4,1,23.25,0.0,27.75,8.9,6.12,5.42,496.661,0,1,24.444444,2
2529,4,10,4,1,23.3,0.0,28.25,8.1,8.28,4.21,656.804,0,1,24.444444,2
2530,4,11,4,1,23.38,0.0,28.9,8.4,3.84,3.1,784.669,0,1,24.444444,2
2531,4,12,4,1,23.59,0.0,29.11,12.9,1.8,5.57,833.333,0,1,24.444444,2
2532,4,13,4,1,23.61,0.0,29.89,8.8,4.2,4.08,833.333,0,1,24.444444,2
2533,4,14,4,1,23.72,0.0,31.06,9.5,0.72,6.85,833.333,0,1,24.444444,2
2534,4,15,4,1,23.85,0.0,31.65,9.3,2.88,10.58,779.54,0,1,24.444444,2
2535,4,16,4,1,23.87,0.0,31.37,8.0,2.28,13.17,619.232,0,1,24.444444,2
2536,4,17,4,1,23.87,0.0,31.4,7.6,2.04,13.87,396.413,0,1,24.444444,2
2537,4,18,4,1,23.91,0.0,31.87,9.1,5.4,13.92,155.046,0,1,24.444444,2
2538,4,19,4,1,23.94,0.0,31.68,11.1,9.24,10.17,0.0,0,1,24.444444,2
2539,4,20,4,1,23.85,0.0,32.23,9.6,11.04,6.23,0.0,0,1,24.444444,2
2540,4,21,4,1,23.77,0.0,33.51,10.1,8.64,5.19,0.0,0,1,24.444444,2
2541,4,22,4,1,23.64,0.0,35.48,10.2,2.04,4.08,0.0,0,1,24.444444,2
2542,4,23,4,1,23.62,0.0,36.88,12.1,0.72,4.4,0.0,0,1,24.444444,2
2543,4,24,4,1,23.37,0.0,38.27,7.7,0.6,1.77,0.0,0,1,24.444444,2
2544,4,1,5,1,23.06,0.0,39.87,4.6,0.36,0.57,0.0,0,1,24.444444,2
2545,4,2,5,1,23.11,0.0,40.6,9.0,0.72,1.55,0.0,0,1,24.444444,2
2546,4,3,5,1,23.17,0.0,41.97,9.4,0.72,1.74,0.0,0,1,24.444444,2
2547,4,4,5,1,22.91,0.0,44.7,2.8,0.6,0.24,0.0,0,1,24.444444,2
2548,4,5,5,1,22.85,0.0,47.45,3.5,3.36,0.35,0.0,0,1,24.444444,2
2549,4,6,5,1,23.03,0.0,48.78,9.4,5.04,1.75,0.0,0,1,24.444444,2
2550,4,7,5,1,23.21,0.0,49.99,8.8,24.84,2.06,50.9723,0,1,24.444444,2
2551,4,8,5,1,23.46,0.0,49.92,10.5,9.6,4.48,195.324,0,1,24.444444,2
2552,4,9,5,1,23.56,0.0,49.37,8.8,5.04,5.57,343.846,0,1,24.444444,2
2553,4,10,5,1,23.61,0.0,48.97,8.7,4.32,6.93,470.226,0,1,24.444444,2
2554,4,11,5,1,23.68,0.0,48.66,9.1,5.64,7.75,556.187,0,1,24.444444,2
2555,4,12,5,1,23.72,0.0,48.99,8.3,1.2,8.11,605.961,0,1,24.444444,2
2556,4,13,5,1,23.81,0.0,49.97,9.6,0.72,10.68,597.936,0,1,24.444444,2
2557,4,14,5,1,23.89,0.0,50.22,10.2,3.0,12.91,554.553,0,1,24.444444,2
2558,4,15,5,1,23.94,0.0,50.08,9.3,3.0,14.0,467.709,0,1,24.444444,2
2559,4,16,5,1,23.95,0.0,50.05,8.0,3.24,13.37,367.866,0,1,24.444444,2
2560,4,17,5,1,23.99,0.0,50.35,9.4,0.84,14.36,216.338,0,1,24.444444,2
2561,4,18,5,1,24.0,0.0,51.21,9.1,3.6,13.21,80.9727,0,1,24.444444,2
2562,4,19,5,1,24.0,0.0,52.08,9.6,6.48,11.4,2.77271,0,1,24.444444,2
2563,4,20,5,1,23.98,0.0,52.93,10.0,13.2,10.45,0.0,0,1,24.444444,2
2564,4,21,5,1,23.97,0.0,53.88,10.3,2.04,10.5,0.0,0,1,24.444444,2
2565,4,22,5,1,23.96,0.0,54.15,10.5,1.32,9.95,0.0,0,1,24.444444,2
2566,4,23,5,1,23.75,0.0,55.61,5.4,1.08,4.78,0.0,0,1,24.444444,2
2567,4,24,5,1,23.83,0.0,56.25,9.8,2.04,8.1,0.0,0,1,24.444444,2
2568,4,1,6,1,23.57,0.0,57.99,3.9,2.28,3.23,0.0,0,1,24.444444,2
2569,4,2,6,1,23.65,0.0,58.46,8.1,0.48,5.6,0.0,0,1,24.444444,2
2570,4,3,6,1,23.4,0.0,60.12,3.2,0.24,2.29,0.0,0,1,24.444444,2
2571,4,4,6,1,23.51,0.0,60.71,7.7,2.04,4.46,0.0,0,1,24.444444,2
2572,4,5,6,1,23.31,0.0,62.15,3.7,3.72,1.97,0.0,0,1,24.444444,2
2573,4,6,6,1,23.41,0.0,62.15,7.8,15.96,3.9,0.0,0,1,24.444444,2
2574,4,7,6,1,23.52,0.0,61.91,7.6,18.84,4.77,48.716,0,1,24.444444,2
2575,4,8,6,1,23.63,0.0,60.74,8.0,3.72,8.08,191.649,0,1,24.444444,2
2576,4,9,6,1,23.71,0.0,58.72,8.8,3.0,13.09,382.018,0,1,24.444444,2
2577,4,10,6,1,23.72,0.0,57.14,6.5,4.32,12.27,575.461,0,1,24.444444,2
2578,4,11,6,1,23.81,0.0,55.76,8.8,5.28,13.61,730.82,0,1,24.444444,2
2579,4,12,6,1,23.9,0.0,54.5,8.5,2.4,13.81,833.333,0,1,24.444444,2
2580,4,13,6,1,23.99,0.0,53.0,9.0,1.92,16.5,833.333,0,1,24.444444,2
2581,4,14,6,1,24.05,0.0,51.28,9.7,2.64,21.5,833.171,0,1,24.444444,2
2582,4,15,6,1,24.07,0.0,49.11,13.0,4.92,30.31,722.542,0,1,24.444444,2
2583,4,16,6,1,24.07,0.0,47.44,8.4,5.28,26.58,568.221,0,1,24.444444,2
2584,4,17,6,1,24.07,0.0,46.77,10.0,4.08,28.41,360.838,0,1,24.444444,2
2585,4,18,6,1,24.08,0.0,46.75,8.4,2.64,23.66,145.822,0,1,24.444444,2
2586,4,19,6,1,24.08,0.0,47.06,9.4,1.56,17.96,1.63136,0,1,24.444444,2
2587,4,20,6,1,24.08,0.0,47.65,9.6,2.16,14.85,0.0,0,1,24.444444,2
2588,4,21,6,1,24.07,0.0,48.28,9.3,3.36,12.77,0.0,0,1,24.444444,2
2589,4,22,6,1,24.03,0.0,48.82,8.5,2.16,10.46,0.0,0,1,24.444444,2
2590,4,23,6,1,23.86,0.0,50.16,5.0,0.72,5.86,0.0,0,1,24.444444,2
2591,4,24,6,1,23.68,0.0,51.78,4.8,0.96,4.4,0.0,0,1,24.444444,2
2592,4,1,7,1,23.46,0.0,52.95,3.7,3.72,2.77,0.0,0,1,24.444444,2
2593,4,2,7,1,23.29,0.0,53.41,3.5,4.32,1.97,0.0,0,1,24.444444,2
2594,4,3,7,1,23.18,0.0,53.22,3.4,0.6,1.49,0.0,0,1,24.444444,2
2595,4,4,7,1,23.1,0.0,53.16,3.5,0.24,1.07,0.0,0,1,24.444444,2
2596,4,5,7,1,22.99,0.0,53.56,3.5,1.56,0.72,0.0,0,1,24.444444,2
2597,4,6,7,1,23.04,0.0,53.22,3.2,12.24,0.86,0.0,0,1,24.444444,2
2598,4,7,7,1,23.36,0.0,52.03,3.5,6.24,3.38,44.6289,0,1,24.444444,2
2599,4,8,7,1,23.48,0.0,51.15,5.0,4.68,8.83,218.531,0,1,24.444444,2
2600,4,9,7,1,23.58,0.0,49.53,8.1,15.72,12.52,431.496,0,1,24.444444,2
2601,4,10,7,1,23.59,0.0,48.41,4.5,8.28,9.34,608.339,0,1,24.444444,2
2602,4,11,7,1,23.65,0.0,47.87,4.9,2.76,8.49,726.285,0,1,24.444444,2
2603,4,12,7,1,23.73,0.0,47.01,5.0,5.28,9.15,799.413,0,1,24.444444,2
2604,4,13,7,1,23.88,0.0,45.48,7.3,9.0,13.05,833.333,0,1,24.444444,2
2605,4,14,7,1,24.04,0.0,43.92,10.2,5.4,20.25,811.766,0,1,24.444444,2
2606,4,15,7,1,24.03,0.0,43.23,4.3,14.04,19.68,743.045,0,1,24.444444,2
2607,4,16,7,1,24.03,0.0,42.76,3.6,11.28,23.13,604.51,0,1,24.444444,2
2608,4,17,7,1,24.06,0.0,42.48,4.0,6.84,25.42,382.447,0,1,24.444444,2
2609,4,18,7,1,24.07,0.0,42.85,4.5,3.36,24.51,157.676,0,1,24.444444,2
2610,4,19,7,1,24.08,0.0,43.57,5.6,6.96,18.93,0.0,0,1,24.444444,2
2611,4,20,7,1,24.08,0.0,44.11,4.5,9.36,14.55,0.0,0,1,24.444444,2
2612,4,21,7,1,24.08,0.0,44.46,9.3,2.64,18.15,0.0,0,1,24.444444,2
2613,4,22,7,1,24.04,0.0,45.94,4.5,2.16,10.29,0.0,0,1,24.444444,2
2614,4,23,7,1,24.0,0.0,48.57,4.8,0.96,9.2,0.0,0,1,24.444444,2
2615,4,24,7,1,23.94,0.0,50.56,4.8,0.6,7.91,0.0,0,1,24.444444,2
2616,4,1,1,1,23.84,0.0,52.06,4.5,1.44,6.14,0.0,0,1,24.444444,2
2617,4,2,1,1,23.62,0.0,54.02,3.5,0.36,3.83,0.0,0,1,24.444444,2
2618,4,3,1,1,23.46,0.0,55.72,3.4,0.6,2.87,0.0,0,1,24.444444,2
2619,4,4,1,1,23.31,0.0,57.45,3.3,0.48,2.17,0.0,0,1,24.444444,2
2620,4,5,1,1,23.22,0.0,58.59,3.3,0.6,1.85,0.0,0,1,24.444444,2
2621,4,6,1,1,23.28,0.0,58.79,3.3,4.32,2.39,0.0,0,1,24.444444,2
2622,4,7,1,1,23.55,0.0,57.59,3.7,2.28,7.15,47.5541,0,1,24.444444,2
2623,4,8,1,1,23.62,0.0,56.32,4.9,7.44,12.5,212.799,0,1,24.444444,2
2624,4,9,1,1,23.65,0.0,55.2,3.9,8.64,13.25,418.423,0,1,24.444444,2
2625,4,10,1,1,23.71,0.0,53.99,4.0,4.68,14.0,584.036,0,1,24.444444,2
2626,4,11,1,1,23.91,0.0,52.43,9.8,6.36,19.06,708.672,0,1,24.444444,2
2627,4,12,1,1,23.95,0.0,52.06,4.2,7.92,14.06,784.069,0,1,24.444444,2
2628,4,13,1,1,24.0,0.0,50.29,4.4,3.48,16.12,820.705,0,1,24.444444,2
2629,4,14,1,1,24.07,0.0,46.03,9.0,15.48,25.78,784.241,0,1,24.444444,2
2630,4,15,1,1,24.07,0.0,42.58,3.5,1.92,23.68,696.176,0,1,24.444444,2
2631,4,16,1,1,24.08,0.0,41.09,11.0,1.68,35.82,560.282,0,1,24.444444,2
2632,4,17,1,1,24.08,0.0,40.5,4.2,5.28,29.86,382.264,0,1,24.444444,2
2633,4,18,1,1,24.08,0.0,40.37,9.5,9.72,34.92,156.141,0,1,24.444444,2
2634,4,19,1,1,24.08,0.0,40.87,6.6,1.44,23.86,0.0,0,1,24.444444,2
2635,4,20,1,1,24.08,0.0,42.9,9.0,5.16,22.84,0.0,0,1,24.444444,2
2636,4,21,1,1,24.07,0.0,46.18,5.7,6.84,17.2,0.0,0,1,24.444444,2
2637,4,22,1,1,24.07,0.0,49.08,5.9,3.84,15.27,0.0,0,1,24.444444,2
2638,4,23,1,1,24.04,0.0,52.31,4.2,0.6,10.81,0.0,0,1,24.444444,2
2639,4,24,1,1,23.98,0.0,54.89,4.7,1.68,9.44,0.0,0,1,24.444444,2
2640,4,1,2,1,23.83,0.0,56.7,3.3,0.6,6.21,0.0,0,1,24.444444,2
2641,4,2,2,1,23.66,0.0,57.55,3.3,0.48,4.52,0.0,0,1,24.444444,2
2642,4,3,2,1,23.52,0.0,58.09,3.6,0.24,3.62,0.0,0,1,24.444444,2
2643,4,4,2,1,23.45,0.0,58.56,3.7,0.72,3.09,0.0,0,1,24.444444,2
2644,4,5,2,1,23.35,0.0,59.03,3.7,0.84,2.47,0.0,0,1,24.444444,2
2645,4,6,2,1,23.33,0.0,59.3,3.4,8.76,2.51,0.0,0,1,24.444444,2
2646,4,7,2,1,23.55,0.0,58.19,3.9,12.72,7.54,47.4302,0,1,24.444444,2
2647,4,8,2,1,23.62,0.0,56.81,5.0,9.0,12.99,217.633,0,1,24.444444,2
2648,4,9,2,1,23.65,0.0,55.35,4.5,7.44,13.9,418.814,0,1,24.444444,2
2649,4,10,2,1,23.69,0.0,54.0,3.7,2.88,13.02,598.35,0,1,24.444444,2
2650,4,11,2,1,23.8,0.0,52.77,6.6,4.2,14.37,709.636,0,1,24.444444,2
2651,4,12,2,1,23.84,0.0,52.52,3.6,1.92,11.46,790.503,0,1,24.444444,2
2652,4,13,2,1,24.01,0.0,51.77,9.0,3.24,19.3,803.771,0,1,24.444444,2
2653,4,14,2,1,24.07,0.0,50.45,11.3,4.2,25.9,766.224,0,1,24.444444,2
2654,4,15,2,1,24.07,0.0,48.91,9.6,1.32,28.9,675.835,0,1,24.444444,2
2655,4,16,2,1,24.07,0.0,47.59,4.2,1.08,25.12,531.916,0,1,24.444444,2
2656,4,17,2,1,24.07,0.0,46.79,4.2,4.2,26.5,355.478,0,1,24.444444,2
2657,4,18,2,1,24.08,0.0,46.32,8.5,2.4,29.71,145.119,0,1,24.444444,2
2658,4,19,2,1,24.08,0.0,46.82,9.7,3.24,23.8,2.40239,0,1,24.444444,2
2659,4,20,2,1,24.08,0.0,47.87,10.0,7.2,20.55,0.0,0,1,24.444444,2
2660,4,21,2,1,24.07,0.0,48.55,11.4,5.04,20.58,0.0,0,1,24.444444,2
2661,4,22,2,1,24.07,0.0,48.84,12.3,1.08,19.41,0.0,0,1,24.444444,2
2662,4,23,2,1,24.07,0.0,49.15,14.3,0.96,20.08,0.0,0,1,24.444444,2
2663,4,24,2,1,24.03,0.0,50.75,7.8,1.44,10.07,0.0,0,1,24.444444,2
2664,4,1,3,1,23.83,0.0,54.11,3.6,1.2,5.44,0.0,0,1,24.444444,2
2665,4,2,3,1,23.67,0.0,57.33,3.6,0.72,4.52,0.0,0,1,24.444444,2
2666,4,3,3,1,23.53,0.0,59.9,3.5,0.24,3.6,0.0,0,1,24.444444,2
2667,4,4,3,1,23.41,0.0,61.82,3.1,0.96,2.85,0.0,0,1,24.444444,2
2668,4,5,3,1,23.3,0.0,63.16,3.1,5.88,2.4,0.0,0,1,24.444444,2
2669,4,6,3,1,23.34,0.0,63.79,3.8,3.0,3.03,0.0,0,1,24.444444,2
2670,4,7,3,1,23.65,0.0,62.53,7.3,29.52,10.82,52.1468,0,1,24.444444,2
2671,4,8,3,1,23.69,0.0,61.95,4.9,3.48,12.91,209.27,0,1,24.444444,2
2672,4,9,3,1,23.72,0.0,61.12,5.3,8.04,14.5,382.853,0,1,24.444444,2
2673,4,10,3,1,23.77,0.0,60.18,5.2,3.6,14.2,491.896,0,1,24.444444,2
2674,4,11,3,1,23.79,0.0,60.02,3.5,2.16,12.05,525.989,0,1,24.444444,2
2675,4,12,3,1,23.87,0.0,59.79,4.3,1.08,14.49,560.186,0,1,24.444444,2
2676,4,13,3,1,24.03,0.0,57.97,10.3,1.32,23.0,630.025,0,1,24.444444,2
2677,4,14,3,1,24.07,0.0,56.15,10.2,1.32,25.58,642.346,0,1,24.444444,2
2678,4,15,3,1,24.07,0.0,54.83,9.9,1.8,30.8,606.816,0,1,24.444444,2
2679,4,16,3,1,24.07,0.0,53.8,7.6,0.84,31.07,519.127,0,1,24.444444,2
2680,4,17,3,1,24.07,0.0,53.02,9.8,3.6,35.15,341.156,0,1,24.444444,2
2681,4,18,3,1,24.07,0.0,52.67,8.4,2.76,31.29,136.741,0,1,24.444444,2
2682,4,19,3,1,24.07,0.0,53.02,7.9,3.24,24.14,3.72673,0,1,24.444444,2
2683,4,20,3,1,24.07,0.0,53.54,6.8,3.72,19.75,0.0,0,1,24.444444,2
2684,4,21,3,1,24.07,0.0,53.47,10.1,4.32,22.69,0.0,0,1,24.444444,2
2685,4,22,3,1,24.07,0.0,53.97,6.8,2.76,15.67,0.0,0,1,24.444444,2
2686,4,23,3,1,24.05,0.0,55.69,5.1,0.84,11.44,0.0,0,1,24.444444,2
2687,4,24,3,1,24.0,0.0,57.87,4.7,0.72,10.05,0.0,0,1,24.444444,2
2688,4,1,4,1,23.92,0.0,60.18,3.9,0.48,7.83,0.0,0,1,24.444444,2
2689,4,2,4,1,23.95,0.0,60.94,7.7,0.72,9.92,0.0,0,1,24.444444,2
2690,4,3,4,1,23.73,0.0,62.53,3.8,0.12,4.82,0.0,0,1,24.444444,2
2691,4,4,4,1,23.58,0.0,64.08,3.6,0.48,3.81,0.0,0,1,24.444444,2
2692,4,5,4,1,23.41,0.0,65.46,3.2,1.56,2.79,0.0,0,1,24.444444,2
2693,4,6,4,1,23.4,0.0,66.02,2.8,4.44,4.83,0.0,0,1,24.444444,2
2694,4,7,4,1,23.73,0.0,62.86,8.7,13.68,21.77,22.3417,0,1,24.444444,2
2695,4,8,4,1,23.83,0.01,59.8,9.0,11.52,24.79,239.643,0,1,24.444444,2
2696,4,9,4,1,23.87,0.0,57.51,7.9,5.16,22.81,473.392,0,1,24.444444,2
2697,4,10,4,1,23.96,0.0,55.51,8.3,11.64,22.11,594.475,0,1,24.444444,2
2698,4,11,4,1,24.02,0.0,54.06,8.3,2.52,21.56,724.498,0,1,24.444444,2
2699,4,12,4,1,24.06,0.0,52.76,10.4,5.64,26.0,811.055,0,1,24.444444,2
2700,4,13,4,1,24.07,0.0,50.84,8.9,0.72,26.57,818.665,0,1,24.444444,2
2701,4,14,4,1,24.07,0.0,47.81,9.8,4.44,31.95,782.007,0,1,24.444444,2
2702,4,15,4,1,24.07,0.0,45.09,9.0,0.96,35.07,670.972,0,1,24.444444,2
2703,4,16,4,1,24.07,0.0,43.82,7.2,0.96,35.65,553.021,0,1,24.444444,2
2704,4,17,4,1,24.08,0.0,42.76,8.4,1.92,37.96,367.879,0,1,24.444444,2
2705,4,18,4,1,24.08,0.0,41.63,9.0,1.44,36.81,153.88,0,1,24.444444,2
2706,4,19,4,1,24.08,0.0,41.88,9.4,4.56,29.63,0.0,0,1,24.444444,2
2707,4,20,4,1,24.08,0.0,44.13,9.0,5.16,25.52,0.0,0,1,24.444444,2
2708,4,21,4,1,24.07,0.0,47.24,9.9,1.92,25.35,0.0,0,1,24.444444,2
2709,4,22,4,1,24.07,0.0,50.37,8.1,4.56,21.37,0.0,0,1,24.444444,2
2710,4,23,4,1,24.07,0.0,52.75,7.6,1.08,18.75,0.0,0,1,24.444444,2
2711,4,24,4,1,24.07,0.0,54.26,7.7,0.24,15.84,0.0,0,1,24.444444,2
2712,4,1,5,1,24.02,0.0,56.51,4.8,0.6,9.92,0.0,0,1,24.444444,2
2713,4,2,5,1,24.04,0.0,57.76,8.6,0.84,13.49,0.0,0,1,24.444444,2
2714,4,3,5,1,24.04,0.0,58.12,9.7,0.6,12.92,0.0,0,1,24.444444,2
2715,4,4,5,1,23.75,0.0,60.65,2.9,1.68,4.52,0.0,0,1,24.444444,2
2716,4,5,5,1,23.63,0.0,63.13,3.9,2.88,4.59,0.0,0,1,24.444444,2
2717,4,6,5,1,23.8,0.0,63.02,8.6,5.52,9.81,0.0,0,1,24.444444,2
2718,4,7,5,1,23.89,0.0,61.93,8.6,26.76,15.17,56.265,0,1,24.444444,2
2719,4,8,5,1,23.94,0.0,61.14,9.3,6.6,20.25,205.436,0,1,24.444444,2
2720,4,9,5,1,23.99,0.0,59.55,9.3,5.04,23.19,401.073,0,1,24.444444,2
2721,4,10,5,1,24.01,0.0,58.06,7.9,2.52,22.67,552.935,0,1,24.444444,2
2722,4,11,5,1,24.05,0.0,56.64,9.1,6.6,25.44,670.421,0,1,24.444444,2
2723,4,12,5,1,24.07,0.0,55.66,8.8,1.32,26.66,698.511,0,1,24.444444,2
2724,4,13,5,1,24.07,0.0,54.48,9.1,0.72,29.59,697.795,0,1,24.444444,2
2725,4,14,5,1,24.07,0.0,53.29,9.7,1.08,34.26,678.264,0,1,24.444444,2
2726,4,15,5,1,24.07,0.0,52.04,8.7,3.96,35.84,594.38,0,1,24.444444,2
2727,4,16,5,1,24.07,0.0,51.19,7.3,1.08,34.69,469.657,0,1,24.444444,2
2728,4,17,5,1,24.07,0.0,50.65,8.9,1.68,35.46,283.177,0,1,24.444444,2
2729,4,18,5,1,24.07,0.0,50.52,8.8,1.8,31.96,106.653,0,1,24.444444,2
2730,4,19,5,1,24.07,0.0,51.65,8.9,4.8,27.1,4.61315,0,1,24.444444,2
2731,4,20,5,1,24.07,0.0,52.8,9.4,7.8,25.13,0.0,0,1,24.444444,2
2732,4,21,5,1,24.07,0.0,53.66,11.3,3.24,26.26,0.0,0,1,24.444444,2
2733,4,22,5,1,24.07,0.0,54.79,10.1,1.32,23.0,0.0,0,1,24.444444,2
2734,4,23,5,1,24.07,0.0,57.18,5.3,1.44,14.74,0.0,0,1,24.444444,2
2735,4,24,5,1,24.07,0.0,58.81,9.9,0.84,20.1,0.0,0,1,24.444444,2
2736,4,1,6,1,24.0,0.0,60.99,3.6,0.24,9.51,0.0,0,1,24.444444,2
2737,4,2,6,1,24.04,0.0,62.68,7.9,0.6,15.17,0.0,0,1,24.444444,2
2738,4,3,6,1,23.96,0.0,64.87,3.6,0.72,8.94,0.0,0,1,24.444444,2
2739,4,4,6,1,24.01,0.0,66.16,8.0,0.36,14.29,0.0,0,1,24.444444,2
2740,4,5,6,1,23.89,0.0,68.03,3.5,6.48,7.83,0.0,0,1,24.444444,2
2741,4,6,6,1,23.97,0.0,68.55,7.8,6.72,14.6,0.0,0,1,24.444444,2
2742,4,7,6,1,24.01,0.0,67.4,8.1,13.92,19.87,59.2815,0,1,24.444444,2
2743,4,8,6,1,24.04,0.0,64.86,11.2,8.16,29.54,206.745,0,1,24.444444,2
2744,4,9,6,1,24.05,0.0,61.53,8.8,1.2,28.41,400.7,0,1,24.444444,2
2745,4,10,6,1,24.04,0.0,60.09,5.2,4.08,24.64,585.253,0,1,24.444444,2
2746,4,11,6,1,24.07,0.0,58.57,9.8,1.68,31.16,706.596,0,1,24.444444,2
2747,4,12,6,1,24.07,0.0,56.76,8.9,4.08,30.14,760.49,0,1,24.444444,2
2748,4,13,6,1,24.07,0.0,55.56,9.0,2.76,32.49,765.987,0,1,24.444444,2
2749,4,14,6,1,24.07,0.0,53.83,13.2,2.88,43.11,746.621,0,1,24.444444,2
2750,4,15,6,1,24.07,0.0,52.29,9.6,3.96,42.42,642.543,0,1,24.444444,2
2751,4,16,6,1,24.08,0.0,51.19,8.7,1.68,43.95,527.202,0,1,24.444444,2
2752,4,17,6,1,24.09,0.02,50.8,10.6,5.28,46.55,346.575,0,1,24.444444,2
2753,4,18,6,1,24.08,0.0,51.4,8.5,4.32,41.82,137.057,0,1,24.444444,2
2754,4,19,6,1,24.07,0.0,52.61,8.7,9.24,35.29,4.1697,0,1,24.444444,2
2755,4,20,6,1,24.07,0.0,54.37,9.5,3.6,33.56,0.0,0,1,24.444444,2
2756,4,21,6,1,24.07,0.0,56.04,9.0,1.8,30.99,0.0,0,1,24.444444,2
2757,4,22,6,1,24.07,0.0,55.82,15.6,4.56,37.65,0.0,0,1,24.444444,2
2758,4,23,6,1,24.07,0.0,57.0,4.6,0.72,17.85,0.0,0,1,24.444444,2
2759,4,24,6,1,24.07,0.0,59.31,5.3,0.72,16.92,0.0,0,1,24.444444,2
2760,4,1,7,1,24.05,0.0,61.54,3.6,0.84,12.57,0.0,0,1,24.444444,2
2761,4,2,7,1,24.0,0.0,63.68,3.2,2.76,10.25,0.0,0,1,24.444444,2
2762,4,3,7,1,23.95,0.0,65.59,3.4,0.36,9.42,0.0,0,1,24.444444,2
2763,4,4,7,1,23.9,0.0,67.71,3.3,0.48,8.38,0.0,0,1,24.444444,2
2764,4,5,7,1,23.88,0.0,69.05,4.5,0.6,8.91,0.0,0,1,24.444444,2
2765,4,6,7,1,23.86,0.0,69.68,3.8,9.0,9.95,0.0,0,1,24.444444,2
2766,4,7,7,1,23.89,0.0,68.81,3.9,3.48,16.54,58.7964,0,1,24.444444,2
2767,4,8,7,1,23.95,0.0,67.0,5.7,5.4,22.58,210.424,0,1,24.444444,2
2768,4,9,7,1,23.98,0.0,65.32,5.7,7.56,24.48,405.87,0,1,24.444444,2
2769,4,10,7,1,24.0,0.0,64.12,3.5,7.32,22.5,575.912,0,1,24.444444,2
2770,4,11,7,1,24.03,0.0,62.78,5.1,5.04,25.29,689.543,0,1,24.444444,2
2771,4,12,7,1,24.06,0.0,61.46,4.5,16.08,25.47,767.308,0,1,24.444444,2
2772,4,13,7,1,24.07,0.0,59.74,7.5,5.64,32.32,788.986,0,1,24.444444,2
2773,4,14,7,1,24.07,0.0,57.47,10.4,3.6,40.45,732.808,0,1,24.444444,2
2774,4,15,7,1,24.07,0.0,55.37,4.4,15.36,34.49,652.609,0,1,24.444444,2
2775,4,16,7,1,24.07,0.0,54.39,4.2,7.68,34.9,480.732,0,1,24.444444,2
2776,4,17,7,1,24.07,0.0,54.33,4.4,3.72,34.2,293.757,0,1,24.444444,2
2777,4,18,7,1,24.07,0.0,55.13,4.0,6.84,30.32,106.696,0,1,24.444444,2
2778,4,19,7,1,24.07,0.0,56.39,6.0,10.08,28.28,5.19516,0,1,24.444444,2
2779,4,20,7,1,24.07,0.0,57.38,7.4,4.56,27.87,0.0,0,1,24.444444,2
2780,4,21,7,1,24.07,0.0,58.14,8.7,2.88,28.33,0.0,0,1,24.444444,2
2781,4,22,7,1,24.07,0.0,60.15,4.6,0.72,20.12,0.0,0,1,24.444444,2
2782,4,23,7,1,24.07,0.0,62.73,5.1,1.08,19.82,0.0,0,1,24.444444,2
2783,4,24,7,1,24.07,0.0,64.76,4.0,0.6,16.44,0.0,0,1,24.444444,2
2784,4,1,1,1,24.07,0.0,66.56,4.7,0.96,16.52,0.0,0,1,24.444444,2
2785,4,2,1,1,24.05,0.0,68.13,3.7,1.08,14.52,0.0,0,1,24.444444,2
2786,4,3,1,1,24.03,0.0,69.85,3.4,0.48,13.75,0.0,0,1,24.444444,2
2787,4,4,1,1,24.01,0.0,71.06,3.1,0.24,12.68,0.0,0,1,24.444444,2
2788,4,5,1,1,24.0,0.0,71.85,3.3,1.2,12.44,0.0,0,1,24.444444,2
2789,4,6,1,1,24.04,0.0,70.67,7.9,4.08,21.37,0.0,0,1,24.444444,2
2790,4,7,1,1,24.01,0.0,69.62,3.2,5.76,16.9,59.5961,0,1,24.444444,2
2791,4,8,1,1,24.02,0.0,68.13,4.7,8.16,21.38,194.623,0,1,24.444444,2
2792,4,9,1,1,24.03,0.0,65.74,4.6,10.92,24.65,364.665,0,1,24.444444,2
2793,4,10,1,1,24.04,0.0,64.03,4.0,9.48,26.79,529.767,0,1,24.444444,2
2794,4,11,1,1,24.07,0.0,61.74,11.4,8.52,38.75,638.388,0,1,24.444444,2
2795,4,12,1,1,24.07,0.0,61.03,4.4,3.0,28.8,731.897,0,1,24.444444,2
2796,4,13,1,1,24.07,0.0,61.63,4.9,0.72,32.79,721.071,0,1,24.444444,2
2797,4,14,1,1,24.07,0.0,60.45,8.7,9.12,41.06,664.773,0,1,24.444444,2
2798,4,15,1,1,24.07,0.0,59.45,4.1,11.04,34.77,569.995,0,1,24.444444,2
2799,4,16,1,1,24.07,0.0,59.65,4.0,5.64,35.51,432.334,0,1,24.444444,2
2800,4,17,1,1,24.07,0.0,59.49,5.6,3.0,37.99,284.377,0,1,24.444444,2
2801,4,18,1,1,24.08,0.01,58.3,13.6,13.08,46.84,112.44,0,1,24.444444,2
2802,4,19,1,1,24.07,0.0,58.91,5.6,6.72,28.32,5.27298,0,1,24.444444,2
2803,4,20,1,1,24.07,0.0,60.44,8.7,5.64,30.75,0.0,0,1,24.444444,2
2804,4,21,1,1,24.07,0.0,61.86,5.8,2.52,25.04,0.0,0,1,24.444444,2
2805,4,22,1,1,24.07,0.0,63.58,6.3,4.2,25.12,0.0,0,1,24.444444,2
2806,4,23,1,1,24.07,0.0,64.98,4.2,0.84,19.8,0.0,0,1,24.444444,2
2807,4,24,1,1,24.07,0.0,66.53,3.9,0.6,17.89,0.0,0,1,24.444444,2
2808,4,1,2,1,24.06,0.0,67.61,3.3,0.24,15.75,0.0,0,1,24.444444,2
2809,4,2,2,1,24.04,0.0,68.98,3.2,0.0,15.02,0.0,0,1,24.444444,2
2810,4,3,2,1,24.04,0.0,70.23,3.6,0.24,15.22,0.0,0,1,24.444444,2
2811,4,4,2,1,24.02,0.0,71.33,3.4,0.84,14.38,0.0,0,1,24.444444,2
2812,4,5,2,1,24.02,0.0,72.18,3.7,0.84,14.47,0.0,0,1,24.444444,2
2813,4,6,2,1,24.01,0.0,72.79,3.5,4.68,15.7,0.0,0,1,24.444444,2
2814,4,7,2,1,24.02,0.0,72.15,3.8,11.76,21.74,61.261,0,1,24.444444,2
2815,4,8,2,1,24.03,0.0,70.32,3.9,5.28,24.62,200.168,0,1,24.444444,2
2816,4,9,2,1,24.04,0.0,68.09,4.0,1.2,27.62,367.92,0,1,24.444444,2
2817,4,10,2,1,24.05,0.0,66.04,4.2,5.28,29.84,507.183,0,1,24.444444,2
2818,4,11,2,1,24.07,0.0,64.02,6.2,4.8,33.85,635.586,0,1,24.444444,2
2819,4,12,2,1,24.07,0.0,63.65,3.4,3.24,30.06,704.045,0,1,24.444444,2
2820,4,13,2,1,24.08,0.01,61.69,10.5,0.96,43.84,737.431,0,1,24.444444,2
2821,4,14,2,1,24.1,0.03,58.36,12.5,1.08,47.77,657.791,0,1,24.444444,2
2822,4,15,2,1,24.08,0.0,56.68,9.5,2.04,45.12,600.596,0,1,24.444444,2
2823,4,16,2,1,24.07,0.0,57.33,4.0,1.2,37.82,456.674,0,1,24.444444,2
2824,4,17,2,1,24.07,0.0,58.06,6.4,5.64,40.44,287.192,0,1,24.444444,2
2825,4,18,2,1,24.07,0.0,58.51,7.9,4.32,39.59,110.736,0,1,24.444444,2
2826,4,19,2,1,24.07,0.0,58.62,10.4,3.36,37.72,5.85793,0,1,24.444444,2
2827,4,20,2,1,24.07,0.0,59.42,9.7,3.48,33.89,0.0,0,1,24.444444,2
2828,4,21,2,1,24.07,0.0,60.45,9.7,3.6,32.87,0.0,0,1,24.444444,2
2829,4,22,2,1,24.07,0.0,61.45,9.8,7.56,31.17,0.0,0,1,24.444444,2
2830,4,23,2,1,24.07,0.0,63.73,6.2,0.96,24.29,0.0,0,1,24.444444,2
2831,4,24,2,1,24.07,0.0,66.62,4.6,0.96,20.94,0.0,0,1,24.444444,2
2832,4,1,3,1,24.07,0.0,69.63,3.5,3.48,17.94,0.0,0,1,24.444444,2
2833,4,2,3,1,24.06,0.0,72.08,3.4,0.48,17.02,0.0,0,1,24.444444,2
2834,4,3,3,1,24.04,0.0,73.44,3.4,2.16,15.93,0.0,0,1,24.444444,2
2835,4,4,3,1,24.06,0.0,72.33,7.3,0.72,21.95,0.0,0,1,24.444444,2
2836,4,5,3,1,24.04,0.0,72.27,3.6,4.44,14.37,0.0,0,1,24.444444,2
2837,4,6,3,1,24.03,0.0,73.44,3.7,3.72,15.22,0.0,0,1,24.444444,2
2838,4,7,3,1,24.02,0.0,72.68,4.8,21.24,15.89,50.5069,0,1,24.444444,2
2839,4,8,3,1,24.02,0.0,69.5,6.0,4.92,16.32,159.168,0,1,24.444444,2
2840,4,9,3,1,24.02,0.0,66.94,5.3,6.0,17.78,269.102,0,1,24.444444,2
2841,4,10,3,1,24.03,0.0,64.95,4.2,7.08,19.5,400.022,0,1,24.444444,2
2842,4,11,3,1,24.04,0.0,64.49,4.0,2.4,23.42,529.371,0,1,24.444444,2
2843,4,12,3,1,24.06,0.0,65.08,3.8,4.8,25.97,599.715,0,1,24.444444,2
2844,4,13,3,1,24.07,0.0,63.58,11.5,0.72,40.64,646.955,0,1,24.444444,2
2845,4,14,3,1,24.07,0.0,61.78,10.6,6.36,41.21,580.495,0,1,24.444444,2
2846,4,15,3,1,24.07,0.0,60.22,8.9,3.96,42.56,539.031,0,1,24.444444,2
2847,4,16,3,1,24.07,0.0,58.96,7.8,1.68,41.74,438.086,0,1,24.444444,2
2848,4,17,3,1,24.07,0.0,58.4,9.3,1.56,41.25,285.354,0,1,24.444444,2
2849,4,18,3,1,24.07,0.0,58.9,8.0,6.84,37.25,105.882,0,1,24.444444,2
2850,4,19,3,1,24.07,0.0,60.45,5.5,5.52,29.06,7.62333,0,1,24.444444,2
2851,4,20,3,1,24.07,0.0,62.18,7.9,8.52,30.32,0.0,0,1,24.444444,2
2852,4,21,3,1,24.07,0.0,62.49,10.5,2.64,32.95,0.0,0,1,24.444444,2
2853,4,22,3,1,24.07,0.0,62.67,9.3,2.16,29.05,0.0,0,1,24.444444,2
2854,4,23,3,1,24.07,0.0,64.41,5.3,0.6,20.88,0.0,0,1,24.444444,2
2855,4,24,3,1,24.07,0.0,67.12,4.6,0.36,19.11,0.0,0,1,24.444444,2
2856,4,1,4,1,24.07,0.0,67.47,5.7,0.48,19.2,0.0,0,1,24.444444,2
2857,4,2,4,1,24.04,0.0,64.94,4.1,0.24,13.02,0.0,0,1,24.444444,2
2858,4,3,4,1,24.0,0.0,60.35,3.9,0.48,10.22,0.0,0,1,24.444444,2
2859,4,4,4,1,23.95,0.0,56.45,3.3,0.48,8.09,0.0,0,1,24.444444,2
2860,4,5,4,1,23.96,0.0,53.81,5.9,1.56,9.11,0.0,0,1,24.444444,2
2861,4,6,4,1,23.86,0.0,52.66,3.5,4.56,8.07,0.0,0,1,24.444444,2
2862,4,7,4,1,23.94,0.0,50.04,8.0,15.6,16.11,56.9769,0,1,24.444444,2
2863,4,8,4,1,23.97,0.0,47.07,8.2,12.0,17.87,226.559,0,1,24.444444,2
2864,4,9,4,1,23.98,0.0,44.3,8.4,6.12,18.76,436.114,0,1,24.444444,2
2865,4,10,4,1,24.0,0.0,42.03,8.3,5.4,18.35,639.93,0,1,24.444444,2
2866,4,11,4,1,24.03,0.0,40.62,8.1,0.96,16.58,738.278,0,1,24.444444,2
2867,4,12,4,1,24.06,0.0,39.78,8.9,4.56,17.22,833.333,0,1,24.444444,2
2868,4,13,4,1,24.07,0.0,39.45,8.8,3.84,18.56,833.333,0,1,24.444444,2
2869,4,14,4,1,24.07,0.0,39.16,10.2,3.84,23.36,777.257,0,1,24.444444,2
2870,4,15,4,1,24.08,0.0,38.93,9.4,5.88,25.98,669.809,0,1,24.444444,2
2871,4,16,4,1,24.08,0.0,38.9,7.7,3.6,24.78,496.191,0,1,24.444444,2
2872,4,17,4,1,24.08,0.0,39.05,8.6,3.6,23.71,286.651,0,1,24.444444,2
2873,4,18,4,1,24.08,0.0,39.69,9.2,9.12,20.38,80.7087,0,1,24.444444,2
2874,4,19,4,1,24.08,0.0,40.45,10.0,10.2,17.68,7.75486,0,1,24.444444,2
2875,4,20,4,1,24.08,0.0,41.67,9.2,4.8,14.32,0.0,0,1,24.444444,2
2876,4,21,4,1,24.08,0.0,43.12,9.7,3.0,13.99,0.0,0,1,24.444444,2
2877,4,22,4,1,24.07,0.0,43.88,12.7,8.76,16.19,0.0,0,1,24.444444,2
2878,4,23,4,1,24.07,0.0,42.4,16.7,0.72,19.57,0.0,0,1,24.444444,2
2879,4,24,4,1,24.0,0.0,41.7,7.6,0.36,7.53,0.0,0,1,24.444444,2
2880,5,1,5,1,23.79,0.0,42.92,5.3,0.6,4.37,0.0,0,1,24.444444,2
2881,5,2,5,1,23.7,0.0,43.82,7.3,0.24,4.34,0.0,0,1,24.444444,2
2882,5,3,5,1,23.75,0.0,43.48,11.0,0.48,5.75,0.0,0,1,24.444444,2
2883,5,4,5,1,23.69,0.0,42.66,10.3,0.0,4.3,0.0,0,1,24.444444,2
2884,5,5,5,1,23.6,0.0,41.39,9.7,1.44,3.31,0.0,0,1,24.444444,2
2885,5,6,5,1,23.62,0.0,39.79,8.7,3.72,4.1,0.0,0,1,24.444444,2
2886,5,7,5,1,23.72,0.0,38.08,9.4,21.0,7.26,60.0966,0,1,24.444444,2
2887,5,8,5,1,23.7,0.0,37.05,8.2,18.84,8.54,230.278,0,1,24.444444,2
2888,5,9,5,1,23.72,0.0,35.71,8.8,7.92,10.0,428.077,0,1,24.444444,2
2889,5,10,5,1,23.74,0.0,34.53,8.0,9.0,9.35,564.973,0,1,24.444444,2
2890,5,11,5,1,23.79,0.0,34.0,8.0,3.0,9.08,649.749,0,1,24.444444,2
2891,5,12,5,1,23.89,0.0,33.36,9.4,1.56,10.4,691.555,0,1,24.444444,2
2892,5,13,5,1,23.96,0.0,32.81,9.1,1.56,11.51,676.771,0,1,24.444444,2
2893,5,14,5,1,24.03,0.0,32.58,9.5,3.6,14.79,638.473,0,1,24.444444,2
2894,5,15,5,1,24.05,0.0,32.38,8.9,1.8,17.6,570.892,0,1,24.444444,2
2895,5,16,5,1,24.06,0.0,32.23,8.3,4.8,18.73,428.137,0,1,24.444444,2
2896,5,17,5,1,24.07,0.0,32.53,9.0,2.16,19.38,277.968,0,1,24.444444,2
2897,5,18,5,1,24.08,0.0,33.46,9.1,2.16,17.75,110.927,0,1,24.444444,2
2898,5,19,5,1,24.08,0.0,34.63,9.7,6.36,15.01,3.25613,0,1,24.444444,2
2899,5,20,5,1,24.08,0.0,35.59,9.3,3.36,12.52,0.0,0,1,24.444444,2
2900,5,21,5,1,24.08,0.0,36.45,9.5,3.0,11.89,0.0,0,1,24.444444,2
2901,5,22,5,1,24.07,0.0,37.93,9.9,2.28,11.34,0.0,0,1,24.444444,2
2902,5,23,5,1,24.05,0.0,39.75,9.4,0.84,10.34,0.0,0,1,24.444444,2
2903,5,24,5,1,24.04,0.0,40.37,9.8,0.24,10.28,0.0,0,1,24.444444,2
2904,5,1,6,1,24.03,0.0,40.42,9.9,0.36,9.53,0.0,0,1,24.444444,2
2905,5,2,6,1,23.76,0.0,41.09,3.5,0.24,3.73,0.0,0,1,24.444444,2
2906,5,3,6,1,23.61,0.0,41.91,3.8,0.24,3.28,0.0,0,1,24.444444,2
2907,5,4,6,1,23.48,0.0,42.37,3.5,0.12,2.48,0.0,0,1,24.444444,2
2908,5,5,6,1,23.35,0.0,42.95,3.6,3.96,2.04,0.0,0,1,24.444444,2
2909,5,6,6,1,23.4,0.0,43.12,4.1,13.68,2.78,0.0,0,1,24.444444,2
2910,5,7,6,1,23.7,0.0,42.29,7.9,9.0,10.06,59.2298,0,1,24.444444,2
2911,5,8,6,1,23.77,0.0,40.91,7.1,9.84,13.64,229.696,0,1,24.444444,2
2912,5,9,6,1,23.77,0.0,39.59,5.3,7.08,12.96,438.981,0,1,24.444444,2
2913,5,10,6,1,23.88,0.0,37.54,8.6,3.72,14.74,582.879,0,1,24.444444,2
2914,5,11,6,1,23.89,0.0,35.88,4.8,1.32,10.28,694.728,0,1,24.444444,2
2915,5,12,6,1,24.01,0.0,34.68,8.8,2.28,14.01,728.656,0,1,24.444444,2
2916,5,13,6,1,23.99,0.0,34.56,4.0,6.6,10.5,716.883,0,1,24.444444,2
2917,5,14,6,1,24.06,0.0,34.33,10.7,2.4,19.26,648.303,0,1,24.444444,2
2918,5,15,6,1,24.04,0.0,34.28,3.4,0.72,15.18,605.043,0,1,24.444444,2
2919,5,16,6,1,24.07,0.0,34.45,8.1,1.56,22.55,479.365,0,1,24.444444,2
2920,5,17,6,1,24.08,0.0,34.87,8.0,2.28,23.38,310.549,0,1,24.444444,2
2921,5,18,6,1,24.08,0.0,35.59,9.4,1.68,23.2,115.246,0,1,24.444444,2
2922,5,19,6,1,24.08,0.0,36.02,10.5,4.8,20.65,1.80813,0,1,24.444444,2
2923,5,20,6,1,24.08,0.0,36.48,9.1,2.4,15.77,0.0,0,1,24.444444,2
2924,5,21,6,1,24.08,0.0,36.81,11.7,2.16,17.49,0.0,0,1,24.444444,2
2925,5,22,6,1,24.07,0.0,37.42,6.7,1.56,10.16,0.0,0,1,24.444444,2
2926,5,23,6,1,23.97,0.0,39.14,4.5,1.32,6.84,0.0,0,1,24.444444,2
2927,5,24,6,1,23.86,0.0,41.67,4.2,0.6,5.67,0.0,0,1,24.444444,2
2928,5,1,7,1,23.69,0.0,43.5,3.5,0.84,3.95,0.0,0,1,24.444444,2
2929,5,2,7,1,23.56,0.0,45.21,4.6,0.36,3.34,0.0,0,1,24.444444,2
2930,5,3,7,1,23.39,0.0,47.2,3.9,0.48,2.16,0.0,0,1,24.444444,2
2931,5,4,7,1,23.24,0.0,49.01,3.3,0.48,1.65,0.0,0,1,24.444444,2
2932,5,5,7,1,23.18,0.0,50.64,3.5,0.84,1.46,0.0,0,1,24.444444,2
2933,5,6,7,1,23.39,0.0,51.01,3.8,3.0,5.12,0.0,0,1,24.444444,2
2934,5,7,7,1,23.59,0.0,50.31,6.4,7.92,14.29,30.3001,0,1,24.444444,2
2935,5,8,7,1,23.64,0.0,49.76,5.7,4.44,16.46,253.435,0,1,24.444444,2
2936,5,9,7,1,23.74,0.0,48.3,7.1,11.16,18.23,483.303,0,1,24.444444,2
2937,5,10,7,1,23.76,0.0,46.81,3.8,19.8,14.61,651.58,0,1,24.444444,2
2938,5,11,7,1,23.85,0.0,44.98,4.8,6.6,14.05,739.344,0,1,24.444444,2
2939,5,12,7,1,23.97,0.0,43.06,5.7,6.36,15.19,788.636,0,1,24.444444,2
2940,5,13,7,1,24.03,0.0,41.2,5.0,2.88,16.37,778.321,0,1,24.444444,2
2941,5,14,7,1,24.07,0.0,39.69,15.4,18.48,32.2,715.158,0,1,24.444444,2
2942,5,15,7,1,24.08,0.0,38.43,6.6,4.56,26.97,663.867,0,1,24.444444,2
2943,5,16,7,1,24.08,0.0,37.81,6.5,3.48,29.81,514.792,0,1,24.444444,2
2944,5,17,7,1,24.08,0.0,37.79,4.2,10.56,28.37,347.116,0,1,24.444444,2
2945,5,18,7,1,24.08,0.0,38.82,4.8,7.2,27.78,151.188,0,1,24.444444,2
2946,5,19,7,1,24.08,0.0,41.14,7.6,7.92,25.72,6.07997,0,1,24.444444,2
2947,5,20,7,1,24.08,0.0,42.33,5.7,3.72,19.79,0.0,0,1,24.444444,2
2948,5,21,7,1,24.07,0.0,43.44,8.3,6.6,21.12,0.0,0,1,24.444444,2
2949,5,22,7,1,24.08,0.0,44.45,5.6,1.32,14.77,0.0,0,1,24.444444,2
2950,5,23,7,1,24.07,0.0,45.0,12.3,2.28,20.62,0.0,0,1,24.444444,2
2951,5,24,7,1,24.02,0.0,46.39,4.5,1.08,8.8,0.0,0,1,24.444444,2
2952,5,1,1,1,23.95,0.0,49.12,4.7,0.6,7.46,0.0,0,1,24.444444,2
2953,5,2,1,1,23.87,0.0,51.64,5.0,0.48,6.54,0.0,0,1,24.444444,2
2954,5,3,1,1,23.69,0.0,54.65,3.6,0.48,4.38,0.0,0,1,24.444444,2
2955,5,4,1,1,23.62,0.0,56.93,4.9,0.72,4.36,0.0,0,1,24.444444,2
2956,5,5,1,1,23.58,0.0,58.41,5.5,0.6,4.1,0.0,0,1,24.444444,2
2957,5,6,1,1,23.63,0.0,59.02,3.9,0.96,9.07,0.0,0,1,24.444444,2
2958,5,7,1,1,23.7,0.0,58.13,4.3,11.76,16.06,36.1863,0,1,24.444444,2
2959,5,8,1,1,23.74,0.0,57.04,4.9,4.32,20.06,250.19,0,1,24.444444,2
2960,5,9,1,1,23.79,0.0,55.26,4.5,16.56,20.31,477.893,0,1,24.444444,2
2961,5,10,1,1,23.85,0.0,53.17,3.9,13.92,18.41,641.377,0,1,24.444444,2
2962,5,11,1,1,23.97,0.0,50.91,5.3,7.44,17.68,735.242,0,1,24.444444,2
2963,5,12,1,1,24.03,0.0,49.32,4.4,6.12,17.61,799.389,0,1,24.444444,2
2964,5,13,1,1,24.06,0.0,48.09,5.0,13.2,21.12,738.845,0,1,24.444444,2
2965,5,14,1,1,24.07,0.0,45.37,8.5,2.76,29.7,792.342,0,1,24.444444,2
2966,5,15,1,1,24.08,0.0,43.64,6.8,5.04,32.63,672.28,0,1,24.444444,2
2967,5,16,1,1,24.08,0.0,42.35,7.0,8.64,35.68,533.803,0,1,24.444444,2
2968,5,17,1,1,24.08,0.0,42.5,4.3,5.04,33.72,350.094,0,1,24.444444,2
2969,5,18,1,1,24.08,0.0,43.39,14.7,9.0,44.68,145.53,0,1,24.444444,2
2970,5,19,1,1,24.08,0.0,45.39,4.7,6.36,26.74,6.61597,0,1,24.444444,2
2971,5,20,1,1,24.07,0.0,46.56,7.5,2.16,26.05,0.0,0,1,24.444444,2
2972,5,21,1,1,24.07,0.0,47.19,7.3,2.52,23.18,0.0,0,1,24.444444,2
2973,5,22,1,1,24.07,0.0,48.49,5.5,0.84,17.75,0.0,0,1,24.444444,2
2974,5,23,1,1,24.07,0.0,50.64,4.2,1.44,13.24,0.0,0,1,24.444444,2
2975,5,24,1,1,24.06,0.0,53.17,4.8,0.48,11.9,0.0,0,1,24.444444,2
2976,5,1,2,1,23.98,0.0,55.36,3.5,0.24,8.37,0.0,0,1,24.444444,2
2977,5,2,2,1,23.84,0.0,57.42,3.2,0.48,6.23,0.0,0,1,24.444444,2
2978,5,3,2,1,23.85,0.0,58.37,6.5,0.36,7.69,0.0,0,1,24.444444,2
2979,5,4,2,1,23.74,0.0,59.7,5.0,0.6,5.15,0.0,0,1,24.444444,2
2980,5,5,2,1,23.62,0.0,61.1,4.7,1.32,4.1,0.0,0,1,24.444444,2
2981,5,6,2,1,23.67,0.0,61.05,4.3,7.68,8.12,0.0,0,1,24.444444,2
2982,5,7,2,1,23.73,0.0,59.45,4.1,15.24,16.65,37.7342,0,1,24.444444,2
2983,5,8,2,1,23.77,0.0,57.09,5.2,6.48,21.0,246.974,0,1,24.444444,2
2984,5,9,2,1,23.81,0.0,54.32,4.2,8.76,19.68,471.272,0,1,24.444444,2
2985,5,10,2,1,23.87,0.0,51.21,4.2,7.32,18.13,639.055,0,1,24.444444,2
2986,5,11,2,1,23.96,0.0,48.21,4.0,4.56,16.05,755.577,0,1,24.444444,2
2987,5,12,2,1,24.01,0.0,46.07,3.6,1.56,15.94,814.073,0,1,24.444444,2
2988,5,13,2,1,24.05,0.0,44.57,3.9,1.2,18.48,833.333,0,1,24.444444,2
2989,5,14,2,1,24.07,0.0,43.5,8.0,1.68,28.04,825.714,0,1,24.444444,2
2990,5,15,2,1,24.08,0.0,43.06,4.5,1.56,29.2,750.171,0,1,24.444444,2
2991,5,16,2,1,24.08,0.0,42.84,4.1,1.56,32.41,558.882,0,1,24.444444,2
2992,5,17,2,1,24.08,0.0,42.77,3.8,4.92,35.04,450.779,0,1,24.444444,2
2993,5,18,2,1,24.08,0.0,43.12,6.9,4.2,37.76,192.512,0,1,24.444444,2
2994,5,19,2,1,24.08,0.0,43.84,5.9,6.84,28.87,0.523069,0,1,24.444444,2
2995,5,20,2,1,24.08,0.0,44.43,8.6,7.2,24.8,0.0,0,1,24.444444,2
2996,5,21,2,1,24.08,0.0,44.88,7.3,3.84,20.59,0.0,0,1,24.444444,2
2997,5,22,2,1,24.07,0.0,45.49,7.0,1.92,17.47,0.0,0,1,24.444444,2
2998,5,23,2,1,24.07,0.0,46.9,4.4,0.6,11.49,0.0,0,1,24.444444,2
2999,5,24,2,1,24.04,0.0,48.88,5.1,0.48,9.97,0.0,0,1,24.444444,2
3000,5,1,3,1,23.9,0.0,51.27,3.3,0.12,6.58,0.0,0,1,24.444444,2
3001,5,2,3,1,23.79,0.0,53.31,3.6,0.72,5.58,0.0,0,1,24.444444,2
3002,5,3,3,1,23.66,0.0,55.08,3.5,0.36,4.4,0.0,0,1,24.444444,2
3003,5,4,3,1,23.57,0.0,56.65,3.6,0.12,3.83,0.0,0,1,24.444444,2
3004,5,5,3,1,23.53,0.0,58.14,3.7,1.68,3.64,0.0,0,1,24.444444,2
3005,5,6,3,1,23.63,0.0,58.84,4.8,3.48,5.74,0.0,0,1,24.444444,2
3006,5,7,3,1,23.82,0.0,57.99,9.0,26.28,14.43,68.6709,0,1,24.444444,2
3007,5,8,3,1,23.84,0.0,57.0,5.5,4.32,14.98,216.937,0,1,24.444444,2
3008,5,9,3,1,23.85,0.0,55.77,4.9,8.28,16.0,391.42,0,1,24.444444,2
3009,5,10,3,1,23.9,0.0,54.42,4.3,8.04,17.02,562.371,0,1,24.444444,2
3010,5,11,3,1,23.98,0.0,53.1,4.4,1.2,16.89,665.827,0,1,24.444444,2
3011,5,12,3,1,24.01,0.0,51.89,3.6,2.76,16.02,738.954,0,1,24.444444,2
3012,5,13,3,1,24.04,0.0,50.79,4.6,0.96,19.2,744.806,0,1,24.444444,2
3013,5,14,3,1,24.07,0.0,48.94,9.9,1.8,29.97,729.302,0,1,24.444444,2
3014,5,15,3,1,24.07,0.0,47.47,3.9,1.32,26.9,680.215,0,1,24.444444,2
3015,5,16,3,1,24.07,0.0,47.25,3.6,1.08,30.03,546.561,0,1,24.444444,2
3016,5,17,3,1,24.07,0.0,46.69,9.0,3.84,37.35,358.595,0,1,24.444444,2
3017,5,18,3,1,24.07,0.0,46.42,6.7,3.96,31.91,140.669,0,1,24.444444,2
3018,5,19,3,1,24.07,0.0,46.7,7.3,5.64,27.16,2.77765,0,1,24.444444,2
3019,5,20,3,1,24.07,0.0,47.23,7.4,4.32,22.69,0.0,0,1,24.444444,2
3020,5,21,3,1,24.07,0.0,48.44,6.9,2.4,20.21,0.0,0,1,24.444444,2
3021,5,22,3,1,24.07,0.0,50.59,7.9,1.68,19.48,0.0,0,1,24.444444,2
3022,5,23,3,1,24.07,0.0,52.74,5.4,0.84,14.16,0.0,0,1,24.444444,2
3023,5,24,3,1,24.06,0.0,55.06,4.6,0.72,12.21,0.0,0,1,24.444444,2
3024,5,1,4,1,24.06,0.0,57.04,6.7,0.36,14.28,0.0,0,1,24.444444,2
3025,5,2,4,1,24.07,0.0,58.34,8.8,0.48,16.38,0.0,0,1,24.444444,2
3026,5,3,4,1,23.97,0.0,60.91,3.3,0.6,8.2,0.0,0,1,24.444444,2
3027,5,4,4,1,23.9,0.0,64.34,3.3,0.48,8.07,0.0,0,1,24.444444,2
3028,5,5,4,1,23.87,0.0,66.55,3.7,4.2,8.34,0.0,0,1,24.444444,2
3029,5,6,4,1,23.92,0.0,66.57,5.6,7.2,13.36,0.0,0,1,24.444444,2
3030,5,7,4,1,23.99,0.0,64.14,7.5,12.6,21.77,65.0088,0,1,24.444444,2
3031,5,8,4,1,24.03,0.0,61.19,9.2,9.72,27.21,219.231,0,1,24.444444,2
3032,5,9,4,1,24.03,0.0,58.81,5.7,4.2,24.1,381.845,0,1,24.444444,2
3033,5,10,4,1,24.06,0.0,56.19,9.8,3.96,31.21,541.754,0,1,24.444444,2
3034,5,11,4,1,24.07,0.0,54.0,8.1,3.72,29.08,632.568,0,1,24.444444,2
3035,5,12,4,1,24.07,0.0,52.47,6.7,5.4,28.16,672.147,0,1,24.444444,2
3036,5,13,4,1,24.07,0.0,51.33,9.3,1.2,33.28,646.51,0,1,24.444444,2
3037,5,14,4,1,24.07,0.0,50.21,10.1,1.32,36.54,596.057,0,1,24.444444,2
3038,5,15,4,1,24.07,0.0,49.29,9.0,1.44,37.35,538.386,0,1,24.444444,2
3039,5,16,4,1,24.07,0.0,48.88,7.6,5.52,36.27,421.77,0,1,24.444444,2
3040,5,17,4,1,24.07,0.0,48.55,8.7,3.36,36.91,268.375,0,1,24.444444,2
3041,5,18,4,1,24.07,0.0,48.99,9.2,4.56,35.32,109.951,0,1,24.444444,2
3042,5,19,4,1,24.07,0.0,50.16,9.5,4.32,31.2,6.96904,0,1,24.444444,2
3043,5,20,4,1,24.07,0.0,51.59,8.9,4.08,27.46,0.0,0,1,24.444444,2
3044,5,21,4,1,24.07,0.0,52.94,10.6,5.4,28.28,0.0,0,1,24.444444,2
3045,5,22,4,1,24.07,0.0,54.29,9.4,3.24,25.07,0.0,0,1,24.444444,2
3046,5,23,4,1,24.07,0.0,56.01,7.6,1.2,20.95,0.0,0,1,24.444444,2
3047,5,24,4,1,24.07,0.0,57.99,7.5,0.36,19.37,0.0,0,1,24.444444,2
3048,5,1,5,1,24.06,0.0,60.21,5.0,0.6,14.41,0.0,0,1,24.444444,2
3049,5,2,5,1,24.07,0.0,62.12,7.3,0.24,16.77,0.0,0,1,24.444444,2
3050,5,3,5,1,24.07,0.0,63.01,9.7,0.48,19.41,0.0,0,1,24.444444,2
3051,5,4,5,1,24.02,0.0,64.94,4.6,0.0,10.63,0.0,0,1,24.444444,2
3052,5,5,5,1,24.05,0.0,65.99,9.5,1.8,17.41,0.0,0,1,24.444444,2
3053,5,6,5,1,24.05,0.0,65.42,9.6,8.4,20.82,0.0,0,1,24.444444,2
3054,5,7,5,1,24.06,0.0,64.04,10.0,21.0,27.37,66.3665,0,1,24.444444,2
3055,5,8,5,1,24.06,0.0,62.75,7.7,11.52,26.65,219.009,0,1,24.444444,2
3056,5,9,5,1,24.07,0.0,60.47,9.2,3.72,31.97,399.36,0,1,24.444444,2
3057,5,10,5,1,24.07,0.0,57.93,8.0,4.68,31.32,555.638,0,1,24.444444,2
3058,5,11,5,1,24.07,0.0,55.53,10.8,1.56,34.67,674.745,0,1,24.444444,2
3059,5,12,5,1,24.07,0.0,54.23,7.5,2.4,30.84,663.496,0,1,24.444444,2
3060,5,13,5,1,24.07,0.0,52.6,9.5,1.56,35.63,641.59,0,1,24.444444,2
3061,5,14,5,1,24.07,0.0,51.29,10.0,2.76,38.45,597.074,0,1,24.444444,2
3062,5,15,5,1,24.07,0.0,50.34,8.9,1.08,39.01,546.676,0,1,24.444444,2
3063,5,16,5,1,24.07,0.0,49.83,8.4,1.32,37.97,401.812,0,1,24.444444,2
3064,5,17,5,1,24.07,0.0,49.91,9.4,2.52,38.11,251.229,0,1,24.444444,2
3065,5,18,5,1,24.07,0.0,51.87,6.0,3.72,32.15,104.07,0,1,24.444444,2
3066,5,19,5,1,24.07,0.0,54.45,9.4,6.72,34.02,2.53252,0,1,24.444444,2
3067,5,20,5,1,24.07,0.0,55.65,10.7,1.68,33.34,0.0,0,1,24.444444,2
3068,5,21,5,1,24.07,0.0,56.26,14.0,3.72,37.08,0.0,0,1,24.444444,2
3069,5,22,5,1,24.07,0.0,57.34,12.6,1.2,33.45,0.0,0,1,24.444444,2
3070,5,23,5,1,24.07,0.0,58.46,11.2,0.72,30.21,0.0,0,1,24.444444,2
3071,5,24,5,1,24.07,0.0,59.78,9.6,0.72,26.96,0.0,0,1,24.444444,2
3072,5,1,6,1,24.07,0.0,61.91,6.4,0.24,21.37,0.0,0,1,24.444444,2
3073,5,2,6,1,24.07,0.0,65.15,3.5,0.48,16.42,0.0,0,1,24.444444,2
3074,5,3,6,1,24.06,0.0,68.66,3.2,0.24,15.96,0.0,0,1,24.444444,2
3075,5,4,6,1,24.07,0.0,69.85,6.4,0.48,21.29,0.0,0,1,24.444444,2
3076,5,5,6,1,24.07,0.0,69.77,6.6,2.52,20.81,0.0,0,1,24.444444,2
3077,5,6,6,1,24.07,0.0,70.03,6.5,11.16,20.98,0.0,0,1,24.444444,2
3078,5,7,6,1,24.06,0.0,70.12,5.4,4.2,20.41,58.0176,0,1,24.444444,2
3079,5,8,6,1,24.06,0.0,69.63,5.8,9.48,21.75,150.375,0,1,24.444444,2
3080,5,9,6,1,24.06,0.0,69.18,4.3,4.8,21.76,247.325,0,1,24.444444,2
3081,5,10,6,1,24.06,0.0,68.49,3.9,6.72,24.47,348.808,0,1,24.444444,2
3082,5,11,6,1,24.07,0.0,67.07,4.9,1.2,27.81,424.565,0,1,24.444444,2
3083,5,12,6,1,24.07,0.0,64.87,8.4,1.56,34.89,507.076,0,1,24.444444,2
3084,5,13,6,1,24.07,0.0,64.0,4.9,1.68,30.43,475.845,0,1,24.444444,2
3085,5,14,6,1,24.07,0.0,62.47,9.7,0.84,38.87,448.467,0,1,24.444444,2
3086,5,15,6,1,24.07,0.0,61.59,9.4,1.08,38.38,394.12,0,1,24.444444,2
3087,5,16,6,1,24.07,0.0,61.4,7.8,2.76,35.1,291.959,0,1,24.444444,2
3088,5,17,6,1,24.07,0.0,60.23,14.8,4.08,41.1,180.333,0,1,24.444444,2
3089,5,18,6,1,24.07,0.0,59.63,8.5,1.56,27.02,66.6774,0,1,24.444444,2
3090,5,19,6,1,24.07,0.0,59.58,10.9,4.44,27.82,4.07307,0,1,24.444444,2
3091,5,20,6,1,24.07,0.0,60.68,8.1,2.16,21.07,0.0,0,1,24.444444,2
3092,5,21,6,1,24.06,0.0,62.24,6.9,4.92,15.59,0.0,0,1,24.444444,2
3093,5,22,6,1,24.05,0.0,62.64,8.4,1.44,14.93,0.0,0,1,24.444444,2
3094,5,23,6,1,23.97,0.0,63.33,5.4,1.32,9.58,0.0,0,1,24.444444,2
3095,5,24,6,1,23.87,0.0,64.81,4.4,1.2,7.67,0.0,0,1,24.444444,2
3096,5,1,7,1,23.76,0.0,66.33,3.6,0.72,6.09,0.0,0,1,24.444444,2
3097,5,2,7,1,23.73,0.0,66.93,4.4,0.36,6.27,0.0,0,1,24.444444,2
3098,5,3,7,1,23.7,0.0,67.34,4.8,0.48,6.28,0.0,0,1,24.444444,2
3099,5,4,7,1,23.69,0.0,67.76,5.4,0.12,6.43,0.0,0,1,24.444444,2
3100,5,5,7,1,23.62,0.0,69.19,3.8,1.56,4.68,0.0,0,1,24.444444,2
3101,5,6,7,1,23.62,0.0,70.31,4.0,2.28,5.71,0.0,0,1,24.444444,2
3102,5,7,7,1,23.68,0.0,69.94,4.3,4.2,7.91,68.0883,0,1,24.444444,2
3103,5,8,7,1,23.76,0.0,68.9,5.4,6.24,10.88,180.431,0,1,24.444444,2
3104,5,9,7,1,23.84,0.0,67.23,6.2,16.08,15.63,299.807,0,1,24.444444,2
3105,5,10,7,1,23.9,0.0,65.8,4.1,11.76,17.19,458.419,0,1,24.444444,2
3106,5,11,7,1,24.0,0.0,64.39,6.3,6.12,21.87,562.49,0,1,24.444444,2
3107,5,12,7,1,24.03,0.0,63.27,4.9,1.56,21.53,594.164,0,1,24.444444,2
3108,5,13,7,1,24.05,0.0,62.54,5.0,9.84,24.97,621.44,0,1,24.444444,2
3109,5,14,7,1,24.26,0.18,58.29,22.3,10.08,52.34,580.002,0,1,24.444444,2
3110,5,15,7,1,24.08,0.01,57.22,6.8,2.88,34.48,518.129,0,1,24.444444,2
3111,5,16,7,1,24.07,0.0,58.52,4.2,3.72,31.82,407.248,0,1,24.444444,2
3112,5,17,7,1,24.07,0.0,59.12,4.1,3.72,30.53,234.798,0,1,24.444444,2
3113,5,18,7,1,24.07,0.0,60.34,4.7,4.68,29.81,102.293,0,1,24.444444,2
3114,5,19,7,1,24.07,0.0,60.62,6.8,2.16,29.21,6.07681,0,1,24.444444,2
3115,5,20,7,1,24.07,0.0,60.97,6.1,10.32,25.14,0.0,0,1,24.444444,2
3116,5,21,7,1,24.07,0.0,61.62,6.9,3.12,25.12,0.0,0,1,24.444444,2
3117,5,22,7,1,24.07,0.0,63.45,4.5,1.08,19.87,0.0,0,1,24.444444,2
3118,5,23,7,1,24.07,0.0,65.5,6.0,0.84,21.39,0.0,0,1,24.444444,2
3119,5,24,7,1,24.07,0.0,67.31,4.6,0.72,17.73,0.0,0,1,24.444444,2
3120,5,1,1,1,24.07,0.0,69.01,4.9,1.32,17.29,0.0,0,1,24.444444,2
3121,5,2,1,1,24.07,0.0,69.04,8.2,0.84,21.72,0.0,0,1,24.444444,2
3122,5,3,1,1,24.03,0.0,70.12,3.5,0.36,12.31,0.0,0,1,24.444444,2
3123,5,4,1,1,24.02,0.0,71.89,4.8,0.48,13.86,0.0,0,1,24.444444,2
3124,5,5,1,1,24.01,0.0,72.82,5.0,0.6,13.25,0.0,0,1,24.444444,2
3125,5,6,1,1,23.99,0.0,73.69,3.9,3.6,14.84,0.0,0,1,24.444444,2
3126,5,7,1,1,24.01,0.0,72.48,5.1,9.0,23.26,69.4179,0,1,24.444444,2
3127,5,8,1,1,24.03,0.0,70.04,5.2,5.04,26.25,217.4,0,1,24.444444,2
3128,5,9,1,1,24.03,0.0,67.93,3.8,4.92,26.49,383.875,0,1,24.444444,2
3129,5,10,1,1,24.06,0.0,65.97,6.3,6.6,31.95,501.657,0,1,24.444444,2
3130,5,11,1,1,24.07,0.0,64.83,5.4,18.0,27.94,532.429,0,1,24.444444,2
3131,5,12,1,1,24.07,0.0,64.77,3.9,10.32,25.95,561.824,0,1,24.444444,2
3132,5,13,1,1,24.07,0.0,64.3,4.5,10.92,28.58,557.941,0,1,24.444444,2
3133,5,14,1,1,24.07,0.0,61.27,9.0,2.64,37.93,570.655,0,1,24.444444,2
3134,5,15,1,1,24.07,0.0,59.23,4.8,11.4,31.68,455.641,0,1,24.444444,2
3135,5,16,1,1,24.07,0.0,58.12,5.5,3.48,33.24,365.156,0,1,24.444444,2
3136,5,17,1,1,24.07,0.0,57.51,6.1,6.72,32.71,227.505,0,1,24.444444,2
3137,5,18,1,1,24.07,0.0,59.2,4.1,10.92,27.95,80.207,0,1,24.444444,2
3138,5,19,1,1,24.07,0.0,61.58,4.7,6.84,26.82,8.00825,0,1,24.444444,2
3139,5,20,1,1,24.07,0.0,62.31,9.1,2.16,32.0,0.0,0,1,24.444444,2
3140,5,21,1,1,24.07,0.0,63.08,6.9,2.76,26.8,0.0,0,1,24.444444,2
3141,5,22,1,1,24.07,0.0,64.48,8.2,0.96,27.94,0.0,0,1,24.444444,2
3142,5,23,1,1,24.07,0.0,65.57,7.0,0.72,24.73,0.0,0,1,24.444444,2
3143,5,24,1,1,24.07,0.0,67.24,5.0,0.24,19.81,0.0,0,1,24.444444,2
3144,5,1,2,1,24.07,0.0,68.84,5.3,0.12,19.32,0.0,0,1,24.444444,2
3145,5,2,2,1,24.06,0.0,70.44,3.7,0.48,15.86,0.0,0,1,24.444444,2
3146,5,3,2,1,24.05,0.0,71.86,4.8,0.72,17.37,0.0,0,1,24.444444,2
3147,5,4,2,1,24.03,0.0,73.18,3.4,0.24,14.37,0.0,0,1,24.444444,2
3148,5,5,2,1,24.02,0.0,74.46,3.5,1.08,14.18,0.0,0,1,24.444444,2
3149,5,6,2,1,24.03,0.0,74.22,4.2,7.68,19.3,0.0,0,1,24.444444,2
3150,5,7,2,1,24.04,0.0,72.06,4.2,19.32,24.3,71.4333,0,1,24.444444,2
3151,5,8,2,1,24.04,0.0,69.66,4.6,15.72,28.66,217.767,0,1,24.444444,2
3152,5,9,2,1,24.08,0.0,64.85,9.5,8.76,38.26,380.69,0,1,24.444444,2
3153,5,10,2,1,24.07,0.0,61.26,6.5,7.56,33.81,539.341,0,1,24.444444,2
3154,5,11,2,1,24.07,0.0,59.86,8.3,2.04,36.18,649.897,0,1,24.444444,2
3155,5,12,2,1,24.07,0.0,59.31,4.2,2.52,30.91,635.452,0,1,24.444444,2
3156,5,13,2,1,24.07,0.0,57.94,4.0,2.4,32.57,634.504,0,1,24.444444,2
3157,5,14,2,1,24.07,0.0,55.97,7.7,1.44,40.61,595.795,0,1,24.444444,2
3158,5,15,2,1,24.07,0.0,54.98,4.4,2.76,37.64,536.863,0,1,24.444444,2
3159,5,16,2,1,24.07,0.0,54.6,4.1,2.64,37.28,408.417,0,1,24.444444,2
3160,5,17,2,1,24.07,0.0,54.35,3.9,6.72,35.16,253.533,0,1,24.444444,2
3161,5,18,2,1,24.07,0.0,54.3,6.5,5.64,36.45,109.085,0,1,24.444444,2
3162,5,19,2,1,24.07,0.0,54.45,5.8,9.96,30.54,9.64012,0,1,24.444444,2
3163,5,20,2,1,24.07,0.0,54.47,12.1,10.32,36.23,0.0,0,1,24.444444,2
3164,5,21,2,1,24.07,0.0,56.13,6.5,9.24,26.38,0.0,0,1,24.444444,2
3165,5,22,2,1,24.07,0.0,59.23,7.0,1.32,26.07,0.0,0,1,24.444444,2
3166,5,23,2,1,24.07,0.0,60.95,6.4,1.2,24.35,0.0,0,1,24.444444,2
3167,5,24,2,1,24.07,0.0,62.82,3.7,0.48,17.76,0.0,0,1,24.444444,2
3168,5,1,3,1,24.07,0.0,64.98,4.7,0.48,17.28,0.0,0,1,24.444444,2
3169,5,2,3,1,24.05,0.0,66.68,3.5,0.96,13.85,0.0,0,1,24.444444,2
3170,5,3,3,1,24.04,0.0,67.65,5.0,0.24,15.11,0.0,0,1,24.444444,2
3171,5,4,3,1,24.03,0.0,68.34,4.9,0.12,14.01,0.0,0,1,24.444444,2
3172,5,5,3,1,24.0,0.0,69.65,3.7,5.16,11.49,0.0,0,1,24.444444,2
3173,5,6,3,1,24.02,0.0,69.9,5.3,4.32,17.07,0.0,0,1,24.444444,2
3174,5,7,3,1,24.05,0.0,67.43,9.5,27.96,29.15,72.0558,0,1,24.444444,2
3175,5,8,3,1,24.05,0.0,65.35,4.4,1.68,23.95,217.65,0,1,24.444444,2
3176,5,9,3,1,24.05,0.0,63.71,5.3,2.64,28.09,382.554,0,1,24.444444,2
3177,5,10,3,1,24.06,0.0,61.88,5.0,5.76,28.35,524.086,0,1,24.444444,2
3178,5,11,3,1,24.07,0.0,59.96,4.0,2.28,26.38,602.697,0,1,24.444444,2
3179,5,12,3,1,24.07,0.0,58.36,3.9,2.28,27.44,604.582,0,1,24.444444,2
3180,5,13,3,1,24.07,0.0,56.99,3.7,0.96,28.67,613.79,0,1,24.444444,2
3181,5,14,3,1,24.07,0.0,54.66,10.0,1.2,39.63,555.16,0,1,24.444444,2
3182,5,15,3,1,24.07,0.0,53.71,3.6,1.32,33.25,517.401,0,1,24.444444,2
3183,5,16,3,1,24.07,0.0,53.11,3.6,1.56,34.32,402.0,0,1,24.444444,2
3184,5,17,3,1,24.07,0.0,52.8,3.7,2.52,33.79,257.907,0,1,24.444444,2
3185,5,18,3,1,24.07,0.0,53.19,6.5,4.32,35.36,107.231,0,1,24.444444,2
3186,5,19,3,1,24.07,0.0,54.32,6.0,3.36,30.48,5.03515,0,1,24.444444,2
3187,5,20,3,1,24.07,0.0,55.37,9.8,6.0,32.73,0.0,0,1,24.444444,2
3188,5,21,3,1,24.07,0.0,56.06,10.3,9.72,31.66,0.0,0,1,24.444444,2
3189,5,22,3,1,24.07,0.0,56.98,7.0,1.68,25.03,0.0,0,1,24.444444,2
3190,5,23,3,1,24.07,0.0,58.81,4.6,1.68,20.96,0.0,0,1,24.444444,2
3191,5,24,3,1,24.07,0.0,61.14,4.6,1.44,19.43,0.0,0,1,24.444444,2
3192,5,1,4,1,24.06,0.0,64.16,2.8,0.24,14.72,0.0,0,1,24.444444,2
3193,5,2,4,1,24.06,0.0,66.53,4.9,0.24,17.01,0.0,0,1,24.444444,2
3194,5,3,4,1,24.07,0.0,67.43,6.2,0.6,18.65,0.0,0,1,24.444444,2
3195,5,4,4,1,24.06,0.0,68.02,5.5,0.36,16.73,0.0,0,1,24.444444,2
3196,5,5,4,1,24.03,0.0,69.6,3.2,1.68,12.45,0.0,0,1,24.444444,2
3197,5,6,4,1,24.04,0.0,70.72,4.9,7.56,16.21,0.0,0,1,24.444444,2
3198,5,7,4,1,24.07,0.0,68.48,12.1,15.36,29.99,67.2979,0,1,24.444444,2
3199,5,8,4,1,24.07,0.0,65.99,8.3,10.44,22.47,163.229,0,1,24.444444,2
3200,5,9,4,1,24.06,0.0,64.52,6.5,7.92,22.85,276.875,0,1,24.444444,2
3201,5,10,4,1,24.07,0.0,61.68,9.4,9.96,30.68,430.751,0,1,24.444444,2
3202,5,11,4,1,24.07,0.0,59.03,9.3,5.64,31.89,545.727,0,1,24.444444,2
3203,5,12,4,1,24.07,0.0,57.41,7.4,1.44,30.39,641.122,0,1,24.444444,2
3204,5,13,4,1,24.07,0.0,56.43,8.6,1.68,32.99,641.719,0,1,24.444444,2
3205,5,14,4,1,24.07,0.0,55.57,9.6,0.84,35.16,576.474,0,1,24.444444,2
3206,5,15,4,1,24.07,0.0,54.27,8.7,0.96,31.65,429.892,0,1,24.444444,2
3207,5,16,4,1,24.07,0.0,52.03,14.2,6.0,37.13,340.79,0,1,24.444444,2
3208,5,17,4,1,24.07,0.0,50.07,9.4,1.92,28.33,228.54,0,1,24.444444,2
3209,5,18,4,1,24.07,0.0,49.42,9.3,1.32,23.23,83.9986,0,1,24.444444,2
3210,5,19,4,1,24.07,0.0,48.83,10.0,5.64,19.16,10.783,0,1,24.444444,2
3211,5,20,4,1,24.07,0.0,48.19,8.1,5.76,13.6,0.0,0,1,24.444444,2
3212,5,21,4,1,24.06,0.0,47.59,8.9,1.8,12.47,0.0,0,1,24.444444,2
3213,5,22,4,1,24.05,0.0,47.24,10.4,5.64,12.08,0.0,0,1,24.444444,2
3214,5,23,4,1,23.97,0.0,47.2,7.8,0.6,7.58,0.0,0,1,24.444444,2
3215,5,24,4,1,23.92,0.0,47.13,9.3,0.48,7.13,0.0,0,1,24.444444,2
3216,5,1,5,1,23.81,0.0,47.18,9.1,0.96,5.42,0.0,0,1,24.444444,2
3217,5,2,5,1,23.76,0.0,46.78,10.4,0.36,5.3,0.0,0,1,24.444444,2
3218,5,3,5,1,23.65,0.0,46.15,9.4,0.48,3.6,0.0,0,1,24.444444,2
3219,5,4,5,1,23.15,0.0,46.54,2.8,0.36,0.71,0.0,0,1,24.444444,2
3220,5,5,5,1,23.19,0.0,45.04,8.4,2.64,1.7,0.0,0,1,24.444444,2
3221,5,6,5,1,23.33,0.0,43.19,8.5,5.16,2.22,0.0,0,1,24.444444,2
3222,5,7,5,1,23.5,0.0,41.43,8.7,24.36,3.7,74.0278,0,1,24.444444,2
3223,5,8,5,1,23.54,0.0,40.21,8.9,15.72,6.29,237.669,0,1,24.444444,2
3224,5,9,5,1,23.57,0.0,39.36,9.0,0.84,8.21,438.006,0,1,24.444444,2
3225,5,10,5,1,23.6,0.0,38.58,8.2,6.84,8.1,637.636,0,1,24.444444,2
3226,5,11,5,1,23.69,0.0,37.66,8.4,10.2,7.69,821.058,0,1,24.444444,2
3227,5,12,5,1,23.77,0.0,36.31,8.8,1.68,8.28,833.333,0,1,24.444444,2
3228,5,13,5,1,23.86,0.0,35.21,9.1,1.08,9.83,833.333,0,1,24.444444,2
3229,5,14,5,1,23.98,0.0,34.4,9.9,1.08,13.79,833.333,0,1,24.444444,2
3230,5,15,5,1,24.02,0.0,34.07,9.1,2.28,18.44,786.935,0,1,24.444444,2
3231,5,16,5,1,24.05,0.0,33.69,8.9,2.4,22.62,643.454,0,1,24.444444,2
3232,5,17,5,1,24.07,0.0,33.81,9.1,1.8,25.9,462.851,0,1,24.444444,2
3233,5,18,5,1,24.08,0.0,34.16,9.1,2.16,26.47,205.366,0,1,24.444444,2
3234,5,19,5,1,24.08,0.0,34.6,10.1,8.52,21.44,4.27507,0,1,24.444444,2
3235,5,20,5,1,24.08,0.0,35.09,11.6,6.48,16.93,0.0,0,1,24.444444,2
3236,5,21,5,1,24.08,0.0,35.34,12.4,8.28,16.61,0.0,0,1,24.444444,2
3237,5,22,5,1,24.08,0.0,35.27,17.9,1.8,20.94,0.0,0,1,24.444444,2
3238,5,23,5,1,24.08,0.0,36.08,13.4,1.2,13.37,0.0,0,1,24.444444,2
3239,5,24,5,1,24.05,0.0,38.11,11.2,0.48,9.43,0.0,0,1,24.444444,2
3240,5,1,6,1,23.75,0.0,40.79,5.0,0.36,3.74,0.0,0,1,24.444444,2
3241,5,2,6,1,23.57,0.0,43.39,6.1,0.48,3.28,0.0,0,1,24.444444,2
3242,5,3,6,1,23.42,0.0,45.34,6.1,0.36,2.5,0.0,0,1,24.444444,2
3243,5,4,6,1,23.31,0.0,46.99,6.6,0.48,2.15,0.0,0,1,24.444444,2
3244,5,5,6,1,23.11,0.0,48.84,3.7,3.36,1.12,0.0,0,1,24.444444,2
3245,5,6,6,1,23.35,0.0,48.8,6.1,8.52,3.11,0.0,0,1,24.444444,2
3246,5,7,6,1,23.61,0.0,47.61,7.6,14.16,9.71,64.0914,0,1,24.444444,2
3247,5,8,6,1,23.63,0.0,46.11,5.6,6.12,12.03,237.742,0,1,24.444444,2
3248,5,9,6,1,23.73,0.0,44.12,8.2,9.12,16.04,486.729,0,1,24.444444,2
3249,5,10,6,1,23.8,0.0,42.96,7.0,3.72,14.3,591.891,0,1,24.444444,2
3250,5,11,6,1,23.88,0.0,42.09,6.4,1.44,12.7,671.959,0,1,24.444444,2
3251,5,12,6,1,24.0,0.0,41.2,9.1,3.6,15.74,709.314,0,1,24.444444,2
3252,5,13,6,1,24.02,0.0,40.98,4.9,1.56,13.81,764.913,0,1,24.444444,2
3253,5,14,6,1,24.07,0.0,40.82,10.8,2.76,24.58,706.667,0,1,24.444444,2
3254,5,15,6,1,24.07,0.0,40.62,4.0,1.08,21.88,642.072,0,1,24.444444,2
3255,5,16,6,1,24.08,0.0,40.22,9.4,1.68,31.49,531.035,0,1,24.444444,2
3256,5,17,6,1,24.08,0.0,40.12,8.1,1.68,32.08,365.017,0,1,24.444444,2
3257,5,18,6,1,24.08,0.0,40.41,9.9,1.92,34.93,198.299,0,1,24.444444,2
3258,5,19,6,1,24.08,0.0,40.6,11.1,1.68,28.9,6.66816,0,1,24.444444,2
3259,5,20,6,1,24.08,0.0,41.06,8.5,2.16,20.65,0.0,0,1,24.444444,2
3260,5,21,6,1,24.08,0.0,41.53,8.2,1.08,18.24,0.0,0,1,24.444444,2
3261,5,22,6,1,24.08,0.0,41.99,10.6,0.84,18.29,0.0,0,1,24.444444,2
3262,5,23,6,1,24.04,0.0,44.1,4.8,0.84,9.4,0.0,0,1,24.444444,2
3263,5,24,6,1,23.97,0.0,46.49,4.7,1.2,7.62,0.0,0,1,24.444444,2
3264,5,1,7,1,23.8,0.0,48.9,3.3,0.6,5.3,0.0,0,1,24.444444,2
3265,5,2,7,1,23.81,0.0,50.74,6.2,0.48,6.38,0.0,0,1,24.444444,2
3266,5,3,7,1,23.67,0.0,53.21,4.7,0.84,4.26,0.0,0,1,24.444444,2
3267,5,4,7,1,23.51,0.0,55.54,3.4,0.96,3.08,0.0,0,1,24.444444,2
3268,5,5,7,1,23.47,0.0,57.01,4.0,1.56,3.27,0.0,0,1,24.444444,2
3269,5,6,7,1,23.57,0.0,57.41,3.2,5.52,5.84,0.0,0,1,24.444444,2
3270,5,7,7,1,23.7,0.0,56.47,3.8,8.76,12.12,65.4781,0,1,24.444444,2
3271,5,8,7,1,23.74,0.0,55.17,4.6,7.2,15.6,232.874,0,1,24.444444,2
3272,5,9,7,1,23.78,0.0,53.62,4.4,8.64,16.39,416.753,0,1,24.444444,2
3273,5,10,7,1,23.84,0.0,52.25,4.0,9.84,16.06,565.501,0,1,24.444444,2
3274,5,11,7,1,23.93,0.0,52.0,4.1,2.16,15.52,684.721,0,1,24.444444,2
3275,5,12,7,1,24.02,0.0,51.79,6.1,6.36,18.81,783.087,0,1,24.444444,2
3276,5,13,7,1,24.05,0.0,50.8,5.0,1.92,20.05,801.504,0,1,24.444444,2
3277,5,14,7,1,24.07,0.0,48.48,10.6,5.28,31.39,723.001,0,1,24.444444,2
3278,5,15,7,1,24.07,0.0,45.99,4.4,2.28,27.35,693.121,0,1,24.444444,2
3279,5,16,7,1,24.08,0.0,44.34,4.4,1.32,29.69,557.572,0,1,24.444444,2
3280,5,17,7,1,24.08,0.0,43.24,4.3,5.64,29.43,353.634,0,1,24.444444,2
3281,5,18,7,1,24.08,0.0,42.98,4.8,4.08,28.6,160.985,0,1,24.444444,2
3282,5,19,7,1,24.08,0.0,43.1,5.1,3.0,22.69,7.33841,0,1,24.444444,2
3283,5,20,7,1,24.08,0.0,43.86,6.0,6.36,18.72,0.0,0,1,24.444444,2
3284,5,21,7,1,24.07,0.0,44.88,10.4,2.4,22.25,0.0,0,1,24.444444,2
3285,5,22,7,1,24.07,0.0,46.48,4.8,1.44,13.11,0.0,0,1,24.444444,2
3286,5,23,7,1,24.07,0.0,48.02,8.1,1.44,15.19,0.0,0,1,24.444444,2
3287,5,24,7,1,24.04,0.0,50.3,5.1,1.32,9.68,0.0,0,1,24.444444,2
3288,5,1,1,1,23.93,0.0,53.22,3.5,0.72,7.0,0.0,0,1,24.444444,2
3289,5,2,1,1,24.0,0.0,54.26,8.5,2.52,10.98,0.0,0,1,24.444444,2
3290,5,3,1,1,23.78,0.0,56.42,3.3,0.48,4.72,0.0,0,1,24.444444,2
3291,5,4,1,1,23.69,0.0,58.41,5.0,0.36,4.97,0.0,0,1,24.444444,2
3292,5,5,1,1,23.54,0.0,60.21,3.4,1.08,3.32,0.0,0,1,24.444444,2
3293,5,6,1,1,23.63,0.0,60.65,3.5,0.96,7.05,0.0,0,1,24.444444,2
3294,5,7,1,1,23.75,0.0,59.74,4.0,7.8,14.85,63.7538,0,1,24.444444,2
3295,5,8,1,1,23.8,0.0,58.68,4.7,5.04,17.71,226.984,0,1,24.444444,2
3296,5,9,1,1,23.82,0.0,57.5,4.0,7.44,16.7,401.931,0,1,24.444444,2
3297,5,10,1,1,23.86,0.0,57.12,3.7,10.8,16.17,522.519,0,1,24.444444,2
3298,5,11,1,1,23.97,0.0,56.22,5.8,6.96,17.79,637.078,0,1,24.444444,2
3299,5,12,1,1,24.02,0.0,55.29,4.8,7.2,17.3,703.805,0,1,24.444444,2
3300,5,13,1,1,24.05,0.0,54.35,6.2,9.84,21.76,790.841,0,1,24.444444,2
3301,5,14,1,1,24.07,0.0,52.26,12.0,3.12,34.47,763.061,0,1,24.444444,2
3302,5,15,1,1,24.07,0.0,50.36,4.9,8.64,29.98,679.862,0,1,24.444444,2
3303,5,16,1,1,24.07,0.0,49.13,4.6,7.92,32.59,534.701,0,1,24.444444,2
3304,5,17,1,1,24.07,0.0,48.22,6.7,14.16,36.22,357.068,0,1,24.444444,2
3305,5,18,1,1,24.08,0.0,46.75,10.5,6.48,39.41,160.692,0,1,24.444444,2
3306,5,19,1,1,24.08,0.0,45.87,4.4,7.32,24.59,7.84036,0,1,24.444444,2
3307,5,20,1,1,24.08,0.0,46.09,7.9,2.88,23.23,0.0,0,1,24.444444,2
3308,5,21,1,1,24.07,0.0,46.84,7.2,1.2,20.19,0.0,0,1,24.444444,2
3309,5,22,1,1,24.07,0.0,47.91,7.8,3.0,18.65,0.0,0,1,24.444444,2
3310,5,23,1,1,24.06,0.0,50.09,3.9,0.72,11.59,0.0,0,1,24.444444,2
3311,5,24,1,1,24.04,0.0,52.85,3.9,0.36,10.32,0.0,0,1,24.444444,2
3312,5,1,2,1,23.98,0.0,55.54,3.6,0.48,8.66,0.0,0,1,24.444444,2
3313,5,2,2,1,23.89,0.0,58.28,3.4,0.36,7.2,0.0,0,1,24.444444,2
3314,5,3,2,1,23.81,0.0,60.83,3.6,0.36,6.5,0.0,0,1,24.444444,2
3315,5,4,2,1,23.74,0.0,63.11,3.6,0.24,5.79,0.0,0,1,24.444444,2
3316,5,5,2,1,23.65,0.0,65.27,3.1,1.44,4.73,0.0,0,1,24.444444,2
3317,5,6,2,1,23.72,0.0,65.91,3.7,5.16,9.53,0.0,0,1,24.444444,2
3318,5,7,2,1,23.81,0.0,64.81,4.9,12.96,17.63,66.5725,0,1,24.444444,2
3319,5,8,2,1,23.86,0.0,63.09,4.7,13.44,19.45,227.14,0,1,24.444444,2
3320,5,9,2,1,23.93,0.0,60.54,5.8,6.36,22.01,411.523,0,1,24.444444,2
3321,5,10,2,1,24.01,0.0,57.16,7.1,2.64,24.12,552.605,0,1,24.444444,2
3322,5,11,2,1,24.03,0.0,54.3,4.3,1.32,19.75,672.164,0,1,24.444444,2
3323,5,12,2,1,24.04,0.0,52.59,4.2,3.24,20.43,750.39,0,1,24.444444,2
3324,5,13,2,1,24.06,0.0,52.02,4.1,1.08,22.05,805.671,0,1,24.444444,2
3325,5,14,2,1,24.07,0.0,50.37,10.8,1.08,35.75,789.195,0,1,24.444444,2
3326,5,15,2,1,24.07,0.0,48.68,4.2,2.28,31.15,697.425,0,1,24.444444,2
3327,5,16,2,1,24.07,0.0,48.05,5.5,1.92,35.53,558.528,0,1,24.444444,2
3328,5,17,2,1,24.07,0.0,47.98,4.1,4.92,34.18,354.991,0,1,24.444444,2
3329,5,18,2,1,24.07,0.0,48.48,6.1,5.52,35.83,160.418,0,1,24.444444,2
3330,5,19,2,1,24.07,0.0,48.85,5.2,9.24,28.38,8.1128,0,1,24.444444,2
3331,5,20,2,1,24.07,0.0,49.41,7.2,6.36,25.43,0.0,0,1,24.444444,2
3332,5,21,2,1,24.07,0.0,50.29,7.4,4.8,23.7,0.0,0,1,24.444444,2
3333,5,22,2,1,24.07,0.0,52.34,7.7,1.56,22.38,0.0,0,1,24.444444,2
3334,5,23,2,1,24.07,0.0,55.02,5.0,1.92,16.96,0.0,0,1,24.444444,2
3335,5,24,2,1,24.07,0.0,57.88,4.6,0.6,14.41,0.0,0,1,24.444444,2
3336,5,1,3,1,24.04,0.0,60.89,3.7,0.12,11.62,0.0,0,1,24.444444,2
3337,5,2,3,1,24.04,0.0,63.16,6.1,0.36,13.9,0.0,0,1,24.444444,2
3338,5,3,3,1,23.97,0.0,65.21,3.6,0.72,9.26,0.0,0,1,24.444444,2
3339,5,4,3,1,23.96,0.0,66.75,5.4,1.56,10.4,0.0,0,1,24.444444,2
3340,5,5,3,1,23.88,0.0,68.2,3.9,0.96,7.98,0.0,0,1,24.444444,2
3341,5,6,3,1,23.9,0.0,68.49,4.7,6.12,13.07,0.0,0,1,24.444444,2
3342,5,7,3,1,23.93,0.0,67.22,4.6,22.44,18.69,71.6955,0,1,24.444444,2
3343,5,8,3,1,23.96,0.0,65.23,4.8,4.56,21.92,226.191,0,1,24.444444,2
3344,5,9,3,1,24.0,0.0,62.64,5.1,6.12,24.15,419.472,0,1,24.444444,2
3345,5,10,3,1,24.02,0.0,60.68,4.1,5.16,23.57,573.19,0,1,24.444444,2
3346,5,11,3,1,24.03,0.0,59.1,4.2,1.44,22.76,666.16,0,1,24.444444,2
3347,5,12,3,1,24.05,0.0,57.83,3.9,4.08,23.34,756.881,0,1,24.444444,2
3348,5,13,3,1,24.07,0.0,56.88,4.1,2.28,25.95,756.344,0,1,24.444444,2
3349,5,14,3,1,24.07,0.0,54.75,10.0,0.6,38.88,727.452,0,1,24.444444,2
3350,5,15,3,1,24.07,0.0,53.33,3.9,4.44,34.34,667.277,0,1,24.444444,2
3351,5,16,3,1,24.07,0.0,51.88,4.0,5.88,37.25,551.061,0,1,24.444444,2
3352,5,17,3,1,24.07,0.0,50.42,3.6,1.44,36.72,365.986,0,1,24.444444,2
3353,5,18,3,1,24.07,0.0,50.42,7.0,4.68,37.95,147.375,0,1,24.444444,2
3354,5,19,3,1,24.07,0.0,51.49,6.2,5.88,30.96,9.60055,0,1,24.444444,2
3355,5,20,3,1,24.07,0.0,52.13,11.1,2.4,33.19,0.0,0,1,24.444444,2
3356,5,21,3,1,24.07,0.0,53.13,7.3,11.16,26.3,0.0,0,1,24.444444,2
3357,5,22,3,1,24.07,0.0,55.49,7.5,0.48,24.83,0.0,0,1,24.444444,2
3358,5,23,3,1,24.07,0.0,57.92,5.4,1.08,19.79,0.0,0,1,24.444444,2
3359,5,24,3,1,24.07,0.0,60.25,4.8,0.36,17.1,0.0,0,1,24.444444,2
3360,5,1,4,1,24.07,0.0,62.26,4.7,0.36,15.49,0.0,0,1,24.444444,2
3361,5,2,4,1,24.06,0.0,64.11,4.7,0.48,13.99,0.0,0,1,24.444444,2
3362,5,3,4,1,24.02,0.0,66.27,3.4,0.12,10.95,0.0,0,1,24.444444,2
3363,5,4,4,1,23.98,0.0,68.26,3.5,0.24,10.15,0.0,0,1,24.444444,2
3364,5,5,4,1,23.99,0.0,69.16,5.3,2.04,11.6,0.0,0,1,24.444444,2
3365,5,6,4,1,23.97,0.0,68.81,3.8,6.6,16.91,0.0,0,1,24.444444,2
3366,5,7,4,1,24.03,0.0,66.35,9.1,14.88,30.35,64.0327,0,1,24.444444,2
3367,5,8,4,1,24.05,0.0,62.88,9.1,7.32,31.77,233.377,0,1,24.444444,2
3368,5,9,4,1,24.05,0.0,60.6,5.8,2.4,27.02,408.409,0,1,24.444444,2
3369,5,10,4,1,24.07,0.0,58.2,8.5,0.72,31.36,559.734,0,1,24.444444,2
3370,5,11,4,1,24.07,0.0,55.51,8.5,3.48,30.21,682.767,0,1,24.444444,2
3371,5,12,4,1,24.07,0.0,52.96,10.3,3.12,31.96,750.12,0,1,24.444444,2
3372,5,13,4,1,24.07,0.0,51.24,11.4,1.08,34.8,774.917,0,1,24.444444,2
3373,5,14,4,1,24.07,0.0,50.52,8.5,2.16,34.9,761.468,0,1,24.444444,2
3374,5,15,4,1,24.07,0.0,49.72,9.5,0.84,40.5,676.986,0,1,24.444444,2
3375,5,16,4,1,24.07,0.0,49.33,7.4,2.76,40.22,534.793,0,1,24.444444,2
3376,5,17,4,1,24.07,0.0,49.5,8.9,0.96,43.63,365.118,0,1,24.444444,2
3377,5,18,4,1,24.07,0.0,49.9,9.3,3.12,43.41,163.74,0,1,24.444444,2
3378,5,19,4,1,24.07,0.0,50.42,9.1,5.64,38.0,9.21485,0,1,24.444444,2
3379,5,20,4,1,24.07,0.0,51.18,8.6,4.68,30.68,0.0,0,1,24.444444,2
3380,5,21,4,1,24.07,0.0,51.93,9.6,2.4,30.06,0.0,0,1,24.444444,2
3381,5,22,4,1,24.07,0.0,52.46,11.7,3.36,30.77,0.0,0,1,24.444444,2
3382,5,23,4,1,24.07,0.0,54.29,5.3,1.92,19.5,0.0,0,1,24.444444,2
3383,5,24,4,1,24.07,0.0,55.9,10.6,0.12,25.42,0.0,0,1,24.444444,2
3384,5,1,5,1,24.07,0.0,56.97,7.8,0.12,19.12,0.0,0,1,24.444444,2
3385,5,2,5,1,24.07,0.0,58.39,7.4,0.24,16.6,0.0,0,1,24.444444,2
3386,5,3,5,1,24.07,0.0,59.1,10.2,0.24,19.08,0.0,0,1,24.444444,2
3387,5,4,5,1,24.01,0.0,60.93,4.7,0.12,9.54,0.0,0,1,24.444444,2
3388,5,5,5,1,24.05,0.0,61.96,9.6,4.08,15.44,0.0,0,1,24.444444,2
3389,5,6,5,1,24.05,0.0,61.71,8.5,6.84,20.71,0.0,0,1,24.444444,2
3390,5,7,5,1,24.05,0.0,60.96,8.7,37.32,27.11,62.6921,0,1,24.444444,2
3391,5,8,5,1,24.06,0.0,60.02,8.8,14.04,29.49,227.326,0,1,24.444444,2
3392,5,9,5,1,24.07,0.0,58.41,9.7,8.28,32.44,400.365,0,1,24.444444,2
3393,5,10,5,1,24.08,0.0,56.25,8.0,5.04,29.32,512.644,0,1,24.444444,2
3394,5,11,5,1,24.07,0.0,55.16,9.0,4.92,29.3,651.362,0,1,24.444444,2
3395,5,12,5,1,24.07,0.0,55.44,8.2,3.6,29.84,734.609,0,1,24.444444,2
3396,5,13,5,1,24.07,0.0,54.64,8.6,1.8,32.65,751.369,0,1,24.444444,2
3397,5,14,5,1,24.07,0.0,52.47,9.7,4.2,38.32,771.92,0,1,24.444444,2
3398,5,15,5,1,24.07,0.0,50.34,8.9,0.96,42.55,703.17,0,1,24.444444,2
3399,5,16,5,1,24.08,0.01,47.25,8.6,5.16,43.76,565.735,0,1,24.444444,2
3400,5,17,5,1,24.11,0.04,44.95,9.2,1.92,44.28,379.838,0,1,24.444444,2
3401,5,18,5,1,24.08,0.0,45.06,5.6,5.76,39.33,166.802,0,1,24.444444,2
3402,5,19,5,1,24.08,0.0,46.87,10.9,5.52,41.03,13.9991,0,1,24.444444,2
3403,5,20,5,1,24.07,0.0,48.19,10.3,5.16,34.27,0.0,0,1,24.444444,2
3404,5,21,5,1,24.07,0.0,49.42,10.6,1.56,32.57,0.0,0,1,24.444444,2
3405,5,22,5,1,24.07,0.0,50.42,9.4,0.84,28.3,0.0,0,1,24.444444,2
3406,5,23,5,1,24.07,0.0,51.41,8.6,1.44,24.6,0.0,0,1,24.444444,2
3407,5,24,5,1,24.07,0.0,53.38,9.5,0.96,24.01,0.0,0,1,24.444444,2
3408,5,1,6,1,24.07,0.0,57.14,3.4,0.12,14.12,0.0,0,1,24.444444,2
3409,5,2,6,1,24.07,0.0,59.86,6.0,0.36,15.67,0.0,0,1,24.444444,2
3410,5,3,6,1,24.04,0.0,61.91,4.6,0.24,11.39,0.0,0,1,24.444444,2
3411,5,4,6,1,24.02,0.0,63.95,4.8,0.6,11.03,0.0,0,1,24.444444,2
3412,5,5,6,1,24.0,0.0,65.77,4.7,1.92,10.61,0.0,0,1,24.444444,2
3413,5,6,6,1,23.98,0.0,66.39,3.5,9.12,15.65,0.0,0,1,24.444444,2
3414,5,7,6,1,24.0,0.0,65.19,4.2,6.36,22.06,67.0299,0,1,24.444444,2
3415,5,8,6,1,24.03,0.0,62.53,6.1,7.44,27.3,227.861,0,1,24.444444,2
3416,5,9,6,1,24.04,0.0,60.12,5.5,3.6,27.16,410.619,0,1,24.444444,2
3417,5,10,6,1,24.04,0.0,58.09,5.0,1.8,25.86,555.018,0,1,24.444444,2
3418,5,11,6,1,24.06,0.0,56.23,5.0,1.32,24.12,601.918,0,1,24.444444,2
3419,5,12,6,1,24.07,0.0,54.39,8.5,3.48,29.21,711.519,0,1,24.444444,2
3420,5,13,6,1,24.07,0.0,53.37,4.6,3.6,26.25,724.286,0,1,24.444444,2
3421,5,14,6,1,24.07,0.0,52.39,10.9,1.32,39.27,714.256,0,1,24.444444,2
3422,5,15,6,1,24.07,0.0,51.64,9.5,1.56,42.01,618.342,0,1,24.444444,2
3423,5,16,6,1,24.07,0.0,50.6,8.8,1.44,43.37,491.284,0,1,24.444444,2
3424,5,17,6,1,24.07,0.0,50.07,11.0,1.56,45.73,299.759,0,1,24.444444,2
3425,5,18,6,1,24.07,0.0,50.13,10.2,0.84,42.27,122.826,0,1,24.444444,2
3426,5,19,6,1,24.07,0.0,50.73,10.0,4.08,38.42,13.1061,0,1,24.444444,2
3427,5,20,6,1,24.07,0.0,51.74,7.2,2.16,30.63,0.0,0,1,24.444444,2
3428,5,21,6,1,24.07,0.0,52.72,9.9,0.96,32.47,0.0,0,1,24.444444,2
3429,5,22,6,1,24.07,0.0,54.08,9.0,3.48,29.1,0.0,0,1,24.444444,2
3430,5,23,6,1,24.07,0.0,55.96,5.5,2.28,22.24,0.0,0,1,24.444444,2
3431,5,24,6,1,24.07,0.0,57.6,7.5,0.72,23.18,0.0,0,1,24.444444,2
3432,5,1,7,1,24.07,0.0,59.91,3.6,0.36,15.42,0.0,0,1,24.444444,2
3433,5,2,7,1,24.06,0.0,62.3,3.5,0.96,13.56,0.0,0,1,24.444444,2
3434,5,3,7,1,24.03,0.0,64.02,3.4,0.36,11.31,0.0,0,1,24.444444,2
3435,5,4,7,1,23.99,0.0,65.78,3.2,0.72,10.38,0.0,0,1,24.444444,2
3436,5,5,7,1,23.98,0.0,67.5,3.9,3.72,10.73,0.0,0,1,24.444444,2
3437,5,6,7,1,24.01,0.0,67.44,5.8,2.88,16.3,0.0,0,1,24.444444,2
3438,5,7,7,1,24.02,0.0,66.75,5.1,5.64,19.85,78.3767,0,1,24.444444,2
3439,5,8,7,1,24.04,0.0,65.4,5.7,10.44,23.87,209.316,0,1,24.444444,2
3440,5,9,7,1,24.03,0.0,63.61,3.6,9.12,23.22,353.206,0,1,24.444444,2
3441,5,10,7,1,24.04,0.0,61.64,3.9,4.32,25.19,474.708,0,1,24.444444,2
3442,5,11,7,1,24.06,0.0,59.58,4.5,5.52,25.95,572.113,0,1,24.444444,2
3443,5,12,7,1,24.07,0.0,57.87,5.9,9.84,28.03,577.565,0,1,24.444444,2
3444,5,13,7,1,24.07,0.0,57.25,6.1,4.08,29.96,682.493,0,1,24.444444,2
3445,5,14,7,1,24.08,0.01,54.96,15.5,11.16,46.16,678.249,0,1,24.444444,2
3446,5,15,7,1,24.07,0.0,53.69,4.3,4.8,34.09,615.679,0,1,24.444444,2
3447,5,16,7,1,24.07,0.0,52.75,4.9,1.8,38.21,511.485,0,1,24.444444,2
3448,5,17,7,1,24.07,0.0,51.98,5.4,7.32,40.72,360.686,0,1,24.444444,2
3449,5,18,7,1,24.07,0.0,51.6,5.9,3.48,40.35,161.373,0,1,24.444444,2
3450,5,19,7,1,24.07,0.0,51.64,3.5,9.72,31.07,14.0602,0,1,24.444444,2
3451,5,20,7,1,24.07,0.0,52.52,5.9,3.72,28.45,0.0,0,1,24.444444,2
3452,5,21,7,1,24.07,0.0,53.78,6.6,2.88,27.7,0.0,0,1,24.444444,2
3453,5,22,7,1,24.07,0.0,55.05,7.1,3.12,26.18,0.0,0,1,24.444444,2
3454,5,23,7,1,24.07,0.0,55.73,8.7,0.24,26.52,0.0,0,1,24.444444,2
3455,5,24,7,1,24.07,0.0,57.03,5.0,0.72,18.81,0.0,0,1,24.444444,2
3456,5,1,1,1,24.07,0.0,58.76,4.8,1.08,16.7,0.0,0,1,24.444444,2
3457,5,2,1,1,24.07,0.0,59.09,8.4,1.08,19.71,0.0,0,1,24.444444,2
3458,5,3,1,1,24.03,0.0,60.45,3.6,0.12,10.37,0.0,0,1,24.444444,2
3459,5,4,1,1,23.99,0.0,62.62,3.6,0.48,9.88,0.0,0,1,24.444444,2
3460,5,5,1,1,23.95,0.0,63.84,3.6,1.08,8.71,0.0,0,1,24.444444,2
3461,5,6,1,1,23.93,0.0,64.16,3.1,5.04,14.6,0.0,0,1,24.444444,2
3462,5,7,1,1,23.98,0.0,63.06,4.5,4.8,21.74,67.1284,0,1,24.444444,2
3463,5,8,1,1,24.02,0.0,61.19,5.5,2.04,26.63,223.117,0,1,24.444444,2
3464,5,9,1,1,24.03,0.0,58.72,4.7,6.84,27.1,412.018,0,1,24.444444,2
3465,5,10,1,1,24.04,0.0,56.94,5.5,11.76,27.63,589.479,0,1,24.444444,2
3466,5,11,1,1,24.07,0.0,55.13,6.4,9.24,27.22,701.734,0,1,24.444444,2
3467,5,12,1,1,24.07,0.0,54.36,4.9,9.96,25.41,758.731,0,1,24.444444,2
3468,5,13,1,1,24.07,0.0,54.93,4.7,12.0,28.59,803.743,0,1,24.444444,2
3469,5,14,1,1,24.07,0.0,53.3,8.8,2.64,39.52,755.453,0,1,24.444444,2
3470,5,15,1,1,24.07,0.0,50.03,4.2,1.56,36.98,684.796,0,1,24.444444,2
3471,5,16,1,1,24.07,0.0,47.73,5.1,10.08,40.28,538.316,0,1,24.444444,2
3472,5,17,1,1,24.08,0.0,47.25,7.1,11.88,42.52,338.474,0,1,24.444444,2
3473,5,18,1,1,24.08,0.0,48.66,10.1,8.76,43.27,123.431,0,1,24.444444,2
3474,5,19,1,1,24.07,0.0,50.42,3.7,3.48,31.03,13.7764,0,1,24.444444,2
3475,5,20,1,1,24.07,0.0,51.98,7.2,2.16,31.72,0.0,0,1,24.444444,2
3476,5,21,1,1,24.07,0.0,52.94,4.9,3.84,26.77,0.0,0,1,24.444444,2
3477,5,22,1,1,24.07,0.0,53.49,7.6,1.32,27.82,0.0,0,1,24.444444,2
3478,5,23,1,1,24.07,0.0,54.07,8.0,1.32,25.76,0.0,0,1,24.444444,2
3479,5,24,1,1,24.07,0.0,55.39,3.7,0.36,17.45,0.0,0,1,24.444444,2
3480,5,1,2,1,24.07,0.0,57.62,3.3,0.6,15.07,0.0,0,1,24.444444,2
3481,5,2,2,1,24.06,0.0,59.76,3.1,0.48,12.86,0.0,0,1,24.444444,2
3482,5,3,2,1,24.07,0.0,60.36,7.4,0.12,18.08,0.0,0,1,24.444444,2
3483,5,4,2,1,24.04,0.0,61.52,3.7,0.24,11.27,0.0,0,1,24.444444,2
3484,5,5,2,1,23.99,0.0,63.52,3.6,0.84,9.73,0.0,0,1,24.444444,2
3485,5,6,2,1,23.99,0.0,64.31,3.9,11.4,13.51,0.0,0,1,24.444444,2
3486,5,7,2,1,24.03,0.0,63.17,6.5,18.36,25.21,69.5651,0,1,24.444444,2
3487,5,8,2,1,24.04,0.0,61.63,4.7,9.24,27.03,231.375,0,1,24.444444,2
3488,5,9,2,1,24.04,0.0,59.82,3.9,5.76,27.21,422.359,0,1,24.444444,2
3489,5,10,2,1,24.05,0.0,57.93,4.3,2.88,27.57,586.624,0,1,24.444444,2
3490,5,11,2,1,24.07,0.0,56.58,4.6,3.6,27.62,687.232,0,1,24.444444,2
3491,5,12,2,1,24.07,0.0,55.29,5.4,2.16,29.39,670.935,0,1,24.444444,2
3492,5,13,2,1,24.07,0.0,54.16,4.1,1.2,29.55,676.792,0,1,24.444444,2
3493,5,14,2,1,24.07,0.0,52.89,9.6,2.28,40.86,644.079,0,1,24.444444,2
3494,5,15,2,1,24.07,0.0,51.41,3.8,3.72,35.31,533.604,0,1,24.444444,2
3495,5,16,2,1,24.07,0.0,50.58,4.0,3.48,35.04,400.408,0,1,24.444444,2
3496,5,17,2,1,24.07,0.0,50.32,7.8,5.64,38.38,249.438,0,1,24.444444,2
3497,5,18,2,1,24.07,0.0,50.9,7.7,2.4,35.77,93.8233,0,1,24.444444,2
3498,5,19,2,1,24.07,0.0,51.98,7.3,12.84,32.42,14.5332,0,1,24.444444,2
3499,5,20,2,1,24.07,0.0,52.87,7.7,11.76,29.89,0.0,0,1,24.444444,2
3500,5,21,2,1,24.07,0.0,53.79,8.5,3.72,29.23,0.0,0,1,24.444444,2
3501,5,22,2,1,24.07,0.0,54.93,8.5,1.56,27.36,0.0,0,1,24.444444,2
3502,5,23,2,1,24.07,0.0,56.78,4.8,1.68,20.66,0.0,0,1,24.444444,2
3503,5,24,2,1,24.07,0.0,59.63,3.7,0.24,17.91,0.0,0,1,24.444444,2
3504,5,1,3,1,24.07,0.0,62.19,3.5,0.72,16.58,0.0,0,1,24.444444,2
3505,5,2,3,1,24.07,0.0,64.03,3.8,0.48,16.23,0.0,0,1,24.444444,2
3506,5,3,3,1,24.07,0.0,64.95,5.4,0.24,17.94,0.0,0,1,24.444444,2
3507,5,4,3,1,24.05,0.0,66.47,3.6,0.36,14.01,0.0,0,1,24.444444,2
3508,5,5,3,1,24.06,0.0,67.41,6.2,1.08,17.49,0.0,0,1,24.444444,2
3509,5,6,3,1,24.04,0.0,67.98,3.6,8.76,16.65,0.0,0,1,24.444444,2
3510,5,7,3,1,24.06,0.0,66.58,7.4,19.32,28.87,76.7956,0,1,24.444444,2
3511,5,8,3,1,24.06,0.0,64.99,4.5,7.44,28.42,219.693,0,1,24.444444,2
3512,5,9,3,1,24.07,0.0,62.87,6.4,5.28,33.98,385.44,0,1,24.444444,2
3513,5,10,3,1,24.07,0.0,61.15,4.7,5.64,31.47,518.143,0,1,24.444444,2
3514,5,11,3,1,24.07,0.0,60.41,4.5,1.44,30.88,626.351,0,1,24.444444,2
3515,5,12,3,1,24.07,0.0,59.85,4.3,4.08,31.39,722.021,0,1,24.444444,2
3516,5,13,3,1,24.07,0.0,58.94,3.5,0.84,29.47,706.19,0,1,24.444444,2
3517,5,14,3,1,24.07,0.0,57.53,10.0,2.16,42.19,667.586,0,1,24.444444,2
3518,5,15,3,1,24.07,0.0,56.54,4.4,2.28,32.61,499.034,0,1,24.444444,2
3519,5,16,3,1,24.07,0.0,57.39,3.3,5.76,32.48,430.978,0,1,24.444444,2
3520,5,17,3,1,24.07,0.0,58.03,8.1,1.92,41.55,283.492,0,1,24.444444,2
3521,5,18,3,1,24.07,0.0,57.85,6.0,1.56,36.96,143.358,0,1,24.444444,2
3522,5,19,3,1,24.07,0.0,58.18,6.5,6.36,32.13,15.5655,0,1,24.444444,2
3523,5,20,3,1,24.07,0.0,58.38,8.6,3.36,31.34,0.0,0,1,24.444444,2
3524,5,21,3,1,24.07,0.0,59.09,6.7,9.6,27.13,0.0,0,1,24.444444,2
3525,5,22,3,1,24.07,0.0,60.44,7.9,2.16,28.01,0.0,0,1,24.444444,2
3526,5,23,3,1,24.07,0.0,62.03,4.8,1.8,21.85,0.0,0,1,24.444444,2
3527,5,24,3,1,24.07,0.0,63.84,4.9,0.84,21.44,0.0,0,1,24.444444,2
3528,5,1,4,1,24.07,0.0,65.82,2.8,0.24,17.69,0.0,0,1,24.444444,2
3529,5,2,4,1,24.07,0.0,67.33,4.6,0.48,20.27,0.0,0,1,24.444444,2
3530,5,3,4,1,24.06,0.0,68.63,3.1,0.24,16.95,0.0,0,1,24.444444,2
3531,5,4,4,1,24.06,0.0,69.65,3.8,0.48,17.84,0.0,0,1,24.444444,2
3532,5,5,4,1,24.06,0.0,69.77,5.3,2.4,20.11,0.0,0,1,24.444444,2
3533,5,6,4,1,24.06,0.0,70.01,4.3,11.28,19.79,0.0,0,1,24.444444,2
3534,5,7,4,1,24.07,0.0,69.0,7.5,6.6,27.05,72.3445,0,1,24.444444,2
3535,5,8,4,1,24.07,0.0,65.45,12.0,5.04,34.54,173.813,0,1,24.444444,2
3536,5,9,4,1,24.07,0.0,63.43,7.9,3.36,28.28,271.841,0,1,24.444444,2
3537,5,10,4,1,24.07,0.0,62.81,9.1,5.4,32.81,395.058,0,1,24.444444,2
3538,5,11,4,1,24.07,0.0,62.09,9.1,3.0,34.38,481.34,0,1,24.444444,2
3539,5,12,4,1,24.07,0.0,61.5,6.9,5.88,31.33,536.125,0,1,24.444444,2
3540,5,13,4,1,24.07,0.0,60.49,9.1,2.04,32.86,590.258,0,1,24.444444,2
3541,5,14,4,1,24.07,0.0,58.91,10.1,1.2,33.05,499.525,0,1,24.444444,2
3542,5,15,4,1,24.07,0.0,57.13,8.6,0.96,28.29,402.984,0,1,24.444444,2
3543,5,16,4,1,24.07,0.0,57.11,7.6,3.0,26.96,422.106,0,1,24.444444,2
3544,5,17,4,1,24.07,0.0,57.4,9.0,3.48,28.94,282.533,0,1,24.444444,2
3545,5,18,4,1,24.07,0.0,57.28,9.1,1.68,27.7,131.453,0,1,24.444444,2
3546,5,19,4,1,24.07,0.0,58.24,8.9,5.64,23.6,15.6251,0,1,24.444444,2
3547,5,20,4,1,24.07,0.0,60.11,8.1,5.76,19.43,0.0,0,1,24.444444,2
3548,5,21,4,1,24.07,0.0,61.61,9.8,1.56,21.72,0.0,0,1,24.444444,2
3549,5,22,4,1,24.07,0.0,62.68,10.3,3.6,21.19,0.0,0,1,24.444444,2
3550,5,23,4,1,24.05,0.0,64.88,6.1,1.44,13.49,0.0,0,1,24.444444,2
3551,5,24,4,1,24.06,0.0,65.86,9.3,0.84,17.55,0.0,0,1,24.444444,2
3552,5,1,5,1,24.06,0.0,65.65,9.4,0.36,16.67,0.0,0,1,24.444444,2
3553,5,2,5,1,24.04,0.0,66.28,7.7,0.36,13.75,0.0,0,1,24.444444,2
3554,5,3,5,1,24.06,0.0,66.17,11.0,0.48,18.81,0.0,0,1,24.444444,2
3555,5,4,5,1,23.9,0.0,68.38,3.1,0.12,7.53,0.0,0,1,24.444444,2
3556,5,5,5,1,24.01,0.0,68.56,9.3,4.44,16.05,0.0,0,1,24.444444,2
3557,5,6,5,1,24.03,0.0,68.13,8.3,1.8,18.68,0.0,0,1,24.444444,2
3558,5,7,5,1,24.04,0.0,67.15,9.0,28.44,25.2,77.9066,0,1,24.444444,2
3559,5,8,5,1,24.05,0.0,65.72,8.6,2.52,28.29,218.922,0,1,24.444444,2
3560,5,9,5,1,24.06,0.0,64.17,8.7,5.16,32.06,385.455,0,1,24.444444,2
3561,5,10,5,1,24.07,0.0,62.67,9.9,1.2,36.2,537.567,0,1,24.444444,2
3562,5,11,5,1,24.07,0.0,61.68,8.1,6.36,32.98,654.115,0,1,24.444444,2
3563,5,12,5,1,24.07,0.0,59.94,8.0,1.32,33.39,738.914,0,1,24.444444,2
3564,5,13,5,1,24.07,0.0,57.61,9.0,0.72,35.83,767.606,0,1,24.444444,2
3565,5,14,5,1,24.07,0.0,56.35,9.6,1.2,39.29,781.846,0,1,24.444444,2
3566,5,15,5,1,24.07,0.0,55.16,9.0,2.52,42.47,694.171,0,1,24.444444,2
3567,5,16,5,1,24.07,0.0,54.3,8.0,2.16,43.93,581.978,0,1,24.444444,2
3568,5,17,5,1,24.09,0.01,53.99,10.0,2.76,46.62,377.017,0,1,24.444444,2
3569,5,18,5,1,24.07,0.0,53.52,10.8,2.64,45.33,168.834,0,1,24.444444,2
3570,5,19,5,1,24.07,0.0,53.78,10.1,3.84,38.0,17.8169,0,1,24.444444,2
3571,5,20,5,1,24.07,0.0,55.23,9.5,5.04,30.97,0.0,0,1,24.444444,2
3572,5,21,5,1,24.07,0.0,56.26,13.5,5.04,35.82,0.0,0,1,24.444444,2
3573,5,22,5,1,24.07,0.0,57.29,15.1,2.64,37.12,0.0,0,1,24.444444,2
3574,5,23,5,1,24.07,0.0,58.04,13.4,1.56,32.96,0.0,0,1,24.444444,2
3575,5,24,5,1,24.07,0.0,59.26,10.1,0.6,26.48,0.0,0,1,24.444444,2
3576,5,1,6,1,24.06,0.0,62.44,3.3,0.48,14.83,0.0,0,1,24.444444,2
3577,5,2,6,1,24.06,0.0,65.34,5.1,1.44,17.11,0.0,0,1,24.444444,2
3578,5,3,6,1,24.04,0.0,67.79,3.4,0.48,13.45,0.0,0,1,24.444444,2
3579,5,4,6,1,24.02,0.0,70.17,3.4,0.36,12.9,0.0,0,1,24.444444,2
3580,5,5,6,1,24.05,0.0,70.56,7.0,2.16,18.36,0.0,0,1,24.444444,2
3581,5,6,6,1,24.03,0.0,70.26,4.6,8.88,17.89,0.0,0,1,24.444444,2
3582,5,7,6,1,24.04,0.0,69.29,5.8,9.12,24.31,78.2683,0,1,24.444444,2
3583,5,8,6,1,24.05,0.0,67.53,5.7,12.36,25.76,215.377,0,1,24.444444,2
3584,5,9,6,1,24.05,0.0,66.11,5.6,8.64,25.24,316.004,0,1,24.444444,2
3585,5,10,6,1,24.05,0.0,65.11,5.5,3.84,24.2,424.581,0,1,24.444444,2
3586,5,11,6,1,24.05,0.0,64.77,4.3,3.12,23.18,491.541,0,1,24.444444,2
3587,5,12,6,1,24.07,0.0,63.63,8.4,3.6,30.59,521.892,0,1,24.444444,2
3588,5,13,6,1,24.07,0.0,63.6,5.0,1.68,24.82,817.489,0,1,24.444444,2
3589,5,14,6,1,24.07,0.0,62.7,8.5,1.08,33.39,736.523,0,1,24.444444,2
3590,5,15,6,1,24.07,0.0,61.41,4.4,1.8,30.59,655.807,0,1,24.444444,2
3591,5,16,6,1,24.07,0.0,60.23,8.4,1.08,41.83,572.19,0,1,24.444444,2
3592,5,17,6,1,24.08,0.01,59.13,8.7,1.44,44.27,392.81,0,1,24.444444,2
3593,5,18,6,1,24.08,0.0,58.12,9.2,4.2,44.42,178.839,0,1,24.444444,2
3594,5,19,6,1,24.07,0.0,57.01,10.9,3.96,39.98,18.0317,0,1,24.444444,2
3595,5,20,6,1,24.07,0.0,57.67,7.8,3.0,28.74,0.0,0,1,24.444444,2
3596,5,21,6,1,24.07,0.0,59.2,6.5,1.56,25.03,0.0,0,1,24.444444,2
3597,5,22,6,1,24.07,0.0,60.62,6.9,4.92,24.07,0.0,0,1,24.444444,2
3598,5,23,6,1,24.07,0.0,62.39,4.4,1.56,18.66,0.0,0,1,24.444444,2
3599,5,24,6,1,24.07,0.0,64.23,5.1,0.72,18.68,0.0,0,1,24.444444,2
3600,5,1,8,1,24.06,0.0,66.32,3.6,0.84,15.44,0.0,0,1,24.444444,2
3601,5,2,8,1,24.04,0.0,68.9,3.2,0.84,13.47,0.0,0,1,24.444444,2
3602,5,3,8,1,24.03,0.0,70.86,3.8,0.24,13.38,0.0,0,1,24.444444,2
3603,5,4,8,1,24.05,0.0,70.65,7.6,0.72,18.61,0.0,0,1,24.444444,2
3604,5,5,8,1,23.98,0.0,71.37,3.2,0.48,10.48,0.0,0,1,24.444444,2
3605,5,6,8,1,23.99,0.0,72.29,4.2,1.32,14.73,0.0,0,1,24.444444,2
3606,5,7,8,1,23.98,0.0,71.98,3.5,8.52,16.15,80.2776,0,1,24.444444,2
3607,5,8,8,1,24.0,0.0,70.69,5.5,11.04,20.64,210.76,0,1,24.444444,2
3608,5,9,8,1,24.0,0.0,69.14,4.0,9.48,19.01,333.829,0,1,24.444444,2
3609,5,10,8,1,24.0,0.0,67.97,3.9,12.36,19.3,482.039,0,1,24.444444,2
3610,5,11,8,1,24.02,0.0,66.7,4.7,5.88,19.59,552.949,0,1,24.444444,2
3611,5,12,8,1,24.03,0.0,65.54,4.2,3.6,18.15,635.359,0,1,24.444444,2
3612,5,13,8,1,24.05,0.0,63.85,6.9,2.64,24.7,593.858,0,1,24.444444,2
3613,5,14,8,1,24.07,0.0,60.86,10.3,3.12,33.05,613.245,0,1,24.444444,2
3614,5,15,8,1,24.07,0.0,58.79,9.6,1.92,34.66,506.251,0,1,24.444444,2
3615,5,16,8,1,24.07,0.0,58.45,5.1,1.56,28.88,388.468,0,1,24.444444,2
3616,5,17,8,1,24.07,0.0,59.29,4.1,5.28,27.58,253.807,0,1,24.444444,2
3617,5,18,8,1,24.08,0.0,60.48,4.9,3.12,26.79,107.464,0,1,24.444444,2
3618,5,19,8,1,24.07,0.0,60.97,9.7,5.76,30.65,17.3788,0,1,24.444444,2
3619,5,20,8,1,24.07,0.0,61.48,5.8,5.16,20.63,0.0,0,1,24.444444,2
3620,5,21,8,1,24.07,0.0,61.73,7.7,3.84,22.84,0.0,0,1,24.444444,2
3621,5,22,8,1,24.07,0.0,61.66,8.3,1.8,22.03,0.0,0,1,24.444444,2
3622,5,23,8,1,24.07,0.0,62.66,7.1,4.2,18.37,0.0,0,1,24.444444,2
3623,5,24,8,1,24.06,0.0,65.08,4.9,0.6,14.4,0.0,0,1,24.444444,2
3624,6,1,1,1,24.05,0.0,67.18,5.6,2.04,15.2,0.0,0,1,24.444444,2
3625,6,2,1,1,24.06,0.0,67.9,7.7,0.84,18.38,0.0,0,1,24.444444,2
3626,6,3,1,1,24.02,0.0,69.49,3.9,0.12,11.61,0.0,0,1,24.444444,2
3627,6,4,1,1,24.01,0.0,70.78,5.1,0.6,12.97,0.0,0,1,24.444444,2
3628,6,5,1,1,24.0,0.0,71.85,4.8,0.72,12.32,0.0,0,1,24.444444,2
3629,6,6,1,1,24.0,0.0,72.39,4.6,0.96,14.25,0.0,0,1,24.444444,2
3630,6,7,1,1,24.0,0.0,72.4,3.4,4.8,15.14,74.6833,0,1,24.444444,2
3631,6,8,1,1,24.04,0.0,70.52,8.2,3.6,26.58,188.578,0,1,24.444444,2
3632,6,9,1,1,24.03,0.0,68.03,3.7,7.56,22.27,314.225,0,1,24.444444,2
3633,6,10,1,1,24.03,0.0,67.12,3.8,11.28,21.76,418.756,0,1,24.444444,2
3634,6,11,1,1,24.04,0.0,66.66,4.1,3.6,23.2,501.329,0,1,24.444444,2
3635,6,12,1,1,24.07,0.0,64.95,7.8,5.04,28.33,540.918,0,1,24.444444,2
3636,6,13,1,1,24.07,0.0,64.29,4.4,7.08,23.69,561.465,0,1,24.444444,2
3637,6,14,1,1,24.07,0.0,62.49,9.0,4.56,36.03,583.563,0,1,24.444444,2
3638,6,15,1,1,24.07,0.0,59.63,4.3,4.44,31.29,567.547,0,1,24.444444,2
3639,6,16,1,1,24.07,0.0,57.74,3.7,3.36,31.11,436.294,0,1,24.444444,2
3640,6,17,1,1,24.07,0.0,57.15,6.0,3.12,30.91,276.406,0,1,24.444444,2
3641,6,18,1,1,24.07,0.0,57.3,3.7,3.36,27.09,129.336,0,1,24.444444,2
3642,6,19,1,1,24.07,0.0,57.32,6.2,2.76,27.77,16.8687,0,1,24.444444,2
3643,6,20,1,1,24.07,0.0,58.4,4.2,11.64,20.73,0.0,0,1,24.444444,2
3644,6,21,1,1,24.07,0.0,59.82,5.5,2.04,21.36,0.0,0,1,24.444444,2
3645,6,22,1,1,24.07,0.0,60.91,10.6,1.44,28.22,0.0,0,1,24.444444,2
3646,6,23,1,1,24.07,0.0,62.8,5.8,0.84,19.23,0.0,0,1,24.444444,2
3647,6,24,1,1,24.07,0.0,65.91,4.8,0.24,17.51,0.0,0,1,24.444444,2
3648,6,1,2,1,24.06,0.0,68.14,4.8,0.6,16.86,0.0,0,1,24.444444,2
3649,6,2,2,1,24.03,0.0,70.66,2.8,0.24,12.97,0.0,0,1,24.444444,2
3650,6,3,2,1,24.03,0.0,72.7,3.6,0.48,14.05,0.0,0,1,24.444444,2
3651,6,4,2,1,24.06,0.0,71.29,9.3,0.12,23.42,0.0,0,1,24.444444,2
3652,6,5,2,1,24.02,0.0,71.1,3.5,1.2,11.99,0.0,0,1,24.444444,2
3653,6,6,2,1,24.03,0.0,72.4,4.9,4.44,16.51,0.0,0,1,24.444444,2
3654,6,7,2,1,24.04,0.0,72.32,4.4,14.64,20.81,77.3061,0,1,24.444444,2
3655,6,8,2,1,24.05,0.0,69.36,7.2,8.04,28.54,196.036,0,1,24.444444,2
3656,6,9,2,1,24.05,0.0,67.13,4.1,6.0,25.41,319.603,0,1,24.444444,2
3657,6,10,2,1,24.07,0.0,64.78,8.4,4.68,34.23,430.242,0,1,24.444444,2
3658,6,11,2,1,24.07,0.0,62.97,4.7,4.56,28.5,544.433,0,1,24.444444,2
3659,6,12,2,1,24.07,0.0,62.0,4.2,0.96,28.42,666.974,0,1,24.444444,2
3660,6,13,2,1,24.07,0.0,60.76,4.0,3.0,30.64,625.035,0,1,24.444444,2
3661,6,14,2,1,24.07,0.0,58.26,10.0,0.84,42.24,584.578,0,1,24.444444,2
3662,6,15,2,1,24.07,0.0,57.72,4.5,0.72,32.73,415.095,0,1,24.444444,2
3663,6,16,2,1,24.07,0.0,57.06,9.1,1.92,40.95,379.912,0,1,24.444444,2
3664,6,17,2,1,24.07,0.0,56.26,3.8,1.68,32.49,250.331,0,1,24.444444,2
3665,6,18,2,1,24.07,0.0,57.05,4.2,1.2,30.49,119.619,0,1,24.444444,2
3666,6,19,2,1,24.07,0.0,57.8,6.7,2.52,29.55,11.8899,0,1,24.444444,2
3667,6,20,2,1,24.07,0.0,58.0,7.8,6.12,29.34,0.0,0,1,24.444444,2
3668,6,21,2,1,24.07,0.0,58.69,6.5,3.48,26.37,0.0,0,1,24.444444,2
3669,6,22,2,1,24.07,0.0,59.97,6.8,2.16,25.77,0.0,0,1,24.444444,2
3670,6,23,2,1,24.07,0.0,61.5,5.0,0.96,21.57,0.0,0,1,24.444444,2
3671,6,24,2,1,24.07,0.0,63.39,3.5,1.44,17.92,0.0,0,1,24.444444,2
3672,6,1,3,1,24.07,0.0,65.02,3.3,1.32,16.32,0.0,0,1,24.444444,2
3673,6,2,3,1,24.06,0.0,66.22,3.8,0.36,15.26,0.0,0,1,24.444444,2
3674,6,3,3,1,24.04,0.0,67.77,3.5,0.12,13.67,0.0,0,1,24.444444,2
3675,6,4,3,1,24.03,0.0,69.1,3.6,0.24,13.58,0.0,0,1,24.444444,2
3676,6,5,3,1,24.03,0.0,70.05,3.9,1.2,13.72,0.0,0,1,24.444444,2
3677,6,6,3,1,24.03,0.0,70.6,3.9,2.28,15.71,0.0,0,1,24.444444,2
3678,6,7,3,1,24.05,0.0,69.8,6.2,33.12,22.5,75.7962,0,1,24.444444,2
3679,6,8,3,1,24.04,0.0,69.11,4.2,11.52,21.29,188.579,0,1,24.444444,2
3680,6,9,3,1,24.04,0.0,68.08,4.1,2.88,22.28,272.296,0,1,24.444444,2
3681,6,10,3,1,24.04,0.0,66.64,3.8,1.44,23.19,361.178,0,1,24.444444,2
3682,6,11,3,1,24.05,0.0,65.44,3.9,2.88,24.3,422.075,0,1,24.444444,2
3683,6,12,3,1,24.06,0.0,64.82,4.3,2.64,25.76,462.31,0,1,24.444444,2
3684,6,13,3,1,24.07,0.0,64.12,3.9,3.12,26.86,503.574,0,1,24.444444,2
3685,6,14,3,1,24.07,0.0,61.01,10.2,2.52,39.85,487.827,0,1,24.444444,2
3686,6,15,3,1,24.07,0.0,58.99,3.8,6.48,32.11,480.064,0,1,24.444444,2
3687,6,16,3,1,24.07,0.0,58.08,4.1,0.96,34.45,412.475,0,1,24.444444,2
3688,6,17,3,1,24.07,0.0,56.64,9.1,3.24,41.19,281.131,0,1,24.444444,2
3689,6,18,3,1,24.07,0.0,56.49,5.9,3.48,34.62,127.456,0,1,24.444444,2
3690,6,19,3,1,24.07,0.0,57.6,4.5,1.56,28.64,18.7033,0,1,24.444444,2
3691,6,20,3,1,24.07,0.0,59.18,6.3,4.44,28.09,0.0,0,1,24.444444,2
3692,6,21,3,1,24.07,0.0,59.88,8.3,3.24,29.89,0.0,0,1,24.444444,2
3693,6,22,3,1,24.07,0.0,60.63,6.7,4.8,25.37,0.0,0,1,24.444444,2
3694,6,23,3,1,24.07,0.0,62.08,5.8,1.56,22.36,0.0,0,1,24.444444,2
3695,6,24,3,1,24.07,0.0,64.26,3.6,0.48,17.49,0.0,0,1,24.444444,2
3696,6,1,4,1,24.06,0.0,66.5,3.1,0.48,15.39,0.0,0,1,24.444444,2
3697,6,2,4,1,24.06,0.0,67.72,4.8,0.36,16.72,0.0,0,1,24.444444,2
3698,6,3,4,1,24.05,0.0,68.83,4.9,0.24,15.69,0.0,0,1,24.444444,2
3699,6,4,4,1,24.03,0.0,70.05,4.1,0.24,13.55,0.0,0,1,24.444444,2
3700,6,5,4,1,24.02,0.0,71.25,3.8,3.96,12.45,0.0,0,1,24.444444,2
3701,6,6,4,1,24.06,0.0,68.57,10.8,3.24,32.1,0.0,0,1,24.444444,2
3702,6,7,4,1,24.06,0.0,66.12,6.5,12.36,29.51,65.4807,0,1,24.444444,2
3703,6,8,4,1,24.08,0.01,63.6,10.1,9.36,36.04,220.954,0,1,24.444444,2
3704,6,9,4,1,24.11,0.03,60.41,9.7,3.6,36.23,401.88,0,1,24.444444,2
3705,6,10,4,1,24.09,0.01,57.98,11.4,3.6,38.71,514.187,0,1,24.444444,2
3706,6,11,4,1,24.07,0.0,56.91,9.0,1.2,34.14,585.253,0,1,24.444444,2
3707,6,12,4,1,24.07,0.0,57.1,9.0,3.12,35.04,634.853,0,1,24.444444,2
3708,6,13,4,1,24.07,0.0,56.63,10.5,5.16,38.94,668.7,0,1,24.444444,2
3709,6,14,4,1,24.07,0.0,55.84,9.6,3.48,41.0,674.716,0,1,24.444444,2
3710,6,15,4,1,24.07,0.0,55.0,9.1,0.84,45.55,653.033,0,1,24.444444,2
3711,6,16,4,1,24.08,0.01,54.04,8.4,0.96,47.0,527.633,0,1,24.444444,2
3712,6,17,4,1,24.14,0.07,53.18,9.6,1.32,48.35,370.051,0,1,24.444444,2
3713,6,18,4,1,24.11,0.04,53.63,9.6,1.92,48.37,171.627,0,1,24.444444,2
3714,6,19,4,1,24.07,0.0,54.35,9.5,3.48,42.1,20.2905,0,1,24.444444,2
3715,6,20,4,1,24.07,0.0,55.2,11.6,2.28,39.27,0.0,0,1,24.444444,2
3716,6,21,4,1,24.08,0.01,55.56,14.8,3.48,41.68,0.0,0,1,24.444444,2
3717,6,22,4,1,24.07,0.0,56.64,10.1,1.08,32.42,0.0,0,1,24.444444,2
3718,6,23,4,1,24.07,0.0,58.39,10.3,1.2,31.34,0.0,0,1,24.444444,2
3719,6,24,4,1,24.07,0.0,61.58,3.1,1.56,18.96,0.0,0,1,24.444444,2
3720,6,1,5,1,24.07,0.0,63.41,8.5,0.24,26.75,0.0,0,1,24.444444,2
3721,6,2,5,1,24.07,0.0,62.91,9.9,0.24,26.84,0.0,0,1,24.444444,2
3722,6,3,5,1,24.07,0.0,62.05,11.2,0.36,27.01,0.0,0,1,24.444444,2
3723,6,4,5,1,24.06,0.0,63.5,4.7,0.36,14.75,0.0,0,1,24.444444,2
3724,6,5,5,1,24.06,0.0,66.16,5.3,0.72,15.59,0.0,0,1,24.444444,2
3725,6,6,5,1,24.07,0.0,64.57,11.8,2.04,34.16,0.0,0,1,24.444444,2
3726,6,7,5,1,24.07,0.0,63.22,6.8,20.52,30.57,65.1699,0,1,24.444444,2
3727,6,8,5,1,24.07,0.0,62.54,6.2,19.56,31.04,218.544,0,1,24.444444,2
3728,6,9,5,1,24.12,0.05,60.54,9.9,6.72,37.48,394.139,0,1,24.444444,2
3729,6,10,5,1,24.07,0.0,60.05,3.6,1.68,28.66,514.007,0,1,24.444444,2
3730,6,11,5,1,24.07,0.0,59.7,8.2,1.56,36.54,607.213,0,1,24.444444,2
3731,6,12,5,1,24.07,0.0,59.11,9.2,1.8,38.85,657.622,0,1,24.444444,2
3732,6,13,5,1,24.07,0.0,57.87,9.3,1.44,40.78,616.859,0,1,24.444444,2
3733,6,14,5,1,24.07,0.0,56.48,9.6,1.92,44.01,558.624,0,1,24.444444,2
3734,6,15,5,1,24.07,0.0,55.82,8.3,3.36,43.96,481.185,0,1,24.444444,2
3735,6,16,5,1,24.07,0.0,55.45,8.2,0.96,44.12,382.549,0,1,24.444444,2
3736,6,17,5,1,24.07,0.0,55.44,8.6,3.6,44.86,265.354,0,1,24.444444,2
3737,6,18,5,1,24.07,0.0,55.89,9.1,1.56,44.18,127.209,0,1,24.444444,2
3738,6,19,5,1,24.07,0.0,56.87,9.5,5.4,40.86,19.4716,0,1,24.444444,2
3739,6,20,5,1,24.1,0.03,57.1,14.4,6.72,43.87,0.0,0,1,24.444444,2
3740,6,21,5,1,24.08,0.0,57.71,10.9,5.64,37.82,0.0,0,1,24.444444,2
3741,6,22,5,1,24.07,0.0,58.61,11.0,2.28,36.05,0.0,0,1,24.444444,2
3742,6,23,5,1,24.07,0.0,59.95,7.2,1.2,28.4,0.0,0,1,24.444444,2
3743,6,24,5,1,24.07,0.0,60.21,13.8,0.12,37.7,0.0,0,1,24.444444,2
3744,6,1,6,1,24.07,0.0,62.23,3.1,0.48,18.7,0.0,0,1,24.444444,2
3745,6,2,6,1,24.07,0.0,64.98,3.5,0.24,17.56,0.0,0,1,24.444444,2
3746,6,3,6,1,24.06,0.0,66.76,3.1,0.24,15.15,0.0,0,1,24.444444,2
3747,6,4,6,1,24.05,0.0,68.75,3.3,0.48,14.58,0.0,0,1,24.444444,2
3748,6,5,6,1,24.04,0.0,70.69,3.6,2.88,14.61,0.0,0,1,24.444444,2
3749,6,6,6,1,24.04,0.0,70.71,3.5,5.76,24.79,0.0,0,1,24.444444,2
3750,6,7,6,1,24.05,0.0,68.61,5.2,17.28,32.51,65.6902,0,1,24.444444,2
3751,6,8,6,1,24.38,0.3,63.28,17.2,5.76,46.79,211.738,0,1,24.444444,2
3752,6,9,6,1,24.18,0.11,61.29,3.9,1.8,32.05,368.573,0,1,24.444444,2
3753,6,10,6,1,24.08,0.01,60.93,5.8,1.68,34.53,502.746,0,1,24.444444,2
3754,6,11,6,1,24.07,0.0,60.55,5.7,3.12,34.83,574.63,0,1,24.444444,2
3755,6,12,6,1,24.07,0.0,60.16,3.5,1.8,32.55,630.031,0,1,24.444444,2
3756,6,13,6,1,24.07,0.0,59.49,5.1,9.6,37.6,595.454,0,1,24.444444,2
3757,6,14,6,1,24.13,0.05,57.12,10.8,1.44,48.29,561.844,0,1,24.444444,2
3758,6,15,6,1,24.08,0.0,56.22,3.6,2.16,41.65,480.4,0,1,24.444444,2
3759,6,16,6,1,24.07,0.0,56.18,4.0,5.64,43.74,409.294,0,1,24.444444,2
3760,6,17,6,1,24.14,0.06,55.88,9.5,1.44,49.77,261.543,0,1,24.444444,2
3761,6,18,6,1,24.16,0.08,56.42,9.4,3.84,48.28,127.295,0,1,24.444444,2
3762,6,19,6,1,24.08,0.01,58.06,4.6,0.6,38.36,18.2142,0,1,24.444444,2
3763,6,20,6,1,24.1,0.02,59.2,9.8,1.8,42.28,0.0,0,1,24.444444,2
3764,6,21,6,1,24.21,0.14,58.5,16.3,1.44,47.86,0.0,0,1,24.444444,2
3765,6,22,6,1,24.08,0.01,60.24,6.6,2.52,33.8,0.0,0,1,24.444444,2
3766,6,23,6,1,24.07,0.0,62.72,4.7,0.84,28.61,0.0,0,1,24.444444,2
3767,6,24,6,1,24.07,0.0,64.62,4.4,3.48,26.2,0.0,0,1,24.444444,2
3768,6,1,7,1,24.07,0.0,66.6,3.5,0.84,23.26,0.0,0,1,24.444444,2
3769,6,2,7,1,24.07,0.0,67.6,5.2,0.6,24.22,0.0,0,1,24.444444,2
3770,6,3,7,1,24.07,0.0,67.89,4.8,0.12,21.38,0.0,0,1,24.444444,2
3771,6,4,7,1,24.07,0.0,69.26,3.1,0.48,17.03,0.0,0,1,24.444444,2
3772,6,5,7,1,24.07,0.0,70.02,5.3,0.24,20.13,0.0,0,1,24.444444,2
3773,6,6,7,1,24.06,0.0,70.52,3.5,5.4,19.3,0.0,0,1,24.444444,2
3774,6,7,7,1,24.07,0.0,70.48,4.4,10.44,25.58,77.2107,0,1,24.444444,2
3775,6,8,7,1,24.07,0.0,69.1,4.2,4.44,28.53,192.621,0,1,24.444444,2
3776,6,9,7,1,24.07,0.0,66.05,6.8,7.2,36.08,333.725,0,1,24.444444,2
3777,6,10,7,1,24.07,0.0,63.28,4.9,6.36,34.07,417.94,0,1,24.444444,2
3778,6,11,7,1,24.07,0.0,61.34,5.1,5.76,33.97,527.09,0,1,24.444444,2
3779,6,12,7,1,24.07,0.0,60.65,4.6,6.96,33.96,642.434,0,1,24.444444,2
3780,6,13,7,1,24.07,0.0,59.59,4.3,10.68,36.37,609.97,0,1,24.444444,2
3781,6,14,7,1,24.19,0.12,55.9,12.6,6.36,49.48,579.591,0,1,24.444444,2
3782,6,15,7,1,24.1,0.03,55.23,5.4,2.16,45.01,522.632,0,1,24.444444,2
3783,6,16,7,1,24.08,0.01,56.08,4.1,3.24,45.74,436.172,0,1,24.444444,2
3784,6,17,7,1,24.08,0.01,56.72,4.8,4.8,46.4,276.74,0,1,24.444444,2
3785,6,18,7,1,24.08,0.0,57.11,4.7,1.56,44.82,132.877,0,1,24.444444,2
3786,6,19,7,1,24.07,0.0,57.81,3.8,4.32,38.95,21.3134,0,1,24.444444,2
3787,6,20,7,1,24.07,0.0,58.34,7.3,1.92,38.98,0.0,0,1,24.444444,2
3788,6,21,7,1,24.07,0.0,59.25,4.2,3.96,31.85,0.0,0,1,24.444444,2
3789,6,22,7,1,24.07,0.0,60.44,6.0,1.44,32.67,0.0,0,1,24.444444,2
3790,6,23,7,1,24.07,0.0,60.67,8.3,3.24,33.73,0.0,0,1,24.444444,2
3791,6,24,7,1,24.07,0.0,61.28,6.5,0.6,28.19,0.0,0,1,24.444444,2
3792,6,1,1,1,24.07,0.0,62.13,7.6,0.6,28.17,0.0,0,1,24.444444,2
3793,6,2,1,1,24.07,0.0,63.19,6.3,0.48,24.6,0.0,0,1,24.444444,2
3794,6,3,1,1,24.07,0.0,65.46,3.6,0.48,19.11,0.0,0,1,24.444444,2
3795,6,4,1,1,24.07,0.0,67.83,3.5,2.04,17.94,0.0,0,1,24.444444,2
3796,6,5,1,1,24.07,0.0,68.88,5.1,2.16,19.86,0.0,0,1,24.444444,2
3797,6,6,1,1,24.07,0.0,68.29,5.4,1.44,27.45,0.0,0,1,24.444444,2
3798,6,7,1,1,24.09,0.02,66.43,5.4,5.4,33.76,58.7277,0,1,24.444444,2
3799,6,8,1,1,24.18,0.1,65.03,4.5,6.96,33.34,227.928,0,1,24.444444,2
3800,6,9,1,1,24.29,0.22,63.37,5.7,6.84,35.89,433.174,0,1,24.444444,2
3801,6,10,1,1,24.22,0.14,61.75,4.7,10.08,35.94,597.736,0,1,24.444444,2
3802,6,11,1,1,24.08,0.01,60.75,4.2,1.08,34.95,680.639,0,1,24.444444,2
3803,6,12,1,1,24.07,0.0,59.27,7.0,2.88,38.99,657.411,0,1,24.444444,2
3804,6,13,1,1,24.07,0.0,58.04,3.9,1.56,35.6,676.254,0,1,24.444444,2
3805,6,14,1,1,24.18,0.1,55.72,11.9,1.68,48.96,672.093,0,1,24.444444,2
3806,6,15,1,1,24.09,0.01,54.5,4.1,9.48,44.02,626.674,0,1,24.444444,2
3807,6,16,1,1,24.13,0.06,54.63,4.9,3.12,47.64,551.336,0,1,24.444444,2
3808,6,17,1,1,24.31,0.24,55.42,6.4,5.28,49.73,364.412,0,1,24.444444,2
3809,6,18,1,1,24.25,0.18,55.53,4.2,6.6,48.1,179.229,0,1,24.444444,2
3810,6,19,1,1,24.09,0.01,55.09,5.5,1.32,43.85,22.2032,0,1,24.444444,2
3811,6,20,1,1,24.07,0.0,55.38,6.7,7.56,38.95,0.0,0,1,24.444444,2
3812,6,21,1,1,24.07,0.0,56.46,8.2,2.28,38.86,0.0,0,1,24.444444,2
3813,6,22,1,1,24.07,0.0,58.18,6.7,1.2,33.94,0.0,0,1,24.444444,2
3814,6,23,1,1,24.07,0.0,60.05,6.7,1.08,31.96,0.0,0,1,24.444444,2
3815,6,24,1,1,24.07,0.0,62.29,3.5,0.36,25.25,0.0,0,1,24.444444,2
3816,6,1,2,1,24.07,0.0,64.12,4.6,0.24,25.51,0.0,0,1,24.444444,2
3817,6,2,2,1,24.07,0.0,65.66,3.6,0.36,21.77,0.0,0,1,24.444444,2
3818,6,3,2,1,24.07,0.0,67.11,3.4,0.36,19.89,0.0,0,1,24.444444,2
3819,6,4,2,1,24.07,0.0,68.6,3.3,0.48,18.82,0.0,0,1,24.444444,2
3820,6,5,2,1,24.07,0.0,69.86,4.8,0.84,20.58,0.0,0,1,24.444444,2
3821,6,6,2,1,24.07,0.0,69.19,4.7,7.32,29.6,0.0,0,1,24.444444,2
3822,6,7,2,1,24.09,0.02,67.53,3.7,20.28,32.87,54.7011,0,1,24.444444,2
3823,6,8,2,1,24.26,0.19,65.68,5.5,3.36,36.01,228.787,0,1,24.444444,2
3824,6,9,2,1,24.32,0.24,64.14,4.5,11.64,35.95,427.668,0,1,24.444444,2
3825,6,10,2,1,24.24,0.17,62.66,4.8,2.4,37.89,564.389,0,1,24.444444,2
3826,6,11,2,1,24.12,0.04,61.9,4.8,3.84,39.03,654.755,0,1,24.444444,2
3827,6,12,2,1,24.08,0.0,60.98,4.2,1.32,37.71,694.395,0,1,24.444444,2
3828,6,13,2,1,24.07,0.0,60.53,3.9,3.0,37.95,778.686,0,1,24.444444,2
3829,6,14,2,1,24.13,0.06,58.86,9.5,1.08,48.55,757.846,0,1,24.444444,2
3830,6,15,2,1,24.08,0.01,57.87,4.1,1.56,45.34,684.44,0,1,24.444444,2
3831,6,16,2,1,24.09,0.02,57.28,4.3,1.92,47.14,560.36,0,1,24.444444,2
3832,6,17,2,1,24.27,0.19,55.97,7.8,1.44,50.41,387.12,0,1,24.444444,2
3833,6,18,2,1,24.19,0.12,56.01,4.0,1.44,46.52,186.88,0,1,24.444444,2
3834,6,19,2,1,24.08,0.0,56.05,6.0,3.0,42.51,22.481,0,1,24.444444,2
3835,6,20,2,1,24.07,0.0,55.99,8.8,6.24,39.25,0.0,0,1,24.444444,2
3836,6,21,2,1,24.07,0.0,56.53,5.1,4.32,31.22,0.0,0,1,24.444444,2
3837,6,22,2,1,24.07,0.0,58.02,6.1,1.56,30.72,0.0,0,1,24.444444,2
3838,6,23,2,1,24.07,0.0,60.15,5.9,1.56,29.0,0.0,0,1,24.444444,2
3839,6,24,2,1,24.07,0.0,62.56,3.6,1.44,24.23,0.0,0,1,24.444444,2
3840,6,1,3,1,24.07,0.0,65.07,3.3,0.36,23.02,0.0,0,1,24.444444,2
3841,6,2,3,1,24.07,0.0,66.67,5.1,0.36,25.61,0.0,0,1,24.444444,2
3842,6,3,3,1,24.07,0.0,68.69,3.3,0.36,21.93,0.0,0,1,24.444444,2
3843,6,4,3,1,24.07,0.0,70.45,3.3,2.52,21.89,0.0,0,1,24.444444,2
3844,6,5,3,1,24.07,0.0,71.44,4.0,1.8,22.67,0.0,0,1,24.444444,2
3845,6,6,3,1,24.07,0.0,71.07,4.9,2.16,27.9,0.0,0,1,24.444444,2
3846,6,7,3,1,24.07,0.0,69.03,5.8,27.24,31.24,77.7545,0,1,24.444444,2
3847,6,8,3,1,24.07,0.0,66.81,5.1,6.72,32.05,202.328,0,1,24.444444,2
3848,6,9,3,1,24.07,0.0,65.53,4.3,5.76,32.71,313.065,0,1,24.444444,2
3849,6,10,3,1,24.07,0.0,64.44,4.4,1.56,34.0,424.259,0,1,24.444444,2
3850,6,11,3,1,24.07,0.0,63.34,3.7,0.84,27.25,403.684,0,1,24.444444,2
3851,6,12,3,1,24.07,0.0,61.64,4.4,3.36,25.79,392.288,0,1,24.444444,2
3852,6,13,3,1,24.07,0.0,60.92,3.7,2.4,25.19,419.463,0,1,24.444444,2
3853,6,14,3,1,24.07,0.0,59.01,14.0,6.24,43.13,465.557,0,1,24.444444,2
3854,6,15,3,1,24.07,0.0,58.74,4.2,3.96,29.87,435.906,0,1,24.444444,2
3855,6,16,3,1,24.07,0.0,59.12,4.4,2.64,34.21,410.437,0,1,24.444444,2
3856,6,17,3,1,24.07,0.0,58.94,9.0,3.24,40.25,305.945,0,1,24.444444,2
3857,6,18,3,1,24.07,0.0,59.61,4.1,5.52,32.46,144.205,0,1,24.444444,2
3858,6,19,3,1,24.07,0.0,60.02,6.2,4.44,33.18,22.7341,0,1,24.444444,2
3859,6,20,3,1,24.07,0.0,60.8,8.1,14.4,31.75,0.0,0,1,24.444444,2
3860,6,21,3,1,24.07,0.0,61.97,7.8,3.84,30.25,0.0,0,1,24.444444,2
3861,6,22,3,1,24.07,0.0,62.6,11.2,2.4,34.42,0.0,0,1,24.444444,2
3862,6,23,3,1,24.07,0.0,64.54,5.0,1.08,22.45,0.0,0,1,24.444444,2
3863,6,24,3,1,24.07,0.0,67.89,3.7,0.36,19.48,0.0,0,1,24.444444,2
3864,6,1,4,1,24.06,0.0,70.46,3.0,0.48,17.09,0.0,0,1,24.444444,2
3865,6,2,4,1,24.04,0.0,71.38,3.5,0.24,14.43,0.0,0,1,24.444444,2
3866,6,3,4,1,24.03,0.0,70.43,5.0,0.48,14.13,0.0,0,1,24.444444,2
3867,6,4,4,1,23.99,0.0,70.25,3.6,4.08,10.91,0.0,0,1,24.444444,2
3868,6,5,4,1,23.98,0.0,70.75,4.0,2.4,11.16,0.0,0,1,24.444444,2
3869,6,6,4,1,24.05,0.0,68.71,10.3,4.8,25.74,0.0,0,1,24.444444,2
3870,6,7,4,1,24.07,0.01,65.66,9.1,13.2,32.01,65.2607,0,1,24.444444,2
3871,6,8,4,1,24.2,0.13,61.38,9.9,3.24,33.84,235.811,0,1,24.444444,2
3872,6,9,4,1,24.2,0.12,58.21,9.6,1.44,34.05,419.008,0,1,24.444444,2
3873,6,10,4,1,24.15,0.08,55.61,10.5,2.28,35.56,570.206,0,1,24.444444,2
3874,6,11,4,1,24.08,0.0,53.54,9.0,3.84,31.62,664.012,0,1,24.444444,2
3875,6,12,4,1,24.07,0.0,52.38,9.6,2.04,31.95,753.104,0,1,24.444444,2
3876,6,13,4,1,24.07,0.0,51.23,8.7,1.92,32.32,737.698,0,1,24.444444,2
3877,6,14,4,1,24.07,0.0,50.08,10.0,2.04,38.69,783.297,0,1,24.444444,2
3878,6,15,4,1,24.07,0.0,49.56,9.0,3.12,43.74,715.781,0,1,24.444444,2
3879,6,16,4,1,24.15,0.07,49.12,8.6,0.96,46.32,598.558,0,1,24.444444,2
3880,6,17,4,1,24.34,0.27,48.67,8.6,4.92,47.03,428.981,0,1,24.444444,2
3881,6,18,4,1,24.47,0.39,48.3,11.0,4.32,49.43,213.904,0,1,24.444444,2
3882,6,19,4,1,24.17,0.09,48.96,8.7,5.04,44.61,24.0406,0,1,24.444444,2
3883,6,20,4,1,24.08,0.0,49.46,11.6,3.24,39.98,0.0,0,1,24.444444,2
3884,6,21,4,1,24.07,0.0,49.75,12.4,2.4,38.32,0.0,0,1,24.444444,2
3885,6,22,4,1,24.07,0.0,50.18,12.4,2.04,35.55,0.0,0,1,24.444444,2
3886,6,23,4,1,24.08,0.01,50.55,17.5,1.08,40.07,0.0,0,1,24.444444,2
3887,6,24,4,1,24.07,0.0,53.41,3.0,0.12,18.72,0.0,0,1,24.444444,2
3888,6,1,5,1,24.07,0.0,56.29,9.8,0.36,27.42,0.0,0,1,24.444444,2
3889,6,2,5,1,24.07,0.0,57.18,9.8,0.24,25.08,0.0,0,1,24.444444,2
3890,6,3,5,1,24.07,0.0,58.27,9.4,0.48,22.82,0.0,0,1,24.444444,2
3891,6,4,5,1,24.07,0.0,59.95,7.9,0.24,19.61,0.0,0,1,24.444444,2
3892,6,5,5,1,24.06,0.0,62.58,4.5,1.92,14.19,0.0,0,1,24.444444,2
3893,6,6,5,1,24.07,0.0,63.33,9.3,2.04,26.65,0.0,0,1,24.444444,2
3894,6,7,5,1,24.07,0.0,62.35,6.8,24.48,29.1,72.9593,0,1,24.444444,2
3895,6,8,5,1,24.07,0.0,61.01,5.3,9.48,30.65,219.912,0,1,24.444444,2
3896,6,9,5,1,24.18,0.1,58.46,9.5,3.72,36.79,407.071,0,1,24.444444,2
3897,6,10,5,1,24.09,0.02,56.46,4.0,2.4,30.59,580.339,0,1,24.444444,2
3898,6,11,5,1,24.07,0.0,54.73,8.9,3.48,35.26,713.746,0,1,24.444444,2
3899,6,12,5,1,24.07,0.0,52.56,12.3,3.84,39.12,701.596,0,1,24.444444,2
3900,6,13,5,1,24.07,0.0,51.97,8.8,1.32,35.34,684.179,0,1,24.444444,2
3901,6,14,5,1,24.07,0.0,51.32,9.7,0.84,40.6,632.085,0,1,24.444444,2
3902,6,15,5,1,24.07,0.0,50.13,8.0,1.32,43.83,638.084,0,1,24.444444,2
3903,6,16,5,1,24.08,0.01,49.6,8.3,1.8,47.02,505.657,0,1,24.444444,2
3904,6,17,5,1,24.11,0.03,49.17,9.0,4.32,47.8,335.868,0,1,24.444444,2
3905,6,18,5,1,24.12,0.05,49.32,11.2,0.84,47.87,138.036,0,1,24.444444,2
3906,6,19,5,1,24.11,0.03,49.7,10.5,0.84,43.61,23.7924,0,1,24.444444,2
3907,6,20,5,1,24.1,0.02,49.77,11.4,6.6,39.8,0.0,0,1,24.444444,2
3908,6,21,5,1,24.09,0.02,49.94,11.8,3.0,38.49,0.0,0,1,24.444444,2
3909,6,22,5,1,24.08,0.0,50.62,11.9,5.52,36.49,0.0,0,1,24.444444,2
3910,6,23,5,1,24.07,0.0,53.05,5.9,1.32,26.95,0.0,0,1,24.444444,2
3911,6,24,5,1,24.07,0.0,56.37,9.7,0.24,32.28,0.0,0,1,24.444444,2
3912,6,1,6,1,24.07,0.0,59.92,3.7,2.04,22.47,0.0,0,1,24.444444,2
3913,6,2,6,1,24.07,0.0,63.88,3.8,0.48,21.69,0.0,0,1,24.444444,2
3914,6,3,6,1,24.07,0.0,66.89,3.7,0.36,21.12,0.0,0,1,24.444444,2
3915,6,4,6,1,24.07,0.0,69.23,3.3,0.48,19.97,0.0,0,1,24.444444,2
3916,6,5,6,1,24.07,0.0,71.07,3.6,0.6,20.19,0.0,0,1,24.444444,2
3917,6,6,6,1,24.07,0.0,72.47,3.5,3.96,20.64,0.0,0,1,24.444444,2
3918,6,7,6,1,24.07,0.0,72.31,6.3,14.4,26.15,57.0628,0,1,24.444444,2
3919,6,8,6,1,24.07,0.0,70.75,6.4,1.56,19.13,118.152,0,1,24.444444,2
3920,6,9,6,1,24.05,0.0,68.17,5.9,2.76,15.94,175.335,0,1,24.444444,2
3921,6,10,6,1,24.04,0.0,65.36,6.1,3.12,16.25,256.431,0,1,24.444444,2
3922,6,11,6,1,24.04,0.0,63.29,5.6,0.6,17.0,404.989,0,1,24.444444,2
3923,6,12,6,1,24.03,0.0,62.0,4.4,1.8,15.3,497.176,0,1,24.444444,2
3924,6,13,6,1,24.02,0.0,61.74,3.7,3.72,14.8,420.564,0,1,24.444444,2
3925,6,14,6,1,24.06,0.0,59.92,10.9,0.84,27.83,447.898,0,1,24.444444,2
3926,6,15,6,1,24.06,0.0,58.26,4.3,2.88,21.25,436.386,0,1,24.444444,2
3927,6,16,6,1,24.06,0.0,57.54,4.3,1.56,23.66,336.197,0,1,24.444444,2
3928,6,17,6,1,24.07,0.0,56.16,9.5,1.08,30.45,212.862,0,1,24.444444,2
3929,6,18,6,1,24.07,0.0,55.66,8.5,2.4,27.54,100.179,0,1,24.444444,2
3930,6,19,6,1,24.07,0.0,56.81,5.2,3.12,20.26,15.6225,0,1,24.444444,2
3931,6,20,6,1,24.07,0.0,57.46,11.7,1.44,28.81,0.0,0,1,24.444444,2
3932,6,21,6,1,24.07,0.0,57.38,12.1,2.64,28.36,0.0,0,1,24.444444,2
3933,6,22,6,1,24.07,0.0,59.18,6.4,2.76,18.39,0.0,0,1,24.444444,2
3934,6,23,6,1,24.07,0.0,61.41,5.9,1.32,16.48,0.0,0,1,24.444444,2
3935,6,24,6,1,24.07,0.0,62.81,6.0,1.68,15.88,0.0,0,1,24.444444,2
3936,6,1,7,1,24.02,0.0,65.18,2.9,2.04,10.83,0.0,0,1,24.444444,2
3937,6,2,7,1,24.0,0.0,67.89,3.6,0.0,11.17,0.0,0,1,24.444444,2
3938,6,3,7,1,23.97,0.0,69.52,3.6,0.36,10.49,0.0,0,1,24.444444,2
3939,6,4,7,1,23.93,0.0,70.69,3.2,0.24,9.4,0.0,0,1,24.444444,2
3940,6,5,7,1,23.98,0.0,70.78,6.2,4.08,12.61,0.0,0,1,24.444444,2
3941,6,6,7,1,23.99,0.0,69.42,5.1,3.12,21.39,0.0,0,1,24.444444,2
3942,6,7,7,1,24.0,0.0,67.44,4.4,8.16,25.87,51.2436,0,1,24.444444,2
3943,6,8,7,1,24.08,0.06,65.11,5.3,4.44,28.82,231.361,0,1,24.444444,2
3944,6,9,7,1,24.14,0.11,63.5,5.3,3.36,30.45,449.998,0,1,24.444444,2
3945,6,10,7,1,24.05,0.01,62.87,4.1,6.96,29.93,583.953,0,1,24.444444,2
3946,6,11,7,1,24.07,0.0,61.26,8.9,1.56,35.74,678.806,0,1,24.444444,2
3947,6,12,7,1,24.07,0.0,60.5,4.2,10.2,28.74,640.974,0,1,24.444444,2
3948,6,13,7,1,24.07,0.0,59.56,5.1,7.92,31.85,773.963,0,1,24.444444,2
3949,6,14,7,1,24.08,0.01,56.82,11.9,7.8,46.25,692.008,0,1,24.444444,2
3950,6,15,7,1,24.07,0.0,54.96,4.3,3.48,40.51,716.686,0,1,24.444444,2
3951,6,16,7,1,24.11,0.03,54.42,4.1,0.96,44.29,614.425,0,1,24.444444,2
3952,6,17,7,1,24.2,0.12,53.98,4.1,4.44,44.8,438.342,0,1,24.444444,2
3953,6,18,7,1,24.19,0.12,55.11,4.6,2.16,45.98,210.855,0,1,24.444444,2
3954,6,19,7,1,24.08,0.0,56.24,3.6,1.32,37.97,24.9917,0,1,24.444444,2
3955,6,20,7,1,24.07,0.0,56.59,7.3,3.0,35.29,0.0,0,1,24.444444,2
3956,6,21,7,1,24.07,0.0,56.97,5.3,2.76,29.53,0.0,0,1,24.444444,2
3957,6,22,7,1,24.07,0.0,58.34,4.3,0.84,25.86,0.0,0,1,24.444444,2
3958,6,23,7,1,24.07,0.0,59.97,5.1,0.84,24.91,0.0,0,1,24.444444,2
3959,6,24,7,1,24.07,0.0,61.39,4.9,0.72,22.43,0.0,0,1,24.444444,2
3960,6,1,1,1,24.07,0.0,62.55,5.9,0.72,22.14,0.0,0,1,24.444444,2
3961,6,2,1,1,24.07,0.0,63.94,5.3,0.48,19.05,0.0,0,1,24.444444,2
3962,6,3,1,1,24.07,0.0,65.56,5.1,1.92,17.67,0.0,0,1,24.444444,2
3963,6,4,1,1,24.05,0.0,67.6,3.5,0.36,14.37,0.0,0,1,24.444444,2
3964,6,5,1,1,24.04,0.0,69.55,4.0,0.84,14.62,0.0,0,1,24.444444,2
3965,6,6,1,1,24.05,0.0,69.09,4.8,2.04,27.46,0.0,0,1,24.444444,2
3966,6,7,1,1,24.14,0.09,66.53,6.7,3.0,34.16,43.0686,0,1,24.444444,2
3967,6,8,1,1,24.26,0.21,64.81,4.3,4.44,31.47,236.55,0,1,24.444444,2
3968,6,9,1,1,24.26,0.2,63.9,3.7,8.4,32.25,441.47,0,1,24.444444,2
3969,6,10,1,1,24.18,0.11,62.89,4.2,14.28,34.14,603.861,0,1,24.444444,2
3970,6,11,1,1,24.08,0.0,62.16,5.3,5.52,31.62,638.073,0,1,24.444444,2
3971,6,12,1,1,24.07,0.0,61.5,4.7,5.4,30.15,671.26,0,1,24.444444,2
3972,6,13,1,1,24.07,0.0,61.25,4.6,2.64,33.02,826.086,0,1,24.444444,2
3973,6,14,1,1,24.07,0.0,59.15,9.8,4.44,44.1,798.827,0,1,24.444444,2
3974,6,15,1,1,24.07,0.0,57.39,4.8,6.96,38.39,704.105,0,1,24.444444,2
3975,6,16,1,1,24.07,0.0,56.4,6.3,5.76,43.01,592.987,0,1,24.444444,2
3976,6,17,1,1,24.07,0.0,56.17,3.6,2.52,40.87,444.475,0,1,24.444444,2
3977,6,18,1,1,24.1,0.03,55.71,7.7,3.96,45.86,214.586,0,1,24.444444,2
3978,6,19,1,1,24.07,0.0,55.55,5.2,14.88,34.96,26.4005,0,1,24.444444,2
3979,6,20,1,1,24.07,0.0,57.37,4.4,16.8,27.01,0.0,0,1,24.444444,2
3980,6,21,1,1,24.07,0.0,58.68,6.2,2.04,28.14,0.0,0,1,24.444444,2
3981,6,22,1,1,24.07,0.0,59.63,8.0,2.76,28.75,0.0,0,1,24.444444,2
3982,6,23,1,1,24.07,0.0,60.13,9.4,1.56,29.07,0.0,0,1,24.444444,2
3983,6,24,1,1,24.07,0.0,61.01,7.6,0.72,24.62,0.0,0,1,24.444444,2
3984,6,1,2,1,24.07,0.0,63.2,4.9,0.72,19.22,0.0,0,1,24.444444,2
3985,6,2,2,1,24.07,0.0,65.61,5.0,0.24,18.68,0.0,0,1,24.444444,2
3986,6,3,2,1,24.06,0.0,67.52,3.7,0.24,15.64,0.0,0,1,24.444444,2
3987,6,4,2,1,24.05,0.0,69.42,3.5,0.84,14.71,0.0,0,1,24.444444,2
3988,6,5,2,1,24.04,0.0,71.08,3.7,1.8,15.09,0.0,0,1,24.444444,2
3989,6,6,2,1,24.04,0.0,72.04,3.2,3.6,18.63,0.0,0,1,24.444444,2
3990,6,7,2,1,24.04,0.0,71.65,3.8,19.2,24.7,76.4415,0,1,24.444444,2
3991,6,8,2,1,24.05,0.0,70.57,4.4,10.32,29.2,201.938,0,1,24.444444,2
3992,6,9,2,1,24.06,0.0,68.78,4.2,8.4,31.61,347.213,0,1,24.444444,2
3993,6,10,2,1,24.07,0.0,66.53,4.5,2.52,33.59,474.913,0,1,24.444444,2
3994,6,11,2,1,24.07,0.0,64.49,4.7,4.2,33.37,595.194,0,1,24.444444,2
3995,6,12,2,1,24.07,0.0,62.28,5.0,3.24,30.82,674.114,0,1,24.444444,2
3996,6,13,2,1,24.07,0.0,60.09,4.7,2.04,30.65,779.311,0,1,24.444444,2
3997,6,14,2,1,24.07,0.0,58.43,9.6,1.8,44.09,783.077,0,1,24.444444,2
3998,6,15,2,1,24.08,0.0,56.93,7.7,2.04,46.71,743.879,0,1,24.444444,2
3999,6,16,2,1,24.07,0.0,55.53,4.6,1.08,42.77,585.211,0,1,24.444444,2
4000,6,17,2,1,24.07,0.0,54.79,4.2,2.16,41.03,360.474,0,1,24.444444,2
4001,6,18,2,1,24.07,0.0,55.76,4.0,2.4,38.44,145.157,0,1,24.444444,2
4002,6,19,2,1,24.07,0.0,56.65,9.1,4.2,42.14,25.4925,0,1,24.444444,2
4003,6,20,2,1,24.07,0.0,56.88,8.0,5.52,35.18,0.0,0,1,24.444444,2
4004,6,21,2,1,24.07,0.0,57.29,7.4,1.44,32.44,0.0,0,1,24.444444,2
4005,6,22,2,1,24.07,0.0,58.16,8.2,2.88,31.83,0.0,0,1,24.444444,2
4006,6,23,2,1,24.07,0.0,60.54,5.5,2.16,26.63,0.0,0,1,24.444444,2
4007,6,24,2,1,24.07,0.0,63.33,4.9,2.04,24.71,0.0,0,1,24.444444,2
4008,6,1,3,1,24.07,0.0,65.76,4.6,0.6,23.29,0.0,0,1,24.444444,2
4009,6,2,3,1,24.07,0.0,67.94,3.6,0.24,20.27,0.0,0,1,24.444444,2
4010,6,3,3,1,24.07,0.0,69.77,4.0,0.0,19.57,0.0,0,1,24.444444,2
4011,6,4,3,1,24.07,0.0,70.59,4.8,0.36,19.79,0.0,0,1,24.444444,2
4012,6,5,3,1,24.06,0.0,71.16,3.9,0.84,17.26,0.0,0,1,24.444444,2
4013,6,6,3,1,24.06,0.0,70.67,4.0,2.52,29.23,0.0,0,1,24.444444,2
4014,6,7,3,1,24.15,0.09,68.44,4.9,24.72,34.27,43.4145,0,1,24.444444,2
4015,6,8,3,1,24.23,0.16,66.62,4.2,6.72,33.31,221.308,0,1,24.444444,2
4016,6,9,3,1,24.31,0.23,64.63,4.6,4.08,34.68,431.807,0,1,24.444444,2
4017,6,10,3,1,24.23,0.15,62.71,4.5,1.32,35.6,578.177,0,1,24.444444,2
4018,6,11,3,1,24.08,0.01,61.69,3.5,1.32,34.06,713.501,0,1,24.444444,2
4019,6,12,3,1,24.07,0.0,60.52,5.9,1.92,37.61,690.008,0,1,24.444444,2
4020,6,13,3,1,24.07,0.0,59.22,5.0,1.08,36.76,797.07,0,1,24.444444,2
4021,6,14,3,1,24.11,0.04,56.85,10.2,5.76,47.43,781.926,0,1,24.444444,2
4022,6,15,3,1,24.08,0.0,55.63,3.9,4.56,43.99,728.449,0,1,24.444444,2
4023,6,16,3,1,24.08,0.01,55.07,3.3,3.6,44.84,586.792,0,1,24.444444,2
4024,6,17,3,1,24.25,0.17,53.59,8.6,3.12,49.91,403.597,0,1,24.444444,2
4025,6,18,3,1,24.18,0.1,53.84,4.5,2.04,46.22,198.505,0,1,24.444444,2
4026,6,19,3,1,24.08,0.0,54.19,6.4,4.08,42.57,26.0832,0,1,24.444444,2
4027,6,20,3,1,24.07,0.0,55.01,8.0,10.44,37.19,0.0,0,1,24.444444,2
4028,6,21,3,1,24.09,0.02,55.34,13.5,1.32,42.58,0.0,0,1,24.444444,2
4029,6,22,3,1,24.07,0.0,56.66,9.1,4.32,34.01,0.0,0,1,24.444444,2
4030,6,23,3,1,24.07,0.0,59.06,5.3,0.24,26.6,0.0,0,1,24.444444,2
4031,6,24,3,1,24.07,0.0,61.52,3.7,0.6,22.25,0.0,0,1,24.444444,2
4032,6,1,4,1,24.07,0.0,63.49,3.6,0.48,20.67,0.0,0,1,24.444444,2
4033,6,2,4,1,24.07,0.0,65.44,3.6,0.36,19.29,0.0,0,1,24.444444,2
4034,6,3,4,1,24.07,0.0,67.21,3.5,0.72,17.42,0.0,0,1,24.444444,2
4035,6,4,4,1,24.07,0.0,67.48,6.1,5.16,20.51,0.0,0,1,24.444444,2
4036,6,5,4,1,24.05,0.0,68.31,3.2,1.68,14.4,0.0,0,1,24.444444,2
4037,6,6,4,1,24.07,0.0,67.12,8.4,4.32,34.01,0.0,0,1,24.444444,2
4038,6,7,4,1,24.26,0.19,63.88,10.3,14.76,38.85,45.7837,0,1,24.444444,2
4039,6,8,4,1,24.46,0.39,61.38,9.5,5.76,37.33,226.903,0,1,24.444444,2
4040,6,9,4,1,24.56,0.48,59.22,10.5,8.76,39.03,436.661,0,1,24.444444,2
4041,6,10,4,1,24.49,0.41,57.36,9.8,6.96,39.3,604.251,0,1,24.444444,2
4042,6,11,4,1,24.28,0.2,56.88,8.8,1.68,39.79,717.211,0,1,24.444444,2
4043,6,12,4,1,24.14,0.07,56.12,9.2,4.2,41.63,781.29,0,1,24.444444,2
4044,6,13,4,1,24.12,0.05,55.11,9.5,5.28,42.14,770.525,0,1,24.444444,2
4045,6,14,4,1,24.12,0.05,54.4,9.8,10.8,45.35,727.947,0,1,24.444444,2
4046,6,15,4,1,24.14,0.06,53.63,9.0,2.64,49.17,697.747,0,1,24.444444,2
4047,6,16,4,1,24.27,0.19,52.64,8.6,1.2,49.58,556.315,0,1,24.444444,2
4048,6,17,4,1,24.53,0.45,51.76,9.1,1.44,50.16,440.302,0,1,24.444444,2
4049,6,18,4,1,24.73,0.66,51.19,9.6,2.88,50.9,222.599,0,1,24.444444,2
4050,6,19,4,1,24.42,0.35,51.26,8.2,2.4,48.62,27.8379,0,1,24.444444,2
4051,6,20,4,1,24.13,0.05,51.79,11.0,1.68,45.29,0.0,0,1,24.444444,2
4052,6,21,4,1,24.1,0.03,52.33,10.5,5.4,41.47,0.0,0,1,24.444444,2
4053,6,22,4,1,24.16,0.09,52.57,16.1,2.52,45.25,0.0,0,1,24.444444,2
4054,6,23,4,1,24.12,0.04,53.38,14.3,1.32,41.2,0.0,0,1,24.444444,2
4055,6,24,4,1,24.07,0.0,55.85,5.3,0.96,27.4,0.0,0,1,24.444444,2
4056,6,1,5,1,24.07,0.0,57.84,10.0,0.6,33.2,0.0,0,1,24.444444,2
4057,6,2,5,1,24.07,0.0,58.22,11.4,0.6,32.91,0.0,0,1,24.444444,2
4058,6,3,5,1,24.07,0.0,58.72,10.9,0.48,30.12,0.0,0,1,24.444444,2
4059,6,4,5,1,24.07,0.0,60.47,7.0,2.28,22.74,0.0,0,1,24.444444,2
4060,6,5,5,1,24.07,0.0,60.91,14.0,1.32,33.2,0.0,0,1,24.444444,2
4061,6,6,5,1,24.08,0.01,59.54,11.6,2.88,37.48,0.0,0,1,24.444444,2
4062,6,7,5,1,24.16,0.09,58.93,7.3,28.56,34.78,46.9592,0,1,24.444444,2
4063,6,8,5,1,24.27,0.19,58.83,6.8,7.2,34.61,219.878,0,1,24.444444,2
4064,6,9,5,1,24.4,0.33,57.79,9.0,8.88,37.95,416.928,0,1,24.444444,2
4065,6,10,5,1,24.18,0.11,57.4,4.0,3.6,33.61,538.997,0,1,24.444444,2
4066,6,11,5,1,24.09,0.02,56.68,8.5,1.44,38.79,603.165,0,1,24.444444,2
4067,6,12,5,1,24.08,0.0,56.0,9.0,4.08,38.5,655.971,0,1,24.444444,2
4068,6,13,5,1,24.07,0.0,55.83,10.2,3.24,40.96,764.391,0,1,24.444444,2
4069,6,14,5,1,24.09,0.02,55.6,9.9,3.6,45.86,769.527,0,1,24.444444,2
4070,6,15,5,1,24.1,0.03,53.89,7.8,0.96,48.07,699.933,0,1,24.444444,2
4071,6,16,5,1,24.22,0.14,51.66,8.5,1.2,48.42,599.466,0,1,24.444444,2
4072,6,17,5,1,24.36,0.29,49.79,8.6,1.68,48.33,410.337,0,1,24.444444,2
4073,6,18,5,1,24.6,0.53,48.6,12.4,1.08,50.69,209.165,0,1,24.444444,2
4074,6,19,5,1,24.3,0.23,49.4,9.8,2.52,47.87,27.1867,0,1,24.444444,2
4075,6,20,5,1,24.1,0.03,50.16,10.6,7.8,42.14,0.0,0,1,24.444444,2
4076,6,21,5,1,24.09,0.02,51.14,11.2,5.52,40.26,0.0,0,1,24.444444,2
4077,6,22,5,1,24.08,0.0,52.73,11.4,8.64,38.7,0.0,0,1,24.444444,2
4078,6,23,5,1,24.07,0.0,54.84,9.0,1.08,33.43,0.0,0,1,24.444444,2
4079,6,24,5,1,24.07,0.0,56.47,10.4,0.48,33.44,0.0,0,1,24.444444,2
4080,6,1,6,1,24.07,0.0,58.84,3.1,0.48,20.59,0.0,0,1,24.444444,2
4081,6,2,6,1,24.07,0.0,61.83,3.1,3.6,19.02,0.0,0,1,24.444444,2
4082,6,3,6,1,24.07,0.0,64.26,3.2,0.24,17.52,0.0,0,1,24.444444,2
4083,6,4,6,1,24.06,0.0,66.78,3.1,0.6,16.02,0.0,0,1,24.444444,2
4084,6,5,6,1,24.06,0.0,68.54,3.2,0.36,15.15,0.0,0,1,24.444444,2
4085,6,6,6,1,24.05,0.0,69.33,3.2,7.8,18.79,0.0,0,1,24.444444,2
4086,6,7,6,1,24.08,0.01,67.35,7.4,13.8,34.12,66.2892,0,1,24.444444,2
4087,6,8,6,1,24.18,0.11,64.85,4.4,5.88,32.58,220.809,0,1,24.444444,2
4088,6,9,6,1,24.3,0.23,62.54,5.6,3.96,34.86,432.881,0,1,24.444444,2
4089,6,10,6,1,24.21,0.14,60.31,5.4,2.64,35.48,588.559,0,1,24.444444,2
4090,6,11,6,1,24.1,0.03,58.5,8.1,1.2,38.92,700.911,0,1,24.444444,2
4091,6,12,6,1,24.07,0.0,57.67,4.1,1.2,32.62,773.677,0,1,24.444444,2
4092,6,13,6,1,24.07,0.0,56.24,6.2,9.24,37.38,778.07,0,1,24.444444,2
4093,6,14,6,1,24.08,0.01,53.05,8.9,0.84,43.58,659.304,0,1,24.444444,2
4094,6,15,6,1,24.07,0.0,51.2,4.5,1.32,42.15,650.829,0,1,24.444444,2
4095,6,16,6,1,24.08,0.0,51.31,4.3,0.84,44.86,507.867,0,1,24.444444,2
4096,6,17,6,1,24.23,0.15,51.62,8.8,3.24,49.77,351.147,0,1,24.444444,2
4097,6,18,6,1,24.19,0.11,52.09,9.0,4.08,49.55,148.815,0,1,24.444444,2
4098,6,19,6,1,24.14,0.07,53.05,8.9,2.76,45.51,26.0945,0,1,24.444444,2
4099,6,20,6,1,24.11,0.04,53.65,9.3,1.56,41.15,0.0,0,1,24.444444,2
4100,6,21,6,1,24.09,0.02,54.07,9.5,1.32,39.19,0.0,0,1,24.444444,2
4101,6,22,6,1,24.07,0.0,55.47,6.5,1.2,32.82,0.0,0,1,24.444444,2
4102,6,23,6,1,24.07,0.0,57.73,6.0,1.2,30.26,0.0,0,1,24.444444,2
4103,6,24,6,1,24.07,0.0,60.29,4.6,1.56,26.21,0.0,0,1,24.444444,2
4104,6,1,7,1,24.07,0.0,62.79,5.0,4.32,25.56,0.0,0,1,24.444444,2
4105,6,2,7,1,24.07,0.0,64.67,3.7,0.6,21.87,0.0,0,1,24.444444,2
4106,6,3,7,1,24.07,0.0,65.96,4.6,0.24,21.59,0.0,0,1,24.444444,2
4107,6,4,7,1,24.07,0.0,66.84,5.0,0.24,20.32,0.0,0,1,24.444444,2
4108,6,5,7,1,24.06,0.0,68.2,3.3,1.92,16.15,0.0,0,1,24.444444,2
4109,6,6,7,1,24.06,0.0,68.94,3.3,3.24,21.87,0.0,0,1,24.444444,2
4110,6,7,7,1,24.14,0.06,66.21,6.6,10.92,35.91,48.0779,0,1,24.444444,2
4111,6,8,7,1,24.25,0.18,63.62,5.1,7.2,33.91,223.377,0,1,24.444444,2
4112,6,9,7,1,24.35,0.27,61.78,5.9,6.6,35.79,425.673,0,1,24.444444,2
4113,6,10,7,1,24.27,0.2,60.69,4.2,3.6,35.32,600.755,0,1,24.444444,2
4114,6,11,7,1,24.11,0.03,60.31,4.2,2.76,35.93,714.206,0,1,24.444444,2
4115,6,12,7,1,24.07,0.0,59.1,6.2,4.92,38.02,702.413,0,1,24.444444,2
4116,6,13,7,1,24.07,0.0,57.61,4.1,8.4,34.93,757.017,0,1,24.444444,2
4117,6,14,7,1,24.31,0.23,55.27,15.6,5.04,50.8,767.389,0,1,24.444444,2
4118,6,15,7,1,24.09,0.02,54.72,4.2,2.64,44.37,671.723,0,1,24.444444,2
4119,6,16,7,1,24.09,0.02,53.7,3.9,3.6,45.89,545.701,0,1,24.444444,2
4120,6,17,7,1,24.13,0.06,53.32,5.3,2.88,47.78,353.528,0,1,24.444444,2
4121,6,18,7,1,24.08,0.0,54.09,4.3,2.28,45.3,155.307,0,1,24.444444,2
4122,6,19,7,1,24.07,0.0,55.19,4.4,3.6,40.04,26.7969,0,1,24.444444,2
4123,6,20,7,1,24.07,0.0,55.99,6.3,3.0,35.53,0.0,0,1,24.444444,2
4124,6,21,7,1,24.07,0.0,55.62,5.1,1.68,31.18,0.0,0,1,24.444444,2
4125,6,22,7,1,24.07,0.0,56.55,4.3,3.36,27.52,0.0,0,1,24.444444,2
4126,6,23,7,1,24.07,0.0,59.45,4.6,0.84,26.51,0.0,0,1,24.444444,2
4127,6,24,7,1,24.07,0.0,60.9,6.8,0.96,28.27,0.0,0,1,24.444444,2
4128,6,1,1,1,24.07,0.0,61.29,6.1,0.84,24.79,0.0,0,1,24.444444,2
4129,6,2,1,1,24.07,0.0,62.89,4.1,0.36,20.46,0.0,0,1,24.444444,2
4130,6,3,1,1,24.07,0.0,65.11,3.6,0.48,18.97,0.0,0,1,24.444444,2
4131,6,4,1,1,24.07,0.0,66.17,4.8,0.84,19.7,0.0,0,1,24.444444,2
4132,6,5,1,1,24.07,0.0,65.93,7.6,0.6,23.4,0.0,0,1,24.444444,2
4133,6,6,1,1,24.07,0.0,65.91,4.7,2.64,21.3,0.0,0,1,24.444444,2
4134,6,7,1,1,24.07,0.0,66.16,3.8,2.64,25.78,73.4512,0,1,24.444444,2
4135,6,8,1,1,24.07,0.0,65.52,3.8,6.0,30.56,204.371,0,1,24.444444,2
4136,6,9,1,1,24.07,0.0,63.91,4.0,9.48,33.97,368.193,0,1,24.444444,2
4137,6,10,1,1,24.07,0.0,62.49,4.0,11.64,34.27,486.221,0,1,24.444444,2
4138,6,11,1,1,24.07,0.0,61.09,6.9,4.32,37.77,574.706,0,1,24.444444,2
4139,6,12,1,1,24.07,0.0,60.83,5.6,5.16,35.21,655.474,0,1,24.444444,2
4140,6,13,1,1,24.07,0.0,60.38,5.8,1.08,38.13,645.164,0,1,24.444444,2
4141,6,14,1,1,24.14,0.06,58.27,13.1,3.96,47.11,612.563,0,1,24.444444,2
4142,6,15,1,1,24.08,0.0,57.85,5.2,1.44,36.5,472.631,0,1,24.444444,2
4143,6,16,1,1,24.07,0.0,58.06,7.4,10.32,33.77,263.793,0,1,24.444444,2
4144,6,17,1,1,24.07,0.0,58.1,6.5,2.04,28.03,183.088,0,1,24.444444,2
4145,6,18,1,1,24.07,0.0,58.55,5.8,5.28,25.52,75.7423,0,1,24.444444,2
4146,6,19,1,1,24.07,0.0,59.8,3.9,3.48,20.87,23.4526,0,1,24.444444,2
4147,6,20,1,1,24.07,0.0,62.34,4.4,5.88,19.83,0.0,0,1,24.444444,2
4148,6,21,1,1,24.07,0.0,63.66,8.9,1.8,26.91,0.0,0,1,24.444444,2
4149,6,22,1,1,24.07,0.0,65.21,4.5,1.56,17.86,0.0,0,1,24.444444,2
4150,6,23,1,1,24.07,0.0,66.82,6.0,0.96,19.78,0.0,0,1,24.444444,2
4151,6,24,1,1,24.07,0.0,68.03,4.9,0.72,17.34,0.0,0,1,24.444444,2
4152,6,1,2,1,24.05,0.0,69.93,3.3,0.36,14.35,0.0,0,1,24.444444,2
4153,6,2,2,1,24.06,0.0,70.56,6.3,0.36,19.27,0.0,0,1,24.444444,2
4154,6,3,2,1,24.06,0.0,70.17,6.4,0.48,18.81,0.0,0,1,24.444444,2
4155,6,4,2,1,24.05,0.0,70.65,5.2,0.36,15.89,0.0,0,1,24.444444,2
4156,6,5,2,1,24.04,0.0,71.86,4.7,1.08,14.84,0.0,0,1,24.444444,2
4157,6,6,2,1,24.04,0.0,72.25,5.0,6.96,19.76,0.0,0,1,24.444444,2
4158,6,7,2,1,24.05,0.0,70.66,6.5,21.12,28.27,73.8858,0,1,24.444444,2
4159,6,8,2,1,24.05,0.0,68.43,4.1,6.24,26.34,197.889,0,1,24.444444,2
4160,6,9,2,1,24.06,0.0,67.01,5.2,8.4,30.57,310.519,0,1,24.444444,2
4161,6,10,2,1,24.07,0.0,66.17,4.6,8.28,31.44,412.797,0,1,24.444444,2
4162,6,11,2,1,24.07,0.0,65.07,5.2,3.72,33.8,509.854,0,1,24.444444,2
4163,6,12,2,1,24.07,0.0,64.36,3.4,4.08,32.53,526.357,0,1,24.444444,2
4164,6,13,2,1,24.07,0.0,63.24,3.9,1.2,37.02,534.321,0,1,24.444444,2
4165,6,14,2,1,24.13,0.06,59.43,10.3,3.12,48.28,493.591,0,1,24.444444,2
4166,6,15,2,1,24.08,0.0,58.17,4.5,1.8,39.69,396.498,0,1,24.444444,2
4167,6,16,2,1,24.08,0.0,57.53,7.9,1.56,36.68,276.821,0,1,24.444444,2
4168,6,17,2,1,24.08,0.0,57.14,4.1,4.8,25.0,140.078,0,1,24.444444,2
4169,6,18,2,1,24.07,0.0,57.62,4.3,5.52,24.66,83.9477,0,1,24.444444,2
4170,6,19,2,1,24.07,0.0,58.86,3.4,1.68,21.73,19.1031,0,1,24.444444,2
4171,6,20,2,1,24.07,0.0,60.39,7.0,5.04,24.45,0.0,0,1,24.444444,2
4172,6,21,2,1,24.07,0.0,61.79,5.1,3.84,19.9,0.0,0,1,24.444444,2
4173,6,22,2,1,24.07,0.0,62.11,7.2,2.16,22.0,0.0,0,1,24.444444,2
4174,6,23,2,1,24.07,0.0,62.45,5.1,0.96,17.47,0.0,0,1,24.444444,2
4175,6,24,2,1,24.07,0.0,63.66,5.0,0.12,16.8,0.0,0,1,24.444444,2
4176,6,1,3,1,24.05,0.0,65.4,3.5,0.36,14.12,0.0,0,1,24.444444,2
4177,6,2,3,1,24.06,0.0,67.6,4.9,0.24,16.95,0.0,0,1,24.444444,2
4178,6,3,3,1,24.05,0.0,70.28,3.4,0.36,15.2,0.0,0,1,24.444444,2
4179,6,4,3,1,24.04,0.0,72.63,3.4,0.36,15.23,0.0,0,1,24.444444,2
4180,6,5,3,1,24.03,0.0,74.07,3.7,1.44,15.72,0.0,0,1,24.444444,2
4181,6,6,3,1,24.04,0.0,73.76,4.9,4.8,22.23,0.0,0,1,24.444444,2
4182,6,7,3,1,24.05,0.0,71.87,5.0,29.64,28.23,72.7844,0,1,24.444444,2
4183,6,8,3,1,24.06,0.0,69.69,4.3,11.64,29.26,197.358,0,1,24.444444,2
4184,6,9,3,1,24.06,0.0,67.76,4.1,6.72,31.17,318.385,0,1,24.444444,2
4185,6,10,3,1,24.07,0.0,65.55,3.5,3.24,32.55,424.124,0,1,24.444444,2
4186,6,11,3,1,24.07,0.0,63.37,4.0,1.2,34.21,534.641,0,1,24.444444,2
4187,6,12,3,1,24.07,0.0,60.99,5.8,2.16,37.69,523.447,0,1,24.444444,2
4188,6,13,3,1,24.07,0.0,59.51,4.6,1.56,37.87,502.761,0,1,24.444444,2
4189,6,14,3,1,24.07,0.0,57.81,8.7,6.84,42.55,370.745,0,1,24.444444,2
4190,6,15,3,1,24.08,0.0,57.1,3.6,3.36,31.46,335.357,0,1,24.444444,2
4191,6,16,3,1,24.07,0.0,57.45,4.5,2.64,29.77,219.813,0,1,24.444444,2
4192,6,17,3,1,24.07,0.0,56.93,8.9,2.76,35.22,154.511,0,1,24.444444,2
4193,6,18,3,1,24.07,0.0,57.73,6.3,4.56,30.54,83.7818,0,1,24.444444,2
4194,6,19,3,1,24.07,0.0,59.26,5.3,3.96,26.42,22.7681,0,1,24.444444,2
4195,6,20,3,1,24.07,0.0,60.83,7.2,3.12,27.16,0.0,0,1,24.444444,2
4196,6,21,3,1,24.07,0.0,62.18,6.2,3.72,24.5,0.0,0,1,24.444444,2
4197,6,22,3,1,24.07,0.0,63.51,6.3,3.36,23.52,0.0,0,1,24.444444,2
4198,6,23,3,1,24.07,0.0,64.47,5.3,0.84,20.34,0.0,0,1,24.444444,2
4199,6,24,3,1,24.07,0.0,65.71,5.3,0.48,18.99,0.0,0,1,24.444444,2
4200,6,1,4,1,24.05,0.0,67.43,3.0,0.72,14.25,0.0,0,1,24.444444,2
4201,6,2,4,1,24.06,0.0,68.55,5.3,0.6,17.39,0.0,0,1,24.444444,2
4202,6,3,4,1,24.04,0.0,69.41,3.8,0.24,14.27,0.0,0,1,24.444444,2
4203,6,4,4,1,24.03,0.0,70.43,3.4,0.48,13.36,0.0,0,1,24.444444,2
4204,6,5,4,1,24.01,0.0,71.53,3.3,1.2,12.21,0.0,0,1,24.444444,2
4205,6,6,4,1,24.06,0.0,69.81,9.2,3.84,24.92,0.0,0,1,24.444444,2
4206,6,7,4,1,24.07,0.0,67.58,9.1,14.4,28.22,73.7597,0,1,24.444444,2
4207,6,8,4,1,24.07,0.0,64.3,9.3,4.44,31.72,194.149,0,1,24.444444,2
4208,6,9,4,1,24.07,0.0,60.57,9.2,5.64,34.38,347.241,0,1,24.444444,2
4209,6,10,4,1,24.07,0.0,58.12,11.3,2.16,38.47,476.229,0,1,24.444444,2
4210,6,11,4,1,24.07,0.0,56.65,9.3,4.56,35.02,574.743,0,1,24.444444,2
4211,6,12,4,1,24.07,0.0,56.58,9.2,7.2,35.68,686.293,0,1,24.444444,2
4212,6,13,4,1,24.07,0.0,56.31,9.1,8.28,38.42,646.752,0,1,24.444444,2
4213,6,14,4,1,24.07,0.0,55.41,9.9,9.84,43.8,609.686,0,1,24.444444,2
4214,6,15,4,1,24.08,0.0,54.92,9.2,1.32,44.64,469.844,0,1,24.444444,2
4215,6,16,4,1,24.07,0.0,54.92,8.7,2.76,40.59,324.404,0,1,24.444444,2
4216,6,17,4,1,24.07,0.0,54.94,9.3,2.28,38.68,211.612,0,1,24.444444,2
4217,6,18,4,1,24.07,0.0,55.17,9.9,1.92,37.34,86.9209,0,1,24.444444,2
4218,6,19,4,1,24.07,0.0,56.31,8.1,1.92,32.59,21.0199,0,1,24.444444,2
4219,6,20,4,1,24.07,0.0,58.13,10.9,2.4,32.14,0.0,0,1,24.444444,2
4220,6,21,4,1,24.07,0.0,58.49,12.3,2.16,31.13,0.0,0,1,24.444444,2
4221,6,22,4,1,24.07,0.0,56.93,19.4,1.44,39.35,0.0,0,1,24.444444,2
4222,6,23,4,1,24.07,0.0,54.97,20.0,2.28,36.94,0.0,0,1,24.444444,2
4223,6,24,4,1,24.04,0.0,57.57,3.2,0.96,11.05,0.0,0,1,24.444444,2
4224,6,1,5,1,24.07,0.0,61.02,8.7,0.48,19.01,0.0,0,1,24.444444,2
4225,6,2,5,1,24.07,0.0,61.86,10.9,3.0,22.01,0.0,0,1,24.444444,2
4226,6,3,5,1,24.07,0.0,62.36,11.0,2.52,21.47,0.0,0,1,24.444444,2
4227,6,4,5,1,24.0,0.0,65.29,3.3,3.36,9.61,0.0,0,1,24.444444,2
4228,6,5,5,1,24.02,0.0,68.07,6.2,2.64,14.19,0.0,0,1,24.444444,2
4229,6,6,5,1,24.06,0.0,67.9,10.0,4.44,21.89,0.0,0,1,24.444444,2
4230,6,7,5,1,24.04,0.0,68.15,4.5,20.28,16.21,70.6799,0,1,24.444444,2
4231,6,8,5,1,24.04,0.0,68.88,4.2,9.6,20.08,181.332,0,1,24.444444,2
4232,6,9,5,1,24.07,0.0,66.65,9.1,6.0,33.4,315.994,0,1,24.444444,2
4233,6,10,5,1,24.06,0.0,65.61,4.0,1.68,28.31,477.281,0,1,24.444444,2
4234,6,11,5,1,24.07,0.0,64.93,8.5,4.56,36.74,605.843,0,1,24.444444,2
4235,6,12,5,1,24.07,0.0,63.83,9.2,3.72,38.7,699.083,0,1,24.444444,2
4236,6,13,5,1,24.07,0.0,62.3,8.8,2.4,40.38,650.579,0,1,24.444444,2
4237,6,14,5,1,24.07,0.0,60.03,9.6,1.56,43.29,583.511,0,1,24.444444,2
4238,6,15,5,1,24.07,0.0,58.13,8.7,1.08,41.46,451.114,0,1,24.444444,2
4239,6,16,5,1,24.07,0.0,56.59,8.6,0.96,40.68,348.1,0,1,24.444444,2
4240,6,17,5,1,24.07,0.0,55.78,9.1,4.32,40.99,255.29,0,1,24.444444,2
4241,6,18,5,1,24.08,0.0,55.67,12.6,2.64,40.13,89.0893,0,1,24.444444,2
4242,6,19,5,1,24.07,0.0,56.03,9.9,3.36,31.79,7.06224,0,1,24.444444,2
4243,6,20,5,1,24.07,0.0,57.07,9.9,6.96,30.78,0.0,0,1,24.444444,2
4244,6,21,5,1,24.07,0.0,57.99,12.7,1.68,32.92,0.0,0,1,24.444444,2
4245,6,22,5,1,24.07,0.0,58.19,12.0,2.64,29.22,0.0,0,1,24.444444,2
4246,6,23,5,1,24.07,0.0,60.1,8.0,0.96,22.31,0.0,0,1,24.444444,2
4247,6,24,5,1,24.07,0.0,61.45,10.4,0.96,25.61,0.0,0,1,24.444444,2
4248,6,1,6,1,24.06,0.0,63.67,3.5,0.84,13.71,0.0,0,1,24.444444,2
4249,6,2,6,1,24.05,0.0,66.87,4.1,0.36,14.49,0.0,0,1,24.444444,2
4250,6,3,6,1,24.03,0.0,69.59,3.3,0.36,13.27,0.0,0,1,24.444444,2
4251,6,4,6,1,24.02,0.0,71.89,3.5,0.48,13.59,0.0,0,1,24.444444,2
4252,6,5,6,1,24.02,0.0,73.21,3.9,1.8,14.06,0.0,0,1,24.444444,2
4253,6,6,6,1,24.01,0.0,74.48,3.5,7.08,14.12,0.0,0,1,24.444444,2
4254,6,7,6,1,24.03,0.0,74.6,4.3,17.04,19.62,68.9825,0,1,24.444444,2
4255,6,8,6,1,24.06,0.0,71.8,8.8,4.2,30.15,173.765,0,1,24.444444,2
4256,6,9,6,1,24.05,0.0,68.89,5.0,2.4,27.11,322.454,0,1,24.444444,2
4257,6,10,6,1,24.06,0.0,66.12,5.8,6.24,31.19,477.544,0,1,24.444444,2
4258,6,11,6,1,24.07,0.0,62.99,4.2,2.28,26.86,591.864,0,1,24.444444,2
4259,6,12,6,1,24.07,0.0,60.73,4.9,3.0,27.19,684.477,0,1,24.444444,2
4260,6,13,6,1,24.07,0.0,59.51,4.0,4.08,28.27,650.058,0,1,24.444444,2
4261,6,14,6,1,24.07,0.0,58.74,9.1,2.04,40.54,619.393,0,1,24.444444,2
4262,6,15,6,1,24.07,0.0,59.18,4.7,3.12,37.89,488.365,0,1,24.444444,2
4263,6,16,6,1,24.07,0.0,59.17,8.3,1.2,43.04,394.063,0,1,24.444444,2
4264,6,17,6,1,24.07,0.0,58.94,10.0,1.08,44.06,262.509,0,1,24.444444,2
4265,6,18,6,1,24.07,0.0,59.46,9.0,1.2,35.65,92.174,0,1,24.444444,2
4266,6,19,6,1,24.07,0.0,60.41,7.9,2.04,27.51,7.12987,0,1,24.444444,2
4267,6,20,6,1,24.07,0.0,60.83,9.2,2.64,27.26,0.0,0,1,24.444444,2
4268,6,21,6,1,24.07,0.0,60.01,9.3,1.8,25.39,0.0,0,1,24.444444,2
4269,6,22,6,1,24.07,0.0,60.72,7.6,1.08,20.74,0.0,0,1,24.444444,2
4270,6,23,6,1,24.07,0.0,62.79,5.5,1.2,15.85,0.0,0,1,24.444444,2
4271,6,24,6,1,24.07,0.0,64.5,6.3,0.72,16.5,0.0,0,1,24.444444,2
4272,6,1,7,1,24.04,0.0,66.42,3.7,0.84,12.28,0.0,0,1,24.444444,2
4273,6,2,7,1,24.02,0.0,68.71,3.5,1.32,12.38,0.0,0,1,24.444444,2
4274,6,3,7,1,24.03,0.0,70.2,4.6,0.24,14.34,0.0,0,1,24.444444,2
4275,6,4,7,1,24.03,0.0,71.41,5.0,0.24,15.27,0.0,0,1,24.444444,2
4276,6,5,7,1,24.06,0.0,71.03,9.1,0.6,22.83,0.0,0,1,24.444444,2
4277,6,6,7,1,24.04,0.0,71.76,4.8,3.12,16.62,0.0,0,1,24.444444,2
4278,6,7,7,1,24.04,0.0,72.6,4.0,13.8,21.54,69.5684,0,1,24.444444,2
4279,6,8,7,1,24.05,0.0,71.81,4.8,6.36,28.54,185.457,0,1,24.444444,2
4280,6,9,7,1,24.06,0.0,70.86,3.6,3.48,31.42,330.095,0,1,24.444444,2
4281,6,10,7,1,24.07,0.0,69.2,5.4,6.72,37.19,499.87,0,1,24.444444,2
4282,6,11,7,1,24.07,0.0,68.25,3.7,7.44,34.73,632.192,0,1,24.444444,2
4283,6,12,7,1,24.07,0.0,66.8,6.0,5.76,39.22,730.963,0,1,24.444444,2
4284,6,13,7,1,24.07,0.0,65.96,4.7,3.96,39.42,716.541,0,1,24.444444,2
4285,6,14,7,1,24.57,0.49,62.03,19.0,9.0,55.12,663.922,0,1,24.444444,2
4286,6,15,7,1,24.2,0.12,61.51,6.1,3.48,49.66,589.227,0,1,24.444444,2
4287,6,16,7,1,24.08,0.0,61.03,3.8,1.2,47.17,479.556,0,1,24.444444,2
4288,6,17,7,1,24.08,0.0,60.47,5.1,2.64,48.55,314.723,0,1,24.444444,2
4289,6,18,7,1,24.07,0.0,60.53,4.0,2.76,44.84,160.301,0,1,24.444444,2
4290,6,19,7,1,24.07,0.0,61.75,3.4,2.16,37.58,26.5741,0,1,24.444444,2
4291,6,20,7,1,24.07,0.0,62.98,5.1,3.12,35.95,0.0,0,1,24.444444,2
4292,6,21,7,1,24.07,0.0,64.09,4.0,2.64,32.44,0.0,0,1,24.444444,2
4293,6,22,7,1,24.07,0.0,64.51,7.8,2.04,36.8,0.0,0,1,24.444444,2
4294,6,23,7,1,24.07,0.0,64.61,8.3,1.32,35.82,0.0,0,1,24.444444,2
4295,6,24,7,1,24.07,0.0,65.31,7.3,1.2,32.83,0.0,0,1,24.444444,2
4296,6,1,1,1,24.07,0.0,67.24,3.2,0.12,24.67,0.0,0,1,24.444444,2
4297,6,2,1,1,24.07,0.0,69.4,3.3,0.6,23.74,0.0,0,1,24.444444,2
4298,6,3,1,1,24.07,0.0,70.65,4.0,0.24,23.71,0.0,0,1,24.444444,2
4299,6,4,1,1,24.07,0.0,70.96,5.5,2.76,25.61,0.0,0,1,24.444444,2
4300,6,5,1,1,24.07,0.0,70.98,5.4,0.24,24.11,0.0,0,1,24.444444,2
4301,6,6,1,1,24.07,0.0,70.89,5.2,4.08,26.79,0.0,0,1,24.444444,2
4302,6,7,1,1,24.07,0.0,70.12,5.3,0.96,33.05,70.4305,0,1,24.444444,2
4303,6,8,1,1,24.07,0.0,68.75,4.1,5.64,34.21,197.93,0,1,24.444444,2
4304,6,9,1,1,24.08,0.0,67.11,4.0,6.24,36.67,356.753,0,1,24.444444,2
4305,6,10,1,1,24.08,0.01,65.17,4.9,16.56,39.08,480.774,0,1,24.444444,2
4306,6,11,1,1,24.08,0.0,63.81,6.2,4.68,40.54,615.821,0,1,24.444444,2
4307,6,12,1,1,24.07,0.0,62.54,4.5,6.96,36.52,692.562,0,1,24.444444,2
4308,6,13,1,1,24.07,0.0,61.02,5.0,7.2,38.18,725.438,0,1,24.444444,2
4309,6,14,1,1,24.27,0.19,57.46,13.7,1.56,50.86,738.661,0,1,24.444444,2
4310,6,15,1,1,24.09,0.02,56.78,4.7,9.0,45.57,647.135,0,1,24.444444,2
4311,6,16,1,1,24.14,0.07,56.31,4.4,2.76,47.05,591.046,0,1,24.444444,2
4312,6,17,1,1,24.28,0.21,56.73,4.4,4.32,48.17,417.136,0,1,24.444444,2
4313,6,18,1,1,24.32,0.24,57.63,4.2,7.2,48.91,210.169,0,1,24.444444,2
4314,6,19,1,1,24.18,0.1,58.65,5.7,6.6,47.87,30.6432,0,1,24.444444,2
4315,6,20,1,1,24.08,0.0,59.73,7.6,12.24,42.38,0.0,0,1,24.444444,2
4316,6,21,1,1,24.07,0.0,60.63,6.9,1.8,38.81,0.0,0,1,24.444444,2
4317,6,22,1,1,24.07,0.0,61.97,6.1,2.4,35.18,0.0,0,1,24.444444,2
4318,6,23,1,1,24.07,0.0,63.84,3.7,2.4,28.99,0.0,0,1,24.444444,2
4319,6,24,1,1,24.07,0.0,65.2,5.0,0.12,29.38,0.0,0,1,24.444444,2
4320,6,1,2,1,24.07,0.0,66.92,3.7,0.48,25.32,0.0,0,1,24.444444,2
4321,6,2,2,1,24.07,0.0,68.15,5.3,0.36,26.24,0.0,0,1,24.444444,2
4322,6,3,2,1,24.07,0.0,68.66,5.3,0.48,24.57,0.0,0,1,24.444444,2
4323,6,4,2,1,24.07,0.0,69.35,5.0,0.6,22.39,0.0,0,1,24.444444,2
4324,6,5,2,1,24.07,0.0,70.43,3.3,0.96,17.83,0.0,0,1,24.444444,2
4325,6,6,2,1,24.07,0.0,70.09,4.6,1.44,30.79,0.0,0,1,24.444444,2
4326,6,7,2,1,24.23,0.15,67.68,6.3,17.28,36.86,39.1543,0,1,24.444444,2
4327,6,8,2,1,24.39,0.32,66.26,4.0,9.72,33.92,215.634,0,1,24.444444,2
4328,6,9,2,1,24.55,0.47,64.47,6.2,7.08,37.67,433.656,0,1,24.444444,2
4329,6,10,2,1,24.51,0.43,61.88,7.0,3.48,39.58,589.43,0,1,24.444444,2
4330,6,11,2,1,24.26,0.18,60.73,4.7,1.56,37.75,680.285,0,1,24.444444,2
4331,6,12,2,1,24.1,0.02,60.71,3.7,0.84,36.83,737.772,0,1,24.444444,2
4332,6,13,2,1,24.09,0.02,60.42,4.5,2.4,39.58,785.898,0,1,24.444444,2
4333,6,14,2,1,24.21,0.14,59.12,9.8,1.92,49.55,781.02,0,1,24.444444,2
4334,6,15,2,1,24.15,0.07,58.48,4.0,2.88,48.55,702.796,0,1,24.444444,2
4335,6,16,2,1,24.28,0.21,57.49,3.9,1.44,49.4,585.941,0,1,24.444444,2
4336,6,17,2,1,24.49,0.41,57.2,5.3,5.04,50.81,404.651,0,1,24.444444,2
4337,6,18,2,1,24.62,0.54,56.98,5.8,3.24,51.41,211.335,0,1,24.444444,2
4338,6,19,2,1,24.36,0.28,57.3,5.3,2.04,49.94,29.8847,0,1,24.444444,2
4339,6,20,2,1,24.13,0.05,58.41,6.3,5.4,44.33,0.0,0,1,24.444444,2
4340,6,21,2,1,24.09,0.01,59.49,6.1,4.8,40.49,0.0,0,1,24.444444,2
4341,6,22,2,1,24.08,0.0,60.15,7.5,2.52,39.02,0.0,0,1,24.444444,2
4342,6,23,2,1,24.07,0.0,61.78,4.2,0.96,30.87,0.0,0,1,24.444444,2
4343,6,24,2,1,24.07,0.0,63.31,5.3,0.72,30.29,0.0,0,1,24.444444,2
4344,7,1,3,1,24.07,0.0,64.96,3.3,0.48,24.42,0.0,0,1,24.444444,2
4345,7,2,3,1,24.07,0.0,66.23,4.8,0.72,24.89,0.0,0,1,24.444444,2
4346,7,3,3,1,24.07,0.0,66.79,4.9,0.12,22.73,0.0,0,1,24.444444,2
4347,7,4,3,1,24.07,0.0,68.43,2.9,1.68,17.69,0.0,0,1,24.444444,2
4348,7,5,3,1,24.06,0.0,70.26,3.5,1.08,18.0,0.0,0,1,24.444444,2
4349,7,6,3,1,24.06,0.0,69.94,3.5,5.4,26.9,0.0,0,1,24.444444,2
4350,7,7,3,1,24.07,0.0,68.24,4.7,22.92,32.94,56.1246,0,1,24.444444,2
4351,7,8,3,1,24.19,0.11,65.72,6.8,3.6,36.82,205.813,0,1,24.444444,2
4352,7,9,3,1,24.22,0.14,64.08,4.2,4.68,34.96,390.292,0,1,24.444444,2
4353,7,10,3,1,24.14,0.06,63.42,3.7,10.68,35.52,525.033,0,1,24.444444,2
4354,7,11,3,1,24.08,0.0,62.7,3.6,0.36,33.88,626.758,0,1,24.444444,2
4355,7,12,3,1,24.07,0.0,62.19,3.8,2.64,34.08,722.569,0,1,24.444444,2
4356,7,13,3,1,24.07,0.0,61.65,3.7,1.68,35.53,769.885,0,1,24.444444,2
4357,7,14,3,1,24.11,0.04,59.69,9.7,2.76,48.03,727.251,0,1,24.444444,2
4358,7,15,3,1,24.08,0.01,57.64,4.2,1.92,46.1,655.818,0,1,24.444444,2
4359,7,16,3,1,24.15,0.08,56.15,3.9,4.8,47.4,505.855,0,1,24.444444,2
4360,7,17,3,1,24.29,0.21,54.95,5.7,1.92,48.9,374.777,0,1,24.444444,2
4361,7,18,3,1,24.27,0.2,54.92,3.8,3.96,47.75,190.722,0,1,24.444444,2
4362,7,19,3,1,24.17,0.1,55.05,7.3,1.92,48.52,28.9241,0,1,24.444444,2
4363,7,20,3,1,24.1,0.02,55.93,6.3,8.28,41.34,0.0,0,1,24.444444,2
4364,7,21,3,1,24.08,0.01,57.43,6.0,1.68,39.57,0.0,0,1,24.444444,2
4365,7,22,3,1,24.11,0.04,58.99,10.6,3.6,44.02,0.0,0,1,24.444444,2
4366,7,23,3,1,24.07,0.0,61.57,4.6,1.8,33.74,0.0,0,1,24.444444,2
4367,7,24,3,1,24.07,0.0,62.74,8.9,0.12,38.7,0.0,0,1,24.444444,2
4368,7,1,4,1,24.07,0.0,62.88,7.3,0.36,33.14,0.0,0,1,24.444444,2
4369,7,2,4,1,24.07,0.0,64.72,4.4,0.48,26.49,0.0,0,1,24.444444,2
4370,7,3,4,1,24.07,0.0,67.28,3.5,0.24,23.54,0.0,0,1,24.444444,2
4371,7,4,4,1,24.07,0.0,68.55,5.3,0.24,25.67,0.0,0,1,24.444444,2
4372,7,5,4,1,24.07,0.0,69.52,4.0,2.88,22.21,0.0,0,1,24.444444,2
4373,7,6,4,1,24.07,0.0,69.99,3.4,3.0,26.46,0.0,0,1,24.444444,2
4374,7,7,4,1,24.15,0.08,67.26,8.1,7.2,40.91,54.3725,0,1,24.444444,2
4375,7,8,4,1,24.29,0.21,64.16,6.3,8.16,37.52,207.254,0,1,24.444444,2
4376,7,9,4,1,24.41,0.33,61.87,8.0,3.0,39.94,393.585,0,1,24.444444,2
4377,7,10,4,1,24.47,0.39,60.27,9.2,4.2,42.37,557.439,0,1,24.444444,2
4378,7,11,4,1,24.32,0.25,59.11,8.4,1.32,42.21,678.876,0,1,24.444444,2
4379,7,12,4,1,24.18,0.11,58.37,7.7,5.28,42.96,592.833,0,1,24.444444,2
4380,7,13,4,1,24.14,0.07,56.91,7.2,4.92,43.55,604.017,0,1,24.444444,2
4381,7,14,4,1,24.22,0.15,54.7,9.3,0.6,47.63,583.195,0,1,24.444444,2
4382,7,15,4,1,24.28,0.21,52.98,9.2,0.84,50.08,539.528,0,1,24.444444,2
4383,7,16,4,1,24.31,0.24,51.83,8.1,1.08,50.23,434.15,0,1,24.444444,2
4384,7,17,4,1,24.31,0.23,51.51,8.8,1.08,49.78,270.064,0,1,24.444444,2
4385,7,18,4,1,24.29,0.22,52.92,9.6,5.4,48.27,125.792,0,1,24.444444,2
4386,7,19,4,1,24.25,0.17,55.05,9.2,5.4,44.84,19.7927,0,1,24.444444,2
4387,7,20,4,1,24.21,0.13,55.28,10.2,5.16,43.43,0.0,0,1,24.444444,2
4388,7,21,4,1,24.17,0.09,54.83,11.0,2.88,42.83,0.0,0,1,24.444444,2
4389,7,22,4,1,24.09,0.01,55.41,7.7,1.2,35.04,0.0,0,1,24.444444,2
4390,7,23,4,1,24.07,0.0,56.52,6.9,0.84,31.33,0.0,0,1,24.444444,2
4391,7,24,4,1,24.07,0.0,55.89,7.6,0.24,31.29,0.0,0,1,24.444444,2
4392,7,1,5,1,24.07,0.0,54.62,10.9,0.72,32.95,0.0,0,1,24.444444,2
4393,7,2,5,1,24.07,0.0,55.5,6.5,1.08,22.62,0.0,0,1,24.444444,2
4394,7,3,5,1,24.07,0.0,57.82,6.4,0.24,19.85,0.0,0,1,24.444444,2
4395,7,4,5,1,24.07,0.0,60.37,4.6,0.48,15.4,0.0,0,1,24.444444,2
4396,7,5,5,1,24.07,0.0,62.33,6.3,1.08,17.13,0.0,0,1,24.444444,2
4397,7,6,5,1,24.06,0.0,63.5,5.0,0.96,17.1,0.0,0,1,24.444444,2
4398,7,7,5,1,24.07,0.0,63.98,5.8,6.48,23.37,69.8107,0,1,24.444444,2
4399,7,8,5,1,24.07,0.0,63.18,8.6,3.84,33.12,192.616,0,1,24.444444,2
4400,7,9,5,1,24.07,0.0,61.27,7.1,8.16,33.61,332.051,0,1,24.444444,2
4401,7,10,5,1,24.07,0.0,60.29,4.0,6.0,30.56,455.902,0,1,24.444444,2
4402,7,11,5,1,24.07,0.0,58.52,8.6,3.24,37.52,556.733,0,1,24.444444,2
4403,7,12,5,1,24.07,0.0,56.77,6.8,3.12,33.87,631.912,0,1,24.444444,2
4404,7,13,5,1,24.07,0.0,55.84,8.6,1.92,37.97,627.114,0,1,24.444444,2
4405,7,14,5,1,24.07,0.0,53.65,9.7,1.2,42.78,600.859,0,1,24.444444,2
4406,7,15,5,1,24.07,0.0,51.75,9.2,1.2,44.97,542.293,0,1,24.444444,2
4407,7,16,5,1,24.07,0.0,51.51,7.5,1.2,44.72,431.237,0,1,24.444444,2
4408,7,17,5,1,24.08,0.01,51.25,8.7,0.96,47.18,292.257,0,1,24.444444,2
4409,7,18,5,1,24.17,0.09,50.47,12.0,0.84,49.24,152.638,0,1,24.444444,2
4410,7,19,5,1,24.12,0.04,50.52,10.3,1.56,43.79,27.6701,0,1,24.444444,2
4411,7,20,5,1,24.09,0.02,51.26,10.1,2.76,39.38,0.0,0,1,24.444444,2
4412,7,21,5,1,24.08,0.01,52.01,10.1,5.64,38.22,0.0,0,1,24.444444,2
4413,7,22,5,1,24.08,0.01,52.59,11.7,1.44,38.46,0.0,0,1,24.444444,2
4414,7,23,5,1,24.07,0.0,54.49,5.0,2.88,28.13,0.0,0,1,24.444444,2
4415,7,24,5,1,24.08,0.0,55.81,12.8,0.36,37.75,0.0,0,1,24.444444,2
4416,7,1,8,1,24.07,0.0,58.49,3.9,0.36,23.57,0.0,0,1,24.444444,2
4417,7,2,8,1,24.07,0.0,61.7,3.1,3.6,23.03,0.0,0,1,24.444444,2
4418,7,3,8,1,24.07,0.0,62.96,3.2,0.72,22.42,0.0,0,1,24.444444,2
4419,7,4,8,1,24.07,0.0,63.1,3.7,0.96,21.32,0.0,0,1,24.444444,2
4420,7,5,8,1,24.07,0.0,62.9,4.7,7.8,21.2,0.0,0,1,24.444444,2
4421,7,6,8,1,24.07,0.0,61.85,5.2,3.72,28.9,0.0,0,1,24.444444,2
4422,7,7,8,1,24.08,0.0,59.75,7.3,12.84,35.19,54.3912,0,1,24.444444,2
4423,7,8,8,1,24.08,0.01,57.71,5.5,6.84,32.91,206.891,0,1,24.444444,2
4424,7,9,8,1,24.11,0.03,56.51,6.5,4.44,34.55,375.12,0,1,24.444444,2
4425,7,10,8,1,24.09,0.01,55.78,5.5,4.92,33.75,573.178,0,1,24.444444,2
4426,7,11,8,1,24.08,0.0,55.16,9.4,3.12,37.24,715.988,0,1,24.444444,2
4427,7,12,8,1,24.07,0.0,54.57,8.2,3.12,34.61,779.779,0,1,24.444444,2
4428,7,13,8,1,24.07,0.0,54.11,7.4,4.68,34.88,802.462,0,1,24.444444,2
4429,7,14,8,1,24.07,0.0,53.04,10.1,3.48,42.18,769.007,0,1,24.444444,2
4430,7,15,8,1,24.07,0.0,51.71,9.6,2.4,46.23,687.235,0,1,24.444444,2
4431,7,16,8,1,24.08,0.0,49.92,5.4,1.2,43.17,570.981,0,1,24.444444,2
4432,7,17,8,1,24.16,0.08,48.49,7.9,2.28,45.98,393.414,0,1,24.444444,2
4433,7,18,8,1,24.17,0.09,48.21,8.6,3.12,46.68,199.328,0,1,24.444444,2
4434,7,19,8,1,24.08,0.0,48.74,7.5,2.4,40.99,29.8074,0,1,24.444444,2
4435,7,20,8,1,24.07,0.0,49.15,8.4,4.8,35.31,0.0,0,1,24.444444,2
4436,7,21,8,1,24.07,0.0,49.32,9.1,3.72,34.12,0.0,0,1,24.444444,2
4437,7,22,8,1,24.07,0.0,49.49,7.4,1.56,29.31,0.0,0,1,24.444444,2
4438,7,23,8,1,24.07,0.0,50.56,5.2,0.6,24.95,0.0,0,1,24.444444,2
4439,7,24,8,1,24.07,0.0,51.23,4.6,0.48,22.82,0.0,0,1,24.444444,2
4440,7,1,7,1,24.07,0.0,51.37,3.8,0.6,19.87,0.0,0,1,24.444444,2
4441,7,2,7,1,24.07,0.0,52.48,3.3,3.24,17.44,0.0,0,1,24.444444,2
4442,7,3,7,1,24.07,0.0,54.41,5.0,0.36,18.81,0.0,0,1,24.444444,2
4443,7,4,7,1,24.07,0.0,56.62,3.8,0.6,16.34,0.0,0,1,24.444444,2
4444,7,5,7,1,24.07,0.0,58.56,3.5,0.12,14.75,0.0,0,1,24.444444,2
4445,7,6,7,1,24.07,0.0,59.08,6.1,1.8,21.29,0.0,0,1,24.444444,2
4446,7,7,7,1,24.07,0.0,58.57,4.7,5.16,23.65,66.6533,0,1,24.444444,2
4447,7,8,7,1,24.06,0.0,57.72,3.8,5.88,26.28,205.288,0,1,24.444444,2
4448,7,9,7,1,24.07,0.0,56.07,5.6,16.68,30.81,382.056,0,1,24.444444,2
4449,7,10,7,1,24.08,0.0,54.22,6.4,3.0,31.72,547.101,0,1,24.444444,2
4450,7,11,7,1,24.07,0.0,53.02,7.1,5.16,30.72,665.144,0,1,24.444444,2
4451,7,12,7,1,24.07,0.0,51.69,9.7,4.56,33.01,724.195,0,1,24.444444,2
4452,7,13,7,1,24.07,0.0,50.8,9.1,4.68,33.52,774.914,0,1,24.444444,2
4453,7,14,7,1,24.07,0.0,48.91,12.1,5.88,41.27,772.214,0,1,24.444444,2
4454,7,15,7,1,24.07,0.0,46.93,6.9,3.48,38.64,721.744,0,1,24.444444,2
4455,7,16,7,1,24.08,0.0,45.15,4.9,1.8,37.74,539.656,0,1,24.444444,2
4456,7,17,7,1,24.08,0.0,44.34,7.1,2.88,40.18,340.007,0,1,24.444444,2
4457,7,18,7,1,24.08,0.0,44.89,5.6,4.44,38.04,161.807,0,1,24.444444,2
4458,7,19,7,1,24.08,0.0,45.5,6.6,8.76,35.65,30.1277,0,1,24.444444,2
4459,7,20,7,1,24.07,0.0,46.69,7.1,3.36,30.25,0.0,0,1,24.444444,2
4460,7,21,7,1,24.07,0.0,48.07,4.4,2.4,25.14,0.0,0,1,24.444444,2
4461,7,22,7,1,24.07,0.0,49.29,4.7,1.08,24.09,0.0,0,1,24.444444,2
4462,7,23,7,1,24.07,0.0,50.61,4.2,2.52,21.67,0.0,0,1,24.444444,2
4463,7,24,7,1,24.07,0.0,51.67,5.0,0.6,21.23,0.0,0,1,24.444444,2
4464,7,1,1,1,24.07,0.0,52.95,4.2,0.72,18.28,0.0,0,1,24.444444,2
4465,7,2,1,1,24.07,0.0,54.71,3.5,0.24,15.13,0.0,0,1,24.444444,2
4466,7,3,1,1,24.07,0.0,56.54,6.4,0.24,17.78,0.0,0,1,24.444444,2
4467,7,4,1,1,24.05,0.0,58.74,3.5,0.84,12.2,0.0,0,1,24.444444,2
4468,7,5,1,1,24.03,0.0,61.05,4.6,2.76,11.99,0.0,0,1,24.444444,2
4469,7,6,1,1,24.04,0.0,61.76,5.6,1.56,20.9,0.0,0,1,24.444444,2
4470,7,7,1,1,24.04,0.0,60.99,3.8,3.96,25.39,47.0889,0,1,24.444444,2
4471,7,8,1,1,24.06,0.01,59.74,3.8,3.72,28.53,202.47,0,1,24.444444,2
4472,7,9,1,1,24.12,0.07,57.79,4.2,2.64,29.89,413.867,0,1,24.444444,2
4473,7,10,1,1,24.08,0.02,56.02,4.9,6.84,30.78,580.074,0,1,24.444444,2
4474,7,11,1,1,24.07,0.0,54.34,4.6,7.08,28.13,697.097,0,1,24.444444,2
4475,7,12,1,1,24.07,0.0,52.94,5.2,11.04,28.71,771.204,0,1,24.444444,2
4476,7,13,1,1,24.07,0.0,51.17,5.1,8.64,29.7,786.335,0,1,24.444444,2
4477,7,14,1,1,24.07,0.0,48.82,6.0,8.28,34.28,763.041,0,1,24.444444,2
4478,7,15,1,1,24.07,0.0,46.29,5.6,2.52,38.51,691.577,0,1,24.444444,2
4479,7,16,1,1,24.08,0.0,44.7,4.0,6.36,40.07,602.115,0,1,24.444444,2
4480,7,17,1,1,24.21,0.13,44.09,5.8,4.2,42.78,407.503,0,1,24.444444,2
4481,7,18,1,1,24.31,0.24,44.06,5.9,3.48,43.82,229.913,0,1,24.444444,2
4482,7,19,1,1,24.15,0.07,45.01,7.2,3.48,43.43,32.9745,0,1,24.444444,2
4483,7,20,1,1,24.08,0.0,45.68,5.1,2.64,32.29,0.0,0,1,24.444444,2
4484,7,21,1,1,24.07,0.0,46.09,6.7,3.36,31.72,0.0,0,1,24.444444,2
4485,7,22,1,1,24.07,0.0,46.6,9.3,1.44,32.75,0.0,0,1,24.444444,2
4486,7,23,1,1,24.07,0.0,48.03,6.4,1.32,27.19,0.0,0,1,24.444444,2
4487,7,24,1,1,24.07,0.0,50.03,3.0,0.6,20.23,0.0,0,1,24.444444,2
4488,7,1,2,1,24.07,0.0,52.05,7.4,3.48,24.29,0.0,0,1,24.444444,2
4489,7,2,2,1,24.07,0.0,54.35,4.7,0.96,18.54,0.0,0,1,24.444444,2
4490,7,3,2,1,24.07,0.0,57.54,4.7,0.12,16.54,0.0,0,1,24.444444,2
4491,7,4,2,1,24.07,0.0,59.22,6.5,0.36,17.55,0.0,0,1,24.444444,2
4492,7,5,2,1,24.07,0.0,59.51,9.0,2.64,20.97,0.0,0,1,24.444444,2
4493,7,6,2,1,24.06,0.0,60.02,3.7,5.76,20.13,0.0,0,1,24.444444,2
4494,7,7,2,1,24.06,0.0,60.41,4.0,10.08,25.55,56.1104,0,1,24.444444,2
4495,7,8,2,1,24.08,0.0,59.52,9.0,17.04,35.38,198.022,0,1,24.444444,2
4496,7,9,2,1,24.08,0.0,58.31,7.2,3.48,34.7,346.795,0,1,24.444444,2
4497,7,10,2,1,24.07,0.0,57.44,5.9,4.8,33.91,481.004,0,1,24.444444,2
4498,7,11,2,1,24.07,0.0,56.24,6.5,3.36,34.08,540.062,0,1,24.444444,2
4499,7,12,2,1,24.07,0.0,55.17,4.3,0.96,30.57,614.426,0,1,24.444444,2
4500,7,13,2,1,24.07,0.0,53.59,5.3,3.72,34.02,566.14,0,1,24.444444,2
4501,7,14,2,1,24.07,0.0,51.36,8.4,0.72,40.56,526.052,0,1,24.444444,2
4502,7,15,2,1,24.07,0.0,51.01,4.1,0.96,38.46,542.871,0,1,24.444444,2
4503,7,16,2,1,24.07,0.0,51.16,5.3,2.64,42.92,433.539,0,1,24.444444,2
4504,7,17,2,1,24.07,0.0,51.32,4.3,2.04,42.13,301.15,0,1,24.444444,2
4505,7,18,2,1,24.08,0.0,51.82,6.6,1.08,43.76,147.159,0,1,24.444444,2
4506,7,19,2,1,24.07,0.0,52.92,6.0,4.44,40.21,29.8502,0,1,24.444444,2
4507,7,20,2,1,24.07,0.0,53.23,7.2,3.6,36.03,0.0,0,1,24.444444,2
4508,7,21,2,1,24.07,0.0,53.77,6.6,3.36,32.85,0.0,0,1,24.444444,2
4509,7,22,2,1,24.07,0.0,54.68,9.8,3.12,35.2,0.0,0,1,24.444444,2
4510,7,23,2,1,24.07,0.0,55.77,7.7,1.2,30.6,0.0,0,1,24.444444,2
4511,7,24,2,1,24.07,0.0,56.44,11.7,0.48,34.49,0.0,0,1,24.444444,2
4512,7,1,3,1,24.07,0.0,58.35,3.4,0.36,19.9,0.0,0,1,24.444444,2
4513,7,2,3,1,24.07,0.0,61.58,3.4,0.84,19.25,0.0,0,1,24.444444,2
4514,7,3,3,1,24.07,0.0,63.53,5.1,0.12,21.33,0.0,0,1,24.444444,2
4515,7,4,3,1,24.07,0.0,65.2,3.4,0.72,17.32,0.0,0,1,24.444444,2
4516,7,5,3,1,24.07,0.0,66.41,4.8,1.2,18.55,0.0,0,1,24.444444,2
4517,7,6,3,1,24.07,0.0,66.64,4.1,4.56,23.24,0.0,0,1,24.444444,2
4518,7,7,3,1,24.07,0.0,66.12,3.2,20.64,28.65,58.0081,0,1,24.444444,2
4519,7,8,3,1,24.2,0.13,63.77,9.1,5.52,39.35,199.902,0,1,24.444444,2
4520,7,9,3,1,24.17,0.1,62.52,3.9,3.96,34.03,378.542,0,1,24.444444,2
4521,7,10,3,1,24.08,0.0,62.49,3.8,6.96,32.41,466.395,0,1,24.444444,2
4522,7,11,3,1,24.07,0.0,62.11,3.9,3.72,29.1,481.357,0,1,24.444444,2
4523,7,12,3,1,24.07,0.0,61.52,4.6,3.12,30.24,545.644,0,1,24.444444,2
4524,7,13,3,1,24.07,0.0,60.55,4.0,1.2,30.06,580.637,0,1,24.444444,2
4525,7,14,3,1,24.07,0.0,58.54,9.8,1.8,41.09,548.589,0,1,24.444444,2
4526,7,15,3,1,24.07,0.0,58.41,4.5,2.28,34.21,490.663,0,1,24.444444,2
4527,7,16,3,1,24.07,0.0,59.23,3.8,4.92,34.49,386.288,0,1,24.444444,2
4528,7,17,3,1,24.07,0.0,58.69,3.8,4.8,34.62,264.979,0,1,24.444444,2
4529,7,18,3,1,24.07,0.0,58.3,4.3,2.52,34.15,148.866,0,1,24.444444,2
4530,7,19,3,1,24.07,0.0,58.73,5.6,3.6,31.78,28.1315,0,1,24.444444,2
4531,7,20,3,1,24.07,0.0,59.05,6.5,3.72,28.84,0.0,0,1,24.444444,2
4532,7,21,3,1,24.07,0.0,58.79,9.0,1.32,30.78,0.0,0,1,24.444444,2
4533,7,22,3,1,24.07,0.0,58.03,12.2,1.44,32.74,0.0,0,1,24.444444,2
4534,7,23,3,1,24.07,0.0,58.93,6.9,0.72,22.25,0.0,0,1,24.444444,2
4535,7,24,3,1,24.07,0.0,60.61,8.0,0.36,23.51,0.0,0,1,24.444444,2
4536,7,1,4,1,24.07,0.0,62.76,4.0,0.12,16.12,0.0,0,1,24.444444,2
4537,7,2,4,1,24.07,0.0,65.44,4.7,0.36,17.35,0.0,0,1,24.444444,2
4538,7,3,4,1,24.07,0.0,67.05,6.5,0.36,20.33,0.0,0,1,24.444444,2
4539,7,4,4,1,24.04,0.0,69.22,2.7,1.56,13.04,0.0,0,1,24.444444,2
4540,7,5,4,1,24.06,0.0,70.62,6.5,4.08,19.72,0.0,0,1,24.444444,2
4541,7,6,4,1,24.05,0.0,71.68,3.2,4.2,16.54,0.0,0,1,24.444444,2
4542,7,7,4,1,24.07,0.0,70.17,9.9,4.68,31.73,64.6997,0,1,24.444444,2
4543,7,8,4,1,24.07,0.0,67.34,9.5,6.84,33.27,172.455,0,1,24.444444,2
4544,7,9,4,1,24.07,0.0,65.36,6.2,3.84,31.95,308.799,0,1,24.444444,2
4545,7,10,4,1,24.07,0.0,63.18,8.8,4.68,36.73,395.538,0,1,24.444444,2
4546,7,11,4,1,24.07,0.0,61.26,8.1,4.68,36.56,520.115,0,1,24.444444,2
4547,7,12,4,1,24.07,0.0,61.36,7.0,7.56,36.3,598.472,0,1,24.444444,2
4548,7,13,4,1,24.08,0.0,60.86,6.8,2.52,33.91,630.251,0,1,24.444444,2
4549,7,14,4,1,24.07,0.0,59.83,8.1,1.68,36.87,550.88,0,1,24.444444,2
4550,7,15,4,1,24.07,0.0,58.64,9.8,1.56,35.82,260.745,0,1,24.444444,2
4551,7,16,4,1,24.07,0.0,57.57,8.5,3.24,31.2,248.326,0,1,24.444444,2
4552,7,17,4,1,24.07,0.0,57.62,9.1,1.44,31.3,194.454,0,1,24.444444,2
4553,7,18,4,1,24.07,0.0,58.28,8.5,3.84,29.6,94.976,0,1,24.444444,2
4554,7,19,4,1,24.07,0.0,59.13,8.3,4.8,26.72,14.778,0,1,24.444444,2
4555,7,20,4,1,24.07,0.0,59.96,9.2,1.8,25.85,0.0,0,1,24.444444,2
4556,7,21,4,1,24.07,0.0,60.18,11.5,6.0,28.15,0.0,0,1,24.444444,2
4557,7,22,4,1,24.07,0.0,58.97,16.5,1.32,34.29,0.0,0,1,24.444444,2
4558,7,23,4,1,24.07,0.0,59.35,8.1,1.2,19.32,0.0,0,1,24.444444,2
4559,7,24,4,1,24.07,0.0,61.42,7.4,0.12,18.02,0.0,0,1,24.444444,2
4560,7,1,5,1,24.07,0.0,61.9,12.4,0.48,26.09,0.0,0,1,24.444444,2
4561,7,2,5,1,24.04,0.0,63.58,3.7,0.24,11.52,0.0,0,1,24.444444,2
4562,7,3,5,1,24.04,0.0,66.25,5.8,0.24,14.3,0.0,0,1,24.444444,2
4563,7,4,5,1,24.0,0.0,68.21,3.5,0.84,10.75,0.0,0,1,24.444444,2
4564,7,5,5,1,23.97,0.0,70.8,3.2,1.92,10.45,0.0,0,1,24.444444,2
4565,7,6,5,1,24.05,0.0,68.78,11.0,1.68,30.73,0.0,0,1,24.444444,2
4566,7,7,5,1,24.05,0.0,67.33,5.1,12.84,27.7,55.0216,0,1,24.444444,2
4567,7,8,5,1,24.18,0.12,65.5,8.7,6.36,35.55,200.236,0,1,24.444444,2
4568,7,9,5,1,24.29,0.22,63.24,9.8,6.96,38.2,376.186,0,1,24.444444,2
4569,7,10,5,1,24.13,0.06,62.84,5.0,8.04,33.87,512.235,0,1,24.444444,2
4570,7,11,5,1,24.08,0.0,61.75,9.1,10.56,39.84,588.901,0,1,24.444444,2
4571,7,12,5,1,24.08,0.0,60.72,7.9,1.56,34.22,548.398,0,1,24.444444,2
4572,7,13,5,1,24.07,0.0,59.62,9.0,1.8,37.36,596.916,0,1,24.444444,2
4573,7,14,5,1,24.07,0.0,57.93,9.5,0.72,37.41,435.051,0,1,24.444444,2
4574,7,15,5,1,24.07,0.0,56.19,9.0,1.32,35.97,414.589,0,1,24.444444,2
4575,7,16,5,1,24.07,0.0,55.87,7.6,1.56,36.62,365.772,0,1,24.444444,2
4576,7,17,5,1,24.07,0.0,56.3,8.7,2.04,38.65,326.177,0,1,24.444444,2
4577,7,18,5,1,24.07,0.0,56.7,9.8,4.8,40.56,159.219,0,1,24.444444,2
4578,7,19,5,1,24.07,0.0,56.77,9.8,4.68,38.25,29.3378,0,1,24.444444,2
4579,7,20,5,1,24.07,0.0,57.98,8.0,5.4,30.27,0.0,0,1,24.444444,2
4580,7,21,5,1,24.07,0.0,59.09,12.7,3.0,36.52,0.0,0,1,24.444444,2
4581,7,22,5,1,24.07,0.0,60.79,7.5,2.52,26.36,0.0,0,1,24.444444,2
4582,7,23,5,1,24.07,0.0,63.51,5.6,1.8,22.82,0.0,0,1,24.444444,2
4583,7,24,5,1,24.07,0.0,63.87,12.2,0.24,33.51,0.0,0,1,24.444444,2
4584,7,1,6,1,24.07,0.0,65.37,4.3,0.36,18.99,0.0,0,1,24.444444,2
4585,7,2,6,1,24.06,0.0,68.39,3.9,0.84,17.14,0.0,0,1,24.444444,2
4586,7,3,6,1,24.06,0.0,69.54,5.2,0.36,18.54,0.0,0,1,24.444444,2
4587,7,4,6,1,24.05,0.0,70.77,3.5,0.48,14.76,0.0,0,1,24.444444,2
4588,7,5,6,1,24.03,0.0,72.42,3.2,0.48,13.58,0.0,0,1,24.444444,2
4589,7,6,6,1,24.03,0.0,73.19,3.4,10.68,17.43,0.0,0,1,24.444444,2
4590,7,7,6,1,24.11,0.05,70.44,8.3,20.04,36.65,48.9667,0,1,24.444444,2
4591,7,8,6,1,24.27,0.19,67.44,7.1,11.04,36.38,200.625,0,1,24.444444,2
4592,7,9,6,1,24.35,0.28,65.07,7.3,6.72,38.02,381.506,0,1,24.444444,2
4593,7,10,6,1,24.31,0.24,62.97,7.3,5.88,39.26,526.152,0,1,24.444444,2
4594,7,11,6,1,24.18,0.11,61.03,8.6,6.96,41.36,638.078,0,1,24.444444,2
4595,7,12,6,1,24.08,0.01,59.7,7.1,4.32,39.07,750.496,0,1,24.444444,2
4596,7,13,6,1,24.08,0.0,57.96,5.9,3.0,38.64,764.429,0,1,24.444444,2
4597,7,14,6,1,24.14,0.06,54.55,10.8,2.04,47.04,707.457,0,1,24.444444,2
4598,7,15,6,1,24.18,0.1,53.49,11.3,2.16,50.71,696.749,0,1,24.444444,2
4599,7,16,6,1,24.09,0.02,54.65,4.9,1.08,41.75,416.771,0,1,24.444444,2
4600,7,17,6,1,24.08,0.0,54.66,8.7,0.96,43.12,232.645,0,1,24.444444,2
4601,7,18,6,1,24.07,0.0,54.79,9.3,5.88,39.83,62.9057,0,1,24.444444,2
4602,7,19,6,1,24.07,0.0,55.76,4.6,0.96,29.71,12.9712,0,1,24.444444,2
4603,7,20,6,1,24.07,0.0,57.07,9.2,6.96,34.21,0.0,0,1,24.444444,2
4604,7,21,6,1,24.07,0.0,58.51,6.5,2.04,28.55,0.0,0,1,24.444444,2
4605,7,22,6,1,24.07,0.0,59.69,9.1,1.92,30.78,0.0,0,1,24.444444,2
4606,7,23,6,1,24.07,0.0,61.02,5.9,1.44,23.96,0.0,0,1,24.444444,2
4607,7,24,6,1,24.07,0.0,62.98,4.8,0.84,20.66,0.0,0,1,24.444444,2
4608,7,1,7,1,24.07,0.0,64.67,5.5,0.6,20.48,0.0,0,1,24.444444,2
4609,7,2,7,1,24.07,0.0,66.59,3.5,0.72,15.77,0.0,0,1,24.444444,2
4610,7,3,7,1,24.05,0.0,69.01,3.2,0.36,14.89,0.0,0,1,24.444444,2
4611,7,4,7,1,24.05,0.0,70.51,4.4,0.24,16.34,0.0,0,1,24.444444,2
4612,7,5,7,1,24.04,0.0,71.84,3.4,0.36,13.78,0.0,0,1,24.444444,2
4613,7,6,7,1,24.05,0.0,71.62,6.2,1.8,24.98,0.0,0,1,24.444444,2
4614,7,7,7,1,24.05,0.0,69.99,3.6,7.2,26.6,58.4899,0,1,24.444444,2
4615,7,8,7,1,24.05,0.0,67.53,4.8,2.88,32.06,198.395,0,1,24.444444,2
4616,7,9,7,1,24.11,0.04,64.31,6.6,4.56,35.29,375.512,0,1,24.444444,2
4617,7,10,7,1,24.08,0.0,62.03,5.9,6.48,34.99,506.518,0,1,24.444444,2
4618,7,11,7,1,24.07,0.0,60.4,4.9,3.96,32.38,620.612,0,1,24.444444,2
4619,7,12,7,1,24.07,0.0,59.02,4.2,6.84,30.78,725.44,0,1,24.444444,2
4620,7,13,7,1,24.07,0.0,57.93,4.7,7.08,33.35,699.194,0,1,24.444444,2
4621,7,14,7,1,24.09,0.02,55.8,10.5,14.04,45.98,652.195,0,1,24.444444,2
4622,7,15,7,1,24.13,0.05,53.79,10.3,1.8,49.21,574.137,0,1,24.444444,2
4623,7,16,7,1,24.14,0.06,52.86,8.5,3.36,49.08,476.411,0,1,24.444444,2
4624,7,17,7,1,24.08,0.01,52.68,4.9,1.08,44.87,313.376,0,1,24.444444,2
4625,7,18,7,1,24.07,0.0,52.85,3.9,2.76,40.86,155.155,0,1,24.444444,2
4626,7,19,7,1,24.07,0.0,54.08,3.7,1.68,35.55,25.3367,0,1,24.444444,2
4627,7,20,7,1,24.07,0.0,55.69,7.5,1.08,37.39,0.0,0,1,24.444444,2
4628,7,21,7,1,24.07,0.0,57.61,4.8,3.24,32.17,0.0,0,1,24.444444,2
4629,7,22,7,1,24.07,0.0,58.63,5.9,1.2,32.24,0.0,0,1,24.444444,2
4630,7,23,7,1,24.07,0.0,59.78,5.9,1.68,30.76,0.0,0,1,24.444444,2
4631,7,24,7,1,24.07,0.0,61.57,4.2,0.6,26.33,0.0,0,1,24.444444,2
4632,7,1,1,1,24.07,0.0,62.74,7.6,0.24,30.43,0.0,0,1,24.444444,2
4633,7,2,1,1,24.07,0.0,64.03,4.9,0.48,23.52,0.0,0,1,24.444444,2
4634,7,3,1,1,24.07,0.0,65.55,3.6,0.6,19.34,0.0,0,1,24.444444,2
4635,7,4,1,1,24.07,0.0,66.82,4.7,1.2,19.99,0.0,0,1,24.444444,2
4636,7,5,1,1,24.07,0.0,67.53,5.1,1.68,19.67,0.0,0,1,24.444444,2
4637,7,6,1,1,24.07,0.0,67.18,6.5,5.04,25.79,0.0,0,1,24.444444,2
4638,7,7,1,1,24.07,0.0,66.72,3.6,5.28,25.92,62.1486,0,1,24.444444,2
4639,7,8,1,1,24.07,0.0,66.26,4.2,7.68,31.69,192.193,0,1,24.444444,2
4640,7,9,1,1,24.07,0.0,65.9,3.8,7.92,32.91,361.701,0,1,24.444444,2
4641,7,10,1,1,24.07,0.0,64.89,4.0,16.68,30.64,503.231,0,1,24.444444,2
4642,7,11,1,1,24.07,0.0,62.49,4.5,4.44,28.22,606.09,0,1,24.444444,2
4643,7,12,1,1,24.07,0.0,61.21,4.7,5.64,27.79,716.973,0,1,24.444444,2
4644,7,13,1,1,24.07,0.0,61.46,6.6,12.6,33.89,771.533,0,1,24.444444,2
4645,7,14,1,1,24.07,0.0,61.19,6.3,2.76,38.92,741.66,0,1,24.444444,2
4646,7,15,1,1,24.07,0.0,59.82,4.2,6.6,42.14,698.461,0,1,24.444444,2
4647,7,16,1,1,24.09,0.01,58.45,6.5,4.2,46.84,564.615,0,1,24.444444,2
4648,7,17,1,1,24.13,0.05,56.81,6.2,3.24,46.56,365.282,0,1,24.444444,2
4649,7,18,1,1,24.09,0.02,56.23,3.8,9.84,43.09,189.144,0,1,24.444444,2
4650,7,19,1,1,24.07,0.0,56.82,5.2,3.84,36.8,28.261,0,1,24.444444,2
4651,7,20,1,1,24.07,0.0,58.57,6.9,4.08,33.6,0.0,0,1,24.444444,2
4652,7,21,1,1,24.07,0.0,60.07,4.8,2.64,28.65,0.0,0,1,24.444444,2
4653,7,22,1,1,24.07,0.0,60.82,7.7,0.48,30.96,0.0,0,1,24.444444,2
4654,7,23,1,1,24.07,0.0,61.31,6.9,0.84,27.68,0.0,0,1,24.444444,2
4655,7,24,1,1,24.07,0.0,62.47,4.7,0.36,22.91,0.0,0,1,24.444444,2
4656,7,1,2,1,24.07,0.0,63.33,5.8,0.6,23.56,0.0,0,1,24.444444,2
4657,7,2,2,1,24.07,0.0,65.05,4.8,0.72,20.88,0.0,0,1,24.444444,2
4658,7,3,2,1,24.07,0.0,67.63,3.6,0.24,18.0,0.0,0,1,24.444444,2
4659,7,4,2,1,24.07,0.0,68.38,8.0,0.48,25.75,0.0,0,1,24.444444,2
4660,7,5,2,1,24.06,0.0,69.84,3.4,1.68,17.34,0.0,0,1,24.444444,2
4661,7,6,2,1,24.06,0.0,71.54,3.9,3.12,21.9,0.0,0,1,24.444444,2
4662,7,7,2,1,24.07,0.0,69.8,8.0,11.52,35.2,61.0186,0,1,24.444444,2
4663,7,8,2,1,24.07,0.0,67.68,4.5,15.72,31.72,192.72,0,1,24.444444,2
4664,7,9,2,1,24.12,0.05,65.06,7.0,2.16,37.48,358.521,0,1,24.444444,2
4665,7,10,2,1,24.08,0.0,63.1,4.0,5.52,32.46,492.142,0,1,24.444444,2
4666,7,11,2,1,24.08,0.0,62.87,5.2,5.28,30.93,569.177,0,1,24.444444,2
4667,7,12,2,1,24.07,0.0,63.11,4.6,3.36,29.49,539.493,0,1,24.444444,2
4668,7,13,2,1,24.07,0.0,63.25,4.0,2.16,29.37,489.003,0,1,24.444444,2
4669,7,14,2,1,24.07,0.0,61.7,8.7,2.04,39.54,529.709,0,1,24.444444,2
4670,7,15,2,1,24.07,0.0,60.49,4.6,0.96,35.19,474.561,0,1,24.444444,2
4671,7,16,2,1,24.07,0.0,59.41,6.3,2.28,40.29,452.983,0,1,24.444444,2
4672,7,17,2,1,24.08,0.0,59.14,5.5,3.24,37.58,313.751,0,1,24.444444,2
4673,7,18,2,1,24.07,0.0,59.84,3.9,0.84,35.21,156.095,0,1,24.444444,2
4674,7,19,2,1,24.07,0.0,60.15,8.8,2.88,39.23,26.5398,0,1,24.444444,2
4675,7,20,2,1,24.07,0.0,60.35,8.6,4.68,34.06,0.0,0,1,24.444444,2
4676,7,21,2,1,24.07,0.0,60.45,10.2,1.92,34.4,0.0,0,1,24.444444,2
4677,7,22,2,1,24.07,0.0,61.29,7.7,1.92,28.86,0.0,0,1,24.444444,2
4678,7,23,2,1,24.07,0.0,63.42,5.9,3.96,24.99,0.0,0,1,24.444444,2
4679,7,24,2,1,24.07,0.0,64.7,9.0,0.72,29.39,0.0,0,1,24.444444,2
4680,7,1,3,1,24.07,0.0,66.95,3.2,0.36,18.59,0.0,0,1,24.444444,2
4681,7,2,3,1,24.07,0.0,69.95,3.3,0.48,18.82,0.0,0,1,24.444444,2
4682,7,3,3,1,24.06,0.0,71.84,3.2,0.12,17.93,0.0,0,1,24.444444,2
4683,7,4,3,1,24.07,0.0,72.17,5.3,0.84,21.12,0.0,0,1,24.444444,2
4684,7,5,3,1,24.06,0.0,72.03,4.4,0.48,18.81,0.0,0,1,24.444444,2
4685,7,6,3,1,24.06,0.0,72.3,4.1,2.4,21.96,0.0,0,1,24.444444,2
4686,7,7,3,1,24.06,0.0,70.95,4.8,22.68,31.57,57.7052,0,1,24.444444,2
4687,7,8,3,1,24.13,0.06,68.41,5.3,4.2,35.8,197.617,0,1,24.444444,2
4688,7,9,3,1,24.19,0.12,65.93,4.7,4.32,36.63,374.559,0,1,24.444444,2
4689,7,10,3,1,24.13,0.06,64.19,5.1,4.08,36.71,523.38,0,1,24.444444,2
4690,7,11,3,1,24.08,0.0,63.41,6.0,4.2,36.23,599.74,0,1,24.444444,2
4691,7,12,3,1,24.07,0.0,63.45,3.6,2.16,33.15,624.617,0,1,24.444444,2
4692,7,13,3,1,24.07,0.0,62.99,3.8,1.08,30.09,496.545,0,1,24.444444,2
4693,7,14,3,1,24.07,0.0,60.8,9.3,2.88,36.23,538.248,0,1,24.444444,2
4694,7,15,3,1,24.07,0.0,59.65,3.2,1.8,30.46,545.312,0,1,24.444444,2
4695,7,16,3,1,24.07,0.0,58.72,4.6,1.56,36.12,588.237,0,1,24.444444,2
4696,7,17,3,1,24.08,0.0,58.44,4.0,2.76,30.94,322.854,0,1,24.444444,2
4697,7,18,3,1,24.07,0.0,58.84,5.1,2.88,28.58,77.1311,0,1,24.444444,2
4698,7,19,3,1,24.08,0.01,57.51,15.1,7.2,41.07,11.3108,0,1,24.444444,2
4699,7,20,3,1,24.07,0.0,58.35,6.4,2.64,24.96,0.0,0,1,24.444444,2
4700,7,21,3,1,24.07,0.0,60.88,6.5,3.36,24.06,0.0,0,1,24.444444,2
4701,7,22,3,1,24.07,0.0,62.32,9.1,3.96,27.07,0.0,0,1,24.444444,2
4702,7,23,3,1,24.07,0.0,63.47,6.8,1.8,21.75,0.0,0,1,24.444444,2
4703,7,24,3,1,24.07,0.0,65.28,5.4,1.32,18.49,0.0,0,1,24.444444,2
4704,7,1,4,1,24.06,0.0,67.21,4.1,0.24,15.75,0.0,0,1,24.444444,2
4705,7,2,4,1,24.05,0.0,69.29,3.7,0.36,14.83,0.0,0,1,24.444444,2
4706,7,3,4,1,24.04,0.0,71.77,2.9,0.36,14.25,0.0,0,1,24.444444,2
4707,7,4,4,1,24.03,0.0,73.42,3.1,0.24,14.99,0.0,0,1,24.444444,2
4708,7,5,4,1,24.04,0.0,72.56,5.4,3.12,17.54,0.0,0,1,24.444444,2
4709,7,6,4,1,24.07,0.0,68.87,10.9,3.6,28.5,0.0,0,1,24.444444,2
4710,7,7,4,1,24.07,0.0,65.87,8.1,5.52,27.83,62.5275,0,1,24.444444,2
4711,7,8,4,1,24.06,0.0,63.54,6.2,7.32,28.22,195.424,0,1,24.444444,2
4712,7,9,4,1,24.07,0.0,61.3,7.3,4.8,32.46,388.801,0,1,24.444444,2
4713,7,10,4,1,24.09,0.01,58.89,10.6,10.2,37.29,564.527,0,1,24.444444,2
4714,7,11,4,1,24.07,0.0,56.98,8.8,5.4,32.3,689.729,0,1,24.444444,2
4715,7,12,4,1,24.07,0.0,55.85,8.9,10.92,31.57,712.163,0,1,24.444444,2
4716,7,13,4,1,24.07,0.0,55.13,7.2,2.64,31.1,809.294,0,1,24.444444,2
4717,7,14,4,1,24.07,0.0,53.62,8.4,1.2,37.04,787.546,0,1,24.444444,2
4718,7,15,4,1,24.07,0.0,50.99,9.3,0.6,43.54,723.544,0,1,24.444444,2
4719,7,16,4,1,24.11,0.04,49.69,7.7,1.32,44.81,634.545,0,1,24.444444,2
4720,7,17,4,1,24.28,0.2,48.5,9.3,2.04,46.86,461.575,0,1,24.444444,2
4721,7,18,4,1,24.21,0.14,47.8,8.5,1.44,46.05,206.902,0,1,24.444444,2
4722,7,19,4,1,24.08,0.0,47.6,8.5,2.16,39.6,29.3573,0,1,24.444444,2
4723,7,20,4,1,24.07,0.0,47.69,10.1,4.8,34.87,0.0,0,1,24.444444,2
4724,7,21,4,1,24.07,0.0,47.6,13.9,3.48,37.2,0.0,0,1,24.444444,2
4725,7,22,4,1,24.07,0.0,47.71,10.1,2.76,30.01,0.0,0,1,24.444444,2
4726,7,23,4,1,24.07,0.0,48.5,5.6,0.72,22.79,0.0,0,1,24.444444,2
4727,7,24,4,1,24.07,0.0,49.68,7.4,0.48,24.13,0.0,0,1,24.444444,2
4728,7,1,5,1,24.07,0.0,50.62,9.6,0.12,25.7,0.0,0,1,24.444444,2
4729,7,2,5,1,24.07,0.0,51.98,5.2,0.12,17.61,0.0,0,1,24.444444,2
4730,7,3,5,1,24.07,0.0,53.08,5.2,0.48,15.9,0.0,0,1,24.444444,2
4731,7,4,5,1,24.07,0.0,53.17,12.6,0.24,25.01,0.0,0,1,24.444444,2
4732,7,5,5,1,24.04,0.0,54.3,3.4,2.16,10.77,0.0,0,1,24.444444,2
4733,7,6,5,1,24.07,0.0,54.18,11.1,3.84,21.26,0.0,0,1,24.444444,2
4734,7,7,5,1,24.07,0.0,54.03,7.6,13.32,18.12,53.6581,0,1,24.444444,2
4735,7,8,5,1,24.07,0.0,54.44,9.0,4.56,23.78,157.803,0,1,24.444444,2
4736,7,9,5,1,24.07,0.0,54.23,10.8,3.0,30.59,281.003,0,1,24.444444,2
4737,7,10,5,1,24.08,0.0,54.55,4.9,1.68,25.33,419.001,0,1,24.444444,2
4738,7,11,5,1,24.07,0.0,54.34,9.8,2.88,33.18,489.155,0,1,24.444444,2
4739,7,12,5,1,24.07,0.0,53.38,7.3,3.72,29.55,613.836,0,1,24.444444,2
4740,7,13,5,1,24.07,0.0,52.69,9.0,2.64,34.2,616.309,0,1,24.444444,2
4741,7,14,5,1,24.07,0.0,52.34,9.7,0.84,39.12,614.81,0,1,24.444444,2
4742,7,15,5,1,24.07,0.0,51.95,8.9,1.44,41.92,538.066,0,1,24.444444,2
4743,7,16,5,1,24.07,0.0,51.16,9.3,1.2,43.39,410.376,0,1,24.444444,2
4744,7,17,5,1,24.07,0.0,50.21,9.2,1.8,42.37,280.358,0,1,24.444444,2
4745,7,18,5,1,24.07,0.0,49.91,9.9,1.56,41.84,145.063,0,1,24.444444,2
4746,7,19,5,1,24.07,0.0,50.44,9.9,2.16,38.02,25.7106,0,1,24.444444,2
4747,7,20,5,1,24.07,0.0,51.87,8.9,8.52,33.91,0.0,0,1,24.444444,2
4748,7,21,5,1,24.07,0.0,53.55,9.7,2.52,34.47,0.0,0,1,24.444444,2
4749,7,22,5,1,24.07,0.0,55.78,7.8,1.8,30.83,0.0,0,1,24.444444,2
4750,7,23,5,1,24.07,0.0,57.99,5.1,1.2,25.94,0.0,0,1,24.444444,2
4751,7,24,5,1,24.07,0.0,59.03,9.1,0.72,31.39,0.0,0,1,24.444444,2
4752,7,1,6,1,24.07,0.0,60.67,4.0,0.48,22.28,0.0,0,1,24.444444,2
4753,7,2,6,1,24.07,0.0,63.33,2.9,0.36,19.84,0.0,0,1,24.444444,2
4754,7,3,6,1,24.07,0.0,65.48,3.2,0.48,19.82,0.0,0,1,24.444444,2
4755,7,4,6,1,24.07,0.0,66.26,3.8,1.08,20.23,0.0,0,1,24.444444,2
4756,7,5,6,1,24.07,0.0,67.46,2.9,0.48,18.41,0.0,0,1,24.444444,2
4757,7,6,6,1,24.07,0.0,69.27,3.3,8.16,19.36,0.0,0,1,24.444444,2
4758,7,7,6,1,24.07,0.0,69.33,8.8,10.68,29.07,23.5581,0,1,24.444444,2
4759,7,8,6,1,24.07,0.0,68.93,6.2,9.0,23.78,81.6243,0,1,24.444444,2
4760,7,9,6,1,24.07,0.0,69.17,5.5,3.36,24.6,148.511,0,1,24.444444,2
4761,7,10,6,1,24.07,0.0,68.82,6.1,2.52,28.88,243.211,0,1,24.444444,2
4762,7,11,6,1,24.07,0.0,66.56,9.5,1.56,30.62,257.341,0,1,24.444444,2
4763,7,12,6,1,24.07,0.0,63.53,7.9,4.08,25.58,316.823,0,1,24.444444,2
4764,7,13,6,1,24.07,0.0,62.23,9.8,0.84,29.8,338.979,0,1,24.444444,2
4765,7,14,6,1,24.07,0.0,61.41,10.4,1.32,30.56,357.436,0,1,24.444444,2
4766,7,15,6,1,24.07,0.0,60.77,10.1,4.68,28.87,324.914,0,1,24.444444,2
4767,7,16,6,1,24.06,0.0,62.59,3.7,5.04,18.46,251.128,0,1,24.444444,2
4768,7,17,6,1,24.07,0.0,63.81,8.8,3.24,26.24,171.478,0,1,24.444444,2
4769,7,18,6,1,24.07,0.0,64.04,9.4,3.24,26.6,87.9687,0,1,24.444444,2
4770,7,19,6,1,24.06,0.0,66.08,5.4,3.6,17.94,13.2207,0,1,24.444444,2
4771,7,20,6,1,24.07,0.0,67.62,8.6,6.0,22.32,0.0,0,1,24.444444,2
4772,7,21,6,1,24.06,0.0,68.32,6.0,2.04,17.36,0.0,0,1,24.444444,2
4773,7,22,6,1,24.06,0.0,68.96,6.4,2.28,17.53,0.0,0,1,24.444444,2
4774,7,23,6,1,24.05,0.0,69.97,5.7,0.96,16.55,0.0,0,1,24.444444,2
4775,7,24,6,1,24.04,0.0,71.82,4.5,0.96,14.89,0.0,0,1,24.444444,2
4776,7,1,7,1,24.02,0.0,73.96,3.4,0.0,13.07,0.0,0,1,24.444444,2
4777,7,2,7,1,24.0,0.0,75.68,3.7,0.24,13.19,0.0,0,1,24.444444,2
4778,7,3,7,1,23.99,0.0,76.98,3.3,0.0,12.46,0.0,0,1,24.444444,2
4779,7,4,7,1,24.0,0.0,77.34,4.6,0.48,14.62,0.0,0,1,24.444444,2
4780,7,5,7,1,24.0,0.0,77.36,4.4,1.08,13.6,0.0,0,1,24.444444,2
4781,7,6,7,1,24.01,0.0,76.07,5.8,1.8,15.62,0.0,0,1,24.444444,2
4782,7,7,7,1,23.99,0.0,75.65,3.7,2.76,13.59,41.2654,0,1,24.444444,2
4783,7,8,7,1,24.0,0.0,75.31,4.4,7.68,16.2,124.844,0,1,24.444444,2
4784,7,9,7,1,24.03,0.0,73.32,6.7,5.16,24.14,223.975,0,1,24.444444,2
4785,7,10,7,1,24.03,0.0,71.32,4.5,14.28,25.47,394.848,0,1,24.444444,2
4786,7,11,7,1,24.05,0.0,69.55,5.8,2.88,28.84,533.663,0,1,24.444444,2
4787,7,12,7,1,24.07,0.0,67.54,7.7,8.88,33.04,620.467,0,1,24.444444,2
4788,7,13,7,1,24.07,0.0,66.52,4.6,9.6,30.77,638.092,0,1,24.444444,2
4789,7,14,7,1,24.13,0.06,62.92,13.1,3.6,49.98,694.558,0,1,24.444444,2
4790,7,15,7,1,24.08,0.0,59.65,4.2,1.68,39.52,565.538,0,1,24.444444,2
4791,7,16,7,1,24.07,0.0,57.57,7.7,5.64,45.9,458.622,0,1,24.444444,2
4792,7,17,7,1,24.07,0.0,57.07,4.0,4.68,40.57,294.227,0,1,24.444444,2
4793,7,18,7,1,24.07,0.0,57.12,4.2,1.56,39.58,148.886,0,1,24.444444,2
4794,7,19,7,1,24.07,0.0,57.39,5.7,8.88,37.4,26.2887,0,1,24.444444,2
4795,7,20,7,1,24.07,0.0,58.07,4.6,2.52,31.05,0.0,0,1,24.444444,2
4796,7,21,7,1,24.07,0.0,58.8,5.1,0.84,29.63,0.0,0,1,24.444444,2
4797,7,22,7,1,24.07,0.0,59.36,6.0,2.04,28.3,0.0,0,1,24.444444,2
4798,7,23,7,1,24.07,0.0,60.74,5.0,0.6,24.43,0.0,0,1,24.444444,2
4799,7,24,7,1,24.07,0.0,62.22,7.0,0.84,26.25,0.0,0,1,24.444444,2
4800,7,1,1,1,24.07,0.0,63.02,6.2,0.96,23.6,0.0,0,1,24.444444,2
4801,7,2,1,1,24.07,0.0,64.98,3.5,0.12,17.56,0.0,0,1,24.444444,2
4802,7,3,1,1,24.07,0.0,67.13,4.9,0.36,19.57,0.0,0,1,24.444444,2
4803,7,4,1,1,24.06,0.0,69.5,3.7,0.6,16.75,0.0,0,1,24.444444,2
4804,7,5,1,1,24.05,0.0,71.54,3.4,1.44,15.05,0.0,0,1,24.444444,2
4805,7,6,1,1,24.07,0.0,71.0,7.6,4.2,29.84,0.0,0,1,24.444444,2
4806,7,7,1,1,24.06,0.0,69.42,4.4,3.84,29.42,49.4676,0,1,24.444444,2
4807,7,8,1,1,24.06,0.0,67.84,5.3,3.6,32.43,193.177,0,1,24.444444,2
4808,7,9,1,1,24.06,0.0,66.62,4.1,3.0,31.87,362.673,0,1,24.444444,2
4809,7,10,1,1,24.07,0.0,65.83,4.3,9.6,33.11,485.484,0,1,24.444444,2
4810,7,11,1,1,24.07,0.0,65.64,5.3,4.2,33.95,567.442,0,1,24.444444,2
4811,7,12,1,1,24.07,0.0,65.6,4.5,12.0,31.27,578.187,0,1,24.444444,2
4812,7,13,1,1,24.07,0.0,65.03,5.3,4.92,30.04,621.218,0,1,24.444444,2
4813,7,14,1,1,24.07,0.0,64.05,6.1,3.24,31.64,633.259,0,1,24.444444,2
4814,7,15,1,1,24.07,0.0,63.31,4.1,2.76,30.9,595.785,0,1,24.444444,2
4815,7,16,1,1,24.07,0.0,62.37,6.2,2.4,36.97,491.404,0,1,24.444444,2
4816,7,17,1,1,24.07,0.0,61.66,7.2,4.8,38.3,336.493,0,1,24.444444,2
4817,7,18,1,1,24.07,0.0,62.05,6.2,2.88,35.78,150.73,0,1,24.444444,2
4818,7,19,1,1,24.07,0.0,62.58,7.3,2.16,34.11,25.8685,0,1,24.444444,2
4819,7,20,1,1,24.07,0.0,64.02,5.7,2.64,26.86,0.0,0,1,24.444444,2
4820,7,21,1,1,24.07,0.0,65.3,6.9,3.84,27.86,0.0,0,1,24.444444,2
4821,7,22,1,1,24.07,0.0,65.61,8.4,1.68,29.2,0.0,0,1,24.444444,2
4822,7,23,1,1,24.07,0.0,65.17,10.1,1.08,30.57,0.0,0,1,24.444444,2
4823,7,24,1,1,24.07,0.0,66.99,3.4,0.84,17.73,0.0,0,1,24.444444,2
4824,7,1,2,1,24.07,0.0,68.24,8.7,0.36,26.55,0.0,0,1,24.444444,2
4825,7,2,2,1,24.07,0.0,68.47,6.0,0.48,19.7,0.0,0,1,24.444444,2
4826,7,3,2,1,24.07,0.0,68.92,7.9,0.12,22.5,0.0,0,1,24.444444,2
4827,7,4,2,1,24.06,0.0,70.38,5.3,2.52,17.59,0.0,0,1,24.444444,2
4828,7,5,2,1,24.06,0.0,71.86,6.0,2.04,18.79,0.0,0,1,24.444444,2
4829,7,6,2,1,24.04,0.0,73.64,3.3,3.96,16.11,0.0,0,1,24.444444,2
4830,7,7,2,1,24.05,0.0,73.32,4.7,8.52,27.62,56.3856,0,1,24.444444,2
4831,7,8,2,1,24.12,0.06,70.08,7.4,3.48,35.9,195.118,0,1,24.444444,2
4832,7,9,2,1,24.28,0.2,66.86,7.1,6.24,36.77,395.005,0,1,24.444444,2
4833,7,10,2,1,24.22,0.14,64.58,4.9,2.76,35.21,588.403,0,1,24.444444,2
4834,7,11,2,1,24.08,0.01,63.24,4.9,5.64,34.88,717.555,0,1,24.444444,2
4835,7,12,2,1,24.07,0.0,62.01,4.1,2.16,33.01,794.351,0,1,24.444444,2
4836,7,13,2,1,24.07,0.0,60.11,6.2,2.64,37.48,811.013,0,1,24.444444,2
4837,7,14,2,1,24.07,0.0,57.6,8.8,3.72,44.54,793.636,0,1,24.444444,2
4838,7,15,2,1,24.07,0.0,55.89,6.0,3.48,45.64,722.61,0,1,24.444444,2
4839,7,16,2,1,24.16,0.08,54.29,4.6,1.32,45.78,598.739,0,1,24.444444,2
4840,7,17,2,1,24.3,0.22,53.55,4.0,4.56,45.56,430.534,0,1,24.444444,2
4841,7,18,2,1,24.36,0.29,53.09,6.1,0.96,47.68,217.056,0,1,24.444444,2
4842,7,19,2,1,24.15,0.07,53.31,7.5,1.8,45.84,27.5504,0,1,24.444444,2
4843,7,20,2,1,24.08,0.01,53.56,9.4,3.96,41.07,0.0,0,1,24.444444,2
4844,7,21,2,1,24.08,0.01,53.79,11.2,1.68,40.87,0.0,0,1,24.444444,2
4845,7,22,2,1,24.07,0.0,54.95,6.2,0.48,31.56,0.0,0,1,24.444444,2
4846,7,23,2,1,24.07,0.0,56.54,7.1,1.08,31.44,0.0,0,1,24.444444,2
4847,7,24,2,1,24.07,0.0,59.17,4.7,0.96,26.45,0.0,0,1,24.444444,2
4848,7,1,3,1,24.07,0.0,61.95,4.9,0.6,25.89,0.0,0,1,24.444444,2
4849,7,2,3,1,24.07,0.0,63.43,6.2,0.48,26.19,0.0,0,1,24.444444,2
4850,7,3,3,1,24.07,0.0,64.93,3.2,0.24,18.9,0.0,0,1,24.444444,2
4851,7,4,3,1,24.07,0.0,66.57,3.1,0.96,17.88,0.0,0,1,24.444444,2
4852,7,5,3,1,24.07,0.0,67.62,4.6,5.04,19.41,0.0,0,1,24.444444,2
4853,7,6,3,1,24.06,0.0,68.7,3.5,4.08,17.49,0.0,0,1,24.444444,2
4854,7,7,3,1,24.07,0.0,68.88,4.9,29.28,24.28,53.8215,0,1,24.444444,2
4855,7,8,3,1,24.07,0.0,68.13,4.7,8.52,28.85,160.454,0,1,24.444444,2
4856,7,9,3,1,24.07,0.0,65.68,5.4,3.0,33.05,284.844,0,1,24.444444,2
4857,7,10,3,1,24.07,0.0,63.9,3.8,3.0,32.86,414.636,0,1,24.444444,2
4858,7,11,3,1,24.07,0.0,63.24,4.1,6.12,33.76,505.479,0,1,24.444444,2
4859,7,12,3,1,24.07,0.0,62.35,4.2,2.64,34.49,635.475,0,1,24.444444,2
4860,7,13,3,1,24.07,0.0,60.92,3.6,1.68,34.33,558.643,0,1,24.444444,2
4861,7,14,3,1,24.07,0.0,58.08,10.0,1.8,45.38,551.872,0,1,24.444444,2
4862,7,15,3,1,24.07,0.0,57.45,3.6,1.08,39.31,495.927,0,1,24.444444,2
4863,7,16,3,1,24.07,0.0,57.07,3.3,1.2,39.62,425.92,0,1,24.444444,2
4864,7,17,3,1,24.07,0.0,56.97,4.8,3.12,37.64,238.179,0,1,24.444444,2
4865,7,18,3,1,24.07,0.0,57.14,4.1,3.0,34.32,118.719,0,1,24.444444,2
4866,7,19,3,1,24.07,0.0,56.72,9.7,2.04,38.37,20.1314,0,1,24.444444,2
4867,7,20,3,1,24.07,0.0,57.07,6.9,9.36,30.63,0.0,0,1,24.444444,2
4868,7,21,3,1,24.07,0.0,58.09,8.9,1.56,32.52,0.0,0,1,24.444444,2
4869,7,22,3,1,24.07,0.0,59.24,9.0,1.68,31.45,0.0,0,1,24.444444,2
4870,7,23,3,1,24.07,0.0,60.03,7.5,1.08,27.41,0.0,0,1,24.444444,2
4871,7,24,3,1,24.07,0.0,60.71,5.8,0.84,22.94,0.0,0,1,24.444444,2
4872,7,1,4,1,24.07,0.0,60.56,9.0,0.48,27.03,0.0,0,1,24.444444,2
4873,7,2,4,1,24.07,0.0,61.73,4.1,0.6,17.9,0.0,0,1,24.444444,2
4874,7,3,4,1,24.07,0.0,64.43,5.2,0.48,19.43,0.0,0,1,24.444444,2
4875,7,4,4,1,24.06,0.0,67.25,3.0,0.84,15.06,0.0,0,1,24.444444,2
4876,7,5,4,1,24.06,0.0,68.72,5.9,0.6,19.03,0.0,0,1,24.444444,2
4877,7,6,4,1,24.06,0.0,69.02,6.1,4.44,19.65,0.0,0,1,24.444444,2
4878,7,7,4,1,24.07,0.0,68.26,8.3,7.56,26.48,51.7248,0,1,24.444444,2
4879,7,8,4,1,24.07,0.0,67.03,6.7,12.72,26.12,163.641,0,1,24.444444,2
4880,7,9,4,1,24.07,0.0,65.44,7.7,3.36,26.64,253.191,0,1,24.444444,2
4881,7,10,4,1,24.07,0.0,63.35,9.1,4.92,29.01,319.479,0,1,24.444444,2
4882,7,11,4,1,24.07,0.0,61.65,8.6,1.08,30.09,418.77,0,1,24.444444,2
4883,7,12,4,1,24.07,0.0,60.28,7.9,7.8,29.87,623.295,0,1,24.444444,2
4884,7,13,4,1,24.07,0.0,60.2,7.2,1.08,31.57,663.31,0,1,24.444444,2
4885,7,14,4,1,24.07,0.0,59.3,8.4,3.96,37.65,589.039,0,1,24.444444,2
4886,7,15,4,1,24.07,0.0,57.76,9.3,1.56,41.59,525.728,0,1,24.444444,2
4887,7,16,4,1,24.07,0.0,56.64,10.8,4.8,45.47,412.805,0,1,24.444444,2
4888,7,17,4,1,24.07,0.0,56.03,8.9,1.32,42.85,284.52,0,1,24.444444,2
4889,7,18,4,1,24.07,0.0,55.63,10.6,2.28,42.93,138.565,0,1,24.444444,2
4890,7,19,4,1,24.07,0.0,55.99,9.0,2.88,35.25,19.5177,0,1,24.444444,2
4891,7,20,4,1,24.07,0.0,56.41,11.4,3.72,35.86,0.0,0,1,24.444444,2
4892,7,21,4,1,24.07,0.0,56.51,11.1,2.64,34.36,0.0,0,1,24.444444,2
4893,7,22,4,1,24.07,0.0,57.42,7.7,4.08,27.69,0.0,0,1,24.444444,2
4894,7,23,4,1,24.07,0.0,59.36,6.5,0.84,24.61,0.0,0,1,24.444444,2
4895,7,24,4,1,24.07,0.0,60.42,9.0,0.72,27.41,0.0,0,1,24.444444,2
4896,7,1,5,1,24.07,0.0,60.92,11.2,0.36,29.79,0.0,0,1,24.444444,2
4897,7,2,5,1,24.07,0.0,62.02,7.0,0.24,21.47,0.0,0,1,24.444444,2
4898,7,3,5,1,24.06,0.0,64.57,3.5,0.24,14.68,0.0,0,1,24.444444,2
4899,7,4,5,1,24.05,0.0,67.27,3.8,0.48,14.58,0.0,0,1,24.444444,2
4900,7,5,5,1,24.05,0.0,68.57,5.2,1.2,16.29,0.0,0,1,24.444444,2
4901,7,6,5,1,24.04,0.0,69.37,3.7,3.48,18.35,0.0,0,1,24.444444,2
4902,7,7,5,1,24.05,0.0,68.32,5.2,14.28,28.5,48.3796,0,1,24.444444,2
4903,7,8,5,1,24.08,0.0,65.03,9.2,5.16,35.82,184.818,0,1,24.444444,2
4904,7,9,5,1,24.08,0.0,62.24,7.3,8.04,34.22,361.515,0,1,24.444444,2
4905,7,10,5,1,24.07,0.0,61.46,4.4,4.92,31.34,461.485,0,1,24.444444,2
4906,7,11,5,1,24.07,0.0,60.37,9.0,5.28,38.39,554.213,0,1,24.444444,2
4907,7,12,5,1,24.07,0.0,59.67,7.7,2.64,36.12,609.694,0,1,24.444444,2
4908,7,13,5,1,24.07,0.0,59.16,8.7,1.92,40.25,667.543,0,1,24.444444,2
4909,7,14,5,1,24.08,0.01,57.53,9.7,3.6,45.12,675.239,0,1,24.444444,2
4910,7,15,5,1,24.08,0.01,55.83,9.5,1.08,48.16,596.128,0,1,24.444444,2
4911,7,16,5,1,24.11,0.03,55.19,7.5,1.92,48.29,529.045,0,1,24.444444,2
4912,7,17,5,1,24.26,0.18,54.76,8.0,0.96,49.57,376.864,0,1,24.444444,2
4913,7,18,5,1,24.33,0.26,54.67,9.1,3.48,50.54,196.864,0,1,24.444444,2
4914,7,19,5,1,24.12,0.05,56.08,8.9,4.08,46.69,24.6703,0,1,24.444444,2
4915,7,20,5,1,24.1,0.02,57.31,9.6,12.84,42.07,0.0,0,1,24.444444,2
4916,7,21,5,1,24.09,0.02,58.17,10.3,5.52,41.37,0.0,0,1,24.444444,2
4917,7,22,5,1,24.09,0.02,58.49,12.2,2.04,41.5,0.0,0,1,24.444444,2
4918,7,23,5,1,24.07,0.0,60.2,5.1,1.2,28.27,0.0,0,1,24.444444,2
4919,7,24,5,1,24.07,0.0,60.7,9.9,0.12,33.73,0.0,0,1,24.444444,2
4920,7,1,6,1,24.07,0.0,61.88,4.2,0.6,22.78,0.0,0,1,24.444444,2
4921,7,2,6,1,24.07,0.0,64.81,3.4,0.84,20.85,0.0,0,1,24.444444,2
4922,7,3,6,1,24.07,0.0,67.35,3.9,0.24,20.72,0.0,0,1,24.444444,2
4923,7,4,6,1,24.07,0.0,69.17,3.2,0.48,17.94,0.0,0,1,24.444444,2
4924,7,5,6,1,24.07,0.0,70.04,5.0,5.64,20.12,0.0,0,1,24.444444,2
4925,7,6,6,1,24.06,0.0,70.3,4.0,7.2,22.99,0.0,0,1,24.444444,2
4926,7,7,6,1,24.09,0.01,68.32,7.5,11.52,35.95,48.7878,0,1,24.444444,2
4927,7,8,6,1,24.21,0.14,65.53,7.2,7.68,36.74,193.193,0,1,24.444444,2
4928,7,9,6,1,24.34,0.26,62.48,10.2,5.64,41.03,357.33,0,1,24.444444,2
4929,7,10,6,1,24.26,0.19,61.09,6.0,4.32,37.32,523.822,0,1,24.444444,2
4930,7,11,6,1,24.18,0.11,60.03,9.1,4.2,42.11,642.492,0,1,24.444444,2
4931,7,12,6,1,24.08,0.01,59.11,6.5,1.32,39.22,582.883,0,1,24.444444,2
4932,7,13,6,1,24.07,0.0,57.88,4.8,2.52,38.16,596.407,0,1,24.444444,2
4933,7,14,6,1,24.18,0.11,55.76,11.0,1.92,48.44,550.854,0,1,24.444444,2
4934,7,15,6,1,24.19,0.11,54.64,9.7,4.44,47.89,446.157,0,1,24.444444,2
4935,7,16,6,1,24.09,0.01,55.74,3.8,1.8,38.44,300.138,0,1,24.444444,2
4936,7,17,6,1,24.08,0.01,56.05,7.9,3.12,42.6,186.017,0,1,24.444444,2
4937,7,18,6,1,24.1,0.02,56.9,9.4,10.08,43.33,78.2848,0,1,24.444444,2
4938,7,19,6,1,24.07,0.0,58.74,5.1,3.48,34.8,18.5565,0,1,24.444444,2
4939,7,20,6,1,24.07,0.0,59.94,8.7,7.2,37.87,0.0,0,1,24.444444,2
4940,7,21,6,1,24.07,0.0,61.53,5.7,3.96,31.7,0.0,0,1,24.444444,2
4941,7,22,6,1,24.07,0.0,62.45,9.0,0.96,35.83,0.0,0,1,24.444444,2
4942,7,23,6,1,24.11,0.04,61.02,15.6,2.16,43.57,0.0,0,1,24.444444,2
4943,7,24,6,1,24.07,0.0,62.62,4.2,0.24,23.74,0.0,0,1,24.444444,2
4944,7,1,7,1,24.07,0.0,65.85,3.4,0.72,21.96,0.0,0,1,24.444444,2
4945,7,2,7,1,24.07,0.0,68.33,3.1,0.6,20.45,0.0,0,1,24.444444,2
4946,7,3,7,1,24.07,0.0,68.64,7.6,0.12,27.63,0.0,0,1,24.444444,2
4947,7,4,7,1,24.07,0.0,69.27,3.7,0.24,18.74,0.0,0,1,24.444444,2
4948,7,5,7,1,24.07,0.0,70.63,4.7,0.6,19.9,0.0,0,1,24.444444,2
4949,7,6,7,1,24.06,0.0,71.25,3.0,2.76,20.23,0.0,0,1,24.444444,2
4950,7,7,7,1,24.07,0.0,69.66,7.4,6.24,35.15,54.8231,0,1,24.444444,2
4951,7,8,7,1,24.13,0.06,67.17,6.2,2.76,36.42,188.773,0,1,24.444444,2
4952,7,9,7,1,24.23,0.16,65.01,5.4,6.12,36.75,376.048,0,1,24.444444,2
4953,7,10,7,1,24.17,0.1,64.09,4.1,7.8,36.35,517.093,0,1,24.444444,2
4954,7,11,7,1,24.08,0.01,63.08,4.5,4.08,36.05,618.58,0,1,24.444444,2
4955,7,12,7,1,24.07,0.0,61.91,4.4,1.68,35.48,731.65,0,1,24.444444,2
4956,7,13,7,1,24.08,0.0,60.21,7.1,4.08,41.51,713.464,0,1,24.444444,2
4957,7,14,7,1,24.29,0.21,58.57,13.5,9.0,51.26,785.49,0,1,24.444444,2
4958,7,15,7,1,24.29,0.22,58.67,7.9,2.04,51.77,690.649,0,1,24.444444,2
4959,7,16,7,1,24.26,0.19,58.38,3.9,2.88,49.71,557.967,0,1,24.444444,2
4960,7,17,7,1,24.41,0.34,57.43,5.5,3.0,50.71,391.041,0,1,24.444444,2
4961,7,18,7,1,24.36,0.29,57.09,5.1,4.68,50.1,189.735,0,1,24.444444,2
4962,7,19,7,1,24.11,0.04,58.07,4.4,2.52,44.63,23.1852,0,1,24.444444,2
4963,7,20,7,1,24.08,0.0,59.07,4.7,2.16,38.27,0.0,0,1,24.444444,2
4964,7,21,7,1,24.07,0.0,60.04,4.8,2.4,35.64,0.0,0,1,24.444444,2
4965,7,22,7,1,24.07,0.0,61.09,4.6,1.8,32.89,0.0,0,1,24.444444,2
4966,7,23,7,1,24.07,0.0,61.99,6.1,2.28,33.02,0.0,0,1,24.444444,2
4967,7,24,7,1,24.07,0.0,62.96,6.3,0.72,31.09,0.0,0,1,24.444444,2
4968,7,1,1,1,24.07,0.0,64.36,4.8,3.12,26.89,0.0,0,1,24.444444,2
4969,7,2,1,1,24.07,0.0,66.35,3.4,0.72,22.52,0.0,0,1,24.444444,2
4970,7,3,1,1,24.07,0.0,66.88,7.7,0.36,28.63,0.0,0,1,24.444444,2
4971,7,4,1,1,24.07,0.0,67.92,3.5,0.36,18.79,0.0,0,1,24.444444,2
4972,7,5,1,1,24.07,0.0,69.97,4.0,0.48,19.11,0.0,0,1,24.444444,2
4973,7,6,1,1,24.06,0.0,70.74,3.2,2.16,24.33,0.0,0,1,24.444444,2
4974,7,7,1,1,24.07,0.0,69.72,3.7,2.52,31.99,44.5408,0,1,24.444444,2
4975,7,8,1,1,24.11,0.04,68.26,4.0,3.84,34.58,188.817,0,1,24.444444,2
4976,7,9,1,1,24.2,0.13,66.26,4.0,3.0,35.7,370.308,0,1,24.444444,2
4977,7,10,1,1,24.22,0.15,64.56,4.4,8.88,37.61,533.266,0,1,24.444444,2
4978,7,11,1,1,24.15,0.07,62.98,6.1,4.68,40.87,682.348,0,1,24.444444,2
4979,7,12,1,1,24.08,0.0,61.43,3.8,12.36,36.77,780.501,0,1,24.444444,2
4980,7,13,1,1,24.07,0.0,59.44,5.7,5.64,40.45,801.955,0,1,24.444444,2
4981,7,14,1,1,24.08,0.0,57.35,4.8,7.32,42.7,749.049,0,1,24.444444,2
4982,7,15,1,1,24.09,0.02,55.67,4.0,1.32,46.62,719.982,0,1,24.444444,2
4983,7,16,1,1,24.19,0.11,55.02,4.1,2.64,47.97,552.192,0,1,24.444444,2
4984,7,17,1,1,24.3,0.22,54.65,5.2,1.8,49.04,390.443,0,1,24.444444,2
4985,7,18,1,1,24.16,0.09,55.83,6.1,6.96,48.64,135.94,0,1,24.444444,2
4986,7,19,1,1,24.1,0.02,57.2,6.2,3.12,43.34,18.7772,0,1,24.444444,2
4987,7,20,1,1,24.07,0.0,58.47,5.1,1.92,37.35,0.0,0,1,24.444444,2
4988,7,21,1,1,24.07,0.0,59.54,5.4,1.32,35.49,0.0,0,1,24.444444,2
4989,7,22,1,1,24.07,0.0,60.71,6.7,1.32,35.36,0.0,0,1,24.444444,2
4990,7,23,1,1,24.07,0.0,63.09,3.6,0.6,29.03,0.0,0,1,24.444444,2
4991,7,24,1,1,24.07,0.0,65.23,5.2,0.36,30.8,0.0,0,1,24.444444,2
4992,7,1,2,1,24.07,0.0,66.24,6.2,0.48,30.7,0.0,0,1,24.444444,2
4993,7,2,2,1,24.07,0.0,67.58,4.9,6.72,26.63,0.0,0,1,24.444444,2
4994,7,3,2,1,24.07,0.0,68.74,4.7,0.36,24.97,0.0,0,1,24.444444,2
4995,7,4,2,1,24.07,0.0,69.25,6.3,0.48,26.47,0.0,0,1,24.444444,2
4996,7,5,2,1,24.07,0.0,70.08,4.7,2.88,22.39,0.0,0,1,24.444444,2
4997,7,6,2,1,24.07,0.0,70.66,4.8,4.68,27.54,0.0,0,1,24.444444,2
4998,7,7,2,1,24.13,0.05,68.51,7.0,14.04,38.38,44.9005,0,1,24.444444,2
4999,7,8,2,1,24.29,0.22,66.24,5.8,11.16,37.73,193.303,0,1,24.444444,2
5000,7,9,2,1,24.5,0.42,63.76,8.6,3.6,42.57,390.256,0,1,24.444444,2
5001,7,10,2,1,24.4,0.33,62.83,4.5,5.88,39.26,539.483,0,1,24.444444,2
5002,7,11,2,1,24.25,0.18,61.3,4.9,2.64,40.77,612.569,0,1,24.444444,2
5003,7,12,2,1,24.18,0.1,60.09,7.0,6.84,43.85,642.569,0,1,24.444444,2
5004,7,13,2,1,24.13,0.05,59.7,4.3,4.2,42.21,666.418,0,1,24.444444,2
5005,7,14,2,1,24.32,0.25,58.01,10.0,4.8,49.75,622.541,0,1,24.444444,2
5006,7,15,2,1,24.18,0.11,57.42,4.3,3.0,47.75,561.396,0,1,24.444444,2
5007,7,16,2,1,24.15,0.07,57.19,4.1,1.92,48.04,425.475,0,1,24.444444,2
5008,7,17,2,1,24.13,0.06,56.93,4.1,0.96,48.59,302.436,0,1,24.444444,2
5009,7,18,2,1,24.16,0.09,56.79,6.1,2.28,47.9,142.307,0,1,24.444444,2
5010,7,19,2,1,24.11,0.04,57.8,5.8,2.04,42.37,15.5129,0,1,24.444444,2
5011,7,20,2,1,24.09,0.02,58.61,7.7,9.12,41.69,0.0,0,1,24.444444,2
5012,7,21,2,1,24.12,0.04,58.8,11.0,2.88,43.45,0.0,0,1,24.444444,2
5013,7,22,2,1,24.09,0.02,59.49,9.4,1.2,39.29,0.0,0,1,24.444444,2
5014,7,23,2,1,24.07,0.0,61.96,4.5,0.6,30.77,0.0,0,1,24.444444,2
5015,7,24,2,1,24.07,0.0,64.17,6.1,0.72,32.85,0.0,0,1,24.444444,2
5016,7,1,3,1,24.07,0.0,65.62,3.6,0.24,28.01,0.0,0,1,24.444444,2
5017,7,2,3,1,24.07,0.0,66.17,3.1,0.72,26.26,0.0,0,1,24.444444,2
5018,7,3,3,1,24.07,0.0,64.07,4.9,0.12,26.41,0.0,0,1,24.444444,2
5019,7,4,3,1,24.07,0.0,62.83,4.6,0.24,23.09,0.0,0,1,24.444444,2
5020,7,5,3,1,24.07,0.0,62.66,3.2,1.8,19.0,0.0,0,1,24.444444,2
5021,7,6,3,1,24.07,0.0,62.61,4.0,4.56,20.23,0.0,0,1,24.444444,2
5022,7,7,3,1,24.07,0.0,62.29,3.9,24.24,21.5,45.197,0,1,24.444444,2
5023,7,8,3,1,24.07,0.0,61.12,5.9,3.12,25.69,137.375,0,1,24.444444,2
5024,7,9,3,1,24.07,0.0,59.49,4.0,2.28,26.93,266.883,0,1,24.444444,2
5025,7,10,3,1,24.07,0.0,58.49,4.1,8.04,30.56,431.058,0,1,24.444444,2
5026,7,11,3,1,24.07,0.0,57.19,5.3,1.2,31.65,550.295,0,1,24.444444,2
5027,7,12,3,1,24.07,0.0,55.79,3.6,2.52,29.55,651.214,0,1,24.444444,2
5028,7,13,3,1,24.07,0.0,54.96,3.7,0.6,31.52,646.119,0,1,24.444444,2
5029,7,14,3,1,24.07,0.0,52.98,9.8,1.44,42.38,629.162,0,1,24.444444,2
5030,7,15,3,1,24.07,0.0,51.94,3.8,2.76,36.66,517.472,0,1,24.444444,2
5031,7,16,3,1,24.07,0.0,51.1,3.6,4.2,37.88,417.295,0,1,24.444444,2
5032,7,17,3,1,24.07,0.0,50.54,3.7,2.88,38.78,299.189,0,1,24.444444,2
5033,7,18,3,1,24.07,0.0,50.16,4.0,3.0,37.12,147.504,0,1,24.444444,2
5034,7,19,3,1,24.07,0.0,49.92,8.0,1.92,36.49,18.5378,0,1,24.444444,2
5035,7,20,3,1,24.07,0.0,49.83,7.0,9.96,31.1,0.0,0,1,24.444444,2
5036,7,21,3,1,24.07,0.0,49.85,7.9,1.56,30.37,0.0,0,1,24.444444,2
5037,7,22,3,1,24.07,0.0,50.36,6.3,3.6,26.4,0.0,0,1,24.444444,2
5038,7,23,3,1,24.07,0.0,51.38,5.3,2.04,24.0,0.0,0,1,24.444444,2
5039,7,24,3,1,24.07,0.0,52.85,7.6,0.84,26.99,0.0,0,1,24.444444,2
5040,7,1,4,1,24.07,0.0,55.08,4.3,0.24,21.92,0.0,0,1,24.444444,2
5041,7,2,4,1,24.07,0.0,55.68,7.8,0.84,25.31,0.0,0,1,24.444444,2
5042,7,3,4,1,24.07,0.0,55.26,9.1,0.36,24.63,0.0,0,1,24.444444,2
5043,7,4,4,1,24.07,0.0,56.48,4.0,0.36,15.39,0.0,0,1,24.444444,2
5044,7,5,4,1,24.07,0.0,56.91,6.7,0.72,18.14,0.0,0,1,24.444444,2
5045,7,6,4,1,24.07,0.0,55.97,6.2,4.08,21.37,0.0,0,1,24.444444,2
5046,7,7,4,1,24.08,0.0,54.12,10.0,8.4,32.19,43.0649,0,1,24.444444,2
5047,7,8,4,1,24.14,0.07,52.09,9.4,11.04,32.82,198.3,0,1,24.444444,2
5048,7,9,4,1,24.2,0.13,50.59,7.8,9.48,32.01,420.065,0,1,24.444444,2
5049,7,10,4,1,24.18,0.11,49.33,9.3,4.32,34.29,610.18,0,1,24.444444,2
5050,7,11,4,1,24.08,0.01,48.69,10.2,3.12,34.67,713.126,0,1,24.444444,2
5051,7,12,4,1,24.07,0.0,48.17,8.2,2.76,31.39,635.984,0,1,24.444444,2
5052,7,13,4,1,24.07,0.0,47.9,6.7,1.32,29.45,794.41,0,1,24.444444,2
5053,7,14,4,1,24.07,0.0,47.49,7.8,0.96,34.4,813.932,0,1,24.444444,2
5054,7,15,4,1,24.07,0.0,46.69,9.2,2.04,41.36,718.094,0,1,24.444444,2
5055,7,16,4,1,24.08,0.0,46.01,8.0,1.68,43.09,573.49,0,1,24.444444,2
5056,7,17,4,1,24.12,0.05,45.72,8.3,1.32,44.32,408.404,0,1,24.444444,2
5057,7,18,4,1,24.12,0.05,45.72,9.1,4.68,44.49,202.268,0,1,24.444444,2
5058,7,19,4,1,24.08,0.0,46.02,9.6,4.44,38.19,21.2238,0,1,24.444444,2
5059,7,20,4,1,24.07,0.0,46.52,8.8,5.64,31.91,0.0,0,1,24.444444,2
5060,7,21,4,1,24.07,0.0,46.72,14.7,2.28,37.72,0.0,0,1,24.444444,2
5061,7,22,4,1,24.07,0.0,47.19,8.3,3.72,27.82,0.0,0,1,24.444444,2
5062,7,23,4,1,24.07,0.0,48.23,5.2,0.96,21.88,0.0,0,1,24.444444,2
5063,7,24,4,1,24.07,0.0,48.69,8.9,0.48,25.05,0.0,0,1,24.444444,2
5064,7,1,5,1,24.07,0.0,48.68,11.0,0.24,25.5,0.0,0,1,24.444444,2
5065,7,2,5,1,24.07,0.0,49.88,6.1,0.96,17.01,0.0,0,1,24.444444,2
5066,7,3,5,1,24.07,0.0,51.61,7.1,0.72,17.06,0.0,0,1,24.444444,2
5067,7,4,5,1,24.06,0.0,53.69,4.7,0.36,12.24,0.0,0,1,24.444444,2
5068,7,5,5,1,24.06,0.0,55.92,6.5,1.92,13.47,0.0,0,1,24.444444,2
5069,7,6,5,1,24.07,0.0,56.48,11.5,2.76,21.45,0.0,0,1,24.444444,2
5070,7,7,5,1,24.07,0.0,56.42,7.7,14.76,21.23,53.2333,0,1,24.444444,2
5071,7,8,5,1,24.08,0.0,56.14,10.2,6.36,32.06,180.446,0,1,24.444444,2
5072,7,9,5,1,24.07,0.0,54.85,10.3,2.28,35.47,336.637,0,1,24.444444,2
5073,7,10,5,1,24.07,0.0,54.15,5.4,2.4,29.77,456.22,0,1,24.444444,2
5074,7,11,5,1,24.07,0.0,53.29,8.2,9.24,34.12,544.544,0,1,24.444444,2
5075,7,12,5,1,24.07,0.0,52.46,7.0,1.2,32.18,646.985,0,1,24.444444,2
5076,7,13,5,1,24.07,0.0,51.47,9.0,0.72,35.77,637.456,0,1,24.444444,2
5077,7,14,5,1,24.07,0.0,50.13,9.8,1.68,40.65,622.492,0,1,24.444444,2
5078,7,15,5,1,24.07,0.0,49.04,9.1,0.6,43.14,556.838,0,1,24.444444,2
5079,7,16,5,1,24.07,0.0,48.45,7.8,1.8,42.21,447.66,0,1,24.444444,2
5080,7,17,5,1,24.07,0.0,47.95,9.2,1.44,43.66,291.594,0,1,24.444444,2
5081,7,18,5,1,24.07,0.0,47.31,9.4,3.36,40.61,136.776,0,1,24.444444,2
5082,7,19,5,1,24.07,0.0,47.01,10.1,1.32,36.21,17.0103,0,1,24.444444,2
5083,7,20,5,1,24.07,0.0,47.25,10.1,5.16,33.34,0.0,0,1,24.444444,2
5084,7,21,5,1,24.07,0.0,47.76,11.5,2.64,33.89,0.0,0,1,24.444444,2
5085,7,22,5,1,24.07,0.0,49.28,11.4,0.96,31.97,0.0,0,1,24.444444,2
5086,7,23,5,1,24.07,0.0,53.23,5.0,1.2,23.13,0.0,0,1,24.444444,2
5087,7,24,5,1,24.07,0.0,55.44,10.8,0.84,31.24,0.0,0,1,24.444444,2
5088,8,1,6,1,24.07,0.0,56.93,4.2,0.24,20.0,0.0,0,1,24.444444,2
5089,8,2,6,1,24.07,0.0,59.32,3.7,0.24,18.27,0.0,0,1,24.444444,2
5090,8,3,6,1,24.07,0.0,61.59,3.7,0.24,16.98,0.0,0,1,24.444444,2
5091,8,4,6,1,24.06,0.0,63.65,3.4,0.48,15.84,0.0,0,1,24.444444,2
5092,8,5,6,1,24.06,0.0,64.81,3.1,0.48,15.17,0.0,0,1,24.444444,2
5093,8,6,6,1,24.06,0.0,64.63,4.9,3.48,18.06,0.0,0,1,24.444444,2
5094,8,7,6,1,24.07,0.0,63.71,7.3,8.76,23.11,36.0629,0,1,24.444444,2
5095,8,8,6,1,24.07,0.0,62.49,6.7,5.64,24.38,119.727,0,1,24.444444,2
5096,8,9,6,1,24.07,0.0,59.85,10.0,9.6,33.08,233.271,0,1,24.444444,2
5097,8,10,6,1,24.07,0.0,57.21,6.2,0.96,29.89,343.047,0,1,24.444444,2
5098,8,11,6,1,24.07,0.0,56.59,4.4,0.96,28.29,392.99,0,1,24.444444,2
5099,8,12,6,1,24.07,0.0,55.86,7.7,0.72,34.82,472.021,0,1,24.444444,2
5100,8,13,6,1,24.07,0.0,54.44,7.6,3.6,35.74,567.897,0,1,24.444444,2
5101,8,14,6,1,24.07,0.0,52.89,10.9,0.96,41.98,588.695,0,1,24.444444,2
5102,8,15,6,1,24.07,0.0,51.4,11.0,6.84,43.99,507.897,0,1,24.444444,2
5103,8,16,6,1,24.07,0.0,50.24,9.1,0.96,43.62,459.214,0,1,24.444444,2
5104,8,17,6,1,24.07,0.0,49.8,8.9,1.68,43.95,316.884,0,1,24.444444,2
5105,8,18,6,1,24.07,0.0,49.96,9.4,0.96,44.46,158.934,0,1,24.444444,2
5106,8,19,6,1,24.07,0.0,50.38,9.3,1.8,40.27,21.7969,0,1,24.444444,2
5107,8,20,6,1,24.07,0.0,51.22,9.2,1.44,34.43,0.0,0,1,24.444444,2
5108,8,21,6,1,24.07,0.0,51.87,9.3,0.84,32.97,0.0,0,1,24.444444,2
5109,8,22,6,1,24.07,0.0,52.58,10.1,1.08,32.09,0.0,0,1,24.444444,2
5110,8,23,6,1,24.07,0.0,54.58,5.1,0.96,24.1,0.0,0,1,24.444444,2
5111,8,24,6,1,24.07,0.0,56.74,6.2,0.84,25.33,0.0,0,1,24.444444,2
5112,8,1,7,1,24.07,0.0,58.22,3.7,1.08,20.54,0.0,0,1,24.444444,2
5113,8,2,7,1,24.07,0.0,59.81,5.2,0.72,21.82,0.0,0,1,24.444444,2
5114,8,3,7,1,24.07,0.0,60.84,3.5,0.24,17.89,0.0,0,1,24.444444,2
5115,8,4,7,1,24.07,0.0,61.49,6.3,0.24,21.28,0.0,0,1,24.444444,2
5116,8,5,7,1,24.06,0.0,62.34,3.4,1.56,15.26,0.0,0,1,24.444444,2
5117,8,6,7,1,24.06,0.0,63.75,3.6,1.44,17.22,0.0,0,1,24.444444,2
5118,8,7,7,1,24.07,0.0,63.58,5.9,3.24,25.43,52.0037,0,1,24.444444,2
5119,8,8,7,1,24.07,0.0,62.55,4.4,7.44,26.39,170.439,0,1,24.444444,2
5120,8,9,7,1,24.07,0.0,61.02,4.9,9.0,29.95,309.023,0,1,24.444444,2
5121,8,10,7,1,24.07,0.0,59.57,6.3,10.92,33.95,423.347,0,1,24.444444,2
5122,8,11,7,1,24.07,0.0,59.03,5.1,8.28,33.0,512.206,0,1,24.444444,2
5123,8,12,7,1,24.07,0.0,58.99,5.0,2.52,33.11,664.203,0,1,24.444444,2
5124,8,13,7,1,24.07,0.0,59.03,4.4,1.8,32.15,560.56,0,1,24.444444,2
5125,8,14,7,1,24.08,0.0,57.95,11.4,14.76,45.35,562.114,0,1,24.444444,2
5126,8,15,7,1,24.07,0.0,57.43,5.5,4.68,41.4,503.039,0,1,24.444444,2
5127,8,16,7,1,24.07,0.0,57.42,5.0,3.12,43.89,458.524,0,1,24.444444,2
5128,8,17,7,1,24.07,0.0,56.74,6.6,1.68,45.96,324.424,0,1,24.444444,2
5129,8,18,7,1,24.07,0.0,56.3,5.0,6.0,40.86,145.454,0,1,24.444444,2
5130,8,19,7,1,24.08,0.0,55.72,9.9,2.88,42.0,17.6631,0,1,24.444444,2
5131,8,20,7,1,24.07,0.0,57.44,4.2,0.6,29.47,0.0,0,1,24.444444,2
5132,8,21,7,1,24.07,0.0,59.38,5.7,1.2,30.42,0.0,0,1,24.444444,2
5133,8,22,7,1,24.08,0.01,58.67,14.3,1.56,41.55,0.0,0,1,24.444444,2
5134,8,23,7,1,24.07,0.0,59.13,5.7,0.96,26.77,0.0,0,1,24.444444,2
5135,8,24,7,1,24.07,0.0,61.54,3.8,0.84,23.35,0.0,0,1,24.444444,2
5136,8,1,1,1,24.07,0.0,63.5,3.8,0.96,22.88,0.0,0,1,24.444444,2
5137,8,2,1,1,24.07,0.0,64.94,3.5,0.36,21.21,0.0,0,1,24.444444,2
5138,8,3,1,1,24.07,0.0,66.31,3.5,0.48,19.82,0.0,0,1,24.444444,2
5139,8,4,1,1,24.07,0.0,67.39,3.9,0.24,19.13,0.0,0,1,24.444444,2
5140,8,5,1,1,24.07,0.0,68.39,3.8,0.36,18.12,0.0,0,1,24.444444,2
5141,8,6,1,1,24.07,0.0,68.68,5.1,2.16,21.7,0.0,0,1,24.444444,2
5142,8,7,1,1,24.07,0.0,68.21,3.9,3.0,24.76,51.4996,0,1,24.444444,2
5143,8,8,1,1,24.07,0.0,66.97,4.2,4.2,29.46,169.126,0,1,24.444444,2
5144,8,9,1,1,24.07,0.0,65.14,4.4,2.88,33.26,317.477,0,1,24.444444,2
5145,8,10,1,1,24.07,0.0,63.07,4.1,5.64,32.86,423.125,0,1,24.444444,2
5146,8,11,1,1,24.07,0.0,61.03,8.6,4.68,40.01,558.616,0,1,24.444444,2
5147,8,12,1,1,24.07,0.0,58.77,4.8,6.0,33.13,678.462,0,1,24.444444,2
5148,8,13,1,1,24.07,0.0,56.86,4.5,2.04,33.81,735.816,0,1,24.444444,2
5149,8,14,1,1,24.08,0.0,54.38,8.8,2.4,43.96,686.78,0,1,24.444444,2
5150,8,15,1,1,24.07,0.0,53.26,4.2,1.56,41.41,597.281,0,1,24.444444,2
5151,8,16,1,1,24.07,0.0,53.22,5.0,9.84,43.6,450.734,0,1,24.444444,2
5152,8,17,1,1,24.07,0.0,52.98,6.6,3.0,44.94,290.117,0,1,24.444444,2
5153,8,18,1,1,24.18,0.1,52.12,12.8,1.56,50.41,143.828,0,1,24.444444,2
5154,8,19,1,1,24.08,0.01,52.43,5.8,2.52,38.27,30.3959,0,1,24.444444,2
5155,8,20,1,1,24.07,0.0,53.58,5.7,2.28,32.6,0.0,0,1,24.444444,2
5156,8,21,1,1,24.07,0.0,55.18,5.2,0.72,29.36,0.0,0,1,24.444444,2
5157,8,22,1,1,24.07,0.0,56.41,8.6,0.96,31.9,0.0,0,1,24.444444,2
5158,8,23,1,1,24.07,0.0,56.78,6.8,1.8,26.73,0.0,0,1,24.444444,2
5159,8,24,1,1,24.07,0.0,57.66,6.9,0.84,25.34,0.0,0,1,24.444444,2
5160,8,1,2,1,24.07,0.0,58.86,5.0,1.08,20.77,0.0,0,1,24.444444,2
5161,8,2,2,1,24.07,0.0,60.77,6.5,0.72,22.45,0.0,0,1,24.444444,2
5162,8,3,2,1,24.07,0.0,63.84,4.0,1.68,18.21,0.0,0,1,24.444444,2
5163,8,4,2,1,24.07,0.0,66.51,3.3,0.36,16.66,0.0,0,1,24.444444,2
5164,8,5,2,1,24.06,0.0,67.95,3.7,0.96,16.13,0.0,0,1,24.444444,2
5165,8,6,2,1,24.05,0.0,68.59,3.7,4.8,19.76,0.0,0,1,24.444444,2
5166,8,7,2,1,24.08,0.02,66.74,6.7,20.28,33.32,38.6615,0,1,24.444444,2
5167,8,8,2,1,24.17,0.11,64.3,4.7,1.2,32.1,194.397,0,1,24.444444,2
5168,8,9,2,1,24.31,0.23,61.58,6.4,9.84,35.07,400.333,0,1,24.444444,2
5169,8,10,2,1,24.23,0.15,60.62,3.7,8.28,33.97,567.517,0,1,24.444444,2
5170,8,11,2,1,24.1,0.03,60.58,5.0,2.16,36.59,708.164,0,1,24.444444,2
5171,8,12,2,1,24.07,0.0,59.66,3.6,2.4,32.53,690.9,0,1,24.444444,2
5172,8,13,2,1,24.07,0.0,57.66,6.7,3.0,36.02,544.164,0,1,24.444444,2
5173,8,14,2,1,24.08,0.01,55.73,10.4,1.08,45.12,652.124,0,1,24.444444,2
5174,8,15,2,1,24.1,0.03,53.59,10.2,4.2,49.24,617.908,0,1,24.444444,2
5175,8,16,2,1,24.08,0.0,52.23,7.5,2.28,47.22,492.792,0,1,24.444444,2
5176,8,17,2,1,24.07,0.0,52.75,3.7,3.72,41.27,294.864,0,1,24.444444,2
5177,8,18,2,1,24.07,0.0,54.59,4.1,2.16,42.2,138.449,0,1,24.444444,2
5178,8,19,2,1,24.09,0.02,54.29,9.1,1.2,44.57,17.8971,0,1,24.444444,2
5179,8,20,2,1,24.08,0.0,54.97,7.7,2.52,37.47,0.0,0,1,24.444444,2
5180,8,21,2,1,24.07,0.0,56.08,8.0,2.16,36.2,0.0,0,1,24.444444,2
5181,8,22,2,1,24.07,0.0,57.04,10.3,1.56,38.55,0.0,0,1,24.444444,2
5182,8,23,2,1,24.07,0.0,58.79,7.2,0.36,32.32,0.0,0,1,24.444444,2
5183,8,24,2,1,24.07,0.0,61.62,3.3,0.24,24.9,0.0,0,1,24.444444,2
5184,8,1,3,1,24.07,0.0,63.87,3.4,0.6,23.39,0.0,0,1,24.444444,2
5185,8,2,3,1,24.07,0.0,65.24,3.8,0.48,22.31,0.0,0,1,24.444444,2
5186,8,3,3,1,24.07,0.0,66.62,3.4,0.0,20.27,0.0,0,1,24.444444,2
5187,8,4,3,1,24.07,0.0,67.67,4.9,0.24,21.8,0.0,0,1,24.444444,2
5188,8,5,3,1,24.07,0.0,68.7,4.0,1.2,18.84,0.0,0,1,24.444444,2
5189,8,6,3,1,24.07,0.0,69.2,4.1,1.8,23.34,0.0,0,1,24.444444,2
5190,8,7,3,1,24.08,0.01,67.02,6.9,8.76,34.86,46.1319,0,1,24.444444,2
5191,8,8,3,1,24.14,0.07,65.94,4.1,6.48,32.54,189.654,0,1,24.444444,2
5192,8,9,3,1,24.33,0.26,64.45,5.9,7.8,36.58,405.447,0,1,24.444444,2
5193,8,10,3,1,24.3,0.23,63.64,3.6,5.28,35.56,598.854,0,1,24.444444,2
5194,8,11,3,1,24.14,0.06,62.93,4.0,3.12,37.08,687.932,0,1,24.444444,2
5195,8,12,3,1,24.07,0.0,61.05,4.1,0.84,36.66,780.836,0,1,24.444444,2
5196,8,13,3,1,24.09,0.02,58.09,8.7,1.2,42.99,723.906,0,1,24.444444,2
5197,8,14,3,1,24.12,0.05,54.98,10.1,1.08,46.56,687.15,0,1,24.444444,2
5198,8,15,3,1,24.19,0.11,52.59,9.0,1.8,49.34,701.682,0,1,24.444444,2
5199,8,16,3,1,24.24,0.16,51.48,6.1,0.84,48.09,514.786,0,1,24.444444,2
5200,8,17,3,1,24.34,0.26,51.25,8.9,3.48,50.05,344.146,0,1,24.444444,2
5201,8,18,3,1,24.13,0.06,54.0,4.1,1.44,44.98,129.673,0,1,24.444444,2
5202,8,19,3,1,24.1,0.03,55.7,5.8,3.84,42.47,16.8115,0,1,24.444444,2
5203,8,20,3,1,24.11,0.04,56.63,9.6,1.92,43.26,0.0,0,1,24.444444,2
5204,8,21,3,1,24.09,0.02,57.27,8.1,1.2,39.24,0.0,0,1,24.444444,2
5205,8,22,3,1,24.08,0.0,58.36,8.4,1.2,37.4,0.0,0,1,24.444444,2
5206,8,23,3,1,24.07,0.0,60.04,6.1,0.84,31.29,0.0,0,1,24.444444,2
5207,8,24,3,1,24.07,0.0,61.87,4.8,0.72,27.45,0.0,0,1,24.444444,2
5208,8,1,4,1,24.07,0.0,63.32,4.1,0.48,25.01,0.0,0,1,24.444444,2
5209,8,2,4,1,24.07,0.0,64.89,3.3,0.36,22.37,0.0,0,1,24.444444,2
5210,8,3,4,1,24.07,0.0,66.6,3.4,0.36,20.73,0.0,0,1,24.444444,2
5211,8,4,4,1,24.07,0.0,68.24,3.3,0.48,19.19,0.0,0,1,24.444444,2
5212,8,5,4,1,24.07,0.0,69.56,3.6,1.2,19.25,0.0,0,1,24.444444,2
5213,8,6,4,1,24.07,0.0,69.58,4.4,6.12,25.64,0.0,0,1,24.444444,2
5214,8,7,4,1,24.13,0.06,66.89,7.7,8.4,37.71,38.7332,0,1,24.444444,2
5215,8,8,4,1,24.35,0.27,64.18,7.9,4.2,38.05,191.915,0,1,24.444444,2
5216,8,9,4,1,24.49,0.41,61.75,7.6,5.16,38.6,401.051,0,1,24.444444,2
5217,8,10,4,1,24.36,0.29,60.88,5.5,2.76,37.28,524.831,0,1,24.444444,2
5218,8,11,4,1,24.15,0.08,60.98,3.4,1.92,36.25,666.295,0,1,24.444444,2
5219,8,12,4,1,24.12,0.04,59.96,7.7,1.68,43.13,600.043,0,1,24.444444,2
5220,8,13,4,1,24.13,0.06,58.56,8.9,0.72,44.38,805.831,0,1,24.444444,2
5221,8,14,4,1,24.17,0.1,56.55,9.4,0.84,47.77,716.049,0,1,24.444444,2
5222,8,15,4,1,24.27,0.2,54.93,9.1,2.04,50.89,716.659,0,1,24.444444,2
5223,8,16,4,1,24.45,0.38,54.16,7.8,0.72,50.61,589.243,0,1,24.444444,2
5224,8,17,4,1,24.66,0.59,53.99,9.2,2.04,51.95,411.988,0,1,24.444444,2
5225,8,18,4,1,24.66,0.59,54.38,8.9,1.68,52.04,190.607,0,1,24.444444,2
5226,8,19,4,1,24.41,0.33,55.02,8.2,3.12,50.28,15.5659,0,1,24.444444,2
5227,8,20,4,1,24.26,0.19,54.95,13.1,3.6,48.99,0.0,0,1,24.444444,2
5228,8,21,4,1,24.31,0.24,54.45,16.0,0.96,48.54,0.0,0,1,24.444444,2
5229,8,22,4,1,24.14,0.07,56.08,9.8,1.08,40.22,0.0,0,1,24.444444,2
5230,8,23,4,1,24.08,0.01,58.52,7.0,1.2,34.74,0.0,0,1,24.444444,2
5231,8,24,4,1,24.07,0.0,61.24,3.8,0.48,28.67,0.0,0,1,24.444444,2
5232,8,1,5,1,24.07,0.0,62.23,9.2,0.36,35.93,0.0,0,1,24.444444,2
5233,8,2,5,1,24.07,0.0,61.79,9.8,0.96,33.84,0.0,0,1,24.444444,2
5234,8,3,5,1,24.07,0.0,62.96,5.3,0.24,24.49,0.0,0,1,24.444444,2
5235,8,4,5,1,24.07,0.0,63.75,10.0,0.24,31.41,0.0,0,1,24.444444,2
5236,8,5,5,1,24.07,0.0,64.69,4.9,1.56,21.19,0.0,0,1,24.444444,2
5237,8,6,5,1,24.07,0.0,64.34,10.3,2.28,34.58,0.0,0,1,24.444444,2
5238,8,7,5,1,24.14,0.06,62.56,8.7,17.76,37.56,39.5988,0,1,24.444444,2
5239,8,8,5,1,24.39,0.32,61.46,8.5,11.16,38.67,192.779,0,1,24.444444,2
5240,8,9,5,1,24.54,0.47,59.82,10.3,7.68,41.57,379.385,0,1,24.444444,2
5241,8,10,5,1,24.55,0.48,57.56,10.0,2.16,41.9,554.95,0,1,24.444444,2
5242,8,11,5,1,24.46,0.39,55.62,11.4,5.16,43.72,687.184,0,1,24.444444,2
5243,8,12,5,1,24.22,0.15,55.58,7.1,0.72,40.92,779.561,0,1,24.444444,2
5244,8,13,5,1,24.19,0.12,55.31,9.3,3.84,43.64,754.356,0,1,24.444444,2
5245,8,14,5,1,24.2,0.13,54.87,9.8,0.96,47.29,710.127,0,1,24.444444,2
5246,8,15,5,1,24.31,0.24,54.04,9.8,3.84,51.33,718.166,0,1,24.444444,2
5247,8,16,5,1,24.6,0.52,53.81,11.1,1.8,52.61,540.423,0,1,24.444444,2
5248,8,17,5,1,24.63,0.55,54.48,8.8,2.16,52.28,361.157,0,1,24.444444,2
5249,8,18,5,1,24.57,0.49,55.72,9.0,2.64,52.64,141.349,0,1,24.444444,2
5250,8,19,5,1,24.39,0.32,56.95,9.4,3.36,50.54,16.8406,0,1,24.444444,2
5251,8,20,5,1,24.29,0.22,58.23,9.0,4.68,45.92,0.0,0,1,24.444444,2
5252,8,21,5,1,24.2,0.13,58.81,8.9,1.44,43.42,0.0,0,1,24.444444,2
5253,8,22,5,1,24.13,0.06,58.42,9.4,1.92,40.89,0.0,0,1,24.444444,2
5254,8,23,5,1,24.12,0.05,58.1,12.0,0.48,41.59,0.0,0,1,24.444444,2
5255,8,24,5,1,24.1,0.02,58.75,11.2,0.12,38.6,0.0,0,1,24.444444,2
5256,8,1,6,1,24.07,0.0,61.35,4.3,0.6,26.44,0.0,0,1,24.444444,2
5257,8,2,6,1,24.07,0.0,65.01,3.3,0.36,24.25,0.0,0,1,24.444444,2
5258,8,3,6,1,24.07,0.0,67.18,4.6,0.36,25.42,0.0,0,1,24.444444,2
5259,8,4,6,1,24.07,0.0,68.68,3.1,0.6,20.96,0.0,0,1,24.444444,2
5260,8,5,6,1,24.07,0.0,70.33,3.4,0.6,20.88,0.0,0,1,24.444444,2
5261,8,6,6,1,24.07,0.0,71.09,3.2,6.24,25.52,0.0,0,1,24.444444,2
5262,8,7,6,1,24.18,0.1,68.62,7.5,13.2,39.48,36.0717,0,1,24.444444,2
5263,8,8,6,1,24.44,0.36,65.31,7.9,11.16,39.99,192.035,0,1,24.444444,2
5264,8,9,6,1,24.54,0.46,62.35,8.3,13.68,40.84,383.636,0,1,24.444444,2
5265,8,10,6,1,24.4,0.32,61.12,4.1,1.68,36.66,528.342,0,1,24.444444,2
5266,8,11,6,1,24.3,0.23,58.74,9.1,2.28,42.43,623.046,0,1,24.444444,2
5267,8,12,6,1,24.16,0.09,57.19,7.8,1.44,42.15,791.228,0,1,24.444444,2
5268,8,13,6,1,24.15,0.07,55.93,7.4,1.08,43.15,809.232,0,1,24.444444,2
5269,8,14,6,1,24.28,0.21,55.28,10.9,1.8,49.06,817.792,0,1,24.444444,2
5270,8,15,6,1,24.28,0.2,55.94,9.2,1.2,50.74,701.48,0,1,24.444444,2
5271,8,16,6,1,24.3,0.23,55.44,10.0,0.84,50.99,529.627,0,1,24.444444,2
5272,8,17,6,1,24.18,0.11,55.86,7.8,2.4,47.05,305.964,0,1,24.444444,2
5273,8,18,6,1,24.11,0.03,57.34,8.9,0.96,43.73,113.186,0,1,24.444444,2
5274,8,19,6,1,24.07,0.0,57.45,9.1,2.28,37.82,8.75794,0,1,24.444444,2
5275,8,20,6,1,24.07,0.0,58.59,8.6,1.32,32.72,0.0,0,1,24.444444,2
5276,8,21,6,1,24.07,0.0,59.74,10.3,0.96,34.37,0.0,0,1,24.444444,2
5277,8,22,6,1,24.07,0.0,61.78,8.6,0.84,31.32,0.0,0,1,24.444444,2
5278,8,23,6,1,24.07,0.0,64.13,6.4,0.72,27.05,0.0,0,1,24.444444,2
5279,8,24,6,1,24.07,0.0,66.27,5.2,0.72,24.57,0.0,0,1,24.444444,2
5280,8,1,7,1,24.07,0.0,68.2,3.7,0.72,21.26,0.0,0,1,24.444444,2
5281,8,2,7,1,24.07,0.0,70.05,3.6,0.72,19.62,0.0,0,1,24.444444,2
5282,8,3,7,1,24.06,0.0,71.51,3.3,0.12,18.44,0.0,0,1,24.444444,2
5283,8,4,7,1,24.07,0.0,71.33,6.8,0.12,24.79,0.0,0,1,24.444444,2
5284,8,5,7,1,24.06,0.0,71.77,3.9,0.6,18.85,0.0,0,1,24.444444,2
5285,8,6,7,1,24.06,0.0,72.97,3.3,1.68,19.89,0.0,0,1,24.444444,2
5286,8,7,7,1,24.06,0.0,71.5,5.3,4.32,29.57,47.6769,0,1,24.444444,2
5287,8,8,7,1,24.08,0.01,69.34,4.9,9.84,32.86,182.821,0,1,24.444444,2
5288,8,9,7,1,24.25,0.17,66.15,6.6,3.12,37.11,379.564,0,1,24.444444,2
5289,8,10,7,1,24.28,0.21,63.74,5.3,6.96,36.98,574.388,0,1,24.444444,2
5290,8,11,7,1,24.12,0.05,62.7,4.5,5.64,37.75,667.572,0,1,24.444444,2
5291,8,12,7,1,24.07,0.0,61.42,5.4,2.4,39.81,658.645,0,1,24.444444,2
5292,8,13,7,1,24.08,0.01,59.7,4.7,3.6,41.03,713.929,0,1,24.444444,2
5293,8,14,7,1,24.21,0.13,57.8,10.3,17.76,49.1,650.89,0,1,24.444444,2
5294,8,15,7,1,24.13,0.05,57.04,4.8,3.6,45.39,477.233,0,1,24.444444,2
5295,8,16,7,1,24.09,0.02,57.14,4.4,1.68,42.15,307.334,0,1,24.444444,2
5296,8,17,7,1,24.08,0.0,57.7,5.4,1.32,38.39,215.132,0,1,24.444444,2
5297,8,18,7,1,24.07,0.0,58.66,4.6,2.4,33.13,65.226,0,1,24.444444,2
5298,8,19,7,1,24.07,0.0,61.19,5.8,1.92,32.04,6.47008,0,1,24.444444,2
5299,8,20,7,1,24.07,0.0,63.39,5.9,1.68,30.14,0.0,0,1,24.444444,2
5300,8,21,7,1,24.07,0.0,64.38,7.3,1.32,30.62,0.0,0,1,24.444444,2
5301,8,22,7,1,24.07,0.0,64.21,6.6,4.08,26.83,0.0,0,1,24.444444,2
5302,8,23,7,1,24.07,0.0,64.84,6.6,1.08,24.42,0.0,0,1,24.444444,2
5303,8,24,7,1,24.07,0.0,66.63,3.3,0.72,16.93,0.0,0,1,24.444444,2
5304,8,1,1,1,24.07,0.0,68.23,3.7,1.08,16.85,0.0,0,1,24.444444,2
5305,8,2,1,1,24.06,0.0,69.87,3.7,0.36,16.48,0.0,0,1,24.444444,2
5306,8,3,1,1,24.05,0.0,71.68,3.2,0.24,15.11,0.0,0,1,24.444444,2
5307,8,4,1,1,24.03,0.0,73.54,2.9,0.12,14.37,0.0,0,1,24.444444,2
5308,8,5,1,1,24.03,0.0,74.84,3.3,0.12,14.42,0.0,0,1,24.444444,2
5309,8,6,1,1,24.02,0.0,75.54,3.6,1.8,15.5,0.0,0,1,24.444444,2
5310,8,7,1,1,24.03,0.0,75.35,3.5,2.4,19.49,44.9192,0,1,24.444444,2
5311,8,8,1,1,24.04,0.0,73.71,4.6,1.56,27.03,161.438,0,1,24.444444,2
5312,8,9,1,1,24.05,0.0,71.89,4.2,3.72,28.99,258.318,0,1,24.444444,2
5313,8,10,1,1,24.06,0.0,69.25,3.9,11.16,29.24,345.501,0,1,24.444444,2
5314,8,11,1,1,24.07,0.0,65.06,9.7,3.72,41.03,437.155,0,1,24.444444,2
5315,8,12,1,1,24.07,0.0,63.41,5.1,1.56,32.66,525.711,0,1,24.444444,2
5316,8,13,1,1,24.07,0.0,62.88,5.0,2.4,30.27,513.838,0,1,24.444444,2
5317,8,14,1,1,24.07,0.0,61.37,8.6,2.52,38.16,466.668,0,1,24.444444,2
5318,8,15,1,1,24.07,0.0,59.88,6.4,1.44,38.42,494.041,0,1,24.444444,2
5319,8,16,1,1,24.07,0.0,58.67,4.8,11.16,40.56,514.981,0,1,24.444444,2
5320,8,17,1,1,24.07,0.0,57.81,6.0,5.76,40.17,329.669,0,1,24.444444,2
5321,8,18,1,1,24.08,0.01,56.73,12.5,2.28,46.85,145.517,0,1,24.444444,2
5322,8,19,1,1,24.07,0.0,57.57,7.6,1.08,34.8,15.4917,0,1,24.444444,2
5323,8,20,1,1,24.07,0.0,59.46,9.0,1.32,33.46,0.0,0,1,24.444444,2
5324,8,21,1,1,24.07,0.0,60.4,9.2,1.32,32.1,0.0,0,1,24.444444,2
5325,8,22,1,1,24.07,0.0,61.44,6.5,1.32,25.8,0.0,0,1,24.444444,2
5326,8,23,1,1,24.07,0.0,62.77,6.6,4.2,24.71,0.0,0,1,24.444444,2
5327,8,24,1,1,24.07,0.0,63.83,6.3,0.72,22.63,0.0,0,1,24.444444,2
5328,8,1,2,1,24.07,0.0,66.19,3.4,0.36,17.12,0.0,0,1,24.444444,2
5329,8,2,2,1,24.06,0.0,69.08,3.3,0.24,15.74,0.0,0,1,24.444444,2
5330,8,3,2,1,24.06,0.0,70.49,4.8,0.36,17.1,0.0,0,1,24.444444,2
5331,8,4,2,1,24.04,0.0,71.44,3.7,0.48,14.77,0.0,0,1,24.444444,2
5332,8,5,2,1,24.03,0.0,72.65,3.4,1.08,14.33,0.0,0,1,24.444444,2
5333,8,6,2,1,24.02,0.0,74.09,3.3,5.88,14.65,0.0,0,1,24.444444,2
5334,8,7,2,1,24.03,0.0,74.2,4.4,19.92,19.46,44.5115,0,1,24.444444,2
5335,8,8,2,1,24.04,0.0,72.8,5.0,8.04,23.93,147.728,0,1,24.444444,2
5336,8,9,2,1,24.05,0.0,70.17,4.9,6.48,28.61,294.597,0,1,24.444444,2
5337,8,10,2,1,24.06,0.0,66.88,4.8,3.84,31.81,443.805,0,1,24.444444,2
5338,8,11,2,1,24.07,0.0,63.61,9.3,2.52,40.12,577.751,0,1,24.444444,2
5339,8,12,2,1,24.07,0.0,62.53,4.1,2.88,32.78,704.769,0,1,24.444444,2
5340,8,13,2,1,24.07,0.0,61.37,7.6,4.32,40.93,687.16,0,1,24.444444,2
5341,8,14,2,1,24.12,0.04,59.04,10.4,0.96,48.29,665.792,0,1,24.444444,2
5342,8,15,2,1,24.31,0.23,56.4,14.4,1.32,52.64,479.502,0,1,24.444444,2
5343,8,16,2,1,24.11,0.04,56.36,5.9,4.08,42.24,371.727,0,1,24.444444,2
5344,8,17,2,1,24.07,0.0,57.94,4.4,4.44,38.74,237.538,0,1,24.444444,2
5345,8,18,2,1,24.07,0.0,58.76,6.9,1.92,36.42,54.2912,0,1,24.444444,2
5346,8,19,2,1,24.07,0.0,58.93,9.3,0.84,35.07,6.39557,0,1,24.444444,2
5347,8,20,2,1,24.07,0.0,59.63,9.1,3.84,31.59,0.0,0,1,24.444444,2
5348,8,21,2,1,24.07,0.0,61.0,7.6,1.56,27.57,0.0,0,1,24.444444,2
5349,8,22,2,1,24.07,0.0,62.11,9.6,1.32,29.93,0.0,0,1,24.444444,2
5350,8,23,2,1,24.07,0.0,63.39,5.5,1.2,21.67,0.0,0,1,24.444444,2
5351,8,24,2,1,24.07,0.0,66.27,3.5,0.72,17.58,0.0,0,1,24.444444,2
5352,8,1,3,1,24.07,0.0,68.7,3.8,0.48,17.29,0.0,0,1,24.444444,2
5353,8,2,3,1,24.06,0.0,70.16,4.0,0.36,15.84,0.0,0,1,24.444444,2
5354,8,3,3,1,24.03,0.0,71.43,3.3,0.0,13.12,0.0,0,1,24.444444,2
5355,8,4,3,1,24.01,0.0,72.41,3.5,0.24,12.62,0.0,0,1,24.444444,2
5356,8,5,3,1,23.99,0.0,73.03,3.5,1.08,12.08,0.0,0,1,24.444444,2
5357,8,6,3,1,23.98,0.0,73.64,3.5,2.4,14.58,0.0,0,1,24.444444,2
5358,8,7,3,1,24.01,0.0,72.15,4.9,14.28,23.21,48.5318,0,1,24.444444,2
5359,8,8,3,1,24.03,0.0,69.93,4.8,8.52,28.44,191.336,0,1,24.444444,2
5360,8,9,3,1,24.12,0.08,66.78,5.7,4.92,32.17,410.609,0,1,24.444444,2
5361,8,10,3,1,24.07,0.02,64.04,4.5,3.6,31.67,579.4,0,1,24.444444,2
5362,8,11,3,1,24.07,0.0,62.8,4.2,2.04,30.47,696.399,0,1,24.444444,2
5363,8,12,3,1,24.07,0.0,62.25,3.8,1.92,32.34,695.162,0,1,24.444444,2
5364,8,13,3,1,24.08,0.01,59.87,9.3,0.84,43.21,691.063,0,1,24.444444,2
5365,8,14,3,1,24.1,0.03,57.6,9.7,1.32,46.64,676.621,0,1,24.444444,2
5366,8,15,3,1,24.12,0.04,55.88,9.0,1.8,48.93,585.014,0,1,24.444444,2
5367,8,16,3,1,24.08,0.0,55.18,4.0,1.68,45.12,469.608,0,1,24.444444,2
5368,8,17,3,1,24.25,0.17,54.19,8.8,1.44,50.4,328.477,0,1,24.444444,2
5369,8,18,3,1,24.09,0.02,54.46,3.9,4.08,44.65,142.917,0,1,24.444444,2
5370,8,19,3,1,24.09,0.01,54.48,7.9,2.64,42.93,8.84791,0,1,24.444444,2
5371,8,20,3,1,24.08,0.0,55.28,7.8,4.08,38.23,0.0,0,1,24.444444,2
5372,8,21,3,1,24.09,0.01,55.63,11.1,1.44,41.03,0.0,0,1,24.444444,2
5373,8,22,3,1,24.07,0.0,57.16,7.0,2.64,33.43,0.0,0,1,24.444444,2
5374,8,23,3,1,24.07,0.0,60.32,5.2,1.32,29.94,0.0,0,1,24.444444,2
5375,8,24,3,1,24.07,0.0,62.79,3.5,0.84,26.62,0.0,0,1,24.444444,2
5376,8,1,4,1,24.07,0.0,63.06,6.6,1.32,31.31,0.0,0,1,24.444444,2
5377,8,2,4,1,24.07,0.0,63.69,3.0,0.36,23.77,0.0,0,1,24.444444,2
5378,8,3,4,1,24.07,0.0,65.5,3.7,0.36,23.7,0.0,0,1,24.444444,2
5379,8,4,4,1,24.07,0.0,66.56,3.4,0.36,21.66,0.0,0,1,24.444444,2
5380,8,5,4,1,24.07,0.0,66.95,3.5,1.08,20.4,0.0,0,1,24.444444,2
5381,8,6,4,1,24.07,0.0,66.74,3.6,3.96,22.21,0.0,0,1,24.444444,2
5382,8,7,4,1,24.07,0.0,64.23,7.9,18.0,34.75,46.1867,0,1,24.444444,2
5383,8,8,4,1,24.16,0.09,61.48,9.7,2.28,38.8,186.002,0,1,24.444444,2
5384,8,9,4,1,24.24,0.16,59.93,6.8,3.6,36.36,375.516,0,1,24.444444,2
5385,8,10,4,1,24.16,0.09,59.66,4.2,3.36,35.47,530.759,0,1,24.444444,2
5386,8,11,4,1,24.08,0.0,59.31,3.3,3.96,33.84,611.493,0,1,24.444444,2
5387,8,12,4,1,24.07,0.0,57.56,7.5,0.36,39.74,691.662,0,1,24.444444,2
5388,8,13,4,1,24.09,0.02,55.17,9.5,0.48,43.19,696.081,0,1,24.444444,2
5389,8,14,4,1,24.11,0.04,52.43,10.1,2.4,45.74,662.766,0,1,24.444444,2
5390,8,15,4,1,24.1,0.03,50.5,8.7,1.44,47.15,607.134,0,1,24.444444,2
5391,8,16,4,1,24.17,0.09,49.53,9.2,1.44,48.87,491.342,0,1,24.444444,2
5392,8,17,4,1,24.2,0.12,49.05,9.1,0.72,48.7,317.643,0,1,24.444444,2
5393,8,18,4,1,24.14,0.07,49.7,9.3,2.4,47.86,143.63,0,1,24.444444,2
5394,8,19,4,1,24.11,0.03,50.52,9.4,2.4,42.55,12.1595,0,1,24.444444,2
5395,8,20,4,1,24.1,0.02,51.13,10.6,4.68,39.87,0.0,0,1,24.444444,2
5396,8,21,4,1,24.1,0.02,51.37,12.5,1.2,40.25,0.0,0,1,24.444444,2
5397,8,22,4,1,24.09,0.01,51.75,12.7,1.08,38.64,0.0,0,1,24.444444,2
5398,8,23,4,1,24.07,0.0,52.92,5.1,1.08,27.18,0.0,0,1,24.444444,2
5399,8,24,4,1,24.07,0.0,54.62,3.2,1.32,23.64,0.0,0,1,24.444444,2
5400,8,1,5,1,24.07,0.0,54.39,10.1,0.24,32.42,0.0,0,1,24.444444,2
5401,8,2,5,1,24.07,0.0,53.58,9.6,0.48,29.16,0.0,0,1,24.444444,2
5402,8,3,5,1,24.07,0.0,54.66,3.7,0.36,19.21,0.0,0,1,24.444444,2
5403,8,4,5,1,24.07,0.0,55.4,10.1,0.72,27.76,0.0,0,1,24.444444,2
5404,8,5,5,1,24.07,0.0,56.43,3.5,1.92,16.41,0.0,0,1,24.444444,2
5405,8,6,5,1,24.07,0.0,58.1,3.9,5.16,18.82,0.0,0,1,24.444444,2
5406,8,7,5,1,24.08,0.0,56.64,11.3,18.12,36.15,41.4766,0,1,24.444444,2
5407,8,8,5,1,24.1,0.03,54.59,7.9,8.28,33.34,190.081,0,1,24.444444,2
5408,8,9,5,1,24.22,0.14,52.74,10.9,6.48,36.92,383.156,0,1,24.444444,2
5409,8,10,5,1,24.28,0.2,51.62,12.2,4.92,39.22,569.397,0,1,24.444444,2
5410,8,11,5,1,24.11,0.04,50.58,9.2,1.32,36.94,695.207,0,1,24.444444,2
5411,8,12,5,1,24.07,0.0,49.32,7.6,0.84,34.65,725.013,0,1,24.444444,2
5412,8,13,5,1,24.07,0.0,47.84,9.2,3.36,37.4,714.911,0,1,24.444444,2
5413,8,14,5,1,24.07,0.0,46.75,9.7,0.72,40.89,702.434,0,1,24.444444,2
5414,8,15,5,1,24.11,0.04,46.02,12.5,4.32,47.8,639.688,0,1,24.444444,2
5415,8,16,5,1,24.08,0.0,45.95,8.1,3.36,45.33,487.446,0,1,24.444444,2
5416,8,17,5,1,24.1,0.02,45.67,10.1,0.96,47.11,323.79,0,1,24.444444,2
5417,8,18,5,1,24.08,0.0,45.47,9.0,0.96,43.2,140.499,0,1,24.444444,2
5418,8,19,5,1,24.08,0.0,45.49,10.8,3.0,39.39,11.9337,0,1,24.444444,2
5419,8,20,5,1,24.07,0.0,45.83,8.5,1.08,32.76,0.0,0,1,24.444444,2
5420,8,21,5,1,24.07,0.0,46.59,10.1,3.48,33.14,0.0,0,1,24.444444,2
5421,8,22,5,1,24.07,0.0,47.63,9.8,0.96,31.11,0.0,0,1,24.444444,2
5422,8,23,5,1,24.07,0.0,49.15,9.0,0.84,28.48,0.0,0,1,24.444444,2
5423,8,24,5,1,24.07,0.0,51.36,10.5,0.12,29.5,0.0,0,1,24.444444,2
5424,8,1,6,1,24.07,0.0,54.64,4.3,0.36,19.59,0.0,0,1,24.444444,2
5425,8,2,6,1,24.07,0.0,57.27,4.1,0.48,18.9,0.0,0,1,24.444444,2
5426,8,3,6,1,24.07,0.0,58.57,3.5,0.0,16.71,0.0,0,1,24.444444,2
5427,8,4,6,1,24.07,0.0,60.03,3.4,0.12,14.84,0.0,0,1,24.444444,2
5428,8,5,6,1,24.05,0.0,61.22,3.6,1.08,13.49,0.0,0,1,24.444444,2
5429,8,6,6,1,24.05,0.0,61.54,4.7,11.04,19.25,0.0,0,1,24.444444,2
5430,8,7,6,1,24.07,0.0,59.86,6.4,11.16,29.62,37.5324,0,1,24.444444,2
5431,8,8,6,1,24.22,0.15,57.94,7.1,5.76,32.29,191.235,0,1,24.444444,2
5432,8,9,6,1,24.43,0.35,55.62,9.1,7.68,35.64,428.97,0,1,24.444444,2
5433,8,10,6,1,24.29,0.21,55.66,4.0,0.72,32.19,599.806,0,1,24.444444,2
5434,8,11,6,1,24.12,0.05,55.56,5.8,1.32,35.3,714.439,0,1,24.444444,2
5435,8,12,6,1,24.07,0.0,54.75,7.0,1.08,37.19,783.47,0,1,24.444444,2
5436,8,13,6,1,24.07,0.0,53.67,7.9,1.2,39.7,813.893,0,1,24.444444,2
5437,8,14,6,1,24.12,0.05,51.68,11.3,3.6,46.51,785.607,0,1,24.444444,2
5438,8,15,6,1,24.19,0.12,50.48,10.1,1.44,49.18,717.336,0,1,24.444444,2
5439,8,16,6,1,24.43,0.35,49.53,8.9,1.56,48.9,615.73,0,1,24.444444,2
5440,8,17,6,1,24.64,0.57,48.82,9.5,1.92,49.5,416.82,0,1,24.444444,2
5441,8,18,6,1,24.62,0.54,49.21,8.8,0.96,49.27,189.305,0,1,24.444444,2
5442,8,19,6,1,24.37,0.3,50.17,9.5,4.08,48.07,7.96453,0,1,24.444444,2
5443,8,20,6,1,24.14,0.07,50.73,11.5,1.2,45.13,0.0,0,1,24.444444,2
5444,8,21,6,1,24.14,0.07,50.88,12.6,1.68,43.82,0.0,0,1,24.444444,2
5445,8,22,6,1,24.09,0.02,51.89,8.7,0.72,37.07,0.0,0,1,24.444444,2
5446,8,23,6,1,24.07,0.0,53.47,7.7,1.08,33.67,0.0,0,1,24.444444,2
5447,8,24,6,1,24.07,0.0,55.53,4.2,1.2,26.54,0.0,0,1,24.444444,2
5448,8,1,7,1,24.07,0.0,58.19,3.2,0.36,23.39,0.0,0,1,24.444444,2
5449,8,2,7,1,24.07,0.0,60.82,5.0,1.32,24.68,0.0,0,1,24.444444,2
5450,8,3,7,1,24.07,0.0,63.24,3.4,0.12,20.91,0.0,0,1,24.444444,2
5451,8,4,7,1,24.07,0.0,65.37,3.7,0.0,21.14,0.0,0,1,24.444444,2
5452,8,5,7,1,24.07,0.0,66.54,4.8,0.48,22.07,0.0,0,1,24.444444,2
5453,8,6,7,1,24.07,0.0,64.8,10.6,0.72,35.31,0.0,0,1,24.444444,2
5454,8,7,7,1,24.09,0.01,63.34,5.8,2.04,33.6,39.324,0,1,24.444444,2
5455,8,8,7,1,24.21,0.14,62.54,4.6,2.52,33.78,192.078,0,1,24.444444,2
5456,8,9,7,1,24.33,0.26,61.64,5.5,1.8,36.5,386.806,0,1,24.444444,2
5457,8,10,7,1,24.32,0.25,60.75,5.1,10.32,37.72,555.614,0,1,24.444444,2
5458,8,11,7,1,24.18,0.1,59.89,4.8,2.64,38.74,693.827,0,1,24.444444,2
5459,8,12,7,1,24.09,0.01,58.91,4.4,4.68,38.97,642.523,0,1,24.444444,2
5460,8,13,7,1,24.07,0.0,58.15,4.3,3.24,39.54,644.229,0,1,24.444444,2
5461,8,14,7,1,24.28,0.2,56.67,11.7,6.72,50.44,684.993,0,1,24.444444,2
5462,8,15,7,1,24.19,0.11,55.97,5.3,12.96,48.98,591.648,0,1,24.444444,2
5463,8,16,7,1,24.21,0.13,54.6,4.9,2.4,49.22,497.496,0,1,24.444444,2
5464,8,17,7,1,24.14,0.07,54.72,4.0,2.52,46.9,296.06,0,1,24.444444,2
5465,8,18,7,1,24.1,0.03,55.7,7.5,3.72,44.72,100.615,0,1,24.444444,2
5466,8,19,7,1,24.07,0.0,57.39,5.5,3.24,36.9,2.532,0,1,24.444444,2
5467,8,20,7,1,24.07,0.0,59.17,5.1,1.44,34.11,0.0,0,1,24.444444,2
5468,8,21,7,1,24.07,0.0,60.26,6.8,1.08,35.75,0.0,0,1,24.444444,2
5469,8,22,7,1,24.07,0.0,61.73,5.9,1.32,32.75,0.0,0,1,24.444444,2
5470,8,23,7,1,24.08,0.0,61.97,11.3,1.08,39.41,0.0,0,1,24.444444,2
5471,8,24,7,1,24.07,0.0,63.47,5.3,1.8,27.88,0.0,0,1,24.444444,2
5472,8,1,1,1,24.07,0.0,66.38,3.6,0.6,24.54,0.0,0,1,24.444444,2
5473,8,2,1,1,24.07,0.0,68.85,3.5,0.48,23.83,0.0,0,1,24.444444,2
5474,8,3,1,1,24.07,0.0,70.86,3.8,0.36,23.44,0.0,0,1,24.444444,2
5475,8,4,1,1,24.07,0.0,72.05,3.8,0.24,22.37,0.0,0,1,24.444444,2
5476,8,5,1,1,24.07,0.0,72.83,3.0,0.12,20.13,0.0,0,1,24.444444,2
5477,8,6,1,1,24.07,0.0,72.85,5.0,0.6,27.4,0.0,0,1,24.444444,2
5478,8,7,1,1,24.1,0.02,70.84,6.1,3.48,36.92,43.43,0,1,24.444444,2
5479,8,8,1,1,24.22,0.15,68.81,4.5,1.56,35.59,189.304,0,1,24.444444,2
5480,8,9,1,1,24.32,0.25,67.16,4.3,7.8,37.44,379.128,0,1,24.444444,2
5481,8,10,1,1,24.25,0.17,65.79,4.2,12.0,37.35,571.204,0,1,24.444444,2
5482,8,11,1,1,24.13,0.06,64.4,8.7,2.88,42.03,633.891,0,1,24.444444,2
5483,8,12,1,1,24.07,0.0,63.48,4.3,2.16,29.79,285.923,0,1,24.444444,2
5484,8,13,1,1,24.07,0.0,61.97,4.1,3.0,28.56,380.047,0,1,24.444444,2
5485,8,14,1,1,24.07,0.0,60.0,9.3,3.12,38.76,521.138,0,1,24.444444,2
5486,8,15,1,1,24.07,0.0,58.82,5.4,2.52,36.34,524.272,0,1,24.444444,2
5487,8,16,1,1,24.07,0.0,58.34,6.2,4.44,41.48,487.263,0,1,24.444444,2
5488,8,17,1,1,24.07,0.0,58.76,5.1,4.56,41.1,324.696,0,1,24.444444,2
5489,8,18,1,1,24.08,0.0,58.7,10.7,5.04,45.11,122.672,0,1,24.444444,2
5490,8,19,1,1,24.07,0.0,58.65,7.4,6.48,33.4,2.97462,0,1,24.444444,2
5491,8,20,1,1,24.07,0.0,59.38,6.3,1.8,28.65,0.0,0,1,24.444444,2
5492,8,21,1,1,24.07,0.0,59.85,7.1,1.68,28.97,0.0,0,1,24.444444,2
5493,8,22,1,1,24.07,0.0,60.55,6.2,0.72,26.48,0.0,0,1,24.444444,2
5494,8,23,1,1,24.07,0.0,62.65,5.0,1.2,23.88,0.0,0,1,24.444444,2
5495,8,24,1,1,24.07,0.0,65.1,4.5,0.96,22.64,0.0,0,1,24.444444,2
5496,8,1,2,1,24.07,0.0,67.35,3.8,1.2,20.82,0.0,0,1,24.444444,2
5497,8,2,2,1,24.07,0.0,69.18,4.8,0.48,22.54,0.0,0,1,24.444444,2
5498,8,3,2,1,24.07,0.0,71.09,3.2,0.12,19.31,0.0,0,1,24.444444,2
5499,8,4,2,1,24.06,0.0,72.94,3.7,2.16,19.62,0.0,0,1,24.444444,2
5500,8,5,2,1,24.06,0.0,74.12,3.8,0.36,19.68,0.0,0,1,24.444444,2
5501,8,6,2,1,24.06,0.0,74.75,3.5,3.48,22.16,0.0,0,1,24.444444,2
5502,8,7,2,1,24.08,0.01,72.54,6.1,14.76,35.45,42.6544,0,1,24.444444,2
5503,8,8,2,1,24.2,0.13,70.09,4.9,12.84,35.31,187.97,0,1,24.444444,2
5504,8,9,2,1,24.34,0.27,67.58,5.0,6.96,37.37,397.806,0,1,24.444444,2
5505,8,10,2,1,24.28,0.21,66.01,4.3,1.8,37.95,536.278,0,1,24.444444,2
5506,8,11,2,1,24.11,0.04,64.2,4.5,2.64,37.04,620.66,0,1,24.444444,2
5507,8,12,2,1,24.07,0.0,61.85,4.2,2.88,34.97,608.733,0,1,24.444444,2
5508,8,13,2,1,24.08,0.0,60.85,6.9,2.16,42.36,692.776,0,1,24.444444,2
5509,8,14,2,1,24.21,0.13,59.06,11.0,3.36,50.35,687.206,0,1,24.444444,2
5510,8,15,2,1,24.25,0.18,56.75,10.5,2.04,52.12,607.127,0,1,24.444444,2
5511,8,16,2,1,24.12,0.04,56.13,4.7,2.04,46.06,417.491,0,1,24.444444,2
5512,8,17,2,1,24.08,0.0,56.12,5.0,1.68,44.69,276.927,0,1,24.444444,2
5513,8,18,2,1,24.07,0.0,56.66,4.3,6.0,42.0,122.39,0,1,24.444444,2
5514,8,19,2,1,24.09,0.02,57.15,9.0,3.48,43.6,3.77601,0,1,24.444444,2
5515,8,20,2,1,24.08,0.01,58.12,8.4,2.88,39.19,0.0,0,1,24.444444,2
5516,8,21,2,1,24.08,0.01,59.06,10.1,2.88,40.03,0.0,0,1,24.444444,2
5517,8,22,2,1,24.08,0.0,60.06,9.3,1.32,37.13,0.0,0,1,24.444444,2
5518,8,23,2,1,24.07,0.0,61.67,5.8,0.72,29.97,0.0,0,1,24.444444,2
5519,8,24,2,1,24.07,0.0,64.06,4.5,2.64,27.08,0.0,0,1,24.444444,2
5520,8,1,3,1,24.07,0.0,65.74,4.3,0.36,25.77,0.0,0,1,24.444444,2
5521,8,2,3,1,24.07,0.0,67.43,3.2,0.6,22.34,0.0,0,1,24.444444,2
5522,8,3,3,1,24.07,0.0,69.04,3.9,0.12,22.28,0.0,0,1,24.444444,2
5523,8,4,3,1,24.07,0.0,70.78,3.3,0.6,20.77,0.0,0,1,24.444444,2
5524,8,5,3,1,24.07,0.0,72.01,3.4,1.08,20.6,0.0,0,1,24.444444,2
5525,8,6,3,1,24.07,0.0,70.86,7.2,2.16,28.8,0.0,0,1,24.444444,2
5526,8,7,3,1,24.08,0.0,68.12,7.5,15.24,35.33,42.4812,0,1,24.444444,2
5527,8,8,3,1,24.13,0.06,66.55,4.0,2.64,33.3,187.77,0,1,24.444444,2
5528,8,9,3,1,24.34,0.26,63.8,8.1,5.76,40.08,379.309,0,1,24.444444,2
5529,8,10,3,1,24.32,0.25,61.9,5.9,3.12,38.82,544.632,0,1,24.444444,2
5530,8,11,3,1,24.14,0.07,60.76,4.0,2.52,37.42,666.573,0,1,24.444444,2
5531,8,12,3,1,24.08,0.0,59.05,7.8,1.44,38.2,768.674,0,1,24.444444,2
5532,8,13,3,1,24.07,0.0,58.11,5.5,0.96,36.64,824.309,0,1,24.444444,2
5533,8,14,3,1,24.09,0.01,57.68,9.7,3.6,44.32,640.687,0,1,24.444444,2
5534,8,15,3,1,24.07,0.0,56.78,9.2,4.68,44.57,584.802,0,1,24.444444,2
5535,8,16,3,1,24.07,0.0,56.89,3.7,1.44,38.52,468.744,0,1,24.444444,2
5536,8,17,3,1,24.08,0.0,56.76,8.5,0.84,46.42,341.983,0,1,24.444444,2
5537,8,18,3,1,24.07,0.0,57.55,4.3,2.76,37.02,122.364,0,1,24.444444,2
5538,8,19,3,1,24.07,0.0,58.95,6.6,1.56,35.48,0.987808,0,1,24.444444,2
5539,8,20,3,1,24.07,0.0,60.2,7.5,2.04,34.9,0.0,0,1,24.444444,2
5540,8,21,3,1,24.07,0.0,60.17,10.1,3.36,37.65,0.0,0,1,24.444444,2
5541,8,22,3,1,24.07,0.0,60.31,7.7,1.56,32.04,0.0,0,1,24.444444,2
5542,8,23,3,1,24.07,0.0,61.6,5.0,1.44,26.7,0.0,0,1,24.444444,2
5543,8,24,3,1,24.07,0.0,63.46,3.9,0.36,23.8,0.0,0,1,24.444444,2
5544,8,1,4,1,24.07,0.0,65.45,3.7,0.6,22.08,0.0,0,1,24.444444,2
5545,8,2,4,1,24.07,0.0,67.38,3.0,0.24,19.65,0.0,0,1,24.444444,2
5546,8,3,4,1,24.07,0.0,68.69,4.8,0.36,22.17,0.0,0,1,24.444444,2
5547,8,4,4,1,24.07,0.0,69.57,4.5,0.0,20.87,0.0,0,1,24.444444,2
5548,8,5,4,1,24.07,0.0,70.42,3.9,1.68,18.95,0.0,0,1,24.444444,2
5549,8,6,4,1,24.06,0.0,71.57,3.0,6.24,17.47,0.0,0,1,24.444444,2
5550,8,7,4,1,24.07,0.0,70.89,7.9,8.76,30.88,39.2498,0,1,24.444444,2
5551,8,8,4,1,24.07,0.0,68.88,7.0,2.52,34.03,151.797,0,1,24.444444,2
5552,8,9,4,1,24.08,0.0,65.41,9.1,2.16,41.48,299.336,0,1,24.444444,2
5553,8,10,4,1,24.07,0.0,63.92,3.9,3.96,35.43,416.225,0,1,24.444444,2
5554,8,11,4,1,24.07,0.0,63.23,3.3,0.6,35.53,515.443,0,1,24.444444,2
5555,8,12,4,1,24.08,0.01,62.04,7.7,4.44,42.66,610.75,0,1,24.444444,2
5556,8,13,4,1,24.12,0.05,60.95,9.2,2.04,46.22,676.314,0,1,24.444444,2
5557,8,14,4,1,24.15,0.07,59.63,10.1,0.72,48.24,527.842,0,1,24.444444,2
5558,8,15,4,1,24.1,0.03,57.13,9.0,1.2,47.39,485.026,0,1,24.444444,2
5559,8,16,4,1,24.09,0.01,55.8,8.3,0.96,46.05,377.189,0,1,24.444444,2
5560,8,17,4,1,24.08,0.01,55.22,8.7,1.08,46.69,281.0,0,1,24.444444,2
5561,8,18,4,1,24.09,0.02,55.12,9.9,3.96,45.56,115.617,0,1,24.444444,2
5562,8,19,4,1,24.08,0.0,55.75,8.9,1.44,39.06,2.64173,0,1,24.444444,2
5563,8,20,4,1,24.07,0.0,56.69,9.4,3.6,36.09,0.0,0,1,24.444444,2
5564,8,21,4,1,24.07,0.0,57.24,9.9,1.92,35.54,0.0,0,1,24.444444,2
5565,8,22,4,1,24.07,0.0,56.89,12.4,0.84,36.93,0.0,0,1,24.444444,2
5566,8,23,4,1,24.07,0.0,58.21,4.7,1.56,23.32,0.0,0,1,24.444444,2
5567,8,24,4,1,24.07,0.0,60.55,4.3,0.84,21.51,0.0,0,1,24.444444,2
5568,8,1,5,1,24.07,0.0,60.93,11.2,0.48,31.25,0.0,0,1,24.444444,2
5569,8,2,5,1,24.07,0.0,60.84,9.4,0.12,26.65,0.0,0,1,24.444444,2
5570,8,3,5,1,24.07,0.0,63.54,3.4,0.12,16.58,0.0,0,1,24.444444,2
5571,8,4,5,1,24.07,0.0,64.65,11.2,0.36,29.22,0.0,0,1,24.444444,2
5572,8,5,5,1,24.05,0.0,66.41,2.9,2.04,13.84,0.0,0,1,24.444444,2
5573,8,6,5,1,24.07,0.0,66.17,11.4,6.84,28.93,0.0,0,1,24.444444,2
5574,8,7,5,1,24.07,0.0,65.18,9.7,14.16,29.71,39.5658,0,1,24.444444,2
5575,8,8,5,1,24.07,0.0,64.99,7.3,13.2,30.91,151.038,0,1,24.444444,2
5576,8,9,5,1,24.08,0.0,63.3,10.2,5.4,40.35,284.321,0,1,24.444444,2
5577,8,10,5,1,24.07,0.0,62.5,4.1,0.84,34.38,424.977,0,1,24.444444,2
5578,8,11,5,1,24.15,0.08,60.69,10.9,1.2,45.39,526.21,0,1,24.444444,2
5579,8,12,5,1,24.09,0.02,59.85,7.1,1.08,40.87,619.699,0,1,24.444444,2
5580,8,13,5,1,24.12,0.05,59.05,9.3,1.44,45.18,635.35,0,1,24.444444,2
5581,8,14,5,1,24.16,0.09,58.08,9.8,1.2,46.47,635.395,0,1,24.444444,2
5582,8,15,5,1,24.12,0.05,57.06,9.1,0.96,45.63,516.415,0,1,24.444444,2
5583,8,16,5,1,24.08,0.01,55.3,10.8,1.32,43.91,328.284,0,1,24.444444,2
5584,8,17,5,1,24.07,0.0,55.46,9.0,3.84,38.51,174.853,0,1,24.444444,2
5585,8,18,5,1,24.07,0.0,56.38,9.7,2.16,39.61,113.567,0,1,24.444444,2
5586,8,19,5,1,24.07,0.0,57.41,9.4,1.56,33.85,0.0,0,1,24.444444,2
5587,8,20,5,1,24.07,0.0,58.59,8.2,2.28,29.53,0.0,0,1,24.444444,2
5588,8,21,5,1,24.07,0.0,59.28,9.0,2.4,30.04,0.0,0,1,24.444444,2
5589,8,22,5,1,24.07,0.0,58.88,11.8,1.08,33.09,0.0,0,1,24.444444,2
5590,8,23,5,1,24.07,0.0,59.48,9.0,0.84,27.53,0.0,0,1,24.444444,2
5591,8,24,5,1,24.07,0.0,60.44,12.5,0.6,32.37,0.0,0,1,24.444444,2
5592,8,1,6,1,24.07,0.0,62.79,4.2,0.36,18.14,0.0,0,1,24.444444,2
5593,8,2,6,1,24.07,0.0,66.11,4.1,0.48,17.01,0.0,0,1,24.444444,2
5594,8,3,6,1,24.06,0.0,67.99,3.6,0.24,15.3,0.0,0,1,24.444444,2
5595,8,4,6,1,24.05,0.0,69.38,3.6,0.6,14.93,0.0,0,1,24.444444,2
5596,8,5,6,1,24.05,0.0,70.38,4.6,1.08,16.18,0.0,0,1,24.444444,2
5597,8,6,6,1,24.03,0.0,71.78,3.3,4.32,14.65,0.0,0,1,24.444444,2
5598,8,7,6,1,24.06,0.0,70.82,8.4,11.28,29.05,42.067,0,1,24.444444,2
5599,8,8,6,1,24.09,0.01,68.08,9.2,6.84,36.8,174.021,0,1,24.444444,2
5600,8,9,6,1,24.18,0.11,65.06,7.2,5.04,36.79,354.261,0,1,24.444444,2
5601,8,10,6,1,24.26,0.18,62.31,8.5,1.08,39.86,562.6,0,1,24.444444,2
5602,8,11,6,1,24.1,0.02,62.05,4.1,3.36,35.24,708.604,0,1,24.444444,2
5603,8,12,6,1,24.08,0.0,61.03,7.5,1.44,40.68,778.349,0,1,24.444444,2
5604,8,13,6,1,24.09,0.01,59.57,8.0,3.36,42.57,820.722,0,1,24.444444,2
5605,8,14,6,1,24.18,0.11,57.35,10.9,3.24,49.52,782.771,0,1,24.444444,2
5606,8,15,6,1,24.33,0.25,53.63,9.8,1.8,50.5,698.455,0,1,24.444444,2
5607,8,16,6,1,24.6,0.52,49.99,9.0,1.32,49.08,557.027,0,1,24.444444,2
5608,8,17,6,1,24.82,0.74,47.85,9.6,1.92,48.92,397.104,0,1,24.444444,2
5609,8,18,6,1,24.77,0.7,47.6,8.3,1.92,48.36,182.668,0,1,24.444444,2
5610,8,19,6,1,24.41,0.34,48.87,9.1,3.12,47.88,1.6765,0,1,24.444444,2
5611,8,20,6,1,24.14,0.07,49.75,9.5,1.08,43.88,0.0,0,1,24.444444,2
5612,8,21,6,1,24.16,0.09,50.12,13.6,1.08,45.19,0.0,0,1,24.444444,2
5613,8,22,6,1,24.1,0.03,51.61,8.3,1.2,37.17,0.0,0,1,24.444444,2
5614,8,23,6,1,24.07,0.0,54.57,4.6,0.72,30.6,0.0,0,1,24.444444,2
5615,8,24,6,1,24.07,0.0,57.6,7.3,1.08,33.39,0.0,0,1,24.444444,2
5616,8,1,7,1,24.07,0.0,61.29,3.8,0.72,26.54,0.0,0,1,24.444444,2
5617,8,2,7,1,24.07,0.0,63.92,6.3,2.4,29.52,0.0,0,1,24.444444,2
5618,8,3,7,1,24.07,0.0,65.1,6.4,0.48,27.73,0.0,0,1,24.444444,2
5619,8,4,7,1,24.07,0.0,67.13,3.4,0.12,20.95,0.0,0,1,24.444444,2
5620,8,5,7,1,24.07,0.0,69.54,3.5,0.96,20.52,0.0,0,1,24.444444,2
5621,8,6,7,1,24.07,0.0,71.16,3.7,1.32,23.36,0.0,0,1,24.444444,2
5622,8,7,7,1,24.08,0.01,70.39,4.2,6.0,33.65,38.2426,0,1,24.444444,2
5623,8,8,7,1,24.24,0.16,67.53,5.8,3.6,37.98,188.209,0,1,24.444444,2
5624,8,9,7,1,24.32,0.25,65.6,3.6,5.52,36.08,388.288,0,1,24.444444,2
5625,8,10,7,1,24.34,0.27,63.83,4.8,6.12,39.18,559.095,0,1,24.444444,2
5626,8,11,7,1,24.21,0.13,62.76,4.3,8.52,40.01,705.192,0,1,24.444444,2
5627,8,12,7,1,24.12,0.04,61.71,5.1,4.32,41.97,786.345,0,1,24.444444,2
5628,8,13,7,1,24.11,0.04,60.5,4.0,1.56,41.96,786.368,0,1,24.444444,2
5629,8,14,7,1,24.4,0.33,56.29,11.3,3.72,50.62,762.135,0,1,24.444444,2
5630,8,15,7,1,24.24,0.17,54.24,3.9,4.2,48.41,715.963,0,1,24.444444,2
5631,8,16,7,1,24.43,0.36,51.84,4.0,1.68,47.79,583.902,0,1,24.444444,2
5632,8,17,7,1,24.63,0.56,50.0,5.2,1.8,48.12,402.777,0,1,24.444444,2
5633,8,18,7,1,24.6,0.53,50.61,5.0,1.44,48.18,175.001,0,1,24.444444,2
5634,8,19,7,1,24.3,0.23,52.23,6.3,3.0,47.37,1.12971,0,1,24.444444,2
5635,8,20,7,1,24.11,0.04,52.98,5.8,2.76,42.11,0.0,0,1,24.444444,2
5636,8,21,7,1,24.1,0.02,53.64,6.9,2.4,40.13,0.0,0,1,24.444444,2
5637,8,22,7,1,24.08,0.0,55.24,5.9,1.56,36.12,0.0,0,1,24.444444,2
5638,8,23,7,1,24.07,0.0,56.73,4.5,2.88,31.85,0.0,0,1,24.444444,2
5639,8,24,7,1,24.07,0.0,58.99,3.6,0.6,29.0,0.0,0,1,24.444444,2
5640,8,1,1,1,24.07,0.0,62.15,3.4,0.48,27.43,0.0,0,1,24.444444,2
5641,8,2,1,1,24.07,0.0,64.82,3.2,0.6,25.27,0.0,0,1,24.444444,2
5642,8,3,1,1,24.07,0.0,66.73,3.6,0.48,23.98,0.0,0,1,24.444444,2
5643,8,4,1,1,24.07,0.0,68.43,3.6,0.48,22.94,0.0,0,1,24.444444,2
5644,8,5,1,1,24.07,0.0,70.03,4.4,0.6,23.91,0.0,0,1,24.444444,2
5645,8,6,1,1,24.07,0.0,70.75,3.8,1.08,24.0,0.0,0,1,24.444444,2
5646,8,7,1,1,24.07,0.0,69.99,4.7,3.84,32.72,41.9426,0,1,24.444444,2
5647,8,8,1,1,24.09,0.01,68.22,4.3,2.28,36.34,178.736,0,1,24.444444,2
5648,8,9,1,1,24.12,0.05,66.18,4.2,5.88,37.58,336.745,0,1,24.444444,2
5649,8,10,1,1,24.13,0.05,64.33,4.0,8.16,38.65,488.61,0,1,24.444444,2
5650,8,11,1,1,24.17,0.09,61.33,8.6,8.16,44.88,581.247,0,1,24.444444,2
5651,8,12,1,1,24.1,0.03,59.62,5.3,1.8,41.81,671.58,0,1,24.444444,2
5652,8,13,1,1,24.12,0.05,57.61,5.6,1.56,43.26,691.269,0,1,24.444444,2
5653,8,14,1,1,24.44,0.37,54.81,12.8,2.88,50.68,626.913,0,1,24.444444,2
5654,8,15,1,1,24.29,0.22,54.53,6.7,2.16,49.54,544.298,0,1,24.444444,2
5655,8,16,1,1,24.24,0.16,54.01,4.9,3.24,49.01,424.741,0,1,24.444444,2
5656,8,17,1,1,24.21,0.14,53.79,3.9,2.88,48.05,283.431,0,1,24.444444,2
5657,8,18,1,1,24.36,0.29,52.75,9.7,6.36,50.65,118.609,0,1,24.444444,2
5658,8,19,1,1,24.23,0.15,53.12,6.9,3.0,44.15,0.0820777,0,1,24.444444,2
5659,8,20,1,1,24.14,0.06,54.17,5.8,2.04,40.02,0.0,0,1,24.444444,2
5660,8,21,1,1,24.12,0.04,55.37,7.0,1.68,40.25,0.0,0,1,24.444444,2
5661,8,22,1,1,24.13,0.05,56.64,8.9,1.08,41.79,0.0,0,1,24.444444,2
5662,8,23,1,1,24.09,0.01,58.29,4.4,1.8,34.67,0.0,0,1,24.444444,2
5663,8,24,1,1,24.08,0.0,59.34,5.0,0.24,34.3,0.0,0,1,24.444444,2
5664,8,1,2,1,24.07,0.0,60.06,5.1,0.96,32.4,0.0,0,1,24.444444,2
5665,8,2,2,1,24.07,0.0,61.67,3.3,0.12,28.21,0.0,0,1,24.444444,2
5666,8,3,2,1,24.07,0.0,62.47,4.8,0.24,29.3,0.0,0,1,24.444444,2
5667,8,4,2,1,24.07,0.0,63.23,3.4,0.48,25.66,0.0,0,1,24.444444,2
5668,8,5,2,1,24.07,0.0,64.9,3.2,1.2,24.49,0.0,0,1,24.444444,2
5669,8,6,2,1,24.07,0.0,66.54,4.4,2.52,28.01,0.0,0,1,24.444444,2
5670,8,7,2,1,24.07,0.0,66.39,4.8,19.92,32.23,43.0583,0,1,24.444444,2
5671,8,8,2,1,24.07,0.0,65.87,5.0,7.92,34.6,165.792,0,1,24.444444,2
5672,8,9,2,1,24.07,0.0,64.69,6.9,5.28,40.59,296.147,0,1,24.444444,2
5673,8,10,2,1,24.07,0.0,63.75,6.6,1.32,41.52,399.322,0,1,24.444444,2
5674,8,11,2,1,24.07,0.0,63.33,4.0,2.4,37.9,439.169,0,1,24.444444,2
5675,8,12,2,1,24.07,0.0,62.68,4.6,2.28,40.97,511.319,0,1,24.444444,2
5676,8,13,2,1,24.09,0.02,60.84,6.9,3.84,44.41,589.557,0,1,24.444444,2
5677,8,14,2,1,24.24,0.17,57.69,12.9,1.32,50.9,563.757,0,1,24.444444,2
5678,8,15,2,1,24.2,0.13,56.12,10.2,2.04,49.78,485.397,0,1,24.444444,2
5679,8,16,2,1,24.09,0.02,55.76,4.8,1.68,44.52,415.854,0,1,24.444444,2
5680,8,17,2,1,24.12,0.04,54.95,9.8,2.16,49.61,274.979,0,1,24.444444,2
5681,8,18,2,1,24.08,0.0,54.77,4.1,1.32,39.17,112.149,0,1,24.444444,2
5682,8,19,2,1,24.08,0.01,54.79,9.5,2.76,40.37,0.0,0,1,24.444444,2
5683,8,20,2,1,24.08,0.0,55.43,8.0,2.52,35.88,0.0,0,1,24.444444,2
5684,8,21,2,1,24.07,0.0,56.39,9.8,2.16,36.41,0.0,0,1,24.444444,2
5685,8,22,2,1,24.07,0.0,57.22,8.7,2.52,33.56,0.0,0,1,24.444444,2
5686,8,23,2,1,24.07,0.0,59.49,6.0,1.2,27.99,0.0,0,1,24.444444,2
5687,8,24,2,1,24.07,0.0,63.8,3.4,0.72,21.54,0.0,0,1,24.444444,2
5688,8,1,3,1,24.07,0.0,66.4,3.5,0.24,19.42,0.0,0,1,24.444444,2
5689,8,2,3,1,24.07,0.0,68.27,3.2,0.36,18.31,0.0,0,1,24.444444,2
5690,8,3,3,1,24.07,0.0,69.67,3.4,0.24,19.29,0.0,0,1,24.444444,2
5691,8,4,3,1,24.07,0.0,71.05,3.2,0.24,18.9,0.0,0,1,24.444444,2
5692,8,5,3,1,24.06,0.0,71.31,4.0,1.2,19.85,0.0,0,1,24.444444,2
5693,8,6,3,1,24.06,0.0,71.08,3.7,2.88,20.61,0.0,0,1,24.444444,2
5694,8,7,3,1,24.07,0.0,69.23,6.4,13.32,30.42,42.1114,0,1,24.444444,2
5695,8,8,3,1,24.07,0.0,67.42,4.1,3.24,28.55,174.705,0,1,24.444444,2
5696,8,9,3,1,24.08,0.01,65.34,7.9,3.12,38.41,351.209,0,1,24.444444,2
5697,8,10,3,1,24.08,0.0,63.66,4.0,2.52,34.73,495.416,0,1,24.444444,2
5698,8,11,3,1,24.07,0.0,62.59,3.9,2.28,34.15,587.23,0,1,24.444444,2
5699,8,12,3,1,24.07,0.0,61.19,5.1,3.12,35.55,653.222,0,1,24.444444,2
5700,8,13,3,1,24.09,0.02,58.42,9.6,3.12,43.97,678.771,0,1,24.444444,2
5701,8,14,3,1,24.11,0.03,55.35,10.0,2.52,46.13,635.842,0,1,24.444444,2
5702,8,15,3,1,24.09,0.02,53.23,9.2,3.24,45.41,502.071,0,1,24.444444,2
5703,8,16,3,1,24.07,0.0,52.86,4.1,0.96,37.44,338.451,0,1,24.444444,2
5704,8,17,3,1,24.08,0.0,52.73,8.8,0.72,42.23,214.411,0,1,24.444444,2
5705,8,18,3,1,24.07,0.0,53.45,4.0,1.8,32.94,66.5603,0,1,24.444444,2
5706,8,19,3,1,24.07,0.0,54.51,7.2,4.68,34.4,0.0,0,1,24.444444,2
5707,8,20,3,1,24.07,0.0,54.98,8.6,5.16,34.74,0.0,0,1,24.444444,2
5708,8,21,3,1,24.07,0.0,56.05,7.2,1.68,31.69,0.0,0,1,24.444444,2
5709,8,22,3,1,24.07,0.0,57.1,8.3,1.08,31.84,0.0,0,1,24.444444,2
5710,8,23,3,1,24.07,0.0,58.41,4.9,1.32,25.2,0.0,0,1,24.444444,2
5711,8,24,3,1,24.07,0.0,60.61,3.8,0.0,23.03,0.0,0,1,24.444444,2
5712,8,1,4,1,24.07,0.0,62.96,2.6,2.28,20.24,0.0,0,1,24.444444,2
5713,8,2,4,1,24.07,0.0,65.04,4.9,0.24,23.57,0.0,0,1,24.444444,2
5714,8,3,4,1,24.07,0.0,66.54,3.4,0.36,20.26,0.0,0,1,24.444444,2
5715,8,4,4,1,24.07,0.0,68.31,3.0,0.84,19.27,0.0,0,1,24.444444,2
5716,8,5,4,1,24.07,0.0,70.1,3.5,0.84,20.26,0.0,0,1,24.444444,2
5717,8,6,4,1,24.07,0.0,71.46,3.7,4.92,23.21,0.0,0,1,24.444444,2
5718,8,7,4,1,24.07,0.0,69.25,7.7,10.8,36.73,41.2262,0,1,24.444444,2
5719,8,8,4,1,24.11,0.03,65.68,9.5,4.68,41.0,176.437,0,1,24.444444,2
5720,8,9,4,1,24.14,0.07,62.62,8.0,2.88,39.56,347.17,0,1,24.444444,2
5721,8,10,4,1,24.08,0.0,61.88,3.6,2.4,34.61,470.327,0,1,24.444444,2
5722,8,11,4,1,24.07,0.0,61.0,6.8,5.16,40.53,579.963,0,1,24.444444,2
5723,8,12,4,1,24.08,0.0,59.16,7.2,3.48,40.82,632.688,0,1,24.444444,2
5724,8,13,4,1,24.09,0.02,57.57,8.7,1.56,43.55,659.744,0,1,24.444444,2
5725,8,14,4,1,24.13,0.06,56.2,9.9,2.16,47.38,613.63,0,1,24.444444,2
5726,8,15,4,1,24.13,0.05,55.25,9.2,1.2,47.96,513.706,0,1,24.444444,2
5727,8,16,4,1,24.1,0.02,55.24,8.4,1.44,46.37,365.468,0,1,24.444444,2
5728,8,17,4,1,24.09,0.02,55.18,9.1,2.16,46.12,232.621,0,1,24.444444,2
5729,8,18,4,1,24.09,0.02,55.58,9.1,2.76,44.44,102.193,0,1,24.444444,2
5730,8,19,4,1,24.09,0.01,56.88,9.1,1.56,39.94,0.0,0,1,24.444444,2
5731,8,20,4,1,24.14,0.07,57.1,14.1,5.16,44.52,0.0,0,1,24.444444,2
5732,8,21,4,1,24.11,0.03,57.78,11.9,1.68,40.81,0.0,0,1,24.444444,2
5733,8,22,4,1,24.09,0.02,58.71,10.8,0.96,37.94,0.0,0,1,24.444444,2
5734,8,23,4,1,24.07,0.0,60.05,7.2,2.4,31.2,0.0,0,1,24.444444,2
5735,8,24,4,1,24.07,0.0,62.2,4.2,0.72,25.15,0.0,0,1,24.444444,2
5736,8,1,5,1,24.07,0.0,62.66,10.9,0.48,35.33,0.0,0,1,24.444444,2
5737,8,2,5,1,24.07,0.0,61.6,10.0,0.24,31.94,0.0,0,1,24.444444,2
5738,8,3,5,1,24.07,0.0,61.66,9.6,0.36,30.17,0.0,0,1,24.444444,2
5739,8,4,5,1,24.07,0.0,62.14,9.5,0.36,28.67,0.0,0,1,24.444444,2
5740,8,5,5,1,24.07,0.0,64.41,3.3,2.04,18.05,0.0,0,1,24.444444,2
5741,8,6,5,1,24.07,0.0,65.35,10.0,3.72,30.46,0.0,0,1,24.444444,2
5742,8,7,5,1,24.07,0.0,64.43,10.2,16.32,32.11,31.7578,0,1,24.444444,2
5743,8,8,5,1,24.07,0.0,64.1,7.2,10.92,29.99,133.923,0,1,24.444444,2
5744,8,9,5,1,24.07,0.0,62.86,10.3,5.28,40.44,268.007,0,1,24.444444,2
5745,8,10,5,1,24.07,0.0,61.53,4.0,3.24,33.85,414.4,0,1,24.444444,2
5746,8,11,5,1,24.07,0.0,59.25,8.8,4.2,41.6,516.105,0,1,24.444444,2
5747,8,12,5,1,24.1,0.02,56.77,11.1,0.96,43.46,608.651,0,1,24.444444,2
5748,8,13,5,1,24.1,0.03,54.71,9.1,1.68,42.11,655.118,0,1,24.444444,2
5749,8,14,5,1,24.11,0.04,53.28,9.6,2.52,45.32,590.097,0,1,24.444444,2
5750,8,15,5,1,24.12,0.05,52.22,9.4,2.64,48.09,558.158,0,1,24.444444,2
5751,8,16,5,1,24.12,0.04,51.52,8.0,0.48,47.86,422.496,0,1,24.444444,2
5752,8,17,5,1,24.15,0.07,51.7,9.2,1.44,48.78,273.636,0,1,24.444444,2
5753,8,18,5,1,24.12,0.05,52.84,8.5,2.88,45.8,103.42,0,1,24.444444,2
5754,8,19,5,1,24.12,0.05,54.0,10.2,1.56,42.51,0.0,0,1,24.444444,2
5755,8,20,5,1,24.1,0.03,54.66,10.3,1.8,40.07,0.0,0,1,24.444444,2
5756,8,21,5,1,24.08,0.01,55.51,8.2,1.2,35.53,0.0,0,1,24.444444,2
5757,8,22,5,1,24.17,0.1,55.53,16.8,1.08,44.87,0.0,0,1,24.444444,2
5758,8,23,5,1,24.08,0.01,57.13,8.6,0.96,32.96,0.0,0,1,24.444444,2
5759,8,24,5,1,24.07,0.0,58.77,9.9,0.24,33.44,0.0,0,1,24.444444,2
5760,8,1,6,1,24.07,0.0,60.21,4.0,0.12,22.58,0.0,0,1,24.444444,2
5761,8,2,6,1,24.07,0.0,62.33,3.2,0.6,19.52,0.0,0,1,24.444444,2
5762,8,3,6,1,24.07,0.0,64.77,3.5,0.36,19.12,0.0,0,1,24.444444,2
5763,8,4,6,1,24.07,0.0,66.61,3.1,0.72,18.06,0.0,0,1,24.444444,2
5764,8,5,6,1,24.07,0.0,68.01,3.3,0.6,18.06,0.0,0,1,24.444444,2
5765,8,6,6,1,24.06,0.0,68.74,3.2,12.0,18.35,0.0,0,1,24.444444,2
5766,8,7,6,1,24.07,0.0,67.25,9.6,17.04,32.57,32.9772,0,1,24.444444,2
5767,8,8,6,1,24.07,0.0,65.49,7.8,7.8,32.6,141.944,0,1,24.444444,2
5768,8,9,6,1,24.07,0.0,64.33,6.4,6.96,33.22,230.379,0,1,24.444444,2
5769,8,10,6,1,24.07,0.0,62.72,7.7,1.56,38.42,327.09,0,1,24.444444,2
5770,8,11,6,1,24.07,0.0,61.78,4.8,2.64,34.03,387.89,0,1,24.444444,2
5771,8,12,6,1,24.07,0.0,60.75,8.0,0.84,38.64,431.183,0,1,24.444444,2
5772,8,13,6,1,24.07,0.0,60.2,7.4,1.2,34.17,297.825,0,1,24.444444,2
5773,8,14,6,1,24.07,0.0,58.93,10.1,2.52,37.9,327.983,0,1,24.444444,2
5774,8,15,6,1,24.07,0.0,58.1,9.5,1.32,37.98,299.57,0,1,24.444444,2
5775,8,16,6,1,24.07,0.0,58.14,8.5,1.8,36.63,275.41,0,1,24.444444,2
5776,8,17,6,1,24.07,0.0,58.34,9.7,3.36,37.09,163.782,0,1,24.444444,2
5777,8,18,6,1,24.07,0.0,59.16,8.9,0.72,34.15,52.0658,0,1,24.444444,2
5778,8,19,6,1,24.07,0.0,59.36,12.7,1.92,37.52,0.0,0,1,24.444444,2
5779,8,20,6,1,24.07,0.0,60.36,9.1,1.08,31.08,0.0,0,1,24.444444,2
5780,8,21,6,1,24.07,0.0,61.06,12.2,1.56,35.92,0.0,0,1,24.444444,2
5781,8,22,6,1,24.07,0.0,61.56,10.1,1.2,30.74,0.0,0,1,24.444444,2
5782,8,23,6,1,24.07,0.0,62.51,5.2,0.6,21.16,0.0,0,1,24.444444,2
5783,8,24,6,1,24.07,0.0,64.22,4.7,3.12,20.07,0.0,0,1,24.444444,2
5784,8,1,7,1,24.07,0.0,66.52,3.9,0.36,18.6,0.0,0,1,24.444444,2
5785,8,2,7,1,24.07,0.0,68.9,3.5,0.6,18.12,0.0,0,1,24.444444,2
5786,8,3,7,1,24.06,0.0,71.31,3.2,0.36,17.92,0.0,0,1,24.444444,2
5787,8,4,7,1,24.06,0.0,72.69,3.7,0.6,19.12,0.0,0,1,24.444444,2
5788,8,5,7,1,24.06,0.0,72.93,5.1,1.08,21.74,0.0,0,1,24.444444,2
5789,8,6,7,1,24.06,0.0,73.7,3.7,1.08,19.42,0.0,0,1,24.444444,2
5790,8,7,7,1,24.06,0.0,74.38,3.9,7.08,22.7,29.8988,0,1,24.444444,2
5791,8,8,7,1,24.07,0.0,73.55,5.0,6.48,26.85,137.728,0,1,24.444444,2
5792,8,9,7,1,24.07,0.0,71.46,5.0,1.8,27.03,239.974,0,1,24.444444,2
5793,8,10,7,1,24.07,0.0,69.03,5.0,5.52,24.12,310.757,0,1,24.444444,2
5794,8,11,7,1,24.07,0.0,67.61,4.4,10.8,23.11,385.921,0,1,24.444444,2
5795,8,12,7,1,24.07,0.0,66.32,4.5,2.16,22.14,490.309,0,1,24.444444,2
5796,8,13,7,1,24.07,0.0,65.14,5.9,2.16,24.65,591.848,0,1,24.444444,2
5797,8,14,7,1,24.07,0.0,63.1,11.2,5.4,35.5,499.534,0,1,24.444444,2
5798,8,15,7,1,24.07,0.0,62.15,4.8,4.08,25.68,423.757,0,1,24.444444,2
5799,8,16,7,1,24.07,0.0,62.66,4.0,3.72,25.99,329.223,0,1,24.444444,2
5800,8,17,7,1,24.07,0.0,62.96,6.3,4.44,28.59,219.847,0,1,24.444444,2
5801,8,18,7,1,24.07,0.0,63.61,5.0,7.68,24.41,55.2645,0,1,24.444444,2
5802,8,19,7,1,24.07,0.0,64.15,8.0,2.76,27.46,0.0,0,1,24.444444,2
5803,8,20,7,1,24.07,0.0,65.93,4.5,3.12,19.64,0.0,0,1,24.444444,2
5804,8,21,7,1,24.07,0.0,66.75,6.2,1.44,21.27,0.0,0,1,24.444444,2
5805,8,22,7,1,24.07,0.0,64.81,13.8,0.6,33.19,0.0,0,1,24.444444,2
5806,8,23,7,1,24.07,0.0,65.03,5.1,0.72,16.54,0.0,0,1,24.444444,2
5807,8,24,7,1,24.06,0.0,67.95,4.8,0.72,16.03,0.0,0,1,24.444444,2
5808,8,1,1,1,24.04,0.0,70.33,3.4,0.72,13.45,0.0,0,1,24.444444,2
5809,8,2,1,1,24.02,0.0,71.82,3.2,0.48,12.72,0.0,0,1,24.444444,2
5810,8,3,1,1,24.0,0.0,73.66,3.2,0.48,12.36,0.0,0,1,24.444444,2
5811,8,4,1,1,23.99,0.0,75.0,3.5,0.48,12.27,0.0,0,1,24.444444,2
5812,8,5,1,1,23.98,0.0,76.13,3.7,0.36,12.02,0.0,0,1,24.444444,2
5813,8,6,1,1,23.96,0.0,76.88,3.5,3.36,12.26,0.0,0,1,24.444444,2
5814,8,7,1,1,23.98,0.0,76.34,4.2,4.92,19.16,38.0339,0,1,24.444444,2
5815,8,8,1,1,24.02,0.0,75.42,4.3,2.76,27.86,172.662,0,1,24.444444,2
5816,8,9,1,1,24.04,0.0,73.12,3.7,9.24,32.96,350.417,0,1,24.444444,2
5817,8,10,1,1,24.06,0.0,70.35,3.7,7.08,35.71,504.895,0,1,24.444444,2
5818,8,11,1,1,24.13,0.06,66.0,9.4,3.96,44.95,627.479,0,1,24.444444,2
5819,8,12,1,1,24.09,0.02,63.38,5.0,9.84,39.1,753.846,0,1,24.444444,2
5820,8,13,1,1,24.1,0.03,61.17,5.3,1.56,41.1,751.112,0,1,24.444444,2
5821,8,14,1,1,24.35,0.28,57.8,12.9,2.64,51.7,734.438,0,1,24.444444,2
5822,8,15,1,1,24.2,0.13,57.39,5.0,7.08,48.76,619.503,0,1,24.444444,2
5823,8,16,1,1,24.19,0.12,57.31,4.2,5.4,48.91,489.344,0,1,24.444444,2
5824,8,17,1,1,24.19,0.11,57.72,5.3,0.72,49.17,272.761,0,1,24.444444,2
5825,8,18,1,1,24.2,0.12,57.37,9.4,5.28,49.17,87.5698,0,1,24.444444,2
5826,8,19,1,1,24.11,0.04,58.31,5.9,3.36,39.64,0.0,0,1,24.444444,2
5827,8,20,1,1,24.09,0.01,59.09,6.4,3.96,37.49,0.0,0,1,24.444444,2
5828,8,21,1,1,24.08,0.01,59.77,6.5,1.8,35.56,0.0,0,1,24.444444,2
5829,8,22,1,1,24.07,0.0,61.46,4.9,0.72,31.21,0.0,0,1,24.444444,2
5830,8,23,1,1,24.07,0.0,63.22,3.8,3.12,28.22,0.0,0,1,24.444444,2
5831,8,24,1,1,24.07,0.0,64.58,5.2,0.12,29.7,0.0,0,1,24.444444,2
5832,9,1,2,1,24.07,0.0,66.15,3.9,3.36,26.47,0.0,0,1,24.444444,2
5833,9,2,2,1,24.07,0.0,67.83,3.8,0.36,25.36,0.0,0,1,24.444444,2
5834,9,3,2,1,24.07,0.0,69.2,3.2,0.36,22.92,0.0,0,1,24.444444,2
5835,9,4,2,1,24.07,0.0,70.62,3.0,0.12,21.42,0.0,0,1,24.444444,2
5836,9,5,2,1,24.07,0.0,71.46,3.7,0.36,21.69,0.0,0,1,24.444444,2
5837,9,6,2,1,24.07,0.0,71.9,3.8,1.92,23.25,0.0,0,1,24.444444,2
5838,9,7,2,1,24.07,0.0,70.0,7.7,13.08,35.76,39.8361,0,1,24.444444,2
5839,9,8,2,1,24.07,0.0,67.76,6.0,2.76,35.34,172.746,0,1,24.444444,2
5840,9,9,2,1,24.07,0.0,65.61,5.4,8.28,34.24,312.089,0,1,24.444444,2
5841,9,10,2,1,24.07,0.0,64.51,4.0,9.24,36.55,501.749,0,1,24.444444,2
5842,9,11,2,1,24.16,0.09,62.73,9.9,5.04,45.95,614.108,0,1,24.444444,2
5843,9,12,2,1,24.11,0.04,61.62,6.0,1.68,41.72,744.882,0,1,24.444444,2
5844,9,13,2,1,24.15,0.08,59.91,7.3,3.24,45.04,725.375,0,1,24.444444,2
5845,9,14,2,1,24.22,0.15,58.33,9.1,4.08,49.58,675.091,0,1,24.444444,2
5846,9,15,2,1,24.23,0.15,57.33,10.4,0.84,51.48,548.727,0,1,24.444444,2
5847,9,16,2,1,24.14,0.06,56.57,8.3,1.44,48.21,401.967,0,1,24.444444,2
5848,9,17,2,1,24.16,0.08,55.79,11.2,1.2,50.01,246.349,0,1,24.444444,2
5849,9,18,2,1,24.13,0.06,56.19,9.4,1.92,45.25,91.1354,0,1,24.444444,2
5850,9,19,2,1,24.17,0.09,56.54,13.9,3.96,45.15,0.0,0,1,24.444444,2
5851,9,20,2,1,24.26,0.19,56.02,18.5,3.72,47.72,0.0,0,1,24.444444,2
5852,9,21,2,1,24.16,0.08,56.92,11.9,0.72,39.39,0.0,0,1,24.444444,2
5853,9,22,2,1,24.12,0.05,58.39,13.1,4.8,40.26,0.0,0,1,24.444444,2
5854,9,23,2,1,24.08,0.01,60.47,7.2,1.68,30.6,0.0,0,1,24.444444,2
5855,9,24,2,1,24.07,0.0,62.55,7.5,0.36,30.33,0.0,0,1,24.444444,2
5856,9,1,3,1,24.07,0.0,63.61,7.4,0.12,28.32,0.0,0,1,24.444444,2
5857,9,2,3,1,24.07,0.0,65.29,4.2,0.6,21.62,0.0,0,1,24.444444,2
5858,9,3,3,1,24.07,0.0,67.48,3.7,0.24,19.98,0.0,0,1,24.444444,2
5859,9,4,3,1,24.07,0.0,68.55,4.9,0.96,21.64,0.0,0,1,24.444444,2
5860,9,5,3,1,24.07,0.0,70.0,3.3,1.08,18.12,0.0,0,1,24.444444,2
5861,9,6,3,1,24.07,0.0,71.4,4.3,4.68,21.39,0.0,0,1,24.444444,2
5862,9,7,3,1,24.07,0.0,69.73,9.7,15.6,35.8,37.0784,0,1,24.444444,2
5863,9,8,3,1,24.09,0.02,67.15,9.6,7.08,39.59,171.791,0,1,24.444444,2
5864,9,9,3,1,24.11,0.04,64.85,5.4,6.72,37.05,350.193,0,1,24.444444,2
5865,9,10,3,1,24.11,0.03,63.69,3.8,1.2,37.49,505.149,0,1,24.444444,2
5866,9,11,3,1,24.17,0.09,61.05,9.5,1.32,44.69,601.72,0,1,24.444444,2
5867,9,12,3,1,24.11,0.03,59.27,5.9,0.6,40.73,682.307,0,1,24.444444,2
5868,9,13,3,1,24.13,0.05,57.26,6.4,2.16,42.72,694.342,0,1,24.444444,2
5869,9,14,3,1,24.17,0.09,55.35,8.2,0.72,47.3,653.888,0,1,24.444444,2
5870,9,15,3,1,24.21,0.14,54.05,9.1,0.72,50.43,601.494,0,1,24.444444,2
5871,9,16,3,1,24.21,0.13,53.75,8.3,1.08,49.76,426.918,0,1,24.444444,2
5872,9,17,3,1,24.2,0.12,54.09,8.2,1.44,49.5,273.685,0,1,24.444444,2
5873,9,18,3,1,24.26,0.18,54.21,11.9,4.2,49.99,88.0857,0,1,24.444444,2
5874,9,19,3,1,24.14,0.07,55.49,7.7,2.4,40.43,0.0,0,1,24.444444,2
5875,9,20,3,1,24.14,0.07,56.33,11.3,6.6,42.86,0.0,0,1,24.444444,2
5876,9,21,3,1,24.1,0.03,57.2,8.6,1.92,37.24,0.0,0,1,24.444444,2
5877,9,22,3,1,24.09,0.02,58.22,10.3,1.56,37.49,0.0,0,1,24.444444,2
5878,9,23,3,1,24.07,0.0,59.99,5.2,1.2,25.82,0.0,0,1,24.444444,2
5879,9,24,3,1,24.07,0.0,61.81,5.5,0.48,23.03,0.0,0,1,24.444444,2
5880,9,1,8,1,24.07,0.0,62.34,8.9,1.68,26.8,0.0,0,1,24.444444,2
5881,9,2,8,1,24.07,0.0,63.55,3.5,0.48,15.89,0.0,0,1,24.444444,2
5882,9,3,8,1,24.07,0.0,64.01,9.3,0.96,25.16,0.0,0,1,24.444444,2
5883,9,4,8,1,24.07,0.0,63.37,9.0,0.72,23.31,0.0,0,1,24.444444,2
5884,9,5,8,1,24.07,0.0,64.19,9.0,0.96,23.52,0.0,0,1,24.444444,2
5885,9,6,8,1,24.07,0.0,64.94,9.5,6.12,26.25,0.0,0,1,24.444444,2
5886,9,7,8,1,24.07,0.0,64.9,8.7,8.76,28.49,39.5812,0,1,24.444444,2
5887,9,8,8,1,24.07,0.0,63.36,11.7,12.96,36.99,170.733,0,1,24.444444,2
5888,9,9,8,1,24.07,0.0,61.79,8.8,7.92,35.63,324.579,0,1,24.444444,2
5889,9,10,8,1,24.07,0.0,60.22,8.6,1.44,38.05,474.698,0,1,24.444444,2
5890,9,11,8,1,24.08,0.0,58.85,9.3,1.32,39.92,604.097,0,1,24.444444,2
5891,9,12,8,1,24.08,0.0,57.74,7.6,0.6,38.43,674.156,0,1,24.444444,2
5892,9,13,8,1,24.08,0.01,56.48,7.2,1.56,40.07,690.495,0,1,24.444444,2
5893,9,14,8,1,24.1,0.03,54.83,8.6,3.72,45.0,647.356,0,1,24.444444,2
5894,9,15,8,1,24.12,0.05,53.31,9.2,1.56,48.8,588.744,0,1,24.444444,2
5895,9,16,8,1,24.1,0.02,52.68,7.8,0.6,47.24,435.074,0,1,24.444444,2
5896,9,17,8,1,24.09,0.01,52.9,9.2,2.52,45.49,237.232,0,1,24.444444,2
5897,9,18,8,1,24.08,0.01,54.31,8.4,11.52,40.75,70.461,0,1,24.444444,2
5898,9,19,8,1,24.08,0.0,55.17,9.6,3.84,37.81,0.0,0,1,24.444444,2
5899,9,20,8,1,24.1,0.02,55.38,14.1,5.28,41.76,0.0,0,1,24.444444,2
5900,9,21,8,1,24.08,0.01,55.98,12.5,1.32,38.75,0.0,0,1,24.444444,2
5901,9,22,8,1,24.07,0.0,57.35,9.0,1.08,32.26,0.0,0,1,24.444444,2
5902,9,23,8,1,24.07,0.0,58.05,10.4,0.96,32.32,0.0,0,1,24.444444,2
5903,9,24,8,1,24.07,0.0,59.18,8.7,0.48,28.26,0.0,0,1,24.444444,2
5904,9,1,5,1,24.07,0.0,60.5,9.2,0.96,28.43,0.0,0,1,24.444444,2
5905,9,2,5,1,24.07,0.0,61.17,11.0,0.84,30.42,0.0,0,1,24.444444,2
5906,9,3,5,1,24.07,0.0,61.38,11.2,0.36,29.36,0.0,0,1,24.444444,2
5907,9,4,5,1,24.07,0.0,61.53,11.5,0.36,28.82,0.0,0,1,24.444444,2
5908,9,5,5,1,24.07,0.0,61.79,10.9,0.84,27.01,0.0,0,1,24.444444,2
5909,9,6,5,1,24.07,0.0,62.35,10.8,0.84,29.7,0.0,0,1,24.444444,2
5910,9,7,5,1,24.1,0.02,61.96,9.0,15.12,34.92,31.8694,0,1,24.444444,2
5911,9,8,5,1,24.27,0.19,61.02,10.1,12.12,37.55,190.569,0,1,24.444444,2
5912,9,9,5,1,24.42,0.35,60.07,9.4,11.04,38.96,397.435,0,1,24.444444,2
5913,9,10,5,1,24.42,0.35,58.55,9.1,3.48,41.01,555.164,0,1,24.444444,2
5914,9,11,5,1,24.3,0.22,56.84,9.1,2.4,42.28,646.734,0,1,24.444444,2
5915,9,12,5,1,24.26,0.19,56.54,10.6,2.52,44.62,655.456,0,1,24.444444,2
5916,9,13,5,1,24.21,0.14,57.38,7.7,1.44,43.35,633.264,0,1,24.444444,2
5917,9,14,5,1,24.25,0.17,56.56,9.6,1.8,48.13,616.759,0,1,24.444444,2
5918,9,15,5,1,24.2,0.12,55.39,9.6,1.32,48.69,531.674,0,1,24.444444,2
5919,9,16,5,1,24.1,0.02,53.97,7.9,0.84,44.79,383.076,0,1,24.444444,2
5920,9,17,5,1,24.08,0.01,53.07,8.0,1.8,43.41,225.872,0,1,24.444444,2
5921,9,18,5,1,24.08,0.01,52.98,9.2,1.32,42.54,84.5444,0,1,24.444444,2
5922,9,19,5,1,24.08,0.01,53.88,10.1,2.76,38.13,0.0,0,1,24.444444,2
5923,9,20,5,1,24.08,0.0,54.88,9.7,4.56,35.65,0.0,0,1,24.444444,2
5924,9,21,5,1,24.08,0.0,55.84,11.5,1.08,37.04,0.0,0,1,24.444444,2
5925,9,22,5,1,24.07,0.0,56.8,10.9,1.56,34.71,0.0,0,1,24.444444,2
5926,9,23,5,1,24.07,0.0,58.65,9.1,0.6,31.08,0.0,0,1,24.444444,2
5927,9,24,5,1,24.07,0.0,59.74,10.8,0.96,32.66,0.0,0,1,24.444444,2
5928,9,1,6,1,24.07,0.0,60.9,7.6,0.48,26.02,0.0,0,1,24.444444,2
5929,9,2,6,1,24.07,0.0,63.6,3.6,0.24,18.37,0.0,0,1,24.444444,2
5930,9,3,6,1,24.07,0.0,65.88,5.4,0.24,20.96,0.0,0,1,24.444444,2
5931,9,4,6,1,24.07,0.0,66.95,5.9,0.36,21.35,0.0,0,1,24.444444,2
5932,9,5,6,1,24.07,0.0,66.26,10.4,0.72,28.43,0.0,0,1,24.444444,2
5933,9,6,6,1,24.07,0.0,64.69,9.3,4.56,25.98,0.0,0,1,24.444444,2
5934,9,7,6,1,24.08,0.0,63.04,10.9,19.2,35.0,39.8739,0,1,24.444444,2
5935,9,8,6,1,24.19,0.12,61.15,9.7,14.16,36.97,183.95,0,1,24.444444,2
5936,9,9,6,1,24.42,0.35,58.76,10.9,8.28,39.83,382.309,0,1,24.444444,2
5937,9,10,6,1,24.4,0.32,57.4,11.5,3.6,42.03,532.387,0,1,24.444444,2
5938,9,11,6,1,24.19,0.12,56.57,11.5,0.96,42.32,588.138,0,1,24.444444,2
5939,9,12,6,1,24.11,0.04,55.56,10.0,1.8,41.79,638.503,0,1,24.444444,2
5940,9,13,6,1,24.12,0.04,54.97,7.6,4.2,41.69,688.598,0,1,24.444444,2
5941,9,14,6,1,24.19,0.12,53.76,10.7,0.96,47.69,664.345,0,1,24.444444,2
5942,9,15,6,1,24.24,0.16,53.04,12.9,3.6,50.91,520.88,0,1,24.444444,2
5943,9,16,6,1,24.17,0.1,53.13,12.7,1.08,47.94,349.528,0,1,24.444444,2
5944,9,17,6,1,24.12,0.05,52.86,13.5,6.36,46.17,192.73,0,1,24.444444,2
5945,9,18,6,1,24.08,0.01,54.19,8.4,7.56,37.41,62.4712,0,1,24.444444,2
5946,9,19,6,1,24.07,0.0,55.83,8.3,6.96,33.37,0.0,0,1,24.444444,2
5947,9,20,6,1,24.07,0.0,57.34,8.4,3.48,31.79,0.0,0,1,24.444444,2
5948,9,21,6,1,24.07,0.0,58.44,9.6,1.92,32.05,0.0,0,1,24.444444,2
5949,9,22,6,1,24.07,0.0,58.88,10.3,1.44,31.03,0.0,0,1,24.444444,2
5950,9,23,6,1,24.07,0.0,58.64,13.0,0.72,33.19,0.0,0,1,24.444444,2
5951,9,24,6,1,24.07,0.0,60.71,4.4,2.52,18.07,0.0,0,1,24.444444,2
5952,9,1,7,1,24.07,0.0,63.95,4.3,0.48,16.89,0.0,0,1,24.444444,2
5953,9,2,7,1,24.06,0.0,66.27,3.4,0.6,14.41,0.0,0,1,24.444444,2
5954,9,3,7,1,24.04,0.0,68.24,3.4,0.48,13.55,0.0,0,1,24.444444,2
5955,9,4,7,1,24.02,0.0,69.77,3.3,0.12,12.22,0.0,0,1,24.444444,2
5956,9,5,7,1,24.03,0.0,70.39,5.7,0.72,15.12,0.0,0,1,24.444444,2
5957,9,6,7,1,24.0,0.0,70.98,4.0,3.0,14.22,0.0,0,1,24.444444,2
5958,9,7,7,1,24.03,0.0,69.58,7.1,4.92,28.02,37.6311,0,1,24.444444,2
5959,9,8,7,1,24.06,0.03,67.98,4.2,8.4,29.12,195.846,0,1,24.444444,2
5960,9,9,7,1,24.21,0.15,65.67,8.3,20.4,36.22,396.389,0,1,24.444444,2
5961,9,10,7,1,24.12,0.05,64.4,5.1,3.12,34.65,548.712,0,1,24.444444,2
5962,9,11,7,1,24.08,0.0,63.12,5.4,3.84,36.54,639.037,0,1,24.444444,2
5963,9,12,7,1,24.07,0.0,61.09,5.3,7.2,37.81,680.156,0,1,24.444444,2
5964,9,13,7,1,24.14,0.07,58.04,10.2,4.8,45.41,684.557,0,1,24.444444,2
5965,9,14,7,1,24.22,0.14,54.52,11.9,4.08,48.91,624.076,0,1,24.444444,2
5966,9,15,7,1,24.2,0.12,53.04,9.9,6.6,49.38,556.537,0,1,24.444444,2
5967,9,16,7,1,24.24,0.16,52.77,11.3,3.72,50.83,440.706,0,1,24.444444,2
5968,9,17,7,1,24.16,0.09,52.99,11.0,1.68,47.1,224.571,0,1,24.444444,2
5969,9,18,7,1,24.09,0.01,54.3,7.9,5.16,38.35,57.8838,0,1,24.444444,2
5970,9,19,7,1,24.08,0.0,55.2,9.3,2.88,35.96,0.0,0,1,24.444444,2
5971,9,20,7,1,24.07,0.0,55.56,8.2,1.92,31.68,0.0,0,1,24.444444,2
5972,9,21,7,1,24.07,0.0,56.57,6.6,1.56,26.95,0.0,0,1,24.444444,2
5973,9,22,7,1,24.07,0.0,57.46,10.5,1.56,30.94,0.0,0,1,24.444444,2
5974,9,23,7,1,24.07,0.0,58.85,4.8,2.04,20.54,0.0,0,1,24.444444,2
5975,9,24,7,1,24.07,0.0,61.64,4.4,0.6,18.9,0.0,0,1,24.444444,2
5976,9,1,1,1,24.07,0.0,62.94,8.9,0.24,25.41,0.0,0,1,24.444444,2
5977,9,2,1,1,24.07,0.0,63.17,8.9,0.36,23.7,0.0,0,1,24.444444,2
5978,9,3,1,1,24.07,0.0,63.84,9.0,0.48,22.7,0.0,0,1,24.444444,2
5979,9,4,1,1,24.07,0.0,64.28,10.5,0.48,24.37,0.0,0,1,24.444444,2
5980,9,5,1,1,24.03,0.0,66.49,3.5,0.72,11.71,0.0,0,1,24.444444,2
5981,9,6,1,1,24.06,0.0,67.42,9.4,1.32,23.62,0.0,0,1,24.444444,2
5982,9,7,1,1,24.06,0.0,66.64,5.7,5.04,26.0,36.1488,0,1,24.444444,2
5983,9,8,1,1,24.09,0.04,66.18,4.4,5.28,29.79,193.787,0,1,24.444444,2
5984,9,9,1,1,24.22,0.16,65.17,4.2,7.68,32.41,417.213,0,1,24.444444,2
5985,9,10,1,1,24.19,0.12,64.22,4.1,9.84,35.43,550.577,0,1,24.444444,2
5986,9,11,1,1,24.25,0.18,61.12,11.1,7.56,45.08,674.466,0,1,24.444444,2
5987,9,12,1,1,24.18,0.11,59.14,7.6,3.48,41.95,767.278,0,1,24.444444,2
5988,9,13,1,1,24.13,0.06,58.16,4.3,6.0,40.02,756.092,0,1,24.444444,2
5989,9,14,1,1,24.18,0.1,56.53,8.7,5.04,47.48,701.831,0,1,24.444444,2
5990,9,15,1,1,24.18,0.11,54.13,10.1,5.88,50.51,583.595,0,1,24.444444,2
5991,9,16,1,1,24.1,0.03,52.81,6.5,2.04,46.84,427.058,0,1,24.444444,2
5992,9,17,1,1,24.14,0.06,52.35,10.2,6.0,49.26,272.372,0,1,24.444444,2
5993,9,18,1,1,24.12,0.05,53.88,9.4,5.4,45.46,74.9179,0,1,24.444444,2
5994,9,19,1,1,24.12,0.04,55.54,10.7,3.48,42.56,0.0,0,1,24.444444,2
5995,9,20,1,1,24.12,0.05,56.6,11.7,2.76,42.18,0.0,0,1,24.444444,2
5996,9,21,1,1,24.11,0.04,57.48,11.7,1.68,41.04,0.0,0,1,24.444444,2
5997,9,22,1,1,24.1,0.03,57.95,12.4,1.32,40.51,0.0,0,1,24.444444,2
5998,9,23,1,1,24.07,0.0,59.74,5.2,1.56,28.51,0.0,0,1,24.444444,2
5999,9,24,1,1,24.07,0.0,61.58,7.0,1.08,29.83,0.0,0,1,24.444444,2
6000,9,1,2,1,24.07,0.0,63.19,4.7,0.0,23.73,0.0,0,1,24.444444,2
6001,9,2,2,1,24.07,0.0,64.61,3.7,1.08,20.19,0.0,0,1,24.444444,2
6002,9,3,2,1,24.07,0.0,65.69,3.6,0.24,18.84,0.0,0,1,24.444444,2
6003,9,4,2,1,24.07,0.0,66.16,6.1,0.24,22.62,0.0,0,1,24.444444,2
6004,9,5,2,1,24.07,0.0,67.43,3.9,0.36,17.84,0.0,0,1,24.444444,2
6005,9,6,2,1,24.06,0.0,69.1,4.0,4.2,19.2,0.0,0,1,24.444444,2
6006,9,7,2,1,24.07,0.0,68.29,6.0,12.0,31.09,35.0488,0,1,24.444444,2
6007,9,8,2,1,24.25,0.18,65.33,9.9,7.2,39.04,186.307,0,1,24.444444,2
6008,9,9,2,1,24.42,0.35,62.25,8.7,11.64,38.9,381.04,0,1,24.444444,2
6009,9,10,2,1,24.32,0.25,61.34,4.4,7.68,36.39,522.827,0,1,24.444444,2
6010,9,11,2,1,24.29,0.21,59.97,10.2,7.92,44.41,641.375,0,1,24.444444,2
6011,9,12,2,1,24.18,0.11,59.42,6.8,1.8,42.09,730.067,0,1,24.444444,2
6012,9,13,2,1,24.23,0.16,58.36,7.5,3.36,44.43,745.656,0,1,24.444444,2
6013,9,14,2,1,24.24,0.17,57.12,8.6,4.2,48.11,716.215,0,1,24.444444,2
6014,9,15,2,1,24.38,0.3,55.08,15.0,1.2,54.46,579.07,0,1,24.444444,2
6015,9,16,2,1,24.2,0.13,54.25,8.8,3.6,50.08,454.642,0,1,24.444444,2
6016,9,17,2,1,24.32,0.24,53.18,13.5,0.6,53.09,308.578,0,1,24.444444,2
6017,9,18,2,1,24.21,0.14,53.86,11.0,1.68,49.67,104.431,0,1,24.444444,2
6018,9,19,2,1,24.12,0.05,54.43,9.8,6.12,40.07,0.0,0,1,24.444444,2
6019,9,20,2,1,24.12,0.04,54.74,12.8,4.56,41.23,0.0,0,1,24.444444,2
6020,9,21,2,1,24.11,0.04,54.97,13.4,2.28,40.32,0.0,0,1,24.444444,2
6021,9,22,2,1,24.11,0.04,55.44,15.1,2.52,40.92,0.0,0,1,24.444444,2
6022,9,23,2,1,24.08,0.0,57.47,7.0,2.28,28.24,0.0,0,1,24.444444,2
6023,9,24,2,1,24.07,0.0,59.78,8.1,1.2,28.84,0.0,0,1,24.444444,2
6024,9,1,3,1,24.07,0.0,62.39,4.3,0.24,21.57,0.0,0,1,24.444444,2
6025,9,2,3,1,24.07,0.0,64.82,5.9,0.84,23.33,0.0,0,1,24.444444,2
6026,9,3,3,1,24.07,0.0,66.73,4.0,0.12,18.64,0.0,0,1,24.444444,2
6027,9,4,3,1,24.07,0.0,68.29,5.1,0.6,20.03,0.0,0,1,24.444444,2
6028,9,5,3,1,24.06,0.0,69.8,3.9,0.96,17.11,0.0,0,1,24.444444,2
6029,9,6,3,1,24.06,0.0,71.09,4.5,2.64,19.08,0.0,0,1,24.444444,2
6030,9,7,3,1,24.07,0.0,69.95,6.6,16.68,32.2,36.2839,0,1,24.444444,2
6031,9,8,3,1,24.25,0.17,66.62,9.3,3.6,38.34,190.707,0,1,24.444444,2
6032,9,9,3,1,24.4,0.32,63.5,8.3,8.64,38.54,403.577,0,1,24.444444,2
6033,9,10,3,1,24.28,0.2,62.16,3.8,1.8,35.67,536.524,0,1,24.444444,2
6034,9,11,3,1,24.24,0.17,60.25,9.1,2.16,43.59,672.857,0,1,24.444444,2
6035,9,12,3,1,24.18,0.11,58.29,6.9,0.84,41.68,720.917,0,1,24.444444,2
6036,9,13,3,1,24.17,0.1,57.48,6.1,4.2,42.15,750.118,0,1,24.444444,2
6037,9,14,3,1,24.26,0.19,55.52,8.4,1.2,48.45,701.029,0,1,24.444444,2
6038,9,15,3,1,24.35,0.27,53.64,9.2,2.88,50.36,647.098,0,1,24.444444,2
6039,9,16,3,1,24.33,0.25,54.18,8.4,2.28,49.81,523.281,0,1,24.444444,2
6040,9,17,3,1,24.26,0.18,55.58,9.0,2.28,49.21,275.82,0,1,24.444444,2
6041,9,18,3,1,24.13,0.06,57.5,8.2,6.12,42.79,54.062,0,1,24.444444,2
6042,9,19,3,1,24.09,0.01,58.75,7.5,2.04,36.42,0.0,0,1,24.444444,2
6043,9,20,3,1,24.08,0.01,60.22,8.5,6.84,35.37,0.0,0,1,24.444444,2
6044,9,21,3,1,24.08,0.0,61.06,10.4,2.88,36.28,0.0,0,1,24.444444,2
6045,9,22,3,1,24.07,0.0,62.22,9.1,0.84,32.41,0.0,0,1,24.444444,2
6046,9,23,3,1,24.07,0.0,64.78,4.8,1.2,24.43,0.0,0,1,24.444444,2
6047,9,24,3,1,24.07,0.0,67.21,4.6,0.36,23.28,0.0,0,1,24.444444,2
6048,9,1,4,1,24.07,0.0,68.93,4.0,0.72,21.41,0.0,0,1,24.444444,2
6049,9,2,4,1,24.07,0.0,68.63,7.9,0.72,27.2,0.0,0,1,24.444444,2
6050,9,3,4,1,24.07,0.0,67.56,8.3,0.36,26.19,0.0,0,1,24.444444,2
6051,9,4,4,1,24.07,0.0,67.23,8.2,0.36,24.99,0.0,0,1,24.444444,2
6052,9,5,4,1,24.07,0.0,66.44,10.8,1.8,28.54,0.0,0,1,24.444444,2
6053,9,6,4,1,24.07,0.0,66.0,9.3,5.52,25.73,0.0,0,1,24.444444,2
6054,9,7,4,1,24.07,0.0,65.27,10.3,8.64,33.47,39.8676,0,1,24.444444,2
6055,9,8,4,1,24.15,0.07,63.2,11.4,10.2,39.03,178.456,0,1,24.444444,2
6056,9,9,4,1,24.24,0.17,60.53,8.1,10.32,36.85,360.157,0,1,24.444444,2
6057,9,10,4,1,24.26,0.18,58.94,8.5,3.12,39.45,536.849,0,1,24.444444,2
6058,9,11,4,1,24.18,0.1,57.73,8.9,0.96,41.63,680.884,0,1,24.444444,2
6059,9,12,4,1,24.16,0.09,56.35,8.4,2.4,42.3,779.14,0,1,24.444444,2
6060,9,13,4,1,24.17,0.1,54.41,7.2,1.2,41.98,765.642,0,1,24.444444,2
6061,9,14,4,1,24.21,0.14,52.68,8.4,2.28,46.48,709.094,0,1,24.444444,2
6062,9,15,4,1,24.28,0.21,52.08,9.5,1.44,50.22,631.005,0,1,24.444444,2
6063,9,16,4,1,24.24,0.16,52.35,8.0,4.44,49.57,475.281,0,1,24.444444,2
6064,9,17,4,1,24.32,0.24,52.47,9.2,1.08,50.37,305.722,0,1,24.444444,2
6065,9,18,4,1,24.4,0.32,52.85,12.1,1.92,51.49,101.942,0,1,24.444444,2
6066,9,19,4,1,24.19,0.12,54.92,9.1,4.08,43.75,0.0,0,1,24.444444,2
6067,9,20,4,1,24.2,0.12,55.83,12.3,2.4,45.25,0.0,0,1,24.444444,2
6068,9,21,4,1,24.28,0.21,55.47,16.2,3.48,47.38,0.0,0,1,24.444444,2
6069,9,22,4,1,24.13,0.06,56.47,9.0,3.96,37.46,0.0,0,1,24.444444,2
6070,9,23,4,1,24.1,0.02,57.88,9.6,0.36,36.56,0.0,0,1,24.444444,2
6071,9,24,4,1,24.09,0.02,58.85,10.8,0.48,36.79,0.0,0,1,24.444444,2
6072,9,1,5,1,24.08,0.0,60.68,8.8,1.08,33.02,0.0,0,1,24.444444,2
6073,9,2,5,1,24.07,0.0,61.63,11.1,0.72,34.47,0.0,0,1,24.444444,2
6074,9,3,5,1,24.07,0.0,61.51,9.4,0.72,29.28,0.0,0,1,24.444444,2
6075,9,4,5,1,24.07,0.0,62.13,9.6,0.48,28.74,0.0,0,1,24.444444,2
6076,9,5,5,1,24.07,0.0,63.12,9.6,1.8,28.13,0.0,0,1,24.444444,2
6077,9,6,5,1,24.07,0.0,63.97,8.9,0.96,28.11,0.0,0,1,24.444444,2
6078,9,7,5,1,24.1,0.03,63.41,9.8,12.84,38.09,33.859,0,1,24.444444,2
6079,9,8,5,1,24.33,0.26,61.62,9.9,5.76,39.7,190.316,0,1,24.444444,2
6080,9,9,5,1,24.49,0.41,59.85,9.4,5.88,40.49,384.803,0,1,24.444444,2
6081,9,10,5,1,24.49,0.42,58.61,9.1,5.64,42.24,545.877,0,1,24.444444,2
6082,9,11,5,1,24.44,0.37,57.29,9.5,1.68,44.26,662.87,0,1,24.444444,2
6083,9,12,5,1,24.33,0.26,56.48,7.2,1.2,43.55,636.222,0,1,24.444444,2
6084,9,13,5,1,24.3,0.23,55.9,7.0,2.76,44.19,629.221,0,1,24.444444,2
6085,9,14,5,1,24.31,0.23,55.6,9.8,0.72,46.63,589.187,0,1,24.444444,2
6086,9,15,5,1,24.29,0.22,55.16,9.0,3.12,48.41,518.075,0,1,24.444444,2
6087,9,16,5,1,24.22,0.14,54.76,8.0,1.08,47.94,356.237,0,1,24.444444,2
6088,9,17,5,1,24.11,0.04,55.17,9.1,0.36,42.02,200.236,0,1,24.444444,2
6089,9,18,5,1,24.1,0.03,55.58,12.2,4.8,41.76,51.0863,0,1,24.444444,2
6090,9,19,5,1,24.09,0.02,56.08,11.1,2.76,36.7,0.0,0,1,24.444444,2
6091,9,20,5,1,24.08,0.0,57.53,10.6,3.72,34.49,0.0,0,1,24.444444,2
6092,9,21,5,1,24.07,0.0,58.61,11.9,2.16,35.3,0.0,0,1,24.444444,2
6093,9,22,5,1,24.07,0.0,59.69,10.1,2.28,30.79,0.0,0,1,24.444444,2
6094,9,23,5,1,24.07,0.0,61.44,9.4,0.72,28.69,0.0,0,1,24.444444,2
6095,9,24,5,1,24.07,0.0,62.74,9.6,0.6,28.36,0.0,0,1,24.444444,2
6096,9,1,6,1,24.07,0.0,63.84,8.5,0.24,25.52,0.0,0,1,24.444444,2
6097,9,2,6,1,24.07,0.0,66.41,3.8,0.24,17.57,0.0,0,1,24.444444,2
6098,9,3,6,1,24.06,0.0,69.45,3.5,0.48,17.33,0.0,0,1,24.444444,2
6099,9,4,6,1,24.07,0.0,69.19,10.1,0.0,28.94,0.0,0,1,24.444444,2
6100,9,5,6,1,24.07,0.0,67.75,8.9,0.48,25.84,0.0,0,1,24.444444,2
6101,9,6,6,1,24.07,0.0,67.75,8.5,4.92,26.22,0.0,0,1,24.444444,2
6102,9,7,6,1,24.07,0.0,67.01,8.0,9.0,32.59,38.0101,0,1,24.444444,2
6103,9,8,6,1,24.17,0.1,65.22,10.1,10.68,40.06,182.68,0,1,24.444444,2
6104,9,9,6,1,24.37,0.3,63.19,11.0,4.32,42.82,371.374,0,1,24.444444,2
6105,9,10,6,1,24.37,0.3,61.68,9.5,3.36,42.8,525.166,0,1,24.444444,2
6106,9,11,6,1,24.58,0.51,59.16,18.1,4.92,50.46,591.488,0,1,24.444444,2
6107,9,12,6,1,24.29,0.22,58.37,9.2,1.68,43.83,595.041,0,1,24.444444,2
6108,9,13,6,1,24.25,0.18,56.32,11.1,4.92,46.16,606.061,0,1,24.444444,2
6109,9,14,6,1,24.26,0.19,56.15,8.5,0.6,47.34,629.497,0,1,24.444444,2
6110,9,15,6,1,24.27,0.19,55.68,10.7,2.88,50.66,524.106,0,1,24.444444,2
6111,9,16,6,1,24.17,0.1,54.64,10.1,0.96,48.32,372.253,0,1,24.444444,2
6112,9,17,6,1,24.12,0.04,54.44,8.8,13.44,45.03,202.293,0,1,24.444444,2
6113,9,18,6,1,24.09,0.02,55.35,7.9,6.24,41.86,69.8986,0,1,24.444444,2
6114,9,19,6,1,24.1,0.02,56.58,10.7,1.32,40.89,0.0,0,1,24.444444,2
6115,9,20,6,1,24.09,0.02,57.44,11.1,3.84,39.28,0.0,0,1,24.444444,2
6116,9,21,6,1,24.08,0.01,58.5,10.3,1.08,36.62,0.0,0,1,24.444444,2
6117,9,22,6,1,24.16,0.09,57.85,18.1,3.72,45.12,0.0,0,1,24.444444,2
6118,9,23,6,1,24.09,0.01,58.16,11.1,0.96,33.82,0.0,0,1,24.444444,2
6119,9,24,6,1,24.07,0.0,60.95,4.1,1.2,21.71,0.0,0,1,24.444444,2
6120,9,1,7,1,24.07,0.0,64.74,3.7,0.84,20.44,0.0,0,1,24.444444,2
6121,9,2,7,1,24.07,0.0,67.39,3.2,0.48,20.09,0.0,0,1,24.444444,2
6122,9,3,7,1,24.07,0.0,69.72,3.5,0.72,20.66,0.0,0,1,24.444444,2
6123,9,4,7,1,24.07,0.0,71.24,4.2,0.0,21.11,0.0,0,1,24.444444,2
6124,9,5,7,1,24.07,0.0,71.61,4.5,0.72,20.33,0.0,0,1,24.444444,2
6125,9,6,7,1,24.07,0.0,72.21,4.4,5.28,20.14,0.0,0,1,24.444444,2
6126,9,7,7,1,24.06,0.0,72.34,3.6,8.04,22.17,31.2644,0,1,24.444444,2
6127,9,8,7,1,24.07,0.0,70.24,7.2,5.04,31.15,158.536,0,1,24.444444,2
6128,9,9,7,1,24.07,0.0,68.02,5.7,23.4,30.03,282.342,0,1,24.444444,2
6129,9,10,7,1,24.07,0.0,66.77,4.3,4.92,30.33,405.451,0,1,24.444444,2
6130,9,11,7,1,24.07,0.0,65.51,4.2,9.36,32.28,531.171,0,1,24.444444,2
6131,9,12,7,1,24.07,0.0,63.51,5.9,6.96,36.97,542.143,0,1,24.444444,2
6132,9,13,7,1,24.09,0.02,61.01,11.7,1.56,43.75,551.772,0,1,24.444444,2
6133,9,14,7,1,24.07,0.0,58.85,10.4,14.88,41.99,509.31,0,1,24.444444,2
6134,9,15,7,1,24.07,0.0,58.05,9.6,7.68,45.08,481.95,0,1,24.444444,2
6135,9,16,7,1,24.07,0.0,58.15,8.8,3.0,46.57,445.83,0,1,24.444444,2
6136,9,17,7,1,24.07,0.0,57.98,8.9,1.32,43.88,244.831,0,1,24.444444,2
6137,9,18,7,1,24.09,0.01,57.76,12.8,5.64,44.47,59.143,0,1,24.444444,2
6138,9,19,7,1,24.07,0.0,59.2,8.0,2.52,33.09,0.0,0,1,24.444444,2
6139,9,20,7,1,24.07,0.0,60.87,6.8,1.2,29.79,0.0,0,1,24.444444,2
6140,9,21,7,1,24.07,0.0,62.26,5.6,3.24,26.39,0.0,0,1,24.444444,2
6141,9,22,7,1,24.07,0.0,61.87,10.4,2.4,32.32,0.0,0,1,24.444444,2
6142,9,23,7,1,24.07,0.0,62.29,5.4,1.92,21.72,0.0,0,1,24.444444,2
6143,9,24,7,1,24.07,0.0,64.45,3.5,1.56,17.04,0.0,0,1,24.444444,2
6144,9,1,1,1,24.07,0.0,64.45,9.2,0.96,25.59,0.0,0,1,24.444444,2
6145,9,2,1,1,24.07,0.0,63.46,9.0,0.24,23.64,0.0,0,1,24.444444,2
6146,9,3,1,1,24.05,0.0,64.91,3.3,0.24,13.47,0.0,0,1,24.444444,2
6147,9,4,1,1,24.07,0.0,65.16,9.5,1.44,23.06,0.0,0,1,24.444444,2
6148,9,5,1,1,24.03,0.0,65.82,3.3,0.72,11.75,0.0,0,1,24.444444,2
6149,9,6,1,1,24.06,0.0,66.19,9.2,0.48,21.11,0.0,0,1,24.444444,2
6150,9,7,1,1,24.02,0.0,66.23,3.8,4.2,14.78,31.2103,0,1,24.444444,2
6151,9,8,1,1,24.02,0.0,65.87,4.5,3.36,20.19,175.564,0,1,24.444444,2
6152,9,9,1,1,24.04,0.0,63.81,5.3,10.08,25.35,376.853,0,1,24.444444,2
6153,9,10,1,1,24.05,0.0,62.02,4.5,12.96,26.72,570.494,0,1,24.444444,2
6154,9,11,1,1,24.07,0.0,59.75,9.6,6.48,34.72,682.443,0,1,24.444444,2
6155,9,12,1,1,24.07,0.0,58.55,4.5,3.6,28.3,794.276,0,1,24.444444,2
6156,9,13,1,1,24.07,0.0,58.44,4.6,1.8,32.45,819.288,0,1,24.444444,2
6157,9,14,1,1,24.11,0.04,56.51,11.7,3.84,47.47,757.033,0,1,24.444444,2
6158,9,15,1,1,24.15,0.08,54.63,10.2,0.96,49.41,702.006,0,1,24.444444,2
6159,9,16,1,1,24.15,0.08,54.45,5.9,3.6,46.43,503.448,0,1,24.444444,2
6160,9,17,1,1,24.21,0.13,54.28,8.2,1.92,48.49,302.725,0,1,24.444444,2
6161,9,18,1,1,24.15,0.07,54.52,9.9,8.28,47.98,91.3255,0,1,24.444444,2
6162,9,19,1,1,24.11,0.04,54.91,10.6,2.28,42.27,0.0,0,1,24.444444,2
6163,9,20,1,1,24.13,0.06,55.07,12.5,2.76,42.83,0.0,0,1,24.444444,2
6164,9,21,1,1,24.12,0.05,55.49,12.6,2.04,41.27,0.0,0,1,24.444444,2
6165,9,22,1,1,24.12,0.05,56.15,14.1,3.48,41.65,0.0,0,1,24.444444,2
6166,9,23,1,1,24.08,0.0,58.2,5.1,4.08,27.88,0.0,0,1,24.444444,2
6167,9,24,1,1,24.07,0.0,61.46,4.8,0.36,26.17,0.0,0,1,24.444444,2
6168,9,1,2,1,24.07,0.0,64.11,3.7,1.2,23.08,0.0,0,1,24.444444,2
6169,9,2,2,1,24.07,0.0,66.06,4.2,0.36,23.34,0.0,0,1,24.444444,2
6170,9,3,2,1,24.07,0.0,67.69,4.0,0.24,22.26,0.0,0,1,24.444444,2
6171,9,4,2,1,24.07,0.0,69.42,3.3,0.6,20.52,0.0,0,1,24.444444,2
6172,9,5,2,1,24.07,0.0,71.1,3.5,0.6,20.4,0.0,0,1,24.444444,2
6173,9,6,2,1,24.07,0.0,72.44,4.0,3.36,21.92,0.0,0,1,24.444444,2
6174,9,7,2,1,24.07,0.0,72.13,5.7,13.32,29.46,30.2477,0,1,24.444444,2
6175,9,8,2,1,24.07,0.0,70.33,6.2,6.0,32.86,153.502,0,1,24.444444,2
6176,9,9,2,1,24.07,0.0,68.01,6.4,6.48,37.63,300.507,0,1,24.444444,2
6177,9,10,2,1,24.07,0.0,65.62,4.9,7.56,38.05,437.771,0,1,24.444444,2
6178,9,11,2,1,24.16,0.09,62.97,10.8,1.92,46.84,564.83,0,1,24.444444,2
6179,9,12,2,1,24.1,0.03,61.8,6.2,1.08,39.75,634.883,0,1,24.444444,2
6180,9,13,2,1,24.1,0.02,61.41,7.1,1.08,40.01,615.138,0,1,24.444444,2
6181,9,14,2,1,24.1,0.02,60.28,9.4,2.64,43.85,555.503,0,1,24.444444,2
6182,9,15,2,1,24.08,0.01,59.33,9.7,2.64,41.72,439.97,0,1,24.444444,2
6183,9,16,2,1,24.07,0.0,57.65,12.1,2.28,42.48,324.255,0,1,24.444444,2
6184,9,17,2,1,24.07,0.0,57.56,10.3,1.32,36.96,202.718,0,1,24.444444,2
6185,9,18,2,1,24.07,0.0,58.59,9.9,3.72,34.76,58.9899,0,1,24.444444,2
6186,9,19,2,1,24.07,0.0,59.81,10.9,4.44,33.01,0.0,0,1,24.444444,2
6187,9,20,2,1,24.07,0.0,60.35,15.1,8.16,38.37,0.0,0,1,24.444444,2
6188,9,21,2,1,24.07,0.0,60.16,15.1,2.28,37.07,0.0,0,1,24.444444,2
6189,9,22,2,1,24.07,0.0,60.47,13.5,1.56,33.34,0.0,0,1,24.444444,2
6190,9,23,2,1,24.07,0.0,63.34,5.7,0.96,20.38,0.0,0,1,24.444444,2
6191,9,24,2,1,24.07,0.0,66.18,7.1,0.84,22.55,0.0,0,1,24.444444,2
6192,9,1,3,1,24.06,0.0,68.57,4.0,0.12,16.3,0.0,0,1,24.444444,2
6193,9,2,3,1,24.06,0.0,71.18,4.3,0.72,16.58,0.0,0,1,24.444444,2
6194,9,3,3,1,24.04,0.0,73.05,3.5,0.24,14.85,0.0,0,1,24.444444,2
6195,9,4,3,1,24.03,0.0,74.08,4.0,0.12,15.19,0.0,0,1,24.444444,2
6196,9,5,3,1,24.03,0.0,74.61,4.7,1.68,15.61,0.0,0,1,24.444444,2
6197,9,6,3,1,24.03,0.0,74.82,5.3,4.8,17.01,0.0,0,1,24.444444,2
6198,9,7,3,1,24.05,0.0,72.92,7.3,12.12,28.88,36.9283,0,1,24.444444,2
6199,9,8,3,1,24.08,0.01,69.73,9.4,8.04,36.4,174.074,0,1,24.444444,2
6200,9,9,3,1,24.08,0.0,66.46,6.2,6.84,33.96,342.829,0,1,24.444444,2
6201,9,10,3,1,24.07,0.0,65.02,3.7,7.08,31.69,455.088,0,1,24.444444,2
6202,9,11,3,1,24.07,0.0,63.77,4.6,1.92,35.11,528.97,0,1,24.444444,2
6203,9,12,3,1,24.07,0.0,62.53,6.2,0.72,38.4,613.188,0,1,24.444444,2
6204,9,13,3,1,24.07,0.0,61.17,6.2,1.92,39.35,593.659,0,1,24.444444,2
6205,9,14,3,1,24.08,0.01,59.18,8.3,0.84,44.1,577.413,0,1,24.444444,2
6206,9,15,3,1,24.08,0.0,58.62,9.1,3.24,44.95,459.18,0,1,24.444444,2
6207,9,16,3,1,24.07,0.0,57.63,8.4,2.4,40.14,323.957,0,1,24.444444,2
6208,9,17,3,1,24.07,0.0,56.93,8.7,0.6,37.43,181.646,0,1,24.444444,2
6209,9,18,3,1,24.07,0.0,57.76,7.6,10.08,33.57,52.5227,0,1,24.444444,2
6210,9,19,3,1,24.07,0.0,59.38,8.0,3.24,30.61,0.0,0,1,24.444444,2
6211,9,20,3,1,24.07,0.0,60.62,7.4,4.2,27.86,0.0,0,1,24.444444,2
6212,9,21,3,1,24.07,0.0,60.76,11.2,2.28,33.02,0.0,0,1,24.444444,2
6213,9,22,3,1,24.07,0.0,60.91,9.7,1.32,29.05,0.0,0,1,24.444444,2
6214,9,23,3,1,24.07,0.0,62.96,5.5,1.08,21.34,0.0,0,1,24.444444,2
6215,9,24,3,1,24.07,0.0,65.2,4.5,3.96,19.01,0.0,0,1,24.444444,2
6216,9,1,4,1,24.07,0.0,66.05,5.8,0.24,20.4,0.0,0,1,24.444444,2
6217,9,2,4,1,24.07,0.0,65.68,7.7,0.36,22.2,0.0,0,1,24.444444,2
6218,9,3,4,1,24.07,0.0,64.91,7.7,0.48,20.53,0.0,0,1,24.444444,2
6219,9,4,4,1,24.07,0.0,64.35,8.7,0.12,20.8,0.0,0,1,24.444444,2
6220,9,5,4,1,24.07,0.0,64.22,9.2,0.84,20.0,0.0,0,1,24.444444,2
6221,9,6,4,1,24.07,0.0,64.59,8.4,3.96,18.71,0.0,0,1,24.444444,2
6222,9,7,4,1,24.07,0.0,64.38,8.7,12.48,25.87,39.3019,0,1,24.444444,2
6223,9,8,4,1,24.08,0.0,63.06,10.1,8.16,34.53,183.072,0,1,24.444444,2
6224,9,9,4,1,24.08,0.01,61.34,8.9,2.88,35.64,356.343,0,1,24.444444,2
6225,9,10,4,1,24.08,0.01,59.58,9.5,3.84,37.85,499.199,0,1,24.444444,2
6226,9,11,4,1,24.07,0.0,57.65,9.3,1.68,37.16,536.535,0,1,24.444444,2
6227,9,12,4,1,24.07,0.0,56.56,9.1,1.32,38.21,636.473,0,1,24.444444,2
6228,9,13,4,1,24.07,0.0,56.4,7.6,1.44,38.96,630.682,0,1,24.444444,2
6229,9,14,4,1,24.08,0.01,55.32,8.4,1.2,43.77,599.751,0,1,24.444444,2
6230,9,15,4,1,24.09,0.01,52.99,9.0,0.96,46.08,512.343,0,1,24.444444,2
6231,9,16,4,1,24.08,0.0,51.81,7.6,0.84,44.09,368.766,0,1,24.444444,2
6232,9,17,4,1,24.08,0.0,51.34,8.5,3.0,44.23,226.048,0,1,24.444444,2
6233,9,18,4,1,24.08,0.0,51.63,9.4,4.56,41.37,56.7281,0,1,24.444444,2
6234,9,19,4,1,24.08,0.0,52.87,10.0,6.6,37.98,0.0,0,1,24.444444,2
6235,9,20,4,1,24.18,0.1,53.47,17.6,2.4,45.83,0.0,0,1,24.444444,2
6236,9,21,4,1,24.15,0.08,54.24,15.4,1.56,42.38,0.0,0,1,24.444444,2
6237,9,22,4,1,24.08,0.0,55.61,9.2,1.56,32.13,0.0,0,1,24.444444,2
6238,9,23,4,1,24.07,0.0,56.71,9.9,0.72,30.62,0.0,0,1,24.444444,2
6239,9,24,4,1,24.07,0.0,57.4,9.4,0.6,28.01,0.0,0,1,24.444444,2
6240,9,1,5,1,24.07,0.0,57.96,9.3,0.24,26.17,0.0,0,1,24.444444,2
6241,9,2,5,1,24.07,0.0,58.63,11.3,0.72,27.94,0.0,0,1,24.444444,2
6242,9,3,5,1,24.07,0.0,59.63,10.1,0.48,25.13,0.0,0,1,24.444444,2
6243,9,4,5,1,24.07,0.0,60.95,9.9,0.36,24.25,0.0,0,1,24.444444,2
6244,9,5,5,1,24.07,0.0,62.21,9.1,0.6,22.26,0.0,0,1,24.444444,2
6245,9,6,5,1,24.07,0.0,63.7,9.4,2.04,23.02,0.0,0,1,24.444444,2
6246,9,7,5,1,24.07,0.0,64.17,10.1,11.4,30.8,38.3253,0,1,24.444444,2
6247,9,8,5,1,24.07,0.0,63.3,10.8,8.04,36.56,174.46,0,1,24.444444,2
6248,9,9,5,1,24.07,0.0,61.68,9.8,8.4,37.78,330.54,0,1,24.444444,2
6249,9,10,5,1,24.07,0.0,61.37,9.3,2.88,39.64,421.429,0,1,24.444444,2
6250,9,11,5,1,24.08,0.01,61.02,8.3,0.96,41.02,475.316,0,1,24.444444,2
6251,9,12,5,1,24.09,0.01,58.76,7.5,1.8,40.26,516.693,0,1,24.444444,2
6252,9,13,5,1,24.09,0.02,56.86,8.1,1.32,42.01,508.626,0,1,24.444444,2
6253,9,14,5,1,24.12,0.04,55.17,9.5,2.4,45.24,469.329,0,1,24.444444,2
6254,9,15,5,1,24.12,0.04,55.0,8.8,3.0,45.87,408.793,0,1,24.444444,2
6255,9,16,5,1,24.09,0.02,54.99,7.7,1.44,42.59,283.875,0,1,24.444444,2
6256,9,17,5,1,24.08,0.01,54.28,9.7,1.2,41.39,155.081,0,1,24.444444,2
6257,9,18,5,1,24.08,0.0,52.91,9.5,1.56,35.94,24.9538,0,1,24.444444,2
6258,9,19,5,1,24.07,0.0,51.69,10.1,0.6,32.99,0.0,0,1,24.444444,2
6259,9,20,5,1,24.07,0.0,51.56,11.5,2.64,33.29,0.0,0,1,24.444444,2
6260,9,21,5,1,24.07,0.0,51.65,14.9,2.64,37.15,0.0,0,1,24.444444,2
6261,9,22,5,1,24.07,0.0,52.4,12.7,0.96,32.84,0.0,0,1,24.444444,2
6262,9,23,5,1,24.07,0.0,54.27,9.6,0.48,27.45,0.0,0,1,24.444444,2
6263,9,24,5,1,24.07,0.0,55.93,10.0,0.6,27.65,0.0,0,1,24.444444,2
6264,9,1,6,1,24.07,0.0,58.06,4.3,0.12,18.73,0.0,0,1,24.444444,2
6265,9,2,6,1,24.07,0.0,59.32,6.9,0.24,20.49,0.0,0,1,24.444444,2
6266,9,3,6,1,24.07,0.0,60.31,5.1,0.72,16.13,0.0,0,1,24.444444,2
6267,9,4,6,1,24.07,0.0,60.42,9.4,2.04,22.48,0.0,0,1,24.444444,2
6268,9,5,6,1,24.07,0.0,60.28,8.7,2.16,20.46,0.0,0,1,24.444444,2
6269,9,6,6,1,24.07,0.0,60.11,12.0,6.24,25.92,0.0,0,1,24.444444,2
6270,9,7,6,1,24.07,0.0,59.48,8.1,21.72,21.61,37.1512,0,1,24.444444,2
6271,9,8,6,1,24.07,0.0,58.75,10.9,12.48,29.73,161.467,0,1,24.444444,2
6272,9,9,6,1,24.07,0.0,56.85,9.8,12.24,32.64,314.108,0,1,24.444444,2
6273,9,10,6,1,24.08,0.0,54.65,12.2,2.4,39.47,473.349,0,1,24.444444,2
6274,9,11,6,1,24.1,0.02,52.86,13.2,3.12,41.05,579.28,0,1,24.444444,2
6275,9,12,6,1,24.1,0.03,51.7,9.5,1.56,37.81,661.49,0,1,24.444444,2
6276,9,13,6,1,24.11,0.04,51.14,7.4,9.84,37.85,757.361,0,1,24.444444,2
6277,9,14,6,1,24.14,0.07,50.06,10.0,4.56,44.43,744.582,0,1,24.444444,2
6278,9,15,6,1,24.21,0.14,49.3,13.0,1.32,49.47,625.169,0,1,24.444444,2
6279,9,16,6,1,24.2,0.13,49.49,10.1,2.4,47.41,505.859,0,1,24.444444,2
6280,9,17,6,1,24.16,0.08,50.01,9.0,6.72,45.92,302.64,0,1,24.444444,2
6281,9,18,6,1,24.09,0.01,50.88,8.3,4.8,41.31,90.3749,0,1,24.444444,2
6282,9,19,6,1,24.08,0.0,51.55,8.9,8.04,34.95,0.0,0,1,24.444444,2
6283,9,20,6,1,24.07,0.0,52.06,9.2,2.76,32.75,0.0,0,1,24.444444,2
6284,9,21,6,1,24.07,0.0,52.26,11.4,2.04,34.0,0.0,0,1,24.444444,2
6285,9,22,6,1,24.07,0.0,52.73,10.3,1.68,30.32,0.0,0,1,24.444444,2
6286,9,23,6,1,24.07,0.0,53.59,11.2,0.72,30.11,0.0,0,1,24.444444,2
6287,9,24,6,1,24.07,0.0,55.2,3.7,1.92,17.81,0.0,0,1,24.444444,2
6288,9,1,7,1,24.07,0.0,57.36,5.0,0.24,18.84,0.0,0,1,24.444444,2
6289,9,2,7,1,24.07,0.0,59.39,3.3,0.36,15.65,0.0,0,1,24.444444,2
6290,9,3,7,1,24.07,0.0,61.04,5.3,0.12,18.43,0.0,0,1,24.444444,2
6291,9,4,7,1,24.06,0.0,63.13,3.2,0.72,14.95,0.0,0,1,24.444444,2
6292,9,5,7,1,24.06,0.0,65.37,5.0,0.6,17.58,0.0,0,1,24.444444,2
6293,9,6,7,1,24.05,0.0,67.47,3.7,3.0,16.17,0.0,0,1,24.444444,2
6294,9,7,7,1,24.04,0.0,68.05,3.0,6.6,22.68,34.0214,0,1,24.444444,2
6295,9,8,7,1,24.06,0.0,65.69,6.0,6.96,32.0,190.49,0,1,24.444444,2
6296,9,9,7,1,24.09,0.02,63.2,4.5,15.72,32.56,404.437,0,1,24.444444,2
6297,9,10,7,1,24.1,0.02,60.75,4.7,3.0,35.08,587.502,0,1,24.444444,2
6298,9,11,7,1,24.08,0.0,58.42,5.9,1.8,36.96,696.398,0,1,24.444444,2
6299,9,12,7,1,24.08,0.0,56.38,4.8,1.68,35.33,772.025,0,1,24.444444,2
6300,9,13,7,1,24.16,0.08,53.37,9.7,5.4,42.49,766.785,0,1,24.444444,2
6301,9,14,7,1,24.16,0.09,50.91,8.1,20.28,44.19,751.843,0,1,24.444444,2
6302,9,15,7,1,24.23,0.16,48.92,10.5,3.12,48.66,704.617,0,1,24.444444,2
6303,9,16,7,1,24.29,0.21,48.14,9.0,6.12,47.28,522.857,0,1,24.444444,2
6304,9,17,7,1,24.31,0.23,48.33,9.1,2.64,46.83,320.456,0,1,24.444444,2
6305,9,18,7,1,24.25,0.17,48.98,12.8,3.84,47.57,95.3208,0,1,24.444444,2
6306,9,19,7,1,24.11,0.04,50.08,11.4,2.4,39.81,0.0,0,1,24.444444,2
6307,9,20,7,1,24.08,0.0,51.59,6.3,2.04,31.16,0.0,0,1,24.444444,2
6308,9,21,7,1,24.07,0.0,53.33,7.9,1.68,32.07,0.0,0,1,24.444444,2
6309,9,22,7,1,24.07,0.0,54.7,10.4,2.16,33.87,0.0,0,1,24.444444,2
6310,9,23,7,1,24.07,0.0,56.27,7.1,1.92,27.03,0.0,0,1,24.444444,2
6311,9,24,7,1,24.07,0.0,57.66,5.5,0.6,23.07,0.0,0,1,24.444444,2
6312,9,1,1,1,24.07,0.0,57.97,9.1,0.6,26.92,0.0,0,1,24.444444,2
6313,9,2,1,1,24.07,0.0,57.63,8.9,0.72,24.48,0.0,0,1,24.444444,2
6314,9,3,1,1,24.07,0.0,58.14,8.9,0.6,23.19,0.0,0,1,24.444444,2
6315,9,4,1,1,24.07,0.0,59.32,8.9,0.0,22.08,0.0,0,1,24.444444,2
6316,9,5,1,1,24.05,0.0,61.22,3.5,0.72,12.64,0.0,0,1,24.444444,2
6317,9,6,1,1,24.07,0.0,62.0,9.2,1.08,21.98,0.0,0,1,24.444444,2
6318,9,7,1,1,24.05,0.0,62.23,3.2,2.28,19.42,33.4997,0,1,24.444444,2
6319,9,8,1,1,24.05,0.0,61.42,5.2,2.4,26.89,190.693,0,1,24.444444,2
6320,9,9,1,1,24.06,0.0,60.35,3.7,10.32,29.12,401.559,0,1,24.444444,2
6321,9,10,1,1,24.08,0.0,59.05,3.8,17.88,32.53,581.678,0,1,24.444444,2
6322,9,11,1,1,24.11,0.04,56.21,9.5,16.2,40.09,691.171,0,1,24.444444,2
6323,9,12,1,1,24.12,0.04,53.75,7.4,3.36,38.24,787.73,0,1,24.444444,2
6324,9,13,1,1,24.11,0.03,53.09,4.4,6.36,36.36,772.09,0,1,24.444444,2
6325,9,14,1,1,24.16,0.09,51.97,9.1,3.6,45.75,727.505,0,1,24.444444,2
6326,9,15,1,1,24.23,0.16,49.97,10.1,4.2,48.86,620.031,0,1,24.444444,2
6327,9,16,1,1,24.19,0.12,49.13,5.5,3.84,44.82,489.182,0,1,24.444444,2
6328,9,17,1,1,24.34,0.26,48.22,13.1,0.96,49.89,295.544,0,1,24.444444,2
6329,9,18,1,1,24.2,0.12,48.45,11.2,4.8,45.72,83.7556,0,1,24.444444,2
6330,9,19,1,1,24.12,0.05,49.07,12.0,6.96,40.47,0.0,0,1,24.444444,2
6331,9,20,1,1,24.1,0.03,49.21,11.1,3.12,37.2,0.0,0,1,24.444444,2
6332,9,21,1,1,24.09,0.01,49.33,11.8,1.2,35.71,0.0,0,1,24.444444,2
6333,9,22,1,1,24.08,0.0,49.83,12.3,3.84,34.18,0.0,0,1,24.444444,2
6334,9,23,1,1,24.07,0.0,51.47,5.2,0.84,22.23,0.0,0,1,24.444444,2
6335,9,24,1,1,24.07,0.0,53.85,4.9,0.48,19.81,0.0,0,1,24.444444,2
6336,9,1,2,1,24.07,0.0,56.36,3.9,0.6,16.43,0.0,0,1,24.444444,2
6337,9,2,2,1,24.07,0.0,59.13,3.8,0.36,14.87,0.0,0,1,24.444444,2
6338,9,3,2,1,24.05,0.0,62.03,3.2,0.84,13.17,0.0,0,1,24.444444,2
6339,9,4,2,1,24.04,0.0,64.69,3.6,0.24,12.82,0.0,0,1,24.444444,2
6340,9,5,2,1,24.02,0.0,66.87,3.6,0.72,12.01,0.0,0,1,24.444444,2
6341,9,6,2,1,24.01,0.0,68.73,3.6,3.36,12.83,0.0,0,1,24.444444,2
6342,9,7,2,1,24.04,0.0,68.2,6.4,6.84,25.67,33.2908,0,1,24.444444,2
6343,9,8,2,1,24.13,0.07,64.94,9.4,9.0,35.18,192.654,0,1,24.444444,2
6344,9,9,2,1,24.19,0.11,60.97,6.6,3.24,34.16,404.857,0,1,24.444444,2
6345,9,10,2,1,24.14,0.06,58.71,4.4,4.44,34.28,575.83,0,1,24.444444,2
6346,9,11,2,1,24.21,0.13,55.74,10.4,5.76,42.04,707.885,0,1,24.444444,2
6347,9,12,2,1,24.16,0.09,54.09,5.9,3.48,37.71,778.984,0,1,24.444444,2
6348,9,13,2,1,24.2,0.13,53.44,6.9,3.0,40.68,797.354,0,1,24.444444,2
6349,9,14,2,1,24.29,0.22,52.99,9.2,4.2,47.61,749.458,0,1,24.444444,2
6350,9,15,2,1,24.37,0.3,52.37,9.8,1.56,50.47,628.75,0,1,24.444444,2
6351,9,16,2,1,24.46,0.38,51.77,9.4,0.72,50.83,519.483,0,1,24.444444,2
6352,9,17,2,1,24.49,0.41,51.5,9.0,3.36,50.3,307.937,0,1,24.444444,2
6353,9,18,2,1,24.32,0.25,50.98,10.0,4.56,48.57,92.8903,0,1,24.444444,2
6354,9,19,2,1,24.15,0.07,50.3,10.0,6.0,41.52,0.0,0,1,24.444444,2
6355,9,20,2,1,24.2,0.12,48.27,16.2,6.36,44.62,0.0,0,1,24.444444,2
6356,9,21,2,1,24.14,0.07,46.61,13.2,2.88,37.85,0.0,0,1,24.444444,2
6357,9,22,2,1,24.1,0.02,45.52,13.1,3.36,34.53,0.0,0,1,24.444444,2
6358,9,23,2,1,24.07,0.0,45.4,6.7,2.28,23.93,0.0,0,1,24.444444,2
6359,9,24,2,1,24.07,0.0,45.68,7.8,0.36,23.01,0.0,0,1,24.444444,2
6360,9,1,3,1,24.07,0.0,46.14,6.4,0.24,18.83,0.0,0,1,24.444444,2
6361,9,2,3,1,24.07,0.0,46.9,3.5,0.36,12.76,0.0,0,1,24.444444,2
6362,9,3,3,1,24.05,0.0,47.8,3.9,0.6,11.23,0.0,0,1,24.444444,2
6363,9,4,3,1,24.06,0.0,48.44,6.5,0.48,12.98,0.0,0,1,24.444444,2
6364,9,5,3,1,24.02,0.0,49.17,4.1,0.72,9.08,0.0,0,1,24.444444,2
6365,9,6,3,1,23.97,0.0,50.31,3.8,3.24,8.63,0.0,0,1,24.444444,2
6366,9,7,3,1,24.01,0.0,50.33,6.6,15.24,17.4,30.3604,0,1,24.444444,2
6367,9,8,3,1,24.04,0.0,48.99,9.2,5.52,23.33,196.467,0,1,24.444444,2
6368,9,9,3,1,24.05,0.0,47.94,5.9,3.48,22.34,410.275,0,1,24.444444,2
6369,9,10,3,1,24.06,0.0,47.62,3.5,0.96,22.14,608.538,0,1,24.444444,2
6370,9,11,3,1,24.08,0.0,46.93,4.2,3.96,23.84,761.644,0,1,24.444444,2
6371,9,12,3,1,24.08,0.0,45.73,3.9,1.56,24.68,833.333,0,1,24.444444,2
6372,9,13,3,1,24.07,0.0,44.15,5.5,3.0,28.07,833.333,0,1,24.444444,2
6373,9,14,3,1,24.07,0.0,42.61,9.5,1.08,36.43,772.653,0,1,24.444444,2
6374,9,15,3,1,24.08,0.0,41.65,8.5,1.2,39.4,713.957,0,1,24.444444,2
6375,9,16,3,1,24.1,0.03,41.14,8.5,1.44,40.93,557.575,0,1,24.444444,2
6376,9,17,3,1,24.12,0.04,40.65,8.7,1.8,40.72,347.754,0,1,24.444444,2
6377,9,18,3,1,24.08,0.01,40.53,9.7,5.88,37.2,102.241,0,1,24.444444,2
6378,9,19,3,1,24.08,0.0,41.02,8.7,1.8,28.35,0.0,0,1,24.444444,2
6379,9,20,3,1,24.08,0.0,42.01,7.8,1.68,25.36,0.0,0,1,24.444444,2
6380,9,21,3,1,24.07,0.0,42.95,14.8,6.0,31.95,0.0,0,1,24.444444,2
6381,9,22,3,1,24.07,0.0,43.64,12.0,1.92,26.42,0.0,0,1,24.444444,2
6382,9,23,3,1,24.07,0.0,45.52,5.8,1.2,16.79,0.0,0,1,24.444444,2
6383,9,24,3,1,24.07,0.0,48.54,4.3,0.24,13.39,0.0,0,1,24.444444,2
6384,9,1,4,1,24.07,0.0,51.28,9.1,0.12,18.51,0.0,0,1,24.444444,2
6385,9,2,4,1,24.07,0.0,52.87,7.3,0.24,15.32,0.0,0,1,24.444444,2
6386,9,3,4,1,24.07,0.0,53.29,9.5,0.48,17.8,0.0,0,1,24.444444,2
6387,9,4,4,1,24.07,0.0,54.37,8.3,0.6,15.73,0.0,0,1,24.444444,2
6388,9,5,4,1,24.07,0.0,56.25,8.9,0.84,16.46,0.0,0,1,24.444444,2
6389,9,6,4,1,24.07,0.0,57.06,11.1,7.08,19.75,0.0,0,1,24.444444,2
6390,9,7,4,1,24.07,0.0,57.64,8.5,8.88,18.87,35.8109,0,1,24.444444,2
6391,9,8,4,1,24.07,0.0,57.91,10.7,14.16,25.41,162.229,0,1,24.444444,2
6392,9,9,4,1,24.07,0.0,57.47,9.6,10.08,27.18,317.027,0,1,24.444444,2
6393,9,10,4,1,24.07,0.0,56.59,9.1,7.2,30.01,468.846,0,1,24.444444,2
6394,9,11,4,1,24.07,0.0,55.82,9.2,0.96,31.74,593.784,0,1,24.444444,2
6395,9,12,4,1,24.07,0.0,55.69,7.7,2.28,31.19,676.436,0,1,24.444444,2
6396,9,13,4,1,24.07,0.0,54.88,10.2,0.24,36.74,664.855,0,1,24.444444,2
6397,9,14,4,1,24.07,0.0,53.06,8.0,2.04,36.18,634.957,0,1,24.444444,2
6398,9,15,4,1,24.07,0.0,50.94,9.0,4.92,41.05,579.835,0,1,24.444444,2
6399,9,16,4,1,24.07,0.0,49.71,7.7,1.68,39.65,437.69,0,1,24.444444,2
6400,9,17,4,1,24.07,0.0,49.4,8.5,2.04,37.83,247.43,0,1,24.444444,2
6401,9,18,4,1,24.07,0.0,49.62,10.8,3.6,35.78,53.6132,0,1,24.444444,2
6402,9,19,4,1,24.07,0.0,50.08,9.5,3.0,29.41,0.0,0,1,24.444444,2
6403,9,20,4,1,24.07,0.0,50.53,12.2,5.28,31.32,0.0,0,1,24.444444,2
6404,9,21,4,1,24.07,0.0,50.98,12.6,1.2,30.42,0.0,0,1,24.444444,2
6405,9,22,4,1,24.07,0.0,52.27,9.1,2.52,23.63,0.0,0,1,24.444444,2
6406,9,23,4,1,24.07,0.0,53.59,9.7,0.96,23.1,0.0,0,1,24.444444,2
6407,9,24,4,1,24.07,0.0,54.16,10.4,0.36,22.79,0.0,0,1,24.444444,2
6408,9,1,5,1,24.07,0.0,55.07,9.0,0.6,18.75,0.0,0,1,24.444444,2
6409,9,2,5,1,24.07,0.0,55.21,12.7,0.12,22.99,0.0,0,1,24.444444,2
6410,9,3,5,1,24.07,0.0,55.08,10.9,0.72,19.33,0.0,0,1,24.444444,2
6411,9,4,5,1,24.07,0.0,55.67,11.6,2.28,20.47,0.0,0,1,24.444444,2
6412,9,5,5,1,24.07,0.0,56.67,9.2,1.08,17.31,0.0,0,1,24.444444,2
6413,9,6,5,1,24.07,0.0,58.66,9.0,1.8,17.69,0.0,0,1,24.444444,2
6414,9,7,5,1,24.06,0.0,59.48,8.6,15.72,20.55,35.2891,0,1,24.444444,2
6415,9,8,5,1,24.07,0.0,58.0,11.3,5.76,27.71,175.935,0,1,24.444444,2
6416,9,9,5,1,24.07,0.0,55.85,10.0,2.52,30.49,367.913,0,1,24.444444,2
6417,9,10,5,1,24.07,0.0,53.3,9.7,3.96,33.73,570.664,0,1,24.444444,2
6418,9,11,5,1,24.07,0.0,51.61,9.8,3.48,33.24,709.0,0,1,24.444444,2
6419,9,12,5,1,24.07,0.0,50.3,7.3,4.44,30.65,797.183,0,1,24.444444,2
6420,9,13,5,1,24.07,0.0,48.59,7.9,0.84,33.17,784.261,0,1,24.444444,2
6421,9,14,5,1,24.08,0.01,47.4,10.3,2.04,39.34,725.993,0,1,24.444444,2
6422,9,15,5,1,24.08,0.0,46.85,9.3,1.08,40.26,622.585,0,1,24.444444,2
6423,9,16,5,1,24.07,0.0,46.7,8.4,3.36,38.57,438.855,0,1,24.444444,2
6424,9,17,5,1,24.07,0.0,47.08,9.1,1.56,36.85,241.2,0,1,24.444444,2
6425,9,18,5,1,24.07,0.0,47.7,13.1,2.76,37.64,53.489,0,1,24.444444,2
6426,9,19,5,1,24.07,0.0,48.7,10.2,2.28,29.92,0.0,0,1,24.444444,2
6427,9,20,5,1,24.07,0.0,49.44,11.6,2.16,30.41,0.0,0,1,24.444444,2
6428,9,21,5,1,24.07,0.0,50.23,11.8,1.44,29.29,0.0,0,1,24.444444,2
6429,9,22,5,1,24.07,0.0,50.91,12.7,2.52,28.33,0.0,0,1,24.444444,2
6430,9,23,5,1,24.07,0.0,51.68,11.1,1.08,23.84,0.0,0,1,24.444444,2
6431,9,24,5,1,24.07,0.0,52.81,11.3,0.48,23.07,0.0,0,1,24.444444,2
6432,9,1,6,1,24.07,0.0,54.49,8.2,0.48,18.22,0.0,0,1,24.444444,2
6433,9,2,6,1,24.07,0.0,56.52,7.1,0.12,16.14,0.0,0,1,24.444444,2
6434,9,3,6,1,24.05,0.0,58.92,5.1,0.0,11.8,0.0,0,1,24.444444,2
6435,9,4,6,1,24.04,0.0,60.85,6.6,0.24,13.16,0.0,0,1,24.444444,2
6436,9,5,6,1,24.05,0.0,61.77,8.9,0.36,16.58,0.0,0,1,24.444444,2
6437,9,6,6,1,24.05,0.0,61.81,9.8,7.2,17.38,0.0,0,1,24.444444,2
6438,9,7,6,1,24.05,0.0,60.7,8.6,8.88,21.09,34.2409,0,1,24.444444,2
6439,9,8,6,1,24.06,0.0,58.86,10.0,22.68,28.06,185.596,0,1,24.444444,2
6440,9,9,6,1,24.07,0.0,55.39,10.3,4.44,31.02,391.716,0,1,24.444444,2
6441,9,10,6,1,24.07,0.0,53.12,10.0,2.76,32.4,539.571,0,1,24.444444,2
6442,9,11,6,1,24.07,0.0,51.63,10.9,5.16,34.66,647.432,0,1,24.444444,2
6443,9,12,6,1,24.07,0.0,50.84,9.3,3.0,33.87,710.721,0,1,24.444444,2
6444,9,13,6,1,24.07,0.0,50.01,7.7,6.84,33.29,684.398,0,1,24.444444,2
6445,9,14,6,1,24.07,0.0,48.9,9.0,1.68,37.83,636.054,0,1,24.444444,2
6446,9,15,6,1,24.09,0.02,47.6,13.0,1.56,44.27,549.639,0,1,24.444444,2
6447,9,16,6,1,24.07,0.0,47.15,8.8,2.52,37.9,399.24,0,1,24.444444,2
6448,9,17,6,1,24.07,0.0,47.05,11.1,9.48,39.19,230.153,0,1,24.444444,2
6449,9,18,6,1,24.07,0.0,47.32,10.2,6.6,34.15,54.9602,0,1,24.444444,2
6450,9,19,6,1,24.07,0.0,47.98,8.2,3.96,27.01,0.0,0,1,24.444444,2
6451,9,20,6,1,24.07,0.0,48.79,8.7,2.76,26.12,0.0,0,1,24.444444,2
6452,9,21,6,1,24.07,0.0,49.45,11.2,0.6,28.01,0.0,0,1,24.444444,2
6453,9,22,6,1,24.07,0.0,49.72,12.5,0.84,27.85,0.0,0,1,24.444444,2
6454,9,23,6,1,24.07,0.0,49.96,13.3,0.36,27.09,0.0,0,1,24.444444,2
6455,9,24,6,1,24.07,0.0,51.9,4.6,1.08,13.55,0.0,0,1,24.444444,2
6456,9,1,7,1,24.07,0.0,53.54,8.3,0.36,16.78,0.0,0,1,24.444444,2
6457,9,2,7,1,24.03,0.0,55.99,3.7,3.72,10.18,0.0,0,1,24.444444,2
6458,9,3,7,1,24.0,0.0,58.57,3.5,0.24,9.56,0.0,0,1,24.444444,2
6459,9,4,7,1,23.95,0.0,59.97,3.2,0.12,8.61,0.0,0,1,24.444444,2
6460,9,5,7,1,23.94,0.0,60.96,3.6,1.08,8.9,0.0,0,1,24.444444,2
6461,9,6,7,1,24.0,0.0,60.85,7.1,5.04,13.72,0.0,0,1,24.444444,2
6462,9,7,7,1,23.97,0.0,61.07,4.1,6.36,12.37,34.4204,0,1,24.444444,2
6463,9,8,7,1,24.02,0.0,59.88,8.6,3.96,21.32,160.856,0,1,24.444444,2
6464,9,9,7,1,24.04,0.0,58.27,6.5,21.36,22.87,323.168,0,1,24.444444,2
6465,9,10,7,1,24.06,0.0,57.39,5.1,5.4,25.78,487.45,0,1,24.444444,2
6466,9,11,7,1,24.07,0.0,57.25,5.6,5.28,29.16,609.744,0,1,24.444444,2
6467,9,12,7,1,24.07,0.0,57.28,4.4,3.0,29.08,661.104,0,1,24.444444,2
6468,9,13,7,1,24.09,0.02,56.1,11.0,2.88,40.24,651.677,0,1,24.444444,2
6469,9,14,7,1,24.08,0.01,55.07,9.1,9.96,40.41,609.842,0,1,24.444444,2
6470,9,15,7,1,24.08,0.0,54.41,9.2,6.72,42.27,500.698,0,1,24.444444,2
6471,9,16,7,1,24.07,0.0,54.09,8.8,5.52,40.69,369.761,0,1,24.444444,2
6472,9,17,7,1,24.08,0.01,53.63,13.4,3.48,44.61,201.007,0,1,24.444444,2
6473,9,18,7,1,24.07,0.0,54.5,9.0,4.56,35.2,37.0875,0,1,24.444444,2
6474,9,19,7,1,24.07,0.0,55.81,9.1,4.32,32.23,0.0,0,1,24.444444,2
6475,9,20,7,1,24.07,0.0,56.83,7.7,2.16,28.71,0.0,0,1,24.444444,2
6476,9,21,7,1,24.07,0.0,57.61,8.0,1.08,27.97,0.0,0,1,24.444444,2
6477,9,22,7,1,24.07,0.0,58.23,10.0,1.68,29.54,0.0,0,1,24.444444,2
6478,9,23,7,1,24.07,0.0,59.6,5.4,0.84,21.56,0.0,0,1,24.444444,2
6479,9,24,7,1,24.07,0.0,61.54,4.3,0.12,19.46,0.0,0,1,24.444444,2
6480,9,1,1,1,24.07,0.0,61.69,9.6,0.12,27.47,0.0,0,1,24.444444,2
6481,9,2,1,1,24.07,0.0,61.37,8.7,0.12,24.48,0.0,0,1,24.444444,2
6482,9,3,1,1,24.07,0.0,61.78,9.0,0.12,24.07,0.0,0,1,24.444444,2
6483,9,4,1,1,24.07,0.0,62.22,9.3,0.36,23.76,0.0,0,1,24.444444,2
6484,9,5,1,1,24.05,0.0,64.18,3.1,0.6,13.29,0.0,0,1,24.444444,2
6485,9,6,1,1,24.07,0.0,65.03,9.2,1.08,23.36,0.0,0,1,24.444444,2
6486,9,7,1,1,24.05,0.0,65.68,3.7,7.92,13.95,22.2215,0,1,24.444444,2
6487,9,8,1,1,24.04,0.0,66.69,4.1,5.76,15.76,114.259,0,1,24.444444,2
6488,9,9,1,1,24.05,0.0,66.11,5.0,3.36,20.51,223.809,0,1,24.444444,2
6489,9,10,1,1,24.06,0.0,65.43,4.5,14.64,22.91,345.001,0,1,24.444444,2
6490,9,11,1,1,24.07,0.0,63.5,10.3,10.44,32.34,438.008,0,1,24.444444,2
6491,9,12,1,1,24.07,0.0,62.75,4.4,7.44,22.78,500.899,0,1,24.444444,2
6492,9,13,1,1,24.07,0.0,63.14,4.4,3.84,24.02,549.856,0,1,24.444444,2
6493,9,14,1,1,24.07,0.0,62.42,9.3,0.96,33.7,486.524,0,1,24.444444,2
6494,9,15,1,1,24.07,0.0,61.0,9.5,10.08,35.55,438.544,0,1,24.444444,2
6495,9,16,1,1,24.07,0.0,61.29,4.1,1.8,28.16,398.556,0,1,24.444444,2
6496,9,17,1,1,24.07,0.0,61.42,10.1,2.52,35.21,225.129,0,1,24.444444,2
6497,9,18,1,1,24.07,0.0,60.42,12.7,9.36,36.42,56.3399,0,1,24.444444,2
6498,9,19,1,1,24.07,0.0,59.51,15.5,5.88,36.33,0.0,0,1,24.444444,2
6499,9,20,1,1,24.07,0.0,59.9,10.7,1.92,27.28,0.0,0,1,24.444444,2
6500,9,21,1,1,24.07,0.0,60.98,10.8,1.2,27.23,0.0,0,1,24.444444,2
6501,9,22,1,1,24.07,0.0,62.08,10.7,2.88,26.65,0.0,0,1,24.444444,2
6502,9,23,1,1,24.06,0.0,65.02,4.5,2.76,15.85,0.0,0,1,24.444444,2
6503,9,24,1,1,24.06,0.0,68.54,5.0,0.36,16.65,0.0,0,1,24.444444,2
6504,9,1,2,1,24.04,0.0,70.74,3.9,0.24,14.65,0.0,0,1,24.444444,2
6505,9,2,2,1,24.02,0.0,72.43,3.3,0.12,13.46,0.0,0,1,24.444444,2
6506,9,3,2,1,24.0,0.0,73.59,3.0,0.36,12.62,0.0,0,1,24.444444,2
6507,9,4,2,1,24.0,0.0,74.69,3.3,0.24,13.0,0.0,0,1,24.444444,2
6508,9,5,2,1,24.0,0.0,75.52,3.7,0.48,13.64,0.0,0,1,24.444444,2
6509,9,6,2,1,24.04,0.0,73.22,9.1,0.6,23.39,0.0,0,1,24.444444,2
6510,9,7,2,1,24.04,0.0,70.54,7.0,12.0,20.93,30.7318,0,1,24.444444,2
6511,9,8,2,1,24.04,0.0,68.87,6.8,6.0,22.76,149.579,0,1,24.444444,2
6512,9,9,2,1,24.06,0.0,65.87,8.1,8.16,27.12,267.884,0,1,24.444444,2
6513,9,10,2,1,24.06,0.0,64.14,4.0,9.12,23.43,383.676,0,1,24.444444,2
6514,9,11,2,1,24.07,0.0,61.03,11.3,11.52,36.62,493.652,0,1,24.444444,2
6515,9,12,2,1,24.07,0.0,59.16,6.4,3.0,29.63,494.359,0,1,24.444444,2
6516,9,13,2,1,24.07,0.0,58.33,6.3,1.44,33.06,724.388,0,1,24.444444,2
6517,9,14,2,1,24.09,0.01,56.69,9.0,2.76,42.11,719.691,0,1,24.444444,2
6518,9,15,2,1,24.11,0.03,53.9,9.8,3.12,46.55,642.514,0,1,24.444444,2
6519,9,16,2,1,24.15,0.07,52.45,8.6,3.24,45.48,514.023,0,1,24.444444,2
6520,9,17,2,1,24.18,0.1,51.84,8.7,1.44,44.82,309.762,0,1,24.444444,2
6521,9,18,2,1,24.13,0.05,51.62,11.8,0.84,44.58,79.0971,0,1,24.444444,2
6522,9,19,2,1,24.07,0.0,52.15,10.3,2.52,35.08,0.0,0,1,24.444444,2
6523,9,20,2,1,24.07,0.0,52.75,10.8,3.24,34.03,0.0,0,1,24.444444,2
6524,9,21,2,1,24.07,0.0,53.27,12.0,1.68,34.04,0.0,0,1,24.444444,2
6525,9,22,2,1,24.07,0.0,53.31,15.4,0.72,36.94,0.0,0,1,24.444444,2
6526,9,23,2,1,24.07,0.0,54.99,6.7,0.84,23.06,0.0,0,1,24.444444,2
6527,9,24,2,1,24.07,0.0,57.63,7.8,0.84,23.55,0.0,0,1,24.444444,2
6528,9,1,3,1,24.07,0.0,59.27,8.9,0.36,24.27,0.0,0,1,24.444444,2
6529,9,2,3,1,24.06,0.0,61.87,3.3,0.6,13.83,0.0,0,1,24.444444,2
6530,9,3,3,1,24.04,0.0,64.82,3.5,0.48,13.32,0.0,0,1,24.444444,2
6531,9,4,3,1,24.05,0.0,66.84,5.1,0.48,15.75,0.0,0,1,24.444444,2
6532,9,5,3,1,24.05,0.0,68.07,5.5,0.48,15.98,0.0,0,1,24.444444,2
6533,9,6,3,1,24.02,0.0,69.43,3.9,3.24,13.38,0.0,0,1,24.444444,2
6534,9,7,3,1,24.04,0.0,68.39,7.2,18.36,26.69,29.0941,0,1,24.444444,2
6535,9,8,3,1,24.07,0.01,65.61,9.1,3.24,34.01,187.979,0,1,24.444444,2
6536,9,9,3,1,24.1,0.03,62.04,8.8,9.84,35.55,377.315,0,1,24.444444,2
6537,9,10,3,1,24.08,0.01,60.76,3.7,3.24,31.05,544.241,0,1,24.444444,2
6538,9,11,3,1,24.09,0.02,59.63,8.1,3.72,39.1,698.731,0,1,24.444444,2
6539,9,12,3,1,24.1,0.02,58.54,5.7,1.44,37.12,762.047,0,1,24.444444,2
6540,9,13,3,1,24.12,0.05,57.16,6.0,2.76,39.67,786.452,0,1,24.444444,2
6541,9,14,3,1,24.18,0.11,54.52,8.4,1.32,46.67,772.343,0,1,24.444444,2
6542,9,15,3,1,24.3,0.22,52.36,9.3,0.6,49.9,698.259,0,1,24.444444,2
6543,9,16,3,1,24.39,0.32,51.02,8.4,0.96,48.52,515.93,0,1,24.444444,2
6544,9,17,3,1,24.37,0.3,50.67,8.6,0.96,47.87,305.832,0,1,24.444444,2
6545,9,18,3,1,24.16,0.08,52.36,7.9,3.0,44.04,70.342,0,1,24.444444,2
6546,9,19,3,1,24.08,0.01,54.25,6.7,3.12,35.84,0.0,0,1,24.444444,2
6547,9,20,3,1,24.08,0.0,55.66,7.9,3.48,34.83,0.0,0,1,24.444444,2
6548,9,21,3,1,24.07,0.0,56.76,7.6,4.8,32.11,0.0,0,1,24.444444,2
6549,9,22,3,1,24.07,0.0,57.48,10.8,1.2,34.79,0.0,0,1,24.444444,2
6550,9,23,3,1,24.07,0.0,59.04,5.3,0.72,24.09,0.0,0,1,24.444444,2
6551,9,24,3,1,24.07,0.0,61.28,4.7,0.48,21.64,0.0,0,1,24.444444,2
6552,10,1,4,1,24.07,0.0,63.12,4.0,0.12,18.71,0.0,0,1,24.444444,2
6553,10,2,4,1,24.07,0.0,64.76,3.4,0.12,15.86,0.0,0,1,24.444444,2
6554,10,3,4,1,24.07,0.0,65.97,4.7,0.12,17.45,0.0,0,1,24.444444,2
6555,10,4,4,1,24.07,0.0,65.74,8.8,0.36,23.39,0.0,0,1,24.444444,2
6556,10,5,4,1,24.05,0.0,66.72,3.8,1.56,13.76,0.0,0,1,24.444444,2
6557,10,6,4,1,24.07,0.0,66.82,9.0,1.68,22.65,0.0,0,1,24.444444,2
6558,10,7,4,1,24.07,0.0,64.57,12.7,12.12,31.66,47.389,0,1,24.444444,2
6559,10,8,4,1,24.07,0.0,63.09,9.0,3.36,26.78,137.987,0,1,24.444444,2
6560,10,9,4,1,24.07,0.0,62.13,9.0,9.48,28.41,226.535,0,1,24.444444,2
6561,10,10,4,1,24.07,0.0,61.1,9.0,5.04,29.36,275.671,0,1,24.444444,2
6562,10,11,4,1,24.07,0.0,62.24,3.7,4.92,20.34,288.877,0,1,24.444444,2
6563,10,12,4,1,24.07,0.0,62.22,10.2,4.8,33.43,305.109,0,1,24.444444,2
6564,10,13,4,1,24.07,0.0,59.4,12.8,1.56,40.11,331.563,0,1,24.444444,2
6565,10,14,4,1,24.07,0.0,58.32,8.5,1.2,35.17,333.477,0,1,24.444444,2
6566,10,15,4,1,24.07,0.0,57.89,9.4,1.32,35.88,251.755,0,1,24.444444,2
6567,10,16,4,1,24.07,0.0,57.84,7.9,1.2,32.24,168.098,0,1,24.444444,2
6568,10,17,4,1,24.07,0.0,58.9,8.3,2.4,31.99,73.5101,0,1,24.444444,2
6569,10,18,4,1,24.07,0.0,59.83,9.8,4.2,34.0,20.801,0,1,24.444444,2
6570,10,19,4,1,24.07,0.0,60.64,10.4,2.16,33.73,0.0,0,1,24.444444,2
6571,10,20,4,1,24.07,0.0,61.83,8.7,3.6,30.2,0.0,0,1,24.444444,2
6572,10,21,4,1,24.07,0.0,62.28,12.1,4.44,35.2,0.0,0,1,24.444444,2
6573,10,22,4,1,24.07,0.0,62.77,9.6,2.88,29.86,0.0,0,1,24.444444,2
6574,10,23,4,1,24.07,0.0,64.04,8.8,1.8,27.99,0.0,0,1,24.444444,2
6575,10,24,4,1,24.07,0.0,64.55,10.6,0.6,30.16,0.0,0,1,24.444444,2
6576,10,1,5,1,24.07,0.0,66.37,4.9,0.6,19.44,0.0,0,1,24.444444,2
6577,10,2,5,1,24.06,0.0,69.71,3.2,0.6,16.44,0.0,0,1,24.444444,2
6578,10,3,5,1,24.07,0.0,69.9,9.6,0.36,27.06,0.0,0,1,24.444444,2
6579,10,4,5,1,24.05,0.0,70.85,3.5,0.72,14.85,0.0,0,1,24.444444,2
6580,10,5,5,1,24.07,0.0,70.25,9.9,2.04,26.42,0.0,0,1,24.444444,2
6581,10,6,5,1,24.07,0.0,68.32,10.9,8.4,27.42,0.0,0,1,24.444444,2
6582,10,7,5,1,24.07,0.0,68.19,7.6,27.96,24.42,44.9016,0,1,24.444444,2
6583,10,8,5,1,24.07,0.0,67.6,10.7,11.16,33.21,135.36,0,1,24.444444,2
6584,10,9,5,1,24.07,0.0,66.74,8.7,4.56,33.46,237.957,0,1,24.444444,2
6585,10,10,5,1,24.07,0.0,65.55,8.5,2.64,36.63,299.103,0,1,24.444444,2
6586,10,11,5,1,24.07,0.0,63.93,8.2,2.52,39.82,371.537,0,1,24.444444,2
6587,10,12,5,1,24.07,0.0,62.75,7.3,1.32,40.49,370.227,0,1,24.444444,2
6588,10,13,5,1,24.1,0.03,60.85,8.9,0.72,45.23,436.817,0,1,24.444444,2
6589,10,14,5,1,24.14,0.06,58.42,9.7,4.44,46.79,412.901,0,1,24.444444,2
6590,10,15,5,1,24.12,0.05,57.38,8.9,1.44,45.15,368.827,0,1,24.444444,2
6591,10,16,5,1,24.1,0.03,57.48,8.1,0.84,44.01,277.372,0,1,24.444444,2
6592,10,17,5,1,24.09,0.02,58.01,8.5,1.92,43.15,152.942,0,1,24.444444,2
6593,10,18,5,1,24.09,0.02,58.82,9.7,2.28,41.3,37.9739,0,1,24.444444,2
6594,10,19,5,1,24.08,0.01,59.72,9.3,3.72,37.47,0.0,0,1,24.444444,2
6595,10,20,5,1,24.07,0.0,60.9,9.1,2.64,35.75,0.0,0,1,24.444444,2
6596,10,21,5,1,24.07,0.0,61.77,10.6,2.04,37.1,0.0,0,1,24.444444,2
6597,10,22,5,1,24.07,0.0,62.65,10.7,1.2,36.16,0.0,0,1,24.444444,2
6598,10,23,5,1,24.07,0.0,63.45,12.3,0.6,38.1,0.0,0,1,24.444444,2
6599,10,24,5,1,24.07,0.0,64.63,9.5,0.6,32.7,0.0,0,1,24.444444,2
6600,10,1,6,1,24.07,0.0,67.66,3.3,0.72,21.01,0.0,0,1,24.444444,2
6601,10,2,6,1,24.07,0.0,70.33,3.5,0.24,20.43,0.0,0,1,24.444444,2
6602,10,3,6,1,24.07,0.0,71.95,3.5,0.12,20.18,0.0,0,1,24.444444,2
6603,10,4,6,1,24.06,0.0,73.4,3.0,0.36,18.64,0.0,0,1,24.444444,2
6604,10,5,6,1,24.04,0.0,73.9,3.4,1.68,15.23,0.0,0,1,24.444444,2
6605,10,6,6,1,23.98,0.0,72.93,3.4,7.8,10.86,0.0,0,1,24.444444,2
6606,10,7,6,1,23.94,0.0,71.79,3.6,12.96,10.15,8.34637,0,1,24.444444,2
6607,10,8,6,1,23.96,0.0,70.52,5.3,5.16,11.2,45.4499,0,1,24.444444,2
6608,10,9,6,1,23.97,0.0,69.55,5.0,5.88,11.78,110.167,0,1,24.444444,2
6609,10,10,6,1,23.99,0.0,68.52,5.1,2.64,15.33,208.757,0,1,24.444444,2
6610,10,11,6,1,24.04,0.0,66.93,8.2,2.28,23.92,326.383,0,1,24.444444,2
6611,10,12,6,1,24.06,0.0,64.34,7.7,2.16,25.19,371.799,0,1,24.444444,2
6612,10,13,6,1,24.07,0.0,61.7,6.9,1.92,24.8,361.346,0,1,24.444444,2
6613,10,14,6,1,24.07,0.0,58.96,8.5,1.32,28.72,343.755,0,1,24.444444,2
6614,10,15,6,1,24.07,0.0,56.58,9.0,2.04,28.88,266.266,0,1,24.444444,2
6615,10,16,6,1,24.07,0.0,55.4,8.6,3.24,26.39,177.159,0,1,24.444444,2
6616,10,17,6,1,24.07,0.0,54.85,8.7,1.2,25.18,81.7301,0,1,24.444444,2
6617,10,18,6,1,24.07,0.0,54.87,8.0,4.08,23.33,19.3564,0,1,24.444444,2
6618,10,19,6,1,24.07,0.0,54.7,9.6,3.12,24.06,0.0,0,1,24.444444,2
6619,10,20,6,1,24.07,0.0,54.59,8.0,2.28,20.5,0.0,0,1,24.444444,2
6620,10,21,6,1,24.07,0.0,54.59,9.9,1.68,22.47,0.0,0,1,24.444444,2
6621,10,22,6,1,24.07,0.0,54.25,10.2,1.92,21.79,0.0,0,1,24.444444,2
6622,10,23,6,1,24.05,0.0,54.68,5.1,1.68,12.19,0.0,0,1,24.444444,2
6623,10,24,6,1,24.0,0.0,56.24,3.9,0.72,9.61,0.0,0,1,24.444444,2
6624,10,1,7,1,23.96,0.0,56.56,3.5,0.24,8.83,0.0,0,1,24.444444,2
6625,10,2,7,1,23.87,0.0,55.74,2.9,0.6,6.71,0.0,0,1,24.444444,2
6626,10,3,7,1,23.79,0.0,55.59,3.7,0.48,5.9,0.0,0,1,24.444444,2
6627,10,4,7,1,23.71,0.0,55.57,3.7,0.36,4.94,0.0,0,1,24.444444,2
6628,10,5,7,1,23.62,0.0,55.39,3.7,0.96,3.94,0.0,0,1,24.444444,2
6629,10,6,7,1,23.49,0.0,54.65,3.3,4.08,2.95,0.0,0,1,24.444444,2
6630,10,7,7,1,23.48,0.0,53.84,3.5,4.92,2.98,0.0,0,1,24.444444,2
6631,10,8,7,1,23.52,0.0,52.3,4.9,10.8,3.65,128.908,0,1,24.444444,2
6632,10,9,7,1,23.59,0.0,50.51,5.2,12.12,5.42,269.768,0,1,24.444444,2
6633,10,10,7,1,23.66,0.0,48.28,4.3,10.44,6.63,400.903,0,1,24.444444,2
6634,10,11,7,1,23.7,0.0,45.35,3.9,4.32,8.07,655.366,0,1,24.444444,2
6635,10,12,7,1,23.8,0.0,42.15,6.0,6.12,10.64,711.568,0,1,24.444444,2
6636,10,13,7,1,23.85,0.0,39.62,4.5,3.96,10.87,775.587,0,1,24.444444,2
6637,10,14,7,1,24.03,0.0,36.91,10.5,2.64,18.72,702.446,0,1,24.444444,2
6638,10,15,7,1,24.02,0.0,34.68,4.9,2.28,16.17,596.145,0,1,24.444444,2
6639,10,16,7,1,24.02,0.0,33.93,4.1,6.24,16.79,455.65,0,1,24.444444,2
6640,10,17,7,1,24.01,0.0,33.43,3.5,4.32,15.62,258.166,0,1,24.444444,2
6641,10,18,7,1,24.01,0.0,33.15,4.7,8.4,12.06,55.0169,0,1,24.444444,2
6642,10,19,7,1,23.97,0.0,33.02,4.9,6.48,8.64,0.0,0,1,24.444444,2
6643,10,20,7,1,23.91,0.0,33.15,5.1,2.64,7.22,0.0,0,1,24.444444,2
6644,10,21,7,1,23.96,0.0,33.35,9.4,4.68,9.64,0.0,0,1,24.444444,2
6645,10,22,7,1,23.8,0.0,34.63,4.8,4.2,4.54,0.0,0,1,24.444444,2
6646,10,23,7,1,23.71,0.0,36.23,6.3,1.32,4.45,0.0,0,1,24.444444,2
6647,10,24,7,1,23.47,0.0,38.88,3.4,1.08,2.29,0.0,0,1,24.444444,2
6648,10,1,1,1,23.33,0.0,41.51,3.9,0.72,1.97,0.0,0,1,24.444444,2
6649,10,2,1,1,23.42,0.0,43.84,7.8,0.24,3.01,0.0,0,1,24.444444,2
6650,10,3,1,1,23.16,0.0,46.32,3.6,3.12,1.1,0.0,0,1,24.444444,2
6651,10,4,1,1,22.99,0.0,48.44,3.1,0.36,0.81,0.0,0,1,24.444444,2
6652,10,5,1,1,22.92,0.0,49.21,3.5,0.48,0.72,0.0,0,1,24.444444,2
6653,10,6,1,1,23.07,0.0,48.43,8.7,1.68,1.76,0.0,0,1,24.444444,2
6654,10,7,1,1,23.15,0.0,47.8,4.4,2.16,1.24,0.0,0,1,24.444444,2
6655,10,8,1,1,23.36,0.0,46.38,5.5,6.96,2.87,161.6,0,1,24.444444,2
6656,10,9,1,1,23.52,0.0,44.34,3.9,7.68,4.79,319.665,0,1,24.444444,2
6657,10,10,1,1,23.64,0.0,42.37,4.4,19.8,7.07,440.411,0,1,24.444444,2
6658,10,11,1,1,23.81,0.0,40.53,8.2,12.72,11.96,541.318,0,1,24.444444,2
6659,10,12,1,1,23.85,0.0,39.72,4.5,12.72,10.55,589.863,0,1,24.444444,2
6660,10,13,1,1,23.93,0.0,39.76,5.2,4.08,13.25,561.86,0,1,24.444444,2
6661,10,14,1,1,24.04,0.0,39.74,8.2,3.72,19.54,553.37,0,1,24.444444,2
6662,10,15,1,1,24.06,0.0,40.1,5.2,6.48,18.64,456.451,0,1,24.444444,2
6663,10,16,1,1,24.05,0.0,41.05,4.0,7.68,17.65,313.57,0,1,24.444444,2
6664,10,17,1,1,24.07,0.0,42.54,8.1,4.44,21.61,159.506,0,1,24.444444,2
6665,10,18,1,1,24.08,0.0,43.76,10.5,9.96,22.13,38.1128,0,1,24.444444,2
6666,10,19,1,1,24.08,0.0,45.05,8.2,12.72,16.94,0.0,0,1,24.444444,2
6667,10,20,1,1,24.07,0.0,45.92,9.6,4.8,17.67,0.0,0,1,24.444444,2
6668,10,21,1,1,24.06,0.0,47.4,5.6,4.8,11.64,0.0,0,1,24.444444,2
6669,10,22,1,1,24.05,0.0,49.27,6.7,1.92,11.36,0.0,0,1,24.444444,2
6670,10,23,1,1,23.98,0.0,51.43,4.9,1.32,8.31,0.0,0,1,24.444444,2
6671,10,24,1,1,23.9,0.0,53.62,4.7,0.36,7.33,0.0,0,1,24.444444,2
6672,10,1,2,1,23.8,0.0,56.0,3.6,0.48,6.22,0.0,0,1,24.444444,2
6673,10,2,2,1,23.72,0.0,58.26,3.2,0.6,5.16,0.0,0,1,24.444444,2
6674,10,3,2,1,23.65,0.0,60.32,3.7,0.36,4.84,0.0,0,1,24.444444,2
6675,10,4,2,1,23.62,0.0,62.17,3.5,0.48,4.61,0.0,0,1,24.444444,2
6676,10,5,2,1,23.6,0.0,63.59,4.0,1.08,4.85,0.0,0,1,24.444444,2
6677,10,6,2,1,23.55,0.0,65.12,3.5,2.52,4.15,0.0,0,1,24.444444,2
6678,10,7,2,1,23.62,0.0,65.53,3.8,5.4,7.08,0.0,0,1,24.444444,2
6679,10,8,2,1,23.72,0.0,64.87,3.8,10.2,10.78,151.505,0,1,24.444444,2
6680,10,9,2,1,23.88,0.0,62.69,6.4,9.36,18.4,295.152,0,1,24.444444,2
6681,10,10,2,1,23.97,0.0,60.7,5.6,3.24,19.85,365.676,0,1,24.444444,2
6682,10,11,2,1,24.02,0.0,59.27,4.7,2.52,20.6,430.468,0,1,24.444444,2
6683,10,12,2,1,24.05,0.0,57.89,3.7,1.08,21.1,370.142,0,1,24.444444,2
6684,10,13,2,1,24.07,0.0,56.27,5.6,1.92,26.48,379.919,0,1,24.444444,2
6685,10,14,2,1,24.07,0.0,54.32,9.0,5.4,31.6,315.872,0,1,24.444444,2
6686,10,15,2,1,24.07,0.0,53.54,3.9,2.28,23.92,261.904,0,1,24.444444,2
6687,10,16,2,1,24.07,0.0,54.09,4.6,1.32,23.61,160.698,0,1,24.444444,2
6688,10,17,2,1,24.07,0.0,55.0,4.0,1.08,21.49,72.4252,0,1,24.444444,2
6689,10,18,2,1,24.07,0.0,55.5,6.3,4.56,23.8,15.5835,0,1,24.444444,2
6690,10,19,2,1,24.07,0.0,56.24,7.1,3.0,23.4,0.0,0,1,24.444444,2
6691,10,20,2,1,24.07,0.0,56.5,8.5,5.28,24.4,0.0,0,1,24.444444,2
6692,10,21,2,1,24.07,0.0,56.66,9.1,2.88,24.25,0.0,0,1,24.444444,2
6693,10,22,2,1,24.07,0.0,56.79,9.9,5.52,24.19,0.0,0,1,24.444444,2
6694,10,23,2,1,24.07,0.0,57.95,6.4,1.08,17.68,0.0,0,1,24.444444,2
6695,10,24,2,1,24.05,0.0,60.52,3.8,0.6,12.85,0.0,0,1,24.444444,2
6696,10,1,3,1,24.02,0.0,63.09,3.4,0.72,11.3,0.0,0,1,24.444444,2
6697,10,2,3,1,23.98,0.0,64.94,3.2,0.6,9.7,0.0,0,1,24.444444,2
6698,10,3,3,1,23.91,0.0,66.45,3.2,0.48,8.62,0.0,0,1,24.444444,2
6699,10,4,3,1,23.96,0.0,67.09,5.9,0.24,11.42,0.0,0,1,24.444444,2
6700,10,5,3,1,23.9,0.0,68.5,3.9,0.72,8.61,0.0,0,1,24.444444,2
6701,10,6,3,1,23.83,0.0,70.3,3.7,1.08,7.88,0.0,0,1,24.444444,2
6702,10,7,3,1,23.92,0.0,70.2,6.3,20.4,14.04,0.0,0,1,24.444444,2
6703,10,8,3,1,23.95,0.0,69.58,5.1,6.0,15.61,138.276,0,1,24.444444,2
6704,10,9,3,1,23.99,0.0,68.18,5.4,6.6,19.92,243.257,0,1,24.444444,2
6705,10,10,3,1,24.03,0.0,65.88,4.6,1.92,22.69,327.802,0,1,24.444444,2
6706,10,11,3,1,24.05,0.0,63.96,4.0,3.0,25.0,406.571,0,1,24.444444,2
6707,10,12,3,1,24.07,0.0,62.53,3.3,1.92,26.04,342.605,0,1,24.444444,2
6708,10,13,3,1,24.07,0.0,59.58,8.9,0.96,36.92,393.576,0,1,24.444444,2
6709,10,14,3,1,24.07,0.0,56.98,8.0,1.32,37.13,400.387,0,1,24.444444,2
6710,10,15,3,1,24.07,0.0,55.03,9.7,1.2,39.58,321.456,0,1,24.444444,2
6711,10,16,3,1,24.07,0.0,53.53,8.0,1.32,36.34,258.058,0,1,24.444444,2
6712,10,17,3,1,24.07,0.0,52.95,8.6,1.32,35.58,126.557,0,1,24.444444,2
6713,10,18,3,1,24.07,0.0,53.11,8.8,2.76,32.66,22.2438,0,1,24.444444,2
6714,10,19,3,1,24.07,0.0,53.64,11.7,2.4,34.14,0.0,0,1,24.444444,2
6715,10,20,3,1,24.07,0.0,54.07,10.2,1.32,30.46,0.0,0,1,24.444444,2
6716,10,21,3,1,24.07,0.0,55.33,8.5,2.52,26.63,0.0,0,1,24.444444,2
6717,10,22,3,1,24.07,0.0,57.52,6.3,2.04,21.87,0.0,0,1,24.444444,2
6718,10,23,3,1,24.07,0.0,59.93,4.9,1.08,18.29,0.0,0,1,24.444444,2
6719,10,24,3,1,24.07,0.0,62.09,4.6,0.96,16.26,0.0,0,1,24.444444,2
6720,10,1,4,1,24.06,0.0,63.66,4.5,0.48,14.17,0.0,0,1,24.444444,2
6721,10,2,4,1,24.02,0.0,65.09,4.1,0.12,11.47,0.0,0,1,24.444444,2
6722,10,3,4,1,24.0,0.0,66.31,4.8,0.84,11.05,0.0,0,1,24.444444,2
6723,10,4,4,1,24.03,0.0,66.19,8.2,0.48,15.25,0.0,0,1,24.444444,2
6724,10,5,4,1,23.96,0.0,66.94,4.7,1.92,9.18,0.0,0,1,24.444444,2
6725,10,6,4,1,23.85,0.0,68.73,3.8,6.12,7.32,0.0,0,1,24.444444,2
6726,10,7,4,1,23.99,0.0,67.61,9.5,7.44,18.3,0.0,0,1,24.444444,2
6727,10,8,4,1,24.03,0.0,66.81,9.1,5.4,21.48,127.901,0,1,24.444444,2
6728,10,9,4,1,24.05,0.0,66.21,8.4,11.64,24.3,247.877,0,1,24.444444,2
6729,10,10,4,1,24.06,0.0,65.37,8.9,0.84,26.38,273.86,0,1,24.444444,2
6730,10,11,4,1,24.07,0.0,63.93,8.9,1.2,29.36,336.718,0,1,24.444444,2
6731,10,12,4,1,24.07,0.0,62.47,8.4,0.48,30.6,327.878,0,1,24.444444,2
6732,10,13,4,1,24.07,0.0,60.14,10.4,2.28,37.01,373.024,0,1,24.444444,2
6733,10,14,4,1,24.07,0.0,58.11,8.6,2.4,36.03,326.393,0,1,24.444444,2
6734,10,15,4,1,24.07,0.0,56.96,9.0,1.32,36.06,267.451,0,1,24.444444,2
6735,10,16,4,1,24.07,0.0,56.41,7.6,3.72,31.68,161.404,0,1,24.444444,2
6736,10,17,4,1,24.07,0.0,56.36,8.4,3.12,30.93,66.1979,0,1,24.444444,2
6737,10,18,4,1,24.07,0.0,56.15,8.1,3.36,28.67,13.5842,0,1,24.444444,2
6738,10,19,4,1,24.07,0.0,55.67,9.8,6.0,29.2,0.0,0,1,24.444444,2
6739,10,20,4,1,24.07,0.0,56.19,9.8,3.84,28.18,0.0,0,1,24.444444,2
6740,10,21,4,1,24.07,0.0,57.14,11.5,2.28,30.2,0.0,0,1,24.444444,2
6741,10,22,4,1,24.07,0.0,58.18,9.5,2.52,26.29,0.0,0,1,24.444444,2
6742,10,23,4,1,24.07,0.0,59.11,8.7,1.8,23.76,0.0,0,1,24.444444,2
6743,10,24,4,1,24.07,0.0,61.29,4.3,0.24,15.35,0.0,0,1,24.444444,2
6744,10,1,5,1,24.05,0.0,64.36,3.7,0.72,14.01,0.0,0,1,24.444444,2
6745,10,2,5,1,24.03,0.0,66.83,3.1,1.92,12.41,0.0,0,1,24.444444,2
6746,10,3,5,1,24.0,0.0,68.74,3.1,0.12,11.1,0.0,0,1,24.444444,2
6747,10,4,5,1,23.96,0.0,70.75,2.8,0.36,9.94,0.0,0,1,24.444444,2
6748,10,5,5,1,23.96,0.0,72.16,3.7,1.44,10.83,0.0,0,1,24.444444,2
6749,10,6,5,1,24.04,0.0,70.28,10.1,2.64,21.15,0.0,0,1,24.444444,2
6750,10,7,5,1,24.04,0.0,68.78,8.2,28.32,20.65,0.0,0,1,24.444444,2
6751,10,8,5,1,24.05,0.0,67.7,8.5,15.12,24.25,127.423,0,1,24.444444,2
6752,10,9,5,1,24.07,0.0,65.83,8.8,6.6,29.34,243.041,0,1,24.444444,2
6753,10,10,5,1,24.07,0.0,63.7,8.4,7.68,32.06,300.724,0,1,24.444444,2
6754,10,11,5,1,24.07,0.0,60.88,8.2,1.56,34.19,367.677,0,1,24.444444,2
6755,10,12,5,1,24.07,0.0,58.84,6.9,1.56,33.95,353.644,0,1,24.444444,2
6756,10,13,5,1,24.08,0.01,56.44,9.3,1.44,39.71,486.092,0,1,24.444444,2
6757,10,14,5,1,24.09,0.02,54.48,10.1,1.32,41.63,425.621,0,1,24.444444,2
6758,10,15,5,1,24.08,0.01,53.85,8.8,1.92,40.03,342.234,0,1,24.444444,2
6759,10,16,5,1,24.07,0.0,54.0,7.6,1.08,36.82,222.98,0,1,24.444444,2
6760,10,17,5,1,24.07,0.0,54.82,9.1,1.32,36.34,83.0833,0,1,24.444444,2
6761,10,18,5,1,24.07,0.0,55.71,9.9,6.6,34.1,14.1392,0,1,24.444444,2
6762,10,19,5,1,24.07,0.0,56.38,9.7,3.6,32.3,0.0,0,1,24.444444,2
6763,10,20,5,1,24.07,0.0,57.57,9.2,2.88,30.13,0.0,0,1,24.444444,2
6764,10,21,5,1,24.07,0.0,59.4,10.0,2.52,30.23,0.0,0,1,24.444444,2
6765,10,22,5,1,24.07,0.0,60.8,8.1,1.2,25.79,0.0,0,1,24.444444,2
6766,10,23,5,1,24.07,0.0,61.69,9.7,0.6,26.7,0.0,0,1,24.444444,2
6767,10,24,5,1,24.07,0.0,61.71,11.8,0.36,28.46,0.0,0,1,24.444444,2
6768,10,1,8,1,24.06,0.0,63.69,3.4,0.36,13.72,0.0,0,1,24.444444,2
6769,10,2,8,1,24.04,0.0,67.53,3.6,0.24,13.54,0.0,0,1,24.444444,2
6770,10,3,8,1,24.02,0.0,70.34,3.7,0.12,13.13,0.0,0,1,24.444444,2
6771,10,4,8,1,24.0,0.0,72.18,3.3,0.72,11.95,0.0,0,1,24.444444,2
6772,10,5,8,1,23.98,0.0,73.54,3.4,0.48,11.59,0.0,0,1,24.444444,2
6773,10,6,8,1,23.98,0.0,74.11,4.3,5.76,12.09,0.0,0,1,24.444444,2
6774,10,7,8,1,23.96,0.0,74.4,3.1,14.4,13.39,0.0,0,1,24.444444,2
6775,10,8,8,1,23.99,0.0,73.81,4.5,3.96,19.14,132.292,0,1,24.444444,2
6776,10,9,8,1,24.02,0.0,72.65,3.5,1.56,21.42,229.997,0,1,24.444444,2
6777,10,10,8,1,24.05,0.0,69.87,4.8,1.92,27.74,319.208,0,1,24.444444,2
6778,10,11,8,1,24.07,0.0,65.46,4.5,1.92,29.48,413.074,0,1,24.444444,2
6779,10,12,8,1,24.07,0.0,62.05,7.1,3.6,34.46,444.628,0,1,24.444444,2
6780,10,13,8,1,24.07,0.0,58.35,7.5,1.92,37.19,469.019,0,1,24.444444,2
6781,10,14,8,1,24.08,0.0,56.09,8.5,2.88,40.46,417.189,0,1,24.444444,2
6782,10,15,8,1,24.08,0.01,55.14,9.1,1.8,41.74,363.329,0,1,24.444444,2
6783,10,16,8,1,24.08,0.0,54.75,8.8,2.52,38.77,231.995,0,1,24.444444,2
6784,10,17,8,1,24.07,0.0,55.25,8.1,1.32,34.56,87.4874,0,1,24.444444,2
6785,10,18,8,1,24.07,0.0,56.48,7.7,1.68,31.99,14.1939,0,1,24.444444,2
6786,10,19,8,1,24.07,0.0,56.85,11.4,6.96,35.83,0.0,0,1,24.444444,2
6787,10,20,8,1,24.07,0.0,57.26,8.8,2.76,30.53,0.0,0,1,24.444444,2
6788,10,21,8,1,24.07,0.0,58.03,10.1,1.8,31.44,0.0,0,1,24.444444,2
6789,10,22,8,1,24.07,0.0,59.57,7.2,1.92,25.37,0.0,0,1,24.444444,2
6790,10,23,8,1,24.07,0.0,61.62,5.1,0.6,20.18,0.0,0,1,24.444444,2
6791,10,24,8,1,24.07,0.0,64.6,3.0,0.84,15.46,0.0,0,1,24.444444,2
6792,10,1,7,1,24.06,0.0,67.0,3.6,2.52,15.78,0.0,0,1,24.444444,2
6793,10,2,7,1,24.04,0.0,68.71,2.9,0.72,13.19,0.0,0,1,24.444444,2
6794,10,3,7,1,24.02,0.0,69.96,3.4,0.24,13.07,0.0,0,1,24.444444,2
6795,10,4,7,1,24.01,0.0,70.92,3.7,0.36,12.63,0.0,0,1,24.444444,2
6796,10,5,7,1,24.01,0.0,71.58,5.0,0.84,13.85,0.0,0,1,24.444444,2
6797,10,6,7,1,23.97,0.0,72.66,3.2,1.2,10.47,0.0,0,1,24.444444,2
6798,10,7,7,1,23.97,0.0,73.37,3.5,4.08,14.43,0.0,0,1,24.444444,2
6799,10,8,7,1,24.01,0.0,72.09,5.1,7.08,20.91,136.835,0,1,24.444444,2
6800,10,9,7,1,24.03,0.0,70.18,3.7,19.44,22.39,236.248,0,1,24.444444,2
6801,10,10,7,1,24.06,0.0,66.92,6.6,5.76,30.31,318.619,0,1,24.444444,2
6802,10,11,7,1,24.07,0.0,64.14,3.9,1.56,28.78,407.578,0,1,24.444444,2
6803,10,12,7,1,24.07,0.0,62.25,6.8,4.56,34.55,435.355,0,1,24.444444,2
6804,10,13,7,1,24.07,0.0,60.4,4.7,10.08,32.38,441.969,0,1,24.444444,2
6805,10,14,7,1,24.08,0.01,57.48,10.3,4.44,41.76,383.002,0,1,24.444444,2
6806,10,15,7,1,24.07,0.0,55.13,6.4,4.92,35.05,333.229,0,1,24.444444,2
6807,10,16,7,1,24.07,0.0,55.09,4.1,14.52,30.27,229.04,0,1,24.444444,2
6808,10,17,7,1,24.07,0.0,55.99,4.4,12.24,27.41,90.7072,0,1,24.444444,2
6809,10,18,7,1,24.07,0.0,57.14,4.6,6.72,25.51,15.8726,0,1,24.444444,2
6810,10,19,7,1,24.07,0.0,58.16,5.2,6.6,25.0,0.0,0,1,24.444444,2
6811,10,20,7,1,24.07,0.0,58.11,8.1,3.36,27.96,0.0,0,1,24.444444,2
6812,10,21,7,1,24.07,0.0,58.96,5.1,2.52,21.59,0.0,0,1,24.444444,2
6813,10,22,7,1,24.07,0.0,61.2,4.0,3.84,18.45,0.0,0,1,24.444444,2
6814,10,23,7,1,24.07,0.0,62.36,5.4,1.56,19.37,0.0,0,1,24.444444,2
6815,10,24,7,1,24.06,0.0,63.72,3.3,1.08,14.55,0.0,0,1,24.444444,2
6816,10,1,1,1,24.07,0.0,64.47,7.2,0.48,19.48,0.0,0,1,24.444444,2
6817,10,2,1,1,24.07,0.0,64.17,8.2,0.48,19.78,0.0,0,1,24.444444,2
6818,10,3,1,1,24.03,0.0,65.9,3.3,0.24,11.64,0.0,0,1,24.444444,2
6819,10,4,1,1,24.0,0.0,68.58,3.1,0.36,10.93,0.0,0,1,24.444444,2
6820,10,5,1,1,24.01,0.0,70.49,4.8,0.48,12.86,0.0,0,1,24.444444,2
6821,10,6,1,1,24.04,0.0,70.14,8.4,2.04,18.27,0.0,0,1,24.444444,2
6822,10,7,1,1,24.0,0.0,70.37,3.5,1.44,13.53,0.0,0,1,24.444444,2
6823,10,8,1,1,24.01,0.0,70.42,4.1,5.76,18.01,134.472,0,1,24.444444,2
6824,10,9,1,1,24.04,0.0,68.81,4.6,5.4,22.59,232.426,0,1,24.444444,2
6825,10,10,1,1,24.06,0.0,66.14,4.3,13.68,25.55,300.892,0,1,24.444444,2
6826,10,11,1,1,24.07,0.0,62.04,8.9,7.8,33.98,343.401,0,1,24.444444,2
6827,10,12,1,1,24.07,0.0,59.75,4.6,10.68,27.32,336.87,0,1,24.444444,2
6828,10,13,1,1,24.07,0.0,58.21,4.5,6.48,29.75,343.037,0,1,24.444444,2
6829,10,14,1,1,24.07,0.0,56.67,9.5,10.8,38.02,305.411,0,1,24.444444,2
6830,10,15,1,1,24.07,0.0,56.75,3.9,5.16,26.32,209.79,0,1,24.444444,2
6831,10,16,1,1,24.07,0.0,58.03,5.5,4.56,24.86,117.797,0,1,24.444444,2
6832,10,17,1,1,24.07,0.0,58.51,8.5,6.36,28.02,52.5302,0,1,24.444444,2
6833,10,18,1,1,24.07,0.0,58.65,10.1,8.4,29.17,9.87853,0,1,24.444444,2
6834,10,19,1,1,24.07,0.0,60.48,6.3,6.24,21.76,0.0,0,1,24.444444,2
6835,10,20,1,1,24.07,0.0,62.57,7.7,7.08,23.65,0.0,0,1,24.444444,2
6836,10,21,1,1,24.07,0.0,64.21,6.1,3.96,20.55,0.0,0,1,24.444444,2
6837,10,22,1,1,24.07,0.0,65.97,4.4,2.88,16.81,0.0,0,1,24.444444,2
6838,10,23,1,1,24.05,0.0,68.02,3.5,1.08,14.92,0.0,0,1,24.444444,2
6839,10,24,1,1,24.06,0.0,69.19,5.0,0.24,17.02,0.0,0,1,24.444444,2
6840,10,1,2,1,24.04,0.0,70.22,3.8,0.6,14.55,0.0,0,1,24.444444,2
6841,10,2,2,1,24.02,0.0,71.41,3.5,0.48,13.48,0.0,0,1,24.444444,2
6842,10,3,2,1,24.01,0.0,72.23,3.2,0.6,12.86,0.0,0,1,24.444444,2
6843,10,4,2,1,24.0,0.0,72.85,3.3,0.24,12.57,0.0,0,1,24.444444,2
6844,10,5,2,1,23.97,0.0,73.78,2.8,0.6,11.4,0.0,0,1,24.444444,2
6845,10,6,2,1,23.97,0.0,74.47,3.5,5.16,12.42,0.0,0,1,24.444444,2
6846,10,7,2,1,23.99,0.0,74.49,4.1,5.4,16.94,0.0,0,1,24.444444,2
6847,10,8,2,1,24.02,0.0,73.28,4.7,12.12,21.44,125.445,0,1,24.444444,2
6848,10,9,2,1,24.05,0.0,70.7,5.2,9.84,28.23,255.755,0,1,24.444444,2
6849,10,10,2,1,24.07,0.0,68.5,5.0,7.32,31.27,320.383,0,1,24.444444,2
6850,10,11,2,1,24.07,0.0,66.88,5.4,1.08,35.08,381.922,0,1,24.444444,2
6851,10,12,2,1,24.07,0.0,65.33,4.3,3.0,35.61,376.391,0,1,24.444444,2
6852,10,13,2,1,24.07,0.0,64.22,4.4,1.08,39.33,525.246,0,1,24.444444,2
6853,10,14,2,1,24.11,0.04,60.76,9.9,6.96,46.47,437.209,0,1,24.444444,2
6854,10,15,2,1,24.08,0.0,60.06,4.3,1.44,34.48,373.124,0,1,24.444444,2
6855,10,16,2,1,24.07,0.0,61.6,3.6,1.68,30.73,227.652,0,1,24.444444,2
6856,10,17,2,1,24.07,0.0,63.61,5.3,1.8,25.86,68.3988,0,1,24.444444,2
6857,10,18,2,1,24.07,0.0,64.05,4.6,4.32,19.92,9.13246,0,1,24.444444,2
6858,10,19,2,1,24.07,0.0,63.3,10.0,3.36,26.86,0.0,0,1,24.444444,2
6859,10,20,2,1,24.07,0.0,62.21,10.0,5.04,24.28,0.0,0,1,24.444444,2
6860,10,21,2,1,24.07,0.0,61.05,12.8,3.6,26.87,0.0,0,1,24.444444,2
6861,10,22,2,1,24.07,0.0,60.63,9.2,3.24,18.22,0.0,0,1,24.444444,2
6862,10,23,2,1,24.0,0.0,61.33,5.5,1.08,9.64,0.0,0,1,24.444444,2
6863,10,24,2,1,23.81,0.0,61.17,4.1,0.6,5.8,0.0,0,1,24.444444,2
6864,10,1,3,1,23.65,0.0,60.55,3.7,0.72,4.37,0.0,0,1,24.444444,2
6865,10,2,3,1,23.73,0.0,58.78,7.7,0.36,6.7,0.0,0,1,24.444444,2
6866,10,3,3,1,23.5,0.0,57.99,3.6,0.48,2.8,0.0,0,1,24.444444,2
6867,10,4,3,1,23.29,0.0,57.75,3.3,0.6,1.89,0.0,0,1,24.444444,2
6868,10,5,3,1,23.19,0.0,57.28,3.9,1.32,1.58,0.0,0,1,24.444444,2
6869,10,6,3,1,23.14,0.0,56.51,4.2,2.76,1.48,0.0,0,1,24.444444,2
6870,10,7,3,1,23.25,0.0,55.34,5.2,19.08,2.15,0.0,0,1,24.444444,2
6871,10,8,3,1,23.34,0.0,54.14,4.3,7.44,2.32,143.396,0,1,24.444444,2
6872,10,9,3,1,23.47,0.0,52.45,4.0,3.6,4.12,278.936,0,1,24.444444,2
6873,10,10,3,1,23.62,0.0,50.17,5.6,1.8,7.65,411.93,0,1,24.444444,2
6874,10,11,3,1,23.72,0.0,48.19,5.2,3.24,9.82,554.988,0,1,24.444444,2
6875,10,12,3,1,23.79,0.0,46.03,4.3,2.4,10.67,618.492,0,1,24.444444,2
6876,10,13,3,1,23.97,0.0,42.9,9.2,1.08,16.83,612.395,0,1,24.444444,2
6877,10,14,3,1,24.05,0.0,40.18,9.3,0.96,19.51,549.953,0,1,24.444444,2
6878,10,15,3,1,24.07,0.0,37.97,9.0,0.6,21.41,463.874,0,1,24.444444,2
6879,10,16,3,1,24.07,0.0,37.32,8.2,2.52,21.93,430.74,0,1,24.444444,2
6880,10,17,3,1,24.08,0.0,37.15,9.1,1.2,19.23,164.146,0,1,24.444444,2
6881,10,18,3,1,24.08,0.0,37.42,10.5,3.24,16.3,20.8508,0,1,24.444444,2
6882,10,19,3,1,24.08,0.0,38.09,11.5,3.84,14.88,0.0,0,1,24.444444,2
6883,10,20,3,1,24.07,0.0,38.88,9.8,1.56,11.24,0.0,0,1,24.444444,2
6884,10,21,3,1,24.06,0.0,40.06,10.6,9.24,10.81,0.0,0,1,24.444444,2
6885,10,22,3,1,24.03,0.0,41.25,11.2,1.32,9.88,0.0,0,1,24.444444,2
6886,10,23,3,1,23.89,0.0,42.6,7.8,1.08,6.13,0.0,0,1,24.444444,2
6887,10,24,3,1,23.59,0.0,44.29,3.5,0.36,2.57,0.0,0,1,24.444444,2
6888,10,1,4,1,23.31,0.0,45.36,3.3,0.12,1.82,0.0,0,1,24.444444,2
6889,10,2,4,1,23.27,0.0,45.62,5.5,0.12,1.98,0.0,0,1,24.444444,2
6890,10,3,4,1,23.09,0.0,46.45,3.7,0.24,0.96,0.0,0,1,24.444444,2
6891,10,4,4,1,23.21,0.0,46.16,9.9,1.8,2.4,0.0,0,1,24.444444,2
6892,10,5,4,1,23.05,0.0,46.69,4.3,2.04,0.71,0.0,0,1,24.444444,2
6893,10,6,4,1,23.12,0.0,46.47,9.2,4.2,1.81,0.0,0,1,24.444444,2
6894,10,7,4,1,23.48,0.0,45.43,12.8,6.72,5.09,0.0,0,1,24.444444,2
6895,10,8,4,1,23.56,0.0,44.94,7.7,7.56,5.11,176.027,0,1,24.444444,2
6896,10,9,4,1,23.64,0.0,43.93,8.1,6.72,8.93,351.871,0,1,24.444444,2
6897,10,10,4,1,23.76,0.0,42.33,9.2,2.76,12.73,440.142,0,1,24.444444,2
6898,10,11,4,1,23.89,0.0,40.26,9.4,4.2,15.47,672.165,0,1,24.444444,2
6899,10,12,4,1,23.95,0.0,38.74,8.4,3.84,16.24,760.832,0,1,24.444444,2
6900,10,13,4,1,24.03,0.0,36.67,8.9,1.44,19.04,734.903,0,1,24.444444,2
6901,10,14,4,1,24.06,0.0,35.31,8.5,0.72,22.27,666.315,0,1,24.444444,2
6902,10,15,4,1,24.07,0.0,34.73,9.3,1.08,26.32,558.386,0,1,24.444444,2
6903,10,16,4,1,24.08,0.0,34.62,8.7,0.84,25.78,400.273,0,1,24.444444,2
6904,10,17,4,1,24.08,0.0,34.83,8.7,1.44,23.31,204.55,0,1,24.444444,2
6905,10,18,4,1,24.08,0.0,35.33,8.9,8.16,17.25,25.994,0,1,24.444444,2
6906,10,19,4,1,24.08,0.0,35.89,11.7,2.64,17.48,0.0,0,1,24.444444,2
6907,10,20,4,1,24.08,0.0,36.37,11.7,5.04,16.31,0.0,0,1,24.444444,2
6908,10,21,4,1,24.08,0.0,37.21,12.4,4.32,15.32,0.0,0,1,24.444444,2
6909,10,22,4,1,24.07,0.0,38.25,12.6,1.68,13.11,0.0,0,1,24.444444,2
6910,10,23,4,1,24.03,0.0,39.47,10.3,2.04,8.75,0.0,0,1,24.444444,2
6911,10,24,4,1,23.9,0.0,41.24,8.2,0.48,6.1,0.0,0,1,24.444444,2
6912,10,1,5,1,23.82,0.0,43.15,8.4,0.48,5.49,0.0,0,1,24.444444,2
6913,10,2,5,1,23.46,0.0,45.71,3.6,0.24,2.18,0.0,0,1,24.444444,2
6914,10,3,5,1,23.62,0.0,46.37,9.7,0.0,4.58,0.0,0,1,24.444444,2
6915,10,4,5,1,23.22,0.0,48.65,2.9,0.48,1.16,0.0,0,1,24.444444,2
6916,10,5,5,1,23.08,0.0,50.47,3.6,1.32,1.17,0.0,0,1,24.444444,2
6917,10,6,5,1,23.28,0.0,50.33,9.7,2.04,2.71,0.0,0,1,24.444444,2
6918,10,7,5,1,23.41,0.0,50.2,8.9,21.72,3.36,0.0,0,1,24.444444,2
6919,10,8,5,1,23.6,0.0,49.93,8.6,11.64,6.61,143.186,0,1,24.444444,2
6920,10,9,5,1,23.79,0.0,49.14,10.2,8.16,13.4,286.972,0,1,24.444444,2
6921,10,10,5,1,23.8,0.0,48.42,4.9,7.32,11.05,378.11,0,1,24.444444,2
6922,10,11,5,1,23.91,0.0,46.88,8.2,1.8,16.54,490.364,0,1,24.444444,2
6923,10,12,5,1,24.05,0.0,45.17,9.7,1.32,20.5,548.886,0,1,24.444444,2
6924,10,13,5,1,24.07,0.0,43.88,8.7,3.6,23.46,689.414,0,1,24.444444,2
6925,10,14,5,1,24.07,0.0,42.4,10.5,6.0,28.78,495.589,0,1,24.444444,2
6926,10,15,5,1,24.07,0.0,41.63,9.0,0.84,30.62,518.768,0,1,24.444444,2
6927,10,16,5,1,24.08,0.0,41.44,7.4,2.04,27.07,292.623,0,1,24.444444,2
6928,10,17,5,1,24.08,0.0,41.13,8.8,1.68,26.99,142.844,0,1,24.444444,2
6929,10,18,5,1,24.08,0.0,41.37,9.6,4.32,24.0,15.3705,0,1,24.444444,2
6930,10,19,5,1,24.08,0.0,41.8,11.5,3.84,23.87,0.0,0,1,24.444444,2
6931,10,20,5,1,24.08,0.0,42.43,9.5,3.48,19.87,0.0,0,1,24.444444,2
6932,10,21,5,1,24.07,0.0,43.21,12.9,1.08,22.48,0.0,0,1,24.444444,2
6933,10,22,5,1,24.07,0.0,44.96,12.1,0.96,19.65,0.0,0,1,24.444444,2
6934,10,23,5,1,24.07,0.0,47.45,9.5,3.12,14.75,0.0,0,1,24.444444,2
6935,10,24,5,1,24.07,0.0,48.8,9.9,0.48,13.54,0.0,0,1,24.444444,2
6936,10,1,6,1,23.87,0.0,51.86,3.4,1.08,5.8,0.0,0,1,24.444444,2
6937,10,2,6,1,23.69,0.0,55.55,3.1,0.24,4.37,0.0,0,1,24.444444,2
6938,10,3,6,1,23.59,0.0,58.12,3.5,0.48,4.04,0.0,0,1,24.444444,2
6939,10,4,6,1,23.51,0.0,60.35,3.1,0.6,3.33,0.0,0,1,24.444444,2
6940,10,5,6,1,23.43,0.0,62.49,3.1,0.12,3.03,0.0,0,1,24.444444,2
6941,10,6,6,1,23.36,0.0,64.11,3.8,8.28,2.8,0.0,0,1,24.444444,2
6942,10,7,6,1,23.41,0.0,64.39,4.1,5.16,3.58,0.0,0,1,24.444444,2
6943,10,8,6,1,23.56,0.0,64.1,4.4,4.92,6.64,129.095,0,1,24.444444,2
6944,10,9,6,1,23.74,0.0,62.89,5.6,3.48,12.6,260.747,0,1,24.444444,2
6945,10,10,6,1,23.8,0.0,61.13,4.2,1.32,12.97,337.224,0,1,24.444444,2
6946,10,11,6,1,23.99,0.0,57.34,10.0,4.2,22.77,475.846,0,1,24.444444,2
6947,10,12,6,1,24.07,0.0,53.88,8.2,2.4,23.02,543.096,0,1,24.444444,2
6948,10,13,6,1,24.07,0.0,51.1,7.4,2.04,24.93,555.051,0,1,24.444444,2
6949,10,14,6,1,24.07,0.0,48.46,9.4,1.32,29.69,440.667,0,1,24.444444,2
6950,10,15,6,1,24.07,0.0,46.93,10.2,2.64,31.53,365.61,0,1,24.444444,2
6951,10,16,6,1,24.07,0.0,46.02,8.9,3.12,30.1,293.613,0,1,24.444444,2
6952,10,17,6,1,24.08,0.0,46.23,8.7,1.44,27.98,125.729,0,1,24.444444,2
6953,10,18,6,1,24.08,0.0,47.72,8.0,5.16,23.66,13.2826,0,1,24.444444,2
6954,10,19,6,1,24.07,0.0,49.52,7.8,3.6,21.29,0.0,0,1,24.444444,2
6955,10,20,6,1,24.07,0.0,50.49,9.0,2.76,21.15,0.0,0,1,24.444444,2
6956,10,21,6,1,24.07,0.0,50.44,12.3,1.32,24.06,0.0,0,1,24.444444,2
6957,10,22,6,1,24.07,0.0,50.47,11.0,1.2,20.31,0.0,0,1,24.444444,2
6958,10,23,6,1,24.04,0.0,51.99,4.9,1.56,10.71,0.0,0,1,24.444444,2
6959,10,24,6,1,23.96,0.0,54.63,3.6,1.2,8.25,0.0,0,1,24.444444,2
6960,10,1,7,1,23.85,0.0,57.23,3.5,0.96,6.7,0.0,0,1,24.444444,2
6961,10,2,7,1,23.76,0.0,58.58,3.4,0.36,5.57,0.0,0,1,24.444444,2
6962,10,3,7,1,23.66,0.0,60.07,3.3,0.48,4.67,0.0,0,1,24.444444,2
6963,10,4,7,1,23.62,0.0,61.61,3.4,0.6,4.6,0.0,0,1,24.444444,2
6964,10,5,7,1,23.58,0.0,63.03,3.3,0.24,4.25,0.0,0,1,24.444444,2
6965,10,6,7,1,23.55,0.0,64.25,3.8,2.52,4.05,0.0,0,1,24.444444,2
6966,10,7,7,1,23.56,0.0,64.87,3.8,4.2,4.53,0.0,0,1,24.444444,2
6967,10,8,7,1,23.67,0.0,64.05,6.3,13.92,8.95,113.016,0,1,24.444444,2
6968,10,9,7,1,23.76,0.0,63.05,4.1,7.8,10.62,238.254,0,1,24.444444,2
6969,10,10,7,1,23.87,0.0,61.42,5.1,10.08,15.55,344.983,0,1,24.444444,2
6970,10,11,7,1,23.93,0.0,59.61,3.9,5.64,16.99,448.899,0,1,24.444444,2
6971,10,12,7,1,24.01,0.0,57.05,4.1,6.12,18.72,479.398,0,1,24.444444,2
6972,10,13,7,1,24.07,0.0,54.51,4.8,5.88,22.45,477.583,0,1,24.444444,2
6973,10,14,7,1,24.07,0.0,51.27,9.9,9.96,32.49,444.421,0,1,24.444444,2
6974,10,15,7,1,24.07,0.0,49.22,3.5,5.28,24.3,365.228,0,1,24.444444,2
6975,10,16,7,1,24.07,0.0,47.3,11.1,8.4,32.97,241.364,0,1,24.444444,2
6976,10,17,7,1,24.08,0.0,46.61,4.2,6.24,21.83,103.009,0,1,24.444444,2
6977,10,18,7,1,24.08,0.0,48.18,3.5,4.56,18.31,10.0968,0,1,24.444444,2
6978,10,19,7,1,24.08,0.0,49.63,4.5,3.48,17.62,0.0,0,1,24.444444,2
6979,10,20,7,1,24.07,0.0,50.56,7.2,7.56,19.66,0.0,0,1,24.444444,2
6980,10,21,7,1,24.07,0.0,51.88,5.0,3.0,16.07,0.0,0,1,24.444444,2
6981,10,22,7,1,24.07,0.0,53.65,5.7,2.4,17.22,0.0,0,1,24.444444,2
6982,10,23,7,1,24.07,0.0,55.4,4.8,1.2,15.6,0.0,0,1,24.444444,2
6983,10,24,7,1,24.05,0.0,55.63,3.5,2.4,11.81,0.0,0,1,24.444444,2
6984,10,1,1,1,24.0,0.0,54.9,3.5,1.08,9.42,0.0,0,1,24.444444,2
6985,10,2,1,1,24.02,0.0,53.59,8.1,0.6,12.4,0.0,0,1,24.444444,2
6986,10,3,1,1,23.89,0.0,52.58,3.9,2.76,6.57,0.0,0,1,24.444444,2
6987,10,4,1,1,23.78,0.0,52.05,3.6,0.48,5.4,0.0,0,1,24.444444,2
6988,10,5,1,1,23.67,0.0,51.59,3.2,0.48,4.15,0.0,0,1,24.444444,2
6989,10,6,1,1,23.79,0.0,50.44,8.3,1.8,7.31,0.0,0,1,24.444444,2
6990,10,7,1,1,23.66,0.0,50.35,3.5,3.0,3.89,0.0,0,1,24.444444,2
6991,10,8,1,1,23.68,0.0,49.79,5.1,7.2,5.55,136.775,0,1,24.444444,2
6992,10,9,1,1,23.72,0.0,48.88,4.2,4.68,6.6,254.69,0,1,24.444444,2
6993,10,10,1,1,23.76,0.0,48.15,3.6,13.8,8.58,367.578,0,1,24.444444,2
6994,10,11,1,1,23.95,0.0,46.91,9.3,12.96,16.68,502.428,0,1,24.444444,2
6995,10,12,1,1,23.96,0.0,46.49,4.2,6.12,13.39,556.097,0,1,24.444444,2
6996,10,13,1,1,24.0,0.0,46.25,4.0,6.12,15.3,575.034,0,1,24.444444,2
6997,10,14,1,1,24.07,0.0,45.38,9.2,6.24,23.7,509.857,0,1,24.444444,2
6998,10,15,1,1,24.06,0.0,45.06,3.7,9.84,18.29,420.842,0,1,24.444444,2
6999,10,16,1,1,24.07,0.0,44.55,6.3,6.36,20.74,283.008,0,1,24.444444,2
7000,10,17,1,1,24.08,0.0,43.74,8.7,4.56,21.6,130.213,0,1,24.444444,2
7001,10,18,1,1,24.08,0.0,43.64,11.9,7.92,22.3,11.0689,0,1,24.444444,2
7002,10,19,1,1,24.08,0.0,44.37,7.1,6.24,14.55,0.0,0,1,24.444444,2
7003,10,20,1,1,24.07,0.0,45.42,6.8,1.56,13.06,0.0,0,1,24.444444,2
7004,10,21,1,1,24.03,0.0,46.96,5.2,4.8,10.01,0.0,0,1,24.444444,2
7005,10,22,1,1,24.01,0.0,48.07,7.2,1.56,9.78,0.0,0,1,24.444444,2
7006,10,23,1,1,23.85,0.0,49.81,4.6,1.92,5.87,0.0,0,1,24.444444,2
7007,10,24,1,1,23.7,0.0,51.52,4.5,0.48,4.51,0.0,0,1,24.444444,2
7008,10,1,2,1,23.51,0.0,53.24,3.5,0.24,3.0,0.0,0,1,24.444444,2
7009,10,2,2,1,23.35,0.0,54.7,2.9,0.36,2.28,0.0,0,1,24.444444,2
7010,10,3,2,1,23.27,0.0,55.52,3.4,0.12,1.9,0.0,0,1,24.444444,2
7011,10,4,2,1,23.2,0.0,56.29,3.6,0.12,1.66,0.0,0,1,24.444444,2
7012,10,5,2,1,23.13,0.0,57.01,3.4,0.48,1.34,0.0,0,1,24.444444,2
7013,10,6,2,1,23.08,0.0,57.51,4.2,7.2,1.33,0.0,0,1,24.444444,2
7014,10,7,2,1,23.18,0.0,57.59,3.7,5.4,1.82,0.0,0,1,24.444444,2
7015,10,8,2,1,23.39,0.0,57.13,3.9,14.4,3.42,144.873,0,1,24.444444,2
7016,10,9,2,1,23.58,0.0,56.24,3.9,9.12,6.48,291.122,0,1,24.444444,2
7017,10,10,2,1,23.69,0.0,53.9,4.3,8.76,9.2,395.665,0,1,24.444444,2
7018,10,11,2,1,23.78,0.0,50.71,4.7,1.92,11.42,479.044,0,1,24.444444,2
7019,10,12,2,1,23.83,0.0,49.22,3.5,2.04,11.87,492.073,0,1,24.444444,2
7020,10,13,2,1,23.97,0.0,48.11,6.8,0.84,17.38,491.797,0,1,24.444444,2
7021,10,14,2,1,24.06,0.0,47.05,9.1,5.64,22.39,429.988,0,1,24.444444,2
7022,10,15,2,1,24.07,0.0,45.84,6.5,2.52,20.48,350.957,0,1,24.444444,2
7023,10,16,2,1,24.06,0.0,44.55,4.5,2.52,17.68,249.651,0,1,24.444444,2
7024,10,17,2,1,24.06,0.0,43.62,4.2,1.44,14.98,101.338,0,1,24.444444,2
7025,10,18,2,1,24.06,0.0,44.12,5.4,3.96,13.46,7.46704,0,1,24.444444,2
7026,10,19,2,1,24.07,0.0,44.8,6.5,6.84,13.21,0.0,0,1,24.444444,2
7027,10,20,2,1,24.08,0.0,44.98,8.9,4.56,15.34,0.0,0,1,24.444444,2
7028,10,21,2,1,24.07,0.0,45.21,9.6,2.16,15.23,0.0,0,1,24.444444,2
7029,10,22,2,1,24.05,0.0,45.98,7.3,1.32,10.42,0.0,0,1,24.444444,2
7030,10,23,2,1,23.95,0.0,47.67,5.4,2.76,7.38,0.0,0,1,24.444444,2
7031,10,24,2,1,23.85,0.0,49.36,4.9,0.84,6.17,0.0,0,1,24.444444,2
7032,10,1,3,1,23.68,0.0,50.92,3.3,2.16,3.75,0.0,0,1,24.444444,2
7033,10,2,3,1,23.48,0.0,52.26,3.5,0.36,2.78,0.0,0,1,24.444444,2
7034,10,3,3,1,23.32,0.0,53.28,3.2,0.12,2.19,0.0,0,1,24.444444,2
7035,10,4,3,1,23.26,0.0,53.82,3.6,0.72,1.9,0.0,0,1,24.444444,2
7036,10,5,3,1,23.18,0.0,54.44,3.7,1.68,1.5,0.0,0,1,24.444444,2
7037,10,6,3,1,23.13,0.0,54.81,4.3,4.32,1.47,0.0,0,1,24.444444,2
7038,10,7,3,1,23.23,0.0,54.64,3.4,24.12,2.18,0.0,0,1,24.444444,2
7039,10,8,3,1,23.48,0.0,53.82,4.2,2.76,4.44,148.559,0,1,24.444444,2
7040,10,9,3,1,23.63,0.0,52.63,3.9,11.28,7.02,293.632,0,1,24.444444,2
7041,10,10,3,1,23.7,0.0,50.94,4.0,3.0,9.11,381.392,0,1,24.444444,2
7042,10,11,3,1,23.82,0.0,48.58,6.2,6.6,12.88,487.881,0,1,24.444444,2
7043,10,12,3,1,23.88,0.0,46.72,4.4,0.84,13.37,547.701,0,1,24.444444,2
7044,10,13,3,1,24.03,0.0,44.79,9.5,0.84,21.75,683.423,0,1,24.444444,2
7045,10,14,3,1,24.07,0.0,43.27,8.4,0.48,24.47,608.463,0,1,24.444444,2
7046,10,15,3,1,24.07,0.0,41.97,9.0,2.4,27.86,514.219,0,1,24.444444,2
7047,10,16,3,1,24.08,0.0,41.51,7.8,0.72,24.85,287.252,0,1,24.444444,2
7048,10,17,3,1,24.08,0.0,41.55,8.4,1.2,24.4,134.372,0,1,24.444444,2
7049,10,18,3,1,24.08,0.0,42.06,10.0,0.6,22.89,9.11762,0,1,24.444444,2
7050,10,19,3,1,24.08,0.0,42.78,9.5,4.68,20.12,0.0,0,1,24.444444,2
7051,10,20,3,1,24.08,0.0,43.52,7.0,1.92,15.42,0.0,0,1,24.444444,2
7052,10,21,3,1,24.08,0.0,44.71,7.6,4.92,14.61,0.0,0,1,24.444444,2
7053,10,22,3,1,24.07,0.0,46.49,7.4,2.76,12.41,0.0,0,1,24.444444,2
7054,10,23,3,1,24.04,0.0,48.16,7.1,1.44,10.14,0.0,0,1,24.444444,2
7055,10,24,3,1,23.87,0.0,50.05,4.1,1.08,6.01,0.0,0,1,24.444444,2
7056,10,1,4,1,23.76,0.0,51.58,4.4,2.04,5.45,0.0,0,1,24.444444,2
7057,10,2,4,1,23.72,0.0,52.87,4.3,0.0,5.37,0.0,0,1,24.444444,2
7058,10,3,4,1,23.64,0.0,54.83,3.0,0.24,4.11,0.0,0,1,24.444444,2
7059,10,4,4,1,23.77,0.0,55.27,8.4,0.12,8.1,0.0,0,1,24.444444,2
7060,10,5,4,1,23.61,0.0,56.95,3.7,3.72,3.62,0.0,0,1,24.444444,2
7061,10,6,4,1,23.75,0.0,56.97,9.8,5.16,8.56,0.0,0,1,24.444444,2
7062,10,7,4,1,23.83,0.0,56.65,9.3,7.44,10.21,0.0,0,1,24.444444,2
7063,10,8,4,1,23.88,0.0,54.8,9.5,4.68,13.17,141.823,0,1,24.444444,2
7064,10,9,4,1,23.93,0.0,51.9,9.1,3.24,17.73,345.062,0,1,24.444444,2
7065,10,10,4,1,24.0,0.0,49.17,8.8,1.92,19.72,489.967,0,1,24.444444,2
7066,10,11,4,1,24.03,0.0,46.81,5.8,1.44,17.43,630.661,0,1,24.444444,2
7067,10,12,4,1,24.07,0.0,45.6,7.2,3.0,21.27,703.526,0,1,24.444444,2
7068,10,13,4,1,24.07,0.0,44.23,8.2,1.56,24.93,699.427,0,1,24.444444,2
7069,10,14,4,1,24.07,0.0,43.2,8.8,0.72,28.62,617.772,0,1,24.444444,2
7070,10,15,4,1,24.07,0.0,42.31,9.5,1.08,31.94,520.905,0,1,24.444444,2
7071,10,16,4,1,24.07,0.0,41.27,7.7,0.6,29.69,379.438,0,1,24.444444,2
7072,10,17,4,1,24.08,0.0,40.74,8.4,3.0,27.75,185.486,0,1,24.444444,2
7073,10,18,4,1,24.08,0.0,40.8,9.5,3.36,22.79,20.3351,0,1,24.444444,2
7074,10,19,4,1,24.08,0.0,41.37,9.3,2.4,19.53,0.0,0,1,24.444444,2
7075,10,20,4,1,24.07,0.0,42.03,11.2,1.2,20.41,0.0,0,1,24.444444,2
7076,10,21,4,1,24.07,0.0,42.88,12.4,1.68,20.97,0.0,0,1,24.444444,2
7077,10,22,4,1,24.07,0.0,43.82,11.0,1.56,18.33,0.0,0,1,24.444444,2
7078,10,23,4,1,24.07,0.0,44.13,9.4,1.08,14.74,0.0,0,1,24.444444,2
7079,10,24,4,1,24.06,0.0,44.62,7.8,0.24,11.19,0.0,0,1,24.444444,2
7080,10,1,5,1,23.94,0.0,45.24,4.7,0.48,6.85,0.0,0,1,24.444444,2
7081,10,2,5,1,23.82,0.0,45.32,4.6,0.12,5.28,0.0,0,1,24.444444,2
7082,10,3,5,1,23.61,0.0,45.61,2.6,0.48,2.94,0.0,0,1,24.444444,2
7083,10,4,5,1,23.43,0.0,46.03,2.7,0.36,2.47,0.0,0,1,24.444444,2
7084,10,5,5,1,23.36,0.0,46.43,3.3,0.6,2.33,0.0,0,1,24.444444,2
7085,10,6,5,1,23.64,0.0,45.77,10.1,4.92,5.51,0.0,0,1,24.444444,2
7086,10,7,5,1,23.78,0.0,45.2,12.4,26.4,8.26,0.0,0,1,24.444444,2
7087,10,8,5,1,23.81,0.0,44.7,10.4,12.24,7.74,130.22,0,1,24.444444,2
7088,10,9,5,1,23.81,0.0,44.22,8.6,11.04,8.47,255.975,0,1,24.444444,2
7089,10,10,5,1,23.91,0.0,43.33,10.7,9.72,13.24,368.419,0,1,24.444444,2
7090,10,11,5,1,23.95,0.0,42.51,8.4,3.12,13.28,504.701,0,1,24.444444,2
7091,10,12,5,1,23.98,0.0,41.35,7.2,1.08,13.36,574.318,0,1,24.444444,2
7092,10,13,5,1,24.06,0.0,39.11,9.8,1.32,17.03,515.702,0,1,24.444444,2
7093,10,14,5,1,24.08,0.0,36.84,9.7,2.16,18.63,459.286,0,1,24.444444,2
7094,10,15,5,1,24.08,0.0,36.18,9.3,1.44,19.28,372.255,0,1,24.444444,2
7095,10,16,5,1,24.08,0.0,35.96,8.6,3.24,16.97,213.999,0,1,24.444444,2
7096,10,17,5,1,24.08,0.0,35.8,8.4,1.08,15.09,74.2022,0,1,24.444444,2
7097,10,18,5,1,24.08,0.0,36.21,9.1,3.6,14.44,3.44103,0,1,24.444444,2
7098,10,19,5,1,24.08,0.0,37.11,10.8,4.08,14.98,0.0,0,1,24.444444,2
7099,10,20,5,1,24.07,0.0,38.26,8.6,1.8,11.3,0.0,0,1,24.444444,2
7100,10,21,5,1,24.07,0.0,39.93,10.3,2.28,12.24,0.0,0,1,24.444444,2
7101,10,22,5,1,24.06,0.0,41.46,11.3,1.56,11.62,0.0,0,1,24.444444,2
7102,10,23,5,1,24.05,0.0,42.6,12.3,0.96,11.49,0.0,0,1,24.444444,2
7103,10,24,5,1,24.02,0.0,43.31,10.2,0.24,9.2,0.0,0,1,24.444444,2
7104,10,1,6,1,23.75,0.0,44.38,4.2,0.6,3.72,0.0,0,1,24.444444,2
7105,10,2,6,1,23.49,0.0,45.93,3.7,0.36,2.51,0.0,0,1,24.444444,2
7106,10,3,6,1,23.29,0.0,47.37,3.5,0.48,1.85,0.0,0,1,24.444444,2
7107,10,4,6,1,23.19,0.0,48.21,3.0,0.24,1.48,0.0,0,1,24.444444,2
7108,10,5,6,1,23.14,0.0,48.56,3.3,0.84,1.34,0.0,0,1,24.444444,2
7109,10,6,6,1,23.09,0.0,48.97,3.7,5.4,1.22,0.0,0,1,24.444444,2
7110,10,7,6,1,23.11,0.0,49.31,3.5,5.52,1.23,0.0,0,1,24.444444,2
7111,10,8,6,1,23.28,0.0,49.09,5.0,9.0,2.4,129.355,0,1,24.444444,2
7112,10,9,6,1,23.5,0.0,48.47,5.7,5.04,4.39,252.766,0,1,24.444444,2
7113,10,10,6,1,23.6,0.0,47.73,4.8,5.4,6.09,363.462,0,1,24.444444,2
7114,10,11,6,1,23.76,0.0,45.91,7.3,3.72,10.06,485.496,0,1,24.444444,2
7115,10,12,6,1,23.78,0.0,44.05,3.9,5.4,8.93,542.894,0,1,24.444444,2
7116,10,13,6,1,23.91,0.0,41.82,7.3,3.0,13.98,565.612,0,1,24.444444,2
7117,10,14,6,1,24.03,0.0,39.82,8.8,2.4,18.24,506.631,0,1,24.444444,2
7118,10,15,6,1,24.07,0.0,38.56,9.8,1.2,21.67,423.584,0,1,24.444444,2
7119,10,16,6,1,24.07,0.0,37.97,8.3,0.72,19.91,290.826,0,1,24.444444,2
7120,10,17,6,1,24.08,0.0,37.47,12.1,5.16,22.28,126.521,0,1,24.444444,2
7121,10,18,6,1,24.08,0.0,37.93,9.1,1.44,15.77,6.72511,0,1,24.444444,2
7122,10,19,6,1,24.08,0.0,38.71,11.5,4.32,17.11,0.0,0,1,24.444444,2
7123,10,20,6,1,24.07,0.0,39.3,7.7,3.72,11.88,0.0,0,1,24.444444,2
7124,10,21,6,1,24.07,0.0,40.13,9.4,1.08,12.86,0.0,0,1,24.444444,2
7125,10,22,6,1,23.98,0.0,41.51,5.5,3.72,7.38,0.0,0,1,24.444444,2
7126,10,23,6,1,23.87,0.0,43.45,5.5,2.76,6.23,0.0,0,1,24.444444,2
7127,10,24,6,1,23.78,0.0,45.25,6.6,0.72,5.25,0.0,0,1,24.444444,2
7128,10,1,7,1,23.53,0.0,47.27,3.4,0.36,2.9,0.0,0,1,24.444444,2
7129,10,2,7,1,23.44,0.0,48.75,3.3,0.12,2.57,0.0,0,1,24.444444,2
7130,10,3,7,1,23.31,0.0,49.71,3.6,0.24,2.0,0.0,0,1,24.444444,2
7131,10,4,7,1,23.56,0.0,48.82,10.6,0.6,4.73,0.0,0,1,24.444444,2
7132,10,5,7,1,23.21,0.0,49.87,3.4,0.6,1.12,0.0,0,1,24.444444,2
7133,10,6,7,1,23.08,0.0,50.3,3.9,0.96,1.06,0.0,0,1,24.444444,2
7134,10,7,7,1,23.26,0.0,49.62,3.4,2.76,1.87,0.0,0,1,24.444444,2
7135,10,8,7,1,23.52,0.0,48.59,5.4,7.8,6.19,166.78,0,1,24.444444,2
7136,10,9,7,1,23.68,0.0,47.33,7.2,6.48,11.36,347.624,0,1,24.444444,2
7137,10,10,7,1,23.74,0.0,46.07,6.2,11.04,12.24,482.217,0,1,24.444444,2
7138,10,11,7,1,23.77,0.0,44.84,4.0,3.96,11.3,586.882,0,1,24.444444,2
7139,10,12,7,1,23.84,0.0,43.54,4.3,4.2,13.42,655.896,0,1,24.444444,2
7140,10,13,7,1,23.92,0.0,42.34,4.6,7.2,16.09,676.67,0,1,24.444444,2
7141,10,14,7,1,24.05,0.0,41.05,10.6,2.28,26.37,626.416,0,1,24.444444,2
7142,10,15,7,1,24.05,0.0,40.99,4.1,5.76,22.89,520.211,0,1,24.444444,2
7143,10,16,7,1,24.05,0.0,41.49,4.1,7.68,24.0,384.763,0,1,24.444444,2
7144,10,17,7,1,24.05,0.0,42.51,3.5,6.0,21.04,170.397,0,1,24.444444,2
7145,10,18,7,1,24.06,0.0,43.83,4.7,5.64,17.62,21.6445,0,1,24.444444,2
7146,10,19,7,1,24.06,0.0,44.76,4.6,7.56,14.56,0.0,0,1,24.444444,2
7147,10,20,7,1,24.07,0.0,45.91,6.3,4.8,14.49,0.0,0,1,24.444444,2
7148,10,21,7,1,24.06,0.0,47.0,5.5,1.2,11.9,0.0,0,1,24.444444,2
7149,10,22,7,1,23.99,0.0,48.28,4.8,1.2,9.14,0.0,0,1,24.444444,2
7150,10,23,7,1,23.92,0.0,49.55,4.6,1.56,7.88,0.0,0,1,24.444444,2
7151,10,24,7,1,23.81,0.0,51.48,3.7,0.72,5.85,0.0,0,1,24.444444,2
7152,10,1,1,1,23.64,0.0,53.64,3.5,0.48,4.19,0.0,0,1,24.444444,2
7153,10,2,1,1,23.74,0.0,54.28,8.5,0.96,7.16,0.0,0,1,24.444444,2
7154,10,3,1,1,23.5,0.0,55.81,3.4,0.12,2.75,0.0,0,1,24.444444,2
7155,10,4,1,1,23.34,0.0,57.5,3.4,0.36,2.24,0.0,0,1,24.444444,2
7156,10,5,1,1,23.24,0.0,58.2,4.2,0.6,1.83,0.0,0,1,24.444444,2
7157,10,6,1,1,23.36,0.0,57.36,8.4,0.6,3.38,0.0,0,1,24.444444,2
7158,10,7,1,1,23.48,0.0,56.63,5.0,3.96,4.48,0.0,0,1,24.444444,2
7159,10,8,1,1,23.6,0.0,55.98,4.3,3.6,8.09,161.605,0,1,24.444444,2
7160,10,9,1,1,23.67,0.0,55.11,3.7,7.44,12.69,346.891,0,1,24.444444,2
7161,10,10,1,1,23.79,0.0,52.56,5.1,11.64,16.85,502.336,0,1,24.444444,2
7162,10,11,1,1,24.01,0.0,49.42,11.8,8.28,24.45,607.736,0,1,24.444444,2
7163,10,12,1,1,24.03,0.0,47.95,5.5,12.0,19.79,655.923,0,1,24.444444,2
7164,10,13,1,1,24.04,0.0,46.73,4.0,4.44,21.28,660.927,0,1,24.444444,2
7165,10,14,1,1,24.08,0.0,45.37,11.5,7.92,34.85,609.179,0,1,24.444444,2
7166,10,15,1,1,24.07,0.0,44.99,3.8,4.68,28.34,503.98,0,1,24.444444,2
7167,10,16,1,1,24.08,0.0,45.05,4.0,7.8,28.36,344.773,0,1,24.444444,2
7168,10,17,1,1,24.08,0.0,45.23,9.5,5.88,32.16,150.952,0,1,24.444444,2
7169,10,18,1,1,24.08,0.0,46.05,9.1,9.96,26.74,11.9016,0,1,24.444444,2
7170,10,19,1,1,24.08,0.0,47.96,6.4,21.84,20.96,0.0,0,1,24.444444,2
7171,10,20,1,1,24.07,0.0,50.11,8.0,4.32,21.6,0.0,0,1,24.444444,2
7172,10,21,1,1,24.07,0.0,52.47,6.0,1.8,17.5,0.0,0,1,24.444444,2
7173,10,22,1,1,24.07,0.0,54.38,5.7,1.56,14.78,0.0,0,1,24.444444,2
7174,10,23,1,1,24.04,0.0,56.14,4.5,1.32,11.41,0.0,0,1,24.444444,2
7175,10,24,1,1,23.95,0.0,57.98,3.6,1.2,8.67,0.0,0,1,24.444444,2
7176,10,1,2,1,23.86,0.0,59.29,3.5,0.6,7.22,0.0,0,1,24.444444,2
7177,10,2,2,1,23.75,0.0,60.68,3.4,0.72,5.69,0.0,0,1,24.444444,2
7178,10,3,2,1,23.62,0.0,62.05,3.2,0.12,4.3,0.0,0,1,24.444444,2
7179,10,4,2,1,23.56,0.0,63.08,3.6,0.36,4.0,0.0,0,1,24.444444,2
7180,10,5,2,1,23.45,0.0,63.93,3.2,0.48,3.04,0.0,0,1,24.444444,2
7181,10,6,2,1,23.37,0.0,64.29,3.5,1.44,2.99,0.0,0,1,24.444444,2
7182,10,7,2,1,23.5,0.0,64.11,4.4,4.32,4.89,0.0,0,1,24.444444,2
7183,10,8,2,1,23.64,0.0,63.45,4.7,10.8,8.62,150.474,0,1,24.444444,2
7184,10,9,2,1,23.75,0.0,62.53,5.8,8.88,12.93,248.06,0,1,24.444444,2
7185,10,10,2,1,23.85,0.0,60.74,5.8,4.32,16.34,370.198,0,1,24.444444,2
7186,10,11,2,1,23.94,0.0,58.11,6.1,2.4,18.94,484.745,0,1,24.444444,2
7187,10,12,2,1,24.0,0.0,56.15,4.2,1.2,18.93,542.801,0,1,24.444444,2
7188,10,13,2,1,24.05,0.0,53.69,3.7,6.24,20.5,547.772,0,1,24.444444,2
7189,10,14,2,1,24.07,0.0,52.07,9.1,3.36,30.14,488.581,0,1,24.444444,2
7190,10,15,2,1,24.07,0.0,51.04,4.8,1.32,25.08,378.988,0,1,24.444444,2
7191,10,16,2,1,24.07,0.0,50.75,3.7,3.0,23.09,263.208,0,1,24.444444,2
7192,10,17,2,1,24.07,0.0,51.02,4.5,1.68,21.61,108.125,0,1,24.444444,2
7193,10,18,2,1,24.07,0.0,51.62,6.2,2.4,20.28,3.28285,0,1,24.444444,2
7194,10,19,2,1,24.07,0.0,52.22,6.4,5.52,18.53,0.0,0,1,24.444444,2
7195,10,20,2,1,24.07,0.0,52.66,9.6,2.4,21.8,0.0,0,1,24.444444,2
7196,10,21,2,1,24.07,0.0,53.25,9.5,1.32,20.08,0.0,0,1,24.444444,2
7197,10,22,2,1,24.07,0.0,54.88,6.3,1.56,13.95,0.0,0,1,24.444444,2
7198,10,23,2,1,24.02,0.0,57.34,4.2,3.96,10.19,0.0,0,1,24.444444,2
7199,10,24,2,1,23.97,0.0,59.74,4.3,0.72,9.41,0.0,0,1,24.444444,2
7200,10,1,3,1,23.9,0.0,62.1,3.4,0.24,8.11,0.0,0,1,24.444444,2
7201,10,2,3,1,23.86,0.0,63.95,3.4,0.36,7.91,0.0,0,1,24.444444,2
7202,10,3,3,1,23.81,0.0,65.14,3.7,0.48,7.27,0.0,0,1,24.444444,2
7203,10,4,3,1,23.73,0.0,66.2,3.6,0.6,6.16,0.0,0,1,24.444444,2
7204,10,5,3,1,23.72,0.0,66.76,4.2,1.32,6.74,0.0,0,1,24.444444,2
7205,10,6,3,1,23.75,0.0,66.58,5.3,1.08,7.69,0.0,0,1,24.444444,2
7206,10,7,3,1,23.76,0.0,66.3,5.2,26.64,8.3,0.0,0,1,24.444444,2
7207,10,8,3,1,23.78,0.0,65.78,3.8,5.28,8.57,106.679,0,1,24.444444,2
7208,10,9,3,1,23.89,0.0,63.94,5.8,5.52,15.09,220.252,0,1,24.444444,2
7209,10,10,3,1,23.96,0.0,62.2,4.6,4.2,17.79,300.846,0,1,24.444444,2
7210,10,11,3,1,24.03,0.0,60.2,4.2,5.04,20.0,356.887,0,1,24.444444,2
7211,10,12,3,1,24.05,0.0,58.46,4.1,1.44,20.87,305.247,0,1,24.444444,2
7212,10,13,3,1,24.07,0.0,55.4,9.1,1.56,29.69,326.027,0,1,24.444444,2
7213,10,14,3,1,24.07,0.0,52.91,8.1,0.96,28.81,283.712,0,1,24.444444,2
7214,10,15,3,1,24.07,0.0,52.32,9.1,2.88,30.01,216.852,0,1,24.444444,2
7215,10,16,3,1,24.07,0.0,52.2,7.7,0.96,27.14,130.162,0,1,24.444444,2
7216,10,17,3,1,24.07,0.0,52.03,9.8,0.96,28.57,39.774,0,1,24.444444,2
7217,10,18,3,1,24.07,0.0,52.52,8.1,2.16,24.99,0.0,0,1,24.444444,2
7218,10,19,3,1,24.07,0.0,53.56,10.6,1.32,27.44,0.0,0,1,24.444444,2
7219,10,20,3,1,24.07,0.0,55.65,7.3,2.76,21.8,0.0,0,1,24.444444,2
7220,10,21,3,1,24.07,0.0,57.67,10.0,5.16,25.06,0.0,0,1,24.444444,2
7221,10,22,3,1,24.07,0.0,59.2,7.9,0.72,20.57,0.0,0,1,24.444444,2
7222,10,23,3,1,24.07,0.0,61.15,5.8,1.2,16.13,0.0,0,1,24.444444,2
7223,10,24,3,1,24.03,0.0,63.56,3.6,1.2,11.67,0.0,0,1,24.444444,2
7224,10,1,4,1,23.98,0.0,65.72,3.2,0.0,9.77,0.0,0,1,24.444444,2
7225,10,2,4,1,23.91,0.0,66.96,3.8,0.36,8.47,0.0,0,1,24.444444,2
7226,10,3,4,1,23.8,0.0,67.84,3.5,0.36,6.74,0.0,0,1,24.444444,2
7227,10,4,4,1,23.97,0.0,66.21,10.0,0.12,14.05,0.0,0,1,24.444444,2
7228,10,5,4,1,23.76,0.0,67.27,3.3,4.2,5.21,0.0,0,1,24.444444,2
7229,10,6,4,1,23.84,0.0,67.17,8.3,3.0,9.77,0.0,0,1,24.444444,2
7230,10,7,4,1,23.91,0.0,66.66,8.8,4.8,11.69,0.0,0,1,24.444444,2
7231,10,8,4,1,23.95,0.0,65.93,8.6,5.4,14.93,118.966,0,1,24.444444,2
7232,10,9,4,1,24.0,0.0,64.76,8.5,4.32,20.12,240.889,0,1,24.444444,2
7233,10,10,4,1,24.05,0.0,62.42,8.5,3.24,24.2,351.837,0,1,24.444444,2
7234,10,11,4,1,24.07,0.0,59.51,8.1,3.12,25.95,459.394,0,1,24.444444,2
7235,10,12,4,1,24.07,0.0,57.44,5.8,5.76,25.49,516.341,0,1,24.444444,2
7236,10,13,4,1,24.07,0.0,54.62,9.1,3.72,33.03,529.515,0,1,24.444444,2
7237,10,14,4,1,24.07,0.0,51.99,7.6,0.84,31.78,453.707,0,1,24.444444,2
7238,10,15,4,1,24.07,0.0,50.43,8.7,0.72,32.13,352.715,0,1,24.444444,2
7239,10,16,4,1,24.07,0.0,49.76,8.0,4.2,28.44,208.671,0,1,24.444444,2
7240,10,17,4,1,24.07,0.0,50.39,8.2,2.76,26.72,64.9148,0,1,24.444444,2
7241,10,18,4,1,24.07,0.0,51.93,10.2,2.64,27.74,0.0,0,1,24.444444,2
7242,10,19,4,1,24.07,0.0,52.75,11.1,4.56,27.8,0.0,0,1,24.444444,2
7243,10,20,4,1,24.07,0.0,54.26,8.4,4.08,22.97,0.0,0,1,24.444444,2
7244,10,21,4,1,24.07,0.0,55.25,11.6,2.16,26.42,0.0,0,1,24.444444,2
7245,10,22,4,1,24.07,0.0,54.94,11.6,0.6,24.54,0.0,0,1,24.444444,2
7246,10,23,4,1,24.07,0.0,54.61,7.8,1.32,16.9,0.0,0,1,24.444444,2
7247,10,24,4,1,24.07,0.0,54.36,7.6,0.72,14.22,0.0,0,1,24.444444,2
7248,10,1,5,1,23.98,0.0,54.01,4.4,0.24,8.47,0.0,0,1,24.444444,2
7249,10,2,5,1,23.82,0.0,52.43,2.9,0.24,5.52,0.0,0,1,24.444444,2
7250,10,3,5,1,23.71,0.0,50.72,3.3,2.64,4.5,0.0,0,1,24.444444,2
7251,10,4,5,1,23.61,0.0,48.37,3.1,0.24,3.53,0.0,0,1,24.444444,2
7252,10,5,5,1,23.78,0.0,46.11,9.1,1.08,7.09,0.0,0,1,24.444444,2
7253,10,6,5,1,23.84,0.0,43.92,10.8,7.2,7.48,0.0,0,1,24.444444,2
7254,10,7,5,1,23.75,0.0,42.77,7.7,16.32,5.38,0.0,0,1,24.444444,2
7255,10,8,5,1,23.77,0.0,41.52,8.3,15.96,7.2,135.483,0,1,24.444444,2
7256,10,9,5,1,23.93,0.0,39.71,13.4,4.68,15.81,329.8,0,1,24.444444,2
7257,10,10,5,1,23.97,0.0,38.49,8.9,3.72,15.03,489.965,0,1,24.444444,2
7258,10,11,5,1,24.01,0.0,37.57,8.6,5.28,16.02,641.624,0,1,24.444444,2
7259,10,12,5,1,24.04,0.0,36.95,7.7,1.32,15.17,549.887,0,1,24.444444,2
7260,10,13,5,1,24.07,0.0,35.96,8.7,0.6,17.56,549.445,0,1,24.444444,2
7261,10,14,5,1,24.08,0.0,35.03,10.7,3.6,21.92,494.519,0,1,24.444444,2
7262,10,15,5,1,24.08,0.0,34.36,9.0,0.96,21.59,416.552,0,1,24.444444,2
7263,10,16,5,1,24.08,0.0,33.51,8.9,1.44,20.81,286.56,0,1,24.444444,2
7264,10,17,5,1,24.08,0.0,33.28,8.3,6.0,16.56,112.376,0,1,24.444444,2
7265,10,18,5,1,24.08,0.0,33.84,11.4,1.92,16.0,8.37594,0,1,24.444444,2
7266,10,19,5,1,24.07,0.0,34.78,9.4,5.28,12.02,0.0,0,1,24.444444,2
7267,10,20,5,1,24.06,0.0,35.82,10.1,2.04,10.53,0.0,0,1,24.444444,2
7268,10,21,5,1,24.05,0.0,36.73,11.9,4.8,10.01,0.0,0,1,24.444444,2
7269,10,22,5,1,23.86,0.0,38.49,7.7,1.8,5.19,0.0,0,1,24.444444,2
7270,10,23,5,1,23.84,0.0,40.39,10.5,0.48,6.4,0.0,0,1,24.444444,2
7271,10,24,5,1,23.78,0.0,42.16,10.8,0.72,5.41,0.0,0,1,24.444444,2
7272,10,1,6,1,23.26,0.0,44.56,3.3,0.24,1.17,0.0,0,1,24.444444,2
7273,10,2,6,1,23.06,0.0,46.21,3.6,0.6,1.01,0.0,0,1,24.444444,2
7274,10,3,6,1,22.97,0.0,46.6,3.7,0.24,0.87,0.0,0,1,24.444444,2
7275,10,4,6,1,22.91,0.0,47.0,3.5,0.48,0.69,0.0,0,1,24.444444,2
7276,10,5,6,1,22.86,0.0,47.7,3.3,2.88,0.45,0.0,0,1,24.444444,2
7277,10,6,6,1,22.81,0.0,48.37,3.4,5.04,0.34,0.0,0,1,24.444444,2
7278,10,7,6,1,22.8,0.0,49.17,4.1,8.64,0.36,0.0,0,1,24.444444,2
7279,10,8,6,1,22.92,0.0,49.16,4.6,7.32,0.84,123.955,0,1,24.444444,2
7280,10,9,6,1,23.29,0.0,48.33,6.1,3.36,3.28,273.98,0,1,24.444444,2
7281,10,10,6,1,23.59,0.0,46.15,4.5,5.52,7.39,542.563,0,1,24.444444,2
7282,10,11,6,1,23.76,0.0,43.85,7.3,2.76,11.5,657.369,0,1,24.444444,2
7283,10,12,6,1,23.75,0.0,42.62,3.9,1.92,9.7,596.201,0,1,24.444444,2
7284,10,13,6,1,23.9,0.0,40.22,7.5,4.2,14.68,585.802,0,1,24.444444,2
7285,10,14,6,1,24.01,0.0,37.98,9.1,1.44,18.41,536.493,0,1,24.444444,2
7286,10,15,6,1,24.05,0.0,36.4,10.8,0.72,21.28,444.633,0,1,24.444444,2
7287,10,16,6,1,24.06,0.0,35.61,8.8,2.28,18.8,292.54,0,1,24.444444,2
7288,10,17,6,1,24.07,0.0,35.5,11.5,5.28,20.0,124.795,0,1,24.444444,2
7289,10,18,6,1,24.08,0.0,36.22,9.4,3.12,14.03,11.7184,0,1,24.444444,2
7290,10,19,6,1,24.08,0.0,36.91,10.8,4.32,14.08,0.0,0,1,24.444444,2
7291,10,20,6,1,24.06,0.0,37.52,8.9,1.08,10.59,0.0,0,1,24.444444,2
7292,10,21,6,1,24.05,0.0,38.18,10.2,0.96,10.38,0.0,0,1,24.444444,2
7293,10,22,6,1,24.04,0.0,38.59,12.6,1.68,10.79,0.0,0,1,24.444444,2
7294,10,23,6,1,23.78,0.0,39.02,6.5,2.16,4.02,0.0,0,1,24.444444,2
7295,10,24,6,1,23.45,0.0,38.94,4.6,1.2,2.15,0.0,0,1,24.444444,2
7296,11,1,7,1,23.52,0.0,37.69,9.9,1.2,3.29,0.0,0,1,24.444444,2
7297,11,2,7,1,23.4,0.0,35.8,9.9,0.12,2.07,0.0,0,1,24.444444,2
7298,11,3,7,1,23.38,0.0,32.79,13.8,0.24,2.41,0.0,0,1,24.444444,2
7299,11,4,7,1,23.01,0.0,29.29,9.5,0.0,0.6,0.0,0,1,24.444444,2
7300,11,5,7,1,22.66,0.0,26.7,3.0,0.0,0.0,0.0,0,1,24.444444,2
7301,11,6,7,1,22.73,0.0,24.6,10.6,0.72,0.26,0.0,0,1,24.444444,2
7302,11,7,7,1,22.82,0.0,23.06,10.4,3.6,0.29,0.0,0,1,24.444444,2
7303,11,8,7,1,23.08,0.0,21.66,10.4,4.56,0.97,183.061,0,1,24.444444,2
7304,11,9,7,1,23.26,0.0,20.89,11.0,9.0,2.93,409.754,0,1,24.444444,2
7305,11,10,7,1,23.43,0.0,20.4,12.3,12.12,4.82,576.5,0,1,24.444444,2
7306,11,11,7,1,23.39,0.0,20.1,8.1,2.88,4.31,722.612,0,1,24.444444,2
7307,11,12,7,1,23.49,0.0,19.45,10.4,7.08,7.4,833.333,0,1,24.444444,2
7308,11,13,7,1,23.56,0.0,18.91,10.1,3.6,8.82,833.333,0,1,24.444444,2
7309,11,14,7,1,23.66,0.0,18.4,11.1,8.04,12.75,820.652,0,1,24.444444,2
7310,11,15,7,1,23.73,0.0,17.81,9.3,7.68,15.3,724.24,0,1,24.444444,2
7311,11,16,7,1,23.73,0.0,17.43,8.4,3.72,16.16,539.413,0,1,24.444444,2
7312,11,17,7,1,23.72,0.0,17.67,9.2,17.76,13.61,257.094,0,1,24.444444,2
7313,11,18,7,1,23.73,0.0,18.36,12.9,6.0,8.61,0.0,0,1,24.444444,2
7314,11,19,7,1,23.71,0.0,18.92,13.4,12.0,7.5,0.0,0,1,24.444444,2
7315,11,20,7,1,23.61,0.0,19.55,10.3,5.04,4.54,0.0,0,1,24.444444,2
7316,11,21,7,1,23.62,0.0,20.3,13.0,3.24,5.39,0.0,0,1,24.444444,2
7317,11,22,7,1,23.4,0.0,21.38,7.9,2.52,1.84,0.0,0,1,24.444444,2
7318,11,23,7,1,23.4,0.0,22.17,11.8,3.84,2.67,0.0,0,1,24.444444,2
7319,11,24,7,1,23.3,0.0,22.8,10.6,0.84,1.69,0.0,0,1,24.444444,2
7320,11,1,1,1,23.06,0.0,24.09,8.2,0.6,0.78,0.0,0,1,24.444444,2
7321,11,2,1,1,22.96,0.0,25.23,9.0,0.36,0.68,0.0,0,1,24.444444,2
7322,11,3,1,1,22.9,0.0,26.24,9.3,0.12,0.55,0.0,0,1,24.444444,2
7323,11,4,1,1,22.83,0.0,27.16,8.8,0.24,0.39,0.0,0,1,24.444444,2
7324,11,5,1,1,22.72,0.0,28.08,5.3,0.84,0.0,0.0,0,1,24.444444,2
7325,11,6,1,1,22.73,0.0,28.65,8.4,0.72,0.16,0.0,0,1,24.444444,2
7326,11,7,1,1,22.75,0.0,29.16,7.4,2.16,0.1,0.0,0,1,24.444444,2
7327,11,8,1,1,23.03,0.0,28.7,9.7,2.88,0.87,168.271,0,1,24.444444,2
7328,11,9,1,1,23.28,0.0,28.06,9.8,6.36,3.3,384.376,0,1,24.444444,2
7329,11,10,1,1,23.5,0.0,27.9,11.1,12.36,5.95,548.769,0,1,24.444444,2
7330,11,11,1,1,23.6,0.0,28.31,9.7,10.92,6.78,688.787,0,1,24.444444,2
7331,11,12,1,1,23.59,0.0,29.15,7.5,11.04,6.82,726.561,0,1,24.444444,2
7332,11,13,1,1,23.7,0.0,29.61,10.7,3.84,10.61,712.177,0,1,24.444444,2
7333,11,14,1,1,23.8,0.0,28.78,10.6,12.72,13.36,652.117,0,1,24.444444,2
7334,11,15,1,1,23.87,0.0,27.17,9.9,3.36,14.94,539.139,0,1,24.444444,2
7335,11,16,1,1,23.91,0.0,26.03,10.2,3.12,15.22,338.782,0,1,24.444444,2
7336,11,17,1,1,23.9,0.0,25.52,10.1,3.48,11.93,146.895,0,1,24.444444,2
7337,11,18,1,1,23.85,0.0,25.77,10.8,5.16,8.44,0.0,0,1,24.444444,2
7338,11,19,1,1,23.85,0.0,26.18,12.4,3.24,8.24,0.0,0,1,24.444444,2
7339,11,20,1,1,23.86,0.0,26.8,14.5,4.08,8.24,0.0,0,1,24.444444,2
7340,11,21,1,1,23.72,0.0,28.27,11.4,3.84,5.1,0.0,0,1,24.444444,2
7341,11,22,1,1,23.61,0.0,30.06,10.6,1.44,3.52,0.0,0,1,24.444444,2
7342,11,23,1,1,23.28,0.0,31.76,6.6,2.28,1.17,0.0,0,1,24.444444,2
7343,11,24,1,1,23.26,0.0,32.89,9.9,0.6,1.78,0.0,0,1,24.444444,2
7344,11,1,2,0,23.33,0.0,33.61,12.6,0.48,2.36,0.0,0,1,24.444444,2
7345,11,2,2,0,23.14,0.0,34.48,9.9,0.36,1.06,0.0,0,1,24.444444,2
7346,11,3,2,0,22.98,0.0,35.38,10.2,0.12,0.79,0.0,0,1,24.444444,2
7347,11,4,2,0,22.89,0.0,36.0,10.0,0.48,0.53,0.0,0,1,24.444444,2
7348,11,5,2,0,22.82,0.0,36.31,9.9,0.36,0.43,0.0,0,1,24.444444,2
7349,11,6,2,0,22.65,0.0,36.55,3.5,0.72,0.0,0.0,0,1,24.444444,2
7350,11,7,2,0,22.79,0.0,36.31,9.9,5.76,0.37,0.0,0,1,24.444444,2
7351,11,8,2,0,23.11,0.0,36.37,7.2,16.56,1.48,154.088,0,1,24.444444,2
7352,11,9,2,0,23.43,0.0,37.06,7.9,8.16,4.85,363.659,0,1,24.444444,2
7353,11,10,2,0,23.66,0.0,37.65,11.5,12.6,9.11,482.921,0,1,24.444444,2
7354,11,11,2,0,23.72,0.0,38.13,8.6,5.88,8.62,549.675,0,1,24.444444,2
7355,11,12,2,0,23.83,0.0,38.52,10.6,6.84,13.04,585.042,0,1,24.444444,2
7356,11,13,2,0,23.89,0.0,38.67,8.5,1.32,13.36,550.947,0,1,24.444444,2
7357,11,14,2,0,23.96,0.0,38.99,8.8,3.0,15.66,499.148,0,1,24.444444,2
7358,11,15,2,0,24.04,0.0,39.54,11.8,0.6,19.81,374.702,0,1,24.444444,2
7359,11,16,2,0,24.05,0.0,40.51,10.3,3.24,17.81,234.205,0,1,24.444444,2
7360,11,17,2,0,24.05,0.0,41.74,9.3,2.28,14.5,76.8702,0,1,24.444444,2
7361,11,18,2,0,24.04,0.0,43.2,9.0,0.96,11.98,0.0,0,1,24.444444,2
7362,11,19,2,0,24.05,0.0,44.29,10.7,5.76,13.76,0.0,0,1,24.444444,2
7363,11,20,2,0,24.05,0.0,45.37,10.0,3.0,11.91,0.0,0,1,24.444444,2
7364,11,21,2,0,24.0,0.0,46.31,8.8,5.16,9.53,0.0,0,1,24.444444,2
7365,11,22,2,0,24.0,0.0,46.54,10.4,1.8,10.27,0.0,0,1,24.444444,2
7366,11,23,2,0,24.07,0.0,45.68,18.2,1.92,18.09,0.0,0,1,24.444444,2
7367,11,24,2,0,24.07,0.0,45.0,17.1,1.32,15.33,0.0,0,1,24.444444,2
7368,11,1,3,0,24.02,0.0,45.9,12.7,0.48,9.26,0.0,0,1,24.444444,2
7369,11,2,3,0,23.87,0.0,48.19,9.7,0.36,5.91,0.0,0,1,24.444444,2
7370,11,3,3,0,23.82,0.0,49.71,11.0,0.24,6.29,0.0,0,1,24.444444,2
7371,11,4,3,0,23.72,0.0,51.14,9.8,0.12,4.84,0.0,0,1,24.444444,2
7372,11,5,3,0,23.7,0.0,51.84,10.5,1.2,5.23,0.0,0,1,24.444444,2
7373,11,6,3,0,23.64,0.0,52.46,9.6,2.16,4.26,0.0,0,1,24.444444,2
7374,11,7,3,0,23.73,0.0,52.37,11.9,3.6,7.98,0.0,0,1,24.444444,2
7375,11,8,3,0,23.83,0.0,51.85,10.7,13.08,11.26,129.566,0,1,24.444444,2
7376,11,9,3,0,23.91,0.0,50.79,10.9,12.12,16.38,295.577,0,1,24.444444,2
7377,11,10,3,0,23.99,0.0,49.14,10.5,6.48,18.92,432.243,0,1,24.444444,2
7378,11,11,3,0,24.05,0.0,47.77,9.2,4.2,19.07,529.608,0,1,24.444444,2
7379,11,12,3,0,24.07,0.0,46.63,8.4,5.4,21.15,594.673,0,1,24.444444,2
7380,11,13,3,0,24.07,0.0,45.86,9.8,2.16,27.06,703.461,0,1,24.444444,2
7381,11,14,3,0,24.07,0.0,45.18,9.1,2.64,29.78,633.709,0,1,24.444444,2
7382,11,15,3,0,24.07,0.0,44.74,10.3,0.6,33.04,512.679,0,1,24.444444,2
7383,11,16,3,0,24.08,0.0,43.91,17.2,1.92,39.01,331.864,0,1,24.444444,2
7384,11,17,3,0,24.08,0.0,43.88,8.7,1.92,23.68,130.302,0,1,24.444444,2
7385,11,18,3,0,24.08,0.0,44.74,9.1,5.88,19.24,0.0,0,1,24.444444,2
7386,11,19,3,0,24.07,0.0,45.76,9.6,4.56,19.41,0.0,0,1,24.444444,2
7387,11,20,3,0,24.07,0.0,46.57,11.3,4.08,20.22,0.0,0,1,24.444444,2
7388,11,21,3,0,24.07,0.0,46.97,15.5,4.68,24.26,0.0,0,1,24.444444,2
7389,11,22,3,0,24.07,0.0,48.1,10.9,1.2,17.1,0.0,0,1,24.444444,2
7390,11,23,3,0,24.07,0.0,50.03,9.7,2.88,14.41,0.0,0,1,24.444444,2
7391,11,24,3,0,24.07,0.0,50.54,16.3,1.32,22.36,0.0,0,1,24.444444,2
7392,11,1,4,0,24.07,0.0,50.18,17.5,0.48,22.65,0.0,0,1,24.444444,2
7393,11,2,4,0,24.06,0.0,51.4,10.4,0.24,12.54,0.0,0,1,24.444444,2
7394,11,3,4,0,24.07,0.0,52.53,14.2,0.12,16.94,0.0,0,1,24.444444,2
7395,11,4,4,0,24.07,0.0,53.16,12.7,0.36,14.78,0.0,0,1,24.444444,2
7396,11,5,4,0,24.03,0.0,54.52,9.8,1.08,11.07,0.0,0,1,24.444444,2
7397,11,6,4,0,24.02,0.0,56.05,9.9,2.64,11.49,0.0,0,1,24.444444,2
7398,11,7,4,0,24.02,0.0,56.77,9.8,15.48,13.63,0.0,0,1,24.444444,2
7399,11,8,4,0,24.02,0.0,56.68,7.8,10.8,15.4,126.392,0,1,24.444444,2
7400,11,9,4,0,24.04,0.0,55.73,8.4,10.32,18.67,243.054,0,1,24.444444,2
7401,11,10,4,0,24.07,0.0,54.01,10.0,6.6,22.64,335.357,0,1,24.444444,2
7402,11,11,4,0,24.07,0.0,52.19,10.8,5.28,25.46,405.933,0,1,24.444444,2
7403,11,12,4,0,24.07,0.0,51.45,8.6,5.52,24.35,425.193,0,1,24.444444,2
7404,11,13,4,0,24.07,0.0,51.14,7.3,2.52,26.28,504.891,0,1,24.444444,2
7405,11,14,4,0,24.07,0.0,50.49,9.1,1.56,31.18,438.398,0,1,24.444444,2
7406,11,15,4,0,24.07,0.0,49.65,10.0,0.96,31.76,330.376,0,1,24.444444,2
7407,11,16,4,0,24.07,0.0,49.25,10.4,0.84,30.23,220.968,0,1,24.444444,2
7408,11,17,4,0,24.07,0.0,49.73,7.6,3.48,22.89,69.8241,0,1,24.444444,2
7409,11,18,4,0,24.07,0.0,51.09,8.7,4.2,21.65,0.0,0,1,24.444444,2
7410,11,19,4,0,24.07,0.0,52.34,10.4,3.0,24.06,0.0,0,1,24.444444,2
7411,11,20,4,0,24.07,0.0,52.89,11.9,5.16,25.06,0.0,0,1,24.444444,2
7412,11,21,4,0,24.07,0.0,53.47,9.6,2.64,20.27,0.0,0,1,24.444444,2
7413,11,22,4,0,24.07,0.0,53.19,16.6,1.92,29.37,0.0,0,1,24.444444,2
7414,11,23,4,0,24.07,0.0,53.22,12.9,3.48,22.7,0.0,0,1,24.444444,2
7415,11,24,4,0,24.07,0.0,53.76,13.8,0.48,22.95,0.0,0,1,24.444444,2
7416,11,1,5,0,24.07,0.0,54.81,9.8,0.36,15.92,0.0,0,1,24.444444,2
7417,11,2,5,0,24.07,0.0,56.1,10.9,0.36,16.7,0.0,0,1,24.444444,2
7418,11,3,5,0,24.06,0.0,57.32,9.9,0.6,14.13,0.0,0,1,24.444444,2
7419,11,4,5,0,24.04,0.0,58.71,9.7,0.36,12.97,0.0,0,1,24.444444,2
7420,11,5,5,0,24.04,0.0,59.72,10.1,0.6,13.13,0.0,0,1,24.444444,2
7421,11,6,5,0,24.02,0.0,60.63,9.6,1.92,11.77,0.0,0,1,24.444444,2
7422,11,7,5,0,24.02,0.0,61.23,10.0,6.12,13.26,0.0,0,1,24.444444,2
7423,11,8,5,0,24.03,0.0,61.19,9.9,20.4,15.97,97.7996,0,1,24.444444,2
7424,11,9,5,0,24.04,0.0,60.72,10.0,11.28,18.24,221.99,0,1,24.444444,2
7425,11,10,5,0,24.07,0.0,58.94,10.4,20.16,22.59,374.044,0,1,24.444444,2
7426,11,11,5,0,24.07,0.0,56.74,12.1,12.72,26.34,452.446,0,1,24.444444,2
7427,11,12,5,0,24.07,0.0,55.13,11.0,7.56,26.8,542.731,0,1,24.444444,2
7428,11,13,5,0,24.07,0.0,54.13,9.7,3.12,26.49,513.22,0,1,24.444444,2
7429,11,14,5,0,24.07,0.0,53.0,9.3,0.84,27.31,491.796,0,1,24.444444,2
7430,11,15,5,0,24.07,0.0,51.81,10.2,6.6,26.53,321.752,0,1,24.444444,2
7431,11,16,5,0,24.07,0.0,51.06,9.7,4.68,22.83,179.332,0,1,24.444444,2
7432,11,17,5,0,24.07,0.0,50.48,9.9,0.96,19.43,49.3183,0,1,24.444444,2
7433,11,18,5,0,24.07,0.0,49.8,10.4,3.24,17.6,0.0,0,1,24.444444,2
7434,11,19,5,0,24.07,0.0,49.03,9.0,1.44,14.88,0.0,0,1,24.444444,2
7435,11,20,5,0,24.07,0.0,48.29,9.4,3.72,13.47,0.0,0,1,24.444444,2
7436,11,21,5,0,24.07,0.0,46.97,12.9,7.2,15.88,0.0,0,1,24.444444,2
7437,11,22,5,0,24.07,0.0,45.71,12.6,4.56,13.28,0.0,0,1,24.444444,2
7438,11,23,5,0,24.05,0.0,45.08,12.7,2.04,11.34,0.0,0,1,24.444444,2
7439,11,24,5,0,24.06,0.0,44.07,16.4,1.32,13.98,0.0,0,1,24.444444,2
7440,11,1,6,0,23.95,0.0,43.99,10.7,0.84,6.76,0.0,0,1,24.444444,2
7441,11,2,6,0,23.86,0.0,42.86,11.3,0.96,5.93,0.0,0,1,24.444444,2
7442,11,3,6,0,23.31,0.0,42.29,3.3,0.48,1.21,0.0,0,1,24.444444,2
7443,11,4,6,0,23.05,0.0,40.85,3.4,0.12,0.79,0.0,0,1,24.444444,2
7444,11,5,6,0,22.89,0.0,39.69,3.0,0.6,0.39,0.0,0,1,24.444444,2
7445,11,6,6,0,23.0,0.0,38.09,9.7,3.72,1.2,0.0,0,1,24.444444,2
7446,11,7,6,0,23.29,0.0,36.43,12.8,5.88,2.55,0.0,0,1,24.444444,2
7447,11,8,6,0,23.4,0.0,35.46,7.3,4.08,2.45,159.832,0,1,24.444444,2
7448,11,9,6,0,23.47,0.0,34.03,8.2,8.64,4.18,379.757,0,1,24.444444,2
7449,11,10,6,0,23.64,0.0,31.66,11.4,7.32,7.13,551.219,0,1,24.444444,2
7450,11,11,6,0,23.62,0.0,30.5,7.4,2.28,6.08,693.625,0,1,24.444444,2
7451,11,12,6,0,23.66,0.0,29.64,8.9,1.56,8.31,726.116,0,1,24.444444,2
7452,11,13,6,0,23.72,0.0,28.66,9.7,3.24,10.75,709.456,0,1,24.444444,2
7453,11,14,6,0,23.81,0.0,27.86,9.9,3.24,13.01,629.828,0,1,24.444444,2
7454,11,15,6,0,23.89,0.0,27.06,10.3,1.68,14.86,527.921,0,1,24.444444,2
7455,11,16,6,0,23.89,0.0,26.38,9.6,1.56,12.47,307.729,0,1,24.444444,2
7456,11,17,6,0,23.8,0.0,25.96,8.3,1.08,8.87,117.594,0,1,24.444444,2
7457,11,18,6,0,23.79,0.0,25.91,10.6,3.6,7.74,0.0,0,1,24.444444,2
7458,11,19,6,0,23.74,0.0,26.32,9.0,4.56,6.35,0.0,0,1,24.444444,2
7459,11,20,6,0,23.68,0.0,27.09,9.0,4.92,5.51,0.0,0,1,24.444444,2
7460,11,21,6,0,23.63,0.0,27.82,9.0,0.72,4.63,0.0,0,1,24.444444,2
7461,11,22,6,0,23.67,0.0,28.25,11.8,2.04,5.89,0.0,0,1,24.444444,2
7462,11,23,6,0,23.56,0.0,28.89,8.9,3.24,3.29,0.0,0,1,24.444444,2
7463,11,24,6,0,23.51,0.0,29.37,10.1,3.0,3.22,0.0,0,1,24.444444,2
7464,11,1,7,0,23.57,0.0,29.82,12.9,1.2,4.26,0.0,0,1,24.444444,2
7465,11,2,7,0,23.43,0.0,30.89,9.7,0.24,2.21,0.0,0,1,24.444444,2
7466,11,3,7,0,23.38,0.0,31.77,11.2,0.6,2.3,0.0,0,1,24.444444,2
7467,11,4,7,0,23.34,0.0,32.86,11.3,0.84,2.1,0.0,0,1,24.444444,2
7468,11,5,7,0,23.26,0.0,33.94,10.2,0.0,1.62,0.0,0,1,24.444444,2
7469,11,6,7,0,22.94,0.0,35.68,3.9,2.4,0.28,0.0,0,1,24.444444,2
7470,11,7,7,0,23.12,0.0,36.27,9.8,3.24,1.53,0.0,0,1,24.444444,2
7471,11,8,7,0,23.26,0.0,36.67,9.5,3.36,1.98,113.569,0,1,24.444444,2
7472,11,9,7,0,23.39,0.0,36.36,9.9,10.8,2.83,243.4,0,1,24.444444,2
7473,11,10,7,0,23.55,0.0,35.18,10.8,9.36,5.07,397.144,0,1,24.444444,2
7474,11,11,7,0,23.63,0.0,33.77,10.6,5.16,7.2,507.412,0,1,24.444444,2
7475,11,12,7,0,23.66,0.0,32.83,9.3,6.0,8.33,589.003,0,1,24.444444,2
7476,11,13,7,0,23.68,0.0,32.07,7.7,3.84,9.56,665.9,0,1,24.444444,2
7477,11,14,7,0,23.83,0.0,30.73,10.2,0.84,14.32,596.055,0,1,24.444444,2
7478,11,15,7,0,23.92,0.0,29.44,10.1,7.32,17.2,552.13,0,1,24.444444,2
7479,11,16,7,0,23.95,0.0,28.64,10.3,3.24,17.64,362.767,0,1,24.444444,2
7480,11,17,7,0,23.94,0.0,27.97,9.7,20.52,13.05,138.692,0,1,24.444444,2
7481,11,18,7,0,23.89,0.0,27.94,9.6,8.28,8.6,0.0,0,1,24.444444,2
7482,11,19,7,0,23.9,0.0,28.4,11.0,8.64,8.87,0.0,0,1,24.444444,2
7483,11,20,7,0,23.89,0.0,29.65,12.3,0.96,8.33,0.0,0,1,24.444444,2
7484,11,21,7,0,23.81,0.0,31.71,10.9,4.56,6.51,0.0,0,1,24.444444,2
7485,11,22,7,0,23.73,0.0,33.87,9.8,2.52,5.23,0.0,0,1,24.444444,2
7486,11,23,7,0,23.78,0.0,35.15,12.6,2.88,6.73,0.0,0,1,24.444444,2
7487,11,24,7,0,23.72,0.0,36.12,10.5,1.8,5.43,0.0,0,1,24.444444,2
7488,11,1,1,0,23.67,0.0,36.86,10.1,2.76,4.83,0.0,0,1,24.444444,2
7489,11,2,1,0,23.56,0.0,38.02,8.9,0.6,3.24,0.0,0,1,24.444444,2
7490,11,3,1,0,23.48,0.0,39.13,8.8,0.12,2.76,0.0,0,1,24.444444,2
7491,11,4,1,0,23.41,0.0,40.15,9.3,0.24,2.42,0.0,0,1,24.444444,2
7492,11,5,1,0,23.28,0.0,41.03,9.0,0.24,1.8,0.0,0,1,24.444444,2
7493,11,6,1,0,22.96,0.0,42.28,3.7,0.96,0.37,0.0,0,1,24.444444,2
7494,11,7,1,0,23.16,0.0,42.05,9.0,2.16,1.96,0.0,0,1,24.444444,2
7495,11,8,1,0,23.48,0.0,41.24,7.2,2.52,4.63,157.559,0,1,24.444444,2
7496,11,9,1,0,23.63,0.0,40.4,9.0,4.56,8.3,374.619,0,1,24.444444,2
7497,11,10,1,0,23.71,0.0,39.58,8.9,11.52,9.19,528.952,0,1,24.444444,2
7498,11,11,1,0,23.76,0.0,39.01,9.5,11.04,10.61,635.431,0,1,24.444444,2
7499,11,12,1,0,23.8,0.0,38.36,9.3,13.56,12.71,710.643,0,1,24.444444,2
7500,11,13,1,0,23.87,0.0,37.24,10.3,6.12,16.69,820.0,0,1,24.444444,2
7501,11,14,1,0,23.95,0.0,36.09,9.9,4.92,18.82,646.147,0,1,24.444444,2
7502,11,15,1,0,24.01,0.0,35.13,10.5,3.12,22.28,557.345,0,1,24.444444,2
7503,11,16,1,0,24.03,0.0,34.75,10.1,7.2,21.39,381.519,0,1,24.444444,2
7504,11,17,1,0,24.04,0.0,34.27,11.2,7.8,18.4,160.285,0,1,24.444444,2
7505,11,18,1,0,24.03,0.0,34.4,10.2,5.4,11.96,0.0,0,1,24.444444,2
7506,11,19,1,0,23.99,0.0,35.23,9.4,2.88,10.3,0.0,0,1,24.444444,2
7507,11,20,1,0,23.94,0.0,36.05,9.5,5.28,8.57,0.0,0,1,24.444444,2
7508,11,21,1,0,23.92,0.0,36.88,11.9,4.32,8.38,0.0,0,1,24.444444,2
7509,11,22,1,0,23.85,0.0,37.99,11.1,1.68,6.6,0.0,0,1,24.444444,2
7510,11,23,1,0,23.76,0.0,39.32,11.0,1.08,5.43,0.0,0,1,24.444444,2
7511,11,24,1,0,23.5,0.0,41.04,7.4,1.56,2.39,0.0,0,1,24.444444,2
7512,11,1,2,0,23.13,0.0,42.62,3.6,0.48,0.9,0.0,0,1,24.444444,2
7513,11,2,2,0,22.97,0.0,43.73,4.7,0.6,0.72,0.0,0,1,24.444444,2
7514,11,3,2,0,23.08,0.0,43.62,11.8,0.36,1.72,0.0,0,1,24.444444,2
7515,11,4,2,0,23.03,0.0,43.43,11.1,0.24,1.26,0.0,0,1,24.444444,2
7516,11,5,2,0,22.94,0.0,43.56,10.0,0.12,0.86,0.0,0,1,24.444444,2
7517,11,6,2,0,22.7,0.0,44.0,3.4,3.6,0.0,0.0,0,1,24.444444,2
7518,11,7,2,0,22.81,0.0,43.33,9.6,6.96,0.4,0.0,0,1,24.444444,2
7519,11,8,2,0,23.21,0.0,42.57,9.9,14.28,2.69,144.496,0,1,24.444444,2
7520,11,9,2,0,23.49,0.0,42.38,8.0,4.56,7.48,371.741,0,1,24.444444,2
7521,11,10,2,0,23.77,0.0,41.55,14.7,2.88,16.7,615.112,0,1,24.444444,2
7522,11,11,2,0,23.83,0.0,41.37,10.9,8.76,15.04,719.216,0,1,24.444444,2
7523,11,12,2,0,23.88,0.0,41.54,11.3,14.04,18.49,779.623,0,1,24.444444,2
7524,11,13,2,0,23.93,0.0,41.64,10.6,1.32,19.95,714.273,0,1,24.444444,2
7525,11,14,2,0,24.01,0.0,41.5,10.4,2.76,23.48,679.64,0,1,24.444444,2
7526,11,15,2,0,24.05,0.0,41.31,10.6,2.28,27.27,556.401,0,1,24.444444,2
7527,11,16,2,0,24.06,0.0,41.54,10.0,1.32,25.82,374.702,0,1,24.444444,2
7528,11,17,2,0,24.04,0.0,42.44,7.5,1.32,17.56,139.445,0,1,24.444444,2
7529,11,18,2,0,24.05,0.0,43.45,10.2,7.92,15.15,0.0,0,1,24.444444,2
7530,11,19,2,0,24.04,0.0,44.84,9.0,3.96,13.09,0.0,0,1,24.444444,2
7531,11,20,2,0,24.02,0.0,46.5,9.5,7.44,12.05,0.0,0,1,24.444444,2
7532,11,21,2,0,24.07,0.0,47.27,15.4,5.16,17.33,0.0,0,1,24.444444,2
7533,11,22,2,0,24.06,0.0,47.88,13.1,5.76,13.25,0.0,0,1,24.444444,2
7534,11,23,2,0,24.01,0.0,49.17,11.0,1.8,10.11,0.0,0,1,24.444444,2
7535,11,24,2,0,24.04,0.0,49.91,14.3,0.6,13.0,0.0,0,1,24.444444,2
7536,11,1,8,0,23.59,0.0,53.04,2.9,0.6,2.7,0.0,0,1,24.444444,2
7537,11,2,8,0,23.73,0.0,53.76,9.9,1.92,6.51,0.0,0,1,24.444444,2
7538,11,3,8,0,23.37,0.0,56.18,3.4,0.48,1.99,0.0,0,1,24.444444,2
7539,11,4,8,0,23.57,0.0,56.67,9.6,0.0,5.0,0.0,0,1,24.444444,2
7540,11,5,8,0,23.59,0.0,57.35,9.8,0.96,4.85,0.0,0,1,24.444444,2
7541,11,6,8,0,23.58,0.0,58.33,9.5,3.0,4.75,0.0,0,1,24.444444,2
7542,11,7,8,0,23.65,0.0,58.94,9.9,6.24,7.14,0.0,0,1,24.444444,2
7543,11,8,8,0,23.77,0.0,58.69,10.2,5.52,10.72,116.704,0,1,24.444444,2
7544,11,9,8,0,23.86,0.0,57.82,11.2,18.36,13.6,225.949,0,1,24.444444,2
7545,11,10,8,0,23.92,0.0,56.36,10.4,4.92,15.62,325.69,0,1,24.444444,2
7546,11,11,8,0,23.97,0.0,55.0,8.8,1.92,16.87,425.053,0,1,24.444444,2
7547,11,12,8,0,24.07,0.0,53.47,11.0,1.68,21.66,437.458,0,1,24.444444,2
7548,11,13,8,0,24.07,0.0,51.97,8.5,1.2,22.06,483.88,0,1,24.444444,2
7549,11,14,8,0,24.07,0.0,50.47,9.0,1.32,25.88,419.838,0,1,24.444444,2
7550,11,15,8,0,24.07,0.0,48.78,10.1,0.48,28.21,332.774,0,1,24.444444,2
7551,11,16,8,0,24.07,0.0,47.91,8.3,1.44,24.83,230.295,0,1,24.444444,2
7552,11,17,8,0,24.08,0.0,47.63,8.4,0.96,21.12,70.639,0,1,24.444444,2
7553,11,18,8,0,24.08,0.0,48.35,8.7,4.2,18.58,0.0,0,1,24.444444,2
7554,11,19,8,0,24.07,0.0,49.0,11.0,2.4,21.54,0.0,0,1,24.444444,2
7555,11,20,8,0,24.07,0.0,49.62,9.6,3.84,18.21,0.0,0,1,24.444444,2
7556,11,21,8,0,24.07,0.0,50.0,13.0,1.8,20.57,0.0,0,1,24.444444,2
7557,11,22,8,0,24.07,0.0,49.52,19.6,1.68,27.8,0.0,0,1,24.444444,2
7558,11,23,8,0,24.04,0.0,50.63,7.8,1.2,10.52,0.0,0,1,24.444444,2
7559,11,24,8,0,24.07,0.0,52.16,12.8,0.96,15.79,0.0,0,1,24.444444,2
7560,11,1,4,0,24.07,0.0,52.15,16.2,0.24,19.45,0.0,0,1,24.444444,2
7561,11,2,4,0,24.02,0.0,53.23,9.6,0.24,9.69,0.0,0,1,24.444444,2
7562,11,3,4,0,24.01,0.0,54.79,11.4,0.36,10.71,0.0,0,1,24.444444,2
7563,11,4,4,0,23.91,0.0,55.58,9.9,0.36,7.3,0.0,0,1,24.444444,2
7564,11,5,4,0,23.78,0.0,55.05,9.4,0.36,5.63,0.0,0,1,24.444444,2
7565,11,6,4,0,23.74,0.0,54.27,10.0,1.2,5.54,0.0,0,1,24.444444,2
7566,11,7,4,0,23.7,0.0,53.52,9.7,6.0,5.12,0.0,0,1,24.444444,2
7567,11,8,4,0,23.62,0.0,52.46,7.6,9.12,3.42,84.6769,0,1,24.444444,2
7568,11,9,4,0,23.58,0.0,50.88,8.2,11.04,3.4,181.329,0,1,24.444444,2
7569,11,10,4,0,23.62,0.0,48.03,10.1,6.48,4.97,259.144,0,1,24.444444,2
7570,11,11,4,0,23.38,0.0,46.83,3.4,3.84,1.6,333.996,0,1,24.444444,2
7571,11,12,4,0,23.53,0.0,44.94,8.8,6.48,4.61,414.918,0,1,24.444444,2
7572,11,13,4,0,23.58,0.0,43.25,9.9,1.8,5.42,383.404,0,1,24.444444,2
7573,11,14,4,0,23.56,0.0,42.37,8.9,3.84,4.56,343.386,0,1,24.444444,2
7574,11,15,4,0,23.62,0.0,41.6,11.9,1.2,6.3,260.123,0,1,24.444444,2
7575,11,16,4,0,23.57,0.0,41.14,10.7,1.08,4.24,160.267,0,1,24.444444,2
7576,11,17,4,0,23.43,0.0,40.94,9.8,1.44,2.47,42.5368,0,1,24.444444,2
7577,11,18,4,0,23.28,0.0,41.06,9.3,1.32,1.46,0.0,0,1,24.444444,2
7578,11,19,4,0,23.31,0.0,41.2,11.8,2.64,2.21,0.0,0,1,24.444444,2
7579,11,20,4,0,23.22,0.0,41.53,11.0,4.56,1.51,0.0,0,1,24.444444,2
7580,11,21,4,0,23.05,0.0,41.79,9.3,2.4,0.78,0.0,0,1,24.444444,2
7581,11,22,4,0,23.16,0.0,41.07,15.0,8.04,1.93,0.0,0,1,24.444444,2
7582,11,23,4,0,22.98,0.0,40.96,11.4,1.68,0.67,0.0,0,1,24.444444,2
7583,11,24,4,0,23.0,0.0,40.3,15.4,1.32,1.26,0.0,0,1,24.444444,2
7584,11,1,5,0,22.84,0.0,40.1,10.3,0.36,0.37,0.0,0,1,24.444444,2
7585,11,2,5,0,22.76,0.0,39.43,11.2,0.24,0.3,0.0,0,1,24.444444,2
7586,11,3,5,0,22.72,0.0,38.58,11.5,1.44,0.2,0.0,0,1,24.444444,2
7587,11,4,5,0,22.7,0.0,37.85,12.7,0.12,0.25,0.0,0,1,24.444444,2
7588,11,5,5,0,22.66,0.0,37.04,11.5,0.48,0.0,0.0,0,1,24.444444,2
7589,11,6,5,0,22.62,0.0,36.13,10.8,1.44,0.0,0.0,0,1,24.444444,2
7590,11,7,5,0,22.59,0.0,35.21,9.9,3.72,0.0,0.0,0,1,24.444444,2
7591,11,8,5,0,22.61,0.0,34.27,12.0,22.68,0.0,86.5399,0,1,24.444444,2
7592,11,9,5,0,22.59,0.0,33.14,10.4,11.28,0.0,191.528,0,1,24.444444,2
7593,11,10,5,0,22.57,0.0,31.53,10.0,8.04,0.0,272.59,0,1,24.444444,2
7594,11,11,5,0,22.6,0.0,30.03,10.4,9.48,0.0,386.719,0,1,24.444444,2
7595,11,12,5,0,22.6,0.0,28.7,8.7,3.72,0.0,452.78,0,1,24.444444,2
7596,11,13,5,0,22.64,0.0,27.73,9.4,2.52,0.12,528.801,0,1,24.444444,2
7597,11,14,5,0,22.71,0.0,26.75,9.3,2.88,0.28,534.973,0,1,24.444444,2
7598,11,15,5,0,22.85,0.0,25.52,10.4,1.32,0.9,508.618,0,1,24.444444,2
7599,11,16,5,0,23.01,0.0,24.34,10.9,0.84,1.32,372.377,0,1,24.444444,2
7600,11,17,5,0,23.04,0.0,23.5,12.2,2.4,1.31,176.09,0,1,24.444444,2
7601,11,18,5,0,22.82,0.0,23.51,10.8,2.64,0.11,0.0,0,1,24.444444,2
7602,11,19,5,0,22.71,0.0,23.97,8.7,2.16,0.01,0.0,0,1,24.444444,2
7603,11,20,5,0,22.71,0.0,24.12,11.3,2.16,0.11,0.0,0,1,24.444444,2
7604,11,21,5,0,22.72,0.0,23.86,13.3,8.4,0.17,0.0,0,1,24.444444,2
7605,11,22,5,0,22.74,0.0,23.35,15.5,5.52,0.37,0.0,0,1,24.444444,2
7606,11,23,5,0,22.65,0.0,22.75,12.0,2.04,0.0,0.0,0,1,24.444444,2
7607,11,24,5,0,22.61,0.0,21.85,13.0,0.72,0.0,0.0,0,1,24.444444,2
7608,11,1,6,0,22.57,0.0,21.09,10.6,0.24,0.0,0.0,0,1,24.444444,2
7609,11,2,6,0,22.57,0.0,20.79,13.5,0.72,0.0,0.0,0,1,24.444444,2
7610,11,3,6,0,22.48,0.0,20.69,3.9,0.36,0.0,0.0,0,1,24.444444,2
7611,11,4,6,0,22.49,0.0,20.34,11.2,0.12,0.0,0.0,0,1,24.444444,2
7612,11,5,6,0,22.48,0.0,19.98,9.7,0.36,0.0,0.0,0,1,24.444444,2
7613,11,6,6,0,22.48,0.0,19.69,11.2,0.36,0.0,0.0,0,1,24.444444,2
7614,11,7,6,0,22.48,0.0,19.46,9.8,6.6,0.0,0.0,0,1,24.444444,2
7615,11,8,6,0,22.55,0.0,19.3,6.7,4.56,0.0,192.272,0,1,24.444444,2
7616,11,9,6,0,22.71,0.0,18.72,7.2,15.36,0.02,466.408,0,1,24.444444,2
7617,11,10,6,0,22.87,0.0,17.72,11.3,3.72,1.13,673.952,0,1,24.444444,2
7618,11,11,6,0,22.91,0.0,17.14,7.3,5.52,0.54,803.146,0,1,24.444444,2
7619,11,12,6,0,22.99,0.0,16.58,8.7,0.84,1.44,833.333,0,1,24.444444,2
7620,11,13,6,0,23.04,0.0,16.06,7.7,2.04,1.8,833.333,0,1,24.444444,2
7621,11,14,6,0,23.23,0.0,15.32,9.3,3.96,3.47,773.257,0,1,24.444444,2
7622,11,15,6,0,23.42,0.0,14.56,10.5,1.32,6.16,629.206,0,1,24.444444,2
7623,11,16,6,0,23.46,0.0,14.14,9.8,5.4,6.39,443.363,0,1,24.444444,2
7624,11,17,6,0,23.38,0.0,13.95,8.9,2.04,3.53,188.909,0,1,24.444444,2
7625,11,18,6,0,23.15,0.0,14.26,9.3,5.4,0.81,0.0,0,1,24.444444,2
7626,11,19,6,0,22.97,0.0,14.95,8.0,6.84,0.57,0.0,0,1,24.444444,2
7627,11,20,6,0,22.93,0.0,15.7,9.5,2.88,0.58,0.0,0,1,24.444444,2
7628,11,21,6,0,22.84,0.0,16.67,8.9,1.08,0.32,0.0,0,1,24.444444,2
7629,11,22,6,0,22.81,0.0,17.18,9.9,2.76,0.32,0.0,0,1,24.444444,2
7630,11,23,6,0,22.81,0.0,17.59,11.6,3.24,0.42,0.0,0,1,24.444444,2
7631,11,24,6,0,22.82,0.0,18.05,14.5,4.2,0.66,0.0,0,1,24.444444,2
7632,11,1,7,0,22.73,0.0,18.5,10.4,1.08,0.08,0.0,0,1,24.444444,2
7633,11,2,7,0,22.67,0.0,18.97,9.3,0.72,0.0,0.0,0,1,24.444444,2
7634,11,3,7,0,22.67,0.0,19.52,11.3,2.16,0.01,0.0,0,1,24.444444,2
7635,11,4,7,0,22.62,0.0,20.17,9.5,0.84,0.0,0.0,0,1,24.444444,2
7636,11,5,7,0,22.6,0.0,20.88,10.1,0.12,0.0,0.0,0,1,24.444444,2
7637,11,6,7,0,22.5,0.0,21.52,3.2,4.8,0.0,0.0,0,1,24.444444,2
7638,11,7,7,0,22.57,0.0,21.79,10.4,1.92,0.0,0.0,0,1,24.444444,2
7639,11,8,7,0,22.82,0.0,21.48,11.5,9.12,0.08,154.48,0,1,24.444444,2
7640,11,9,7,0,23.02,0.0,20.66,10.3,6.72,1.2,391.655,0,1,24.444444,2
7641,11,10,7,0,23.17,0.0,19.64,11.7,14.4,3.01,567.366,0,1,24.444444,2
7642,11,11,7,0,23.22,0.0,18.91,10.3,1.92,3.81,690.116,0,1,24.444444,2
7643,11,12,7,0,23.26,0.0,18.65,8.5,5.88,4.44,781.436,0,1,24.444444,2
7644,11,13,7,0,23.38,0.0,18.5,10.3,4.56,6.46,759.299,0,1,24.444444,2
7645,11,14,7,0,23.53,0.0,18.78,10.8,3.6,8.52,689.985,0,1,24.444444,2
7646,11,15,7,0,23.6,0.0,19.54,11.0,4.44,10.24,545.728,0,1,24.444444,2
7647,11,16,7,0,23.64,0.0,20.78,11.1,3.48,10.12,362.535,0,1,24.444444,2
7648,11,17,7,0,23.62,0.0,22.36,10.8,7.92,7.47,147.849,0,1,24.444444,2
7649,11,18,7,0,23.52,0.0,23.87,10.1,2.52,3.31,0.0,0,1,24.444444,2
7650,11,19,7,0,23.48,0.0,25.51,10.8,5.28,3.24,0.0,0,1,24.444444,2
7651,11,20,7,0,23.43,0.0,27.23,10.5,1.8,2.63,0.0,0,1,24.444444,2
7652,11,21,7,0,23.43,0.0,28.89,12.2,2.04,3.04,0.0,0,1,24.444444,2
7653,11,22,7,0,23.31,0.0,30.89,9.2,1.68,1.49,0.0,0,1,24.444444,2
7654,11,23,7,0,23.35,0.0,32.86,12.7,2.64,2.38,0.0,0,1,24.444444,2
7655,11,24,7,0,23.3,0.0,35.56,11.7,1.68,1.91,0.0,0,1,24.444444,2
7656,11,1,1,0,23.16,0.0,38.66,9.3,1.44,1.22,0.0,0,1,24.444444,2
7657,11,2,1,0,23.16,0.0,41.5,10.3,1.32,1.65,0.0,0,1,24.444444,2
7658,11,3,1,0,23.11,0.0,44.64,9.2,0.0,1.38,0.0,0,1,24.444444,2
7659,11,4,1,0,23.1,0.0,47.5,10.3,0.72,1.7,0.0,0,1,24.444444,2
7660,11,5,1,0,23.06,0.0,50.11,8.6,0.0,1.42,0.0,0,1,24.444444,2
7661,11,6,1,0,22.89,0.0,52.92,2.8,0.84,0.33,0.0,0,1,24.444444,2
7662,11,7,1,0,23.09,0.0,53.5,8.9,3.84,2.14,0.0,0,1,24.444444,2
7663,11,8,1,0,23.41,0.0,53.54,7.4,3.36,4.25,130.674,0,1,24.444444,2
7664,11,9,1,0,23.67,0.0,53.24,10.8,9.12,11.13,314.036,0,1,24.444444,2
7665,11,10,1,0,23.76,0.0,53.3,9.4,10.32,14.34,471.524,0,1,24.444444,2
7666,11,11,1,0,23.9,0.0,53.33,11.4,11.88,19.35,581.567,0,1,24.444444,2
7667,11,12,1,0,24.01,0.0,53.01,12.6,13.08,23.11,607.664,0,1,24.444444,2
7668,11,13,1,0,24.05,0.0,52.6,10.3,10.08,24.04,633.968,0,1,24.444444,2
7669,11,14,1,0,24.06,0.0,52.04,9.2,7.92,26.14,595.478,0,1,24.444444,2
7670,11,15,1,0,24.07,0.0,50.72,12.4,3.12,32.44,490.426,0,1,24.444444,2
7671,11,16,1,0,24.07,0.0,50.06,10.5,1.92,29.56,348.513,0,1,24.444444,2
7672,11,17,1,0,24.07,0.0,50.49,9.7,8.04,24.61,154.508,0,1,24.444444,2
7673,11,18,1,0,24.07,0.0,52.09,10.1,3.84,19.86,0.0,0,1,24.444444,2
7674,11,19,1,0,24.07,0.0,54.05,9.1,8.76,18.72,0.0,0,1,24.444444,2
7675,11,20,1,0,24.07,0.0,55.64,12.6,1.92,23.25,0.0,0,1,24.444444,2
7676,11,21,1,0,24.07,0.0,56.45,12.5,4.08,22.14,0.0,0,1,24.444444,2
7677,11,22,1,0,24.07,0.0,57.69,10.2,4.56,17.56,0.0,0,1,24.444444,2
7678,11,23,1,0,24.07,0.0,58.43,13.2,1.32,21.03,0.0,0,1,24.444444,2
7679,11,24,1,0,24.01,0.0,60.13,6.2,0.84,10.39,0.0,0,1,24.444444,2
7680,11,1,2,0,24.05,0.0,61.4,10.8,0.72,16.32,0.0,0,1,24.444444,2
7681,11,2,2,0,23.8,0.0,64.11,2.9,0.36,5.62,0.0,0,1,24.444444,2
7682,11,3,2,0,23.71,0.0,63.83,10.3,0.36,6.12,0.0,0,1,24.444444,2
7683,11,4,2,0,23.34,0.0,60.67,9.9,0.24,2.09,0.0,0,1,24.444444,2
7684,11,5,2,0,23.1,0.0,56.79,9.6,0.84,1.15,0.0,0,1,24.444444,2
7685,11,6,2,0,22.73,0.0,52.13,3.4,1.32,0.0,0.0,0,1,24.444444,2
7686,11,7,2,0,22.82,0.0,47.2,11.3,7.44,0.58,0.0,0,1,24.444444,2
7687,11,8,2,0,22.8,0.0,42.62,8.9,14.88,0.24,106.813,0,1,24.444444,2
7688,11,9,2,0,22.84,0.0,39.24,10.6,2.4,0.31,236.171,0,1,24.444444,2
7689,11,10,2,0,22.92,0.0,35.64,11.2,5.04,0.45,388.217,0,1,24.444444,2
7690,11,11,2,0,22.95,0.0,32.86,9.7,3.84,0.58,542.489,0,1,24.444444,2
7691,11,12,2,0,22.96,0.0,30.88,9.4,3.72,0.8,608.736,0,1,24.444444,2
7692,11,13,2,0,23.01,0.0,29.2,8.8,3.12,1.17,658.822,0,1,24.444444,2
7693,11,14,2,0,23.33,0.0,27.65,12.9,3.84,3.59,662.989,0,1,24.444444,2
7694,11,15,2,0,23.45,0.0,26.15,11.4,1.44,5.98,616.437,0,1,24.444444,2
7695,11,16,2,0,23.46,0.0,24.52,9.9,2.28,5.61,445.612,0,1,24.444444,2
7696,11,17,2,0,23.34,0.0,23.18,8.9,2.76,2.83,190.958,0,1,24.444444,2
7697,11,18,2,0,23.03,0.0,21.95,9.3,5.64,0.65,0.0,0,1,24.444444,2
7698,11,19,2,0,22.97,0.0,21.2,10.5,7.56,0.8,0.0,0,1,24.444444,2
7699,11,20,2,0,22.92,0.0,21.16,11.2,3.84,0.67,0.0,0,1,24.444444,2
7700,11,21,2,0,22.81,0.0,21.45,10.5,5.52,0.26,0.0,0,1,24.444444,2
7701,11,22,2,0,22.76,0.0,21.64,11.0,1.2,0.2,0.0,0,1,24.444444,2
7702,11,23,2,0,22.79,0.0,21.65,17.7,1.92,0.71,0.0,0,1,24.444444,2
7703,11,24,2,0,22.75,0.0,21.54,17.1,1.2,0.56,0.0,0,1,24.444444,2
7704,11,1,3,0,22.67,0.0,21.28,11.2,0.36,0.0,0.0,0,1,24.444444,2
7705,11,2,3,0,22.57,0.0,21.05,9.3,0.36,0.0,0.0,0,1,24.444444,2
7706,11,3,3,0,22.48,0.0,21.24,3.0,0.24,0.0,0.0,0,1,24.444444,2
7707,11,4,3,0,22.5,0.0,21.22,10.0,0.24,0.0,0.0,0,1,24.444444,2
7708,11,5,3,0,22.49,0.0,21.07,10.1,1.32,0.0,0.0,0,1,24.444444,2
7709,11,6,3,0,22.48,0.0,20.58,10.1,0.96,0.0,0.0,0,1,24.444444,2
7710,11,7,3,0,22.48,0.0,20.14,10.0,4.56,0.0,0.0,0,1,24.444444,2
7711,11,8,3,0,22.5,0.0,19.81,10.1,9.84,0.0,127.101,0,1,24.444444,2
7712,11,9,3,0,22.6,0.0,19.14,10.4,8.64,0.0,351.468,0,1,24.444444,2
7713,11,10,3,0,22.74,0.0,18.46,10.8,9.24,0.13,549.47,0,1,24.444444,2
7714,11,11,3,0,22.81,0.0,17.88,9.8,9.48,0.43,714.325,0,1,24.444444,2
7715,11,12,3,0,22.89,0.0,17.22,8.0,3.24,0.81,829.639,0,1,24.444444,2
7716,11,13,3,0,23.02,0.0,16.71,8.1,1.56,1.74,827.256,0,1,24.444444,2
7717,11,14,3,0,23.23,0.0,16.21,8.8,1.44,3.52,786.999,0,1,24.444444,2
7718,11,15,3,0,23.41,0.0,15.61,10.8,1.08,5.93,642.948,0,1,24.444444,2
7719,11,16,3,0,23.43,0.0,15.14,8.8,0.84,5.34,448.092,0,1,24.444444,2
7720,11,17,3,0,23.38,0.0,14.71,10.5,0.6,3.46,177.778,0,1,24.444444,2
7721,11,18,3,0,23.03,0.0,14.96,8.5,3.96,0.58,0.0,0,1,24.444444,2
7722,11,19,3,0,22.97,0.0,15.39,11.0,2.04,0.75,0.0,0,1,24.444444,2
7723,11,20,3,0,22.9,0.0,16.2,10.4,6.6,0.49,0.0,0,1,24.444444,2
7724,11,21,3,0,23.53,0.0,16.16,30.2,3.6,6.16,0.0,0,1,24.444444,2
7725,11,22,3,0,22.95,0.0,17.53,11.2,1.8,0.26,0.0,0,1,24.444444,2
7726,11,23,3,0,22.72,0.0,18.55,9.7,1.08,0.04,0.0,0,1,24.444444,2
7727,11,24,3,0,22.69,0.0,19.48,12.6,1.68,0.1,0.0,0,1,24.444444,2
7728,11,1,4,0,22.65,0.0,20.49,11.2,1.2,0.0,0.0,0,1,24.444444,2
7729,11,2,4,0,22.6,0.0,21.26,11.2,0.24,0.0,0.0,0,1,24.444444,2
7730,11,3,4,0,22.55,0.0,21.81,9.7,0.6,0.0,0.0,0,1,24.444444,2
7731,11,4,4,0,22.53,0.0,22.08,11.1,0.84,0.0,0.0,0,1,24.444444,2
7732,11,5,4,0,22.51,0.0,22.25,10.0,0.6,0.0,0.0,0,1,24.444444,2
7733,11,6,4,0,22.49,0.0,22.56,10.0,2.76,0.0,0.0,0,1,24.444444,2
7734,11,7,4,0,22.48,0.0,23.07,9.4,12.0,0.0,0.0,0,1,24.444444,2
7735,11,8,4,0,22.57,0.0,23.31,7.3,10.44,0.0,149.986,0,1,24.444444,2
7736,11,9,4,0,22.87,0.0,22.77,7.8,10.08,0.88,402.449,0,1,24.444444,2
7737,11,10,4,0,23.09,0.0,21.89,10.7,7.56,3.64,634.776,0,1,24.444444,2
7738,11,11,4,0,23.08,0.0,21.35,3.9,9.84,2.74,746.699,0,1,24.444444,2
7739,11,12,4,0,23.23,0.0,20.68,8.5,7.92,6.03,805.035,0,1,24.444444,2
7740,11,13,4,0,23.39,0.0,20.17,10.2,1.32,9.03,817.624,0,1,24.444444,2
7741,11,14,4,0,23.52,0.0,19.81,9.2,1.44,10.57,779.176,0,1,24.444444,2
7742,11,15,4,0,23.62,0.0,19.66,9.9,1.2,12.02,586.41,0,1,24.444444,2
7743,11,16,4,0,23.64,0.0,20.13,9.1,3.84,10.98,395.238,0,1,24.444444,2
7744,11,17,4,0,23.6,0.0,21.07,9.2,3.72,7.28,162.959,0,1,24.444444,2
7745,11,18,4,0,23.51,0.0,22.22,10.2,3.6,3.58,0.0,0,1,24.444444,2
7746,11,19,4,0,23.48,0.0,23.39,10.9,2.88,3.43,0.0,0,1,24.444444,2
7747,11,20,4,0,23.47,0.0,24.9,11.9,4.68,3.19,0.0,0,1,24.444444,2
7748,11,21,4,0,23.36,0.0,27.28,10.5,5.28,1.77,0.0,0,1,24.444444,2
7749,11,22,4,0,23.28,0.0,29.29,11.4,3.72,1.59,0.0,0,1,24.444444,2
7750,11,23,4,0,23.33,0.0,30.62,15.3,2.04,2.41,0.0,0,1,24.444444,2
7751,11,24,4,0,23.19,0.0,32.0,12.5,0.84,1.26,0.0,0,1,24.444444,2
7752,11,1,5,0,23.1,0.0,33.27,12.7,0.48,1.14,0.0,0,1,24.444444,2
7753,11,2,5,0,22.98,0.0,34.42,11.5,0.24,0.77,0.0,0,1,24.444444,2
7754,11,3,5,0,22.87,0.0,35.32,11.4,0.24,0.51,0.0,0,1,24.444444,2
7755,11,4,5,0,22.75,0.0,36.1,9.5,0.24,0.16,0.0,0,1,24.444444,2
7756,11,5,5,0,22.73,0.0,36.45,10.1,0.12,0.18,0.0,0,1,24.444444,2
7757,11,6,5,0,22.72,0.0,36.71,11.1,1.44,0.29,0.0,0,1,24.444444,2
7758,11,7,5,0,22.76,0.0,36.99,9.8,4.92,0.28,0.0,0,1,24.444444,2
7759,11,8,5,0,23.08,0.0,37.05,10.0,16.92,1.59,132.588,0,1,24.444444,2
7760,11,9,5,0,23.39,0.0,37.33,10.8,12.24,5.26,348.757,0,1,24.444444,2
7761,11,10,5,0,23.6,0.0,37.34,10.9,3.72,8.48,541.11,0,1,24.444444,2
7762,11,11,5,0,23.7,0.0,37.15,9.8,10.08,9.83,640.853,0,1,24.444444,2
7763,11,12,5,0,23.72,0.0,36.83,8.8,8.04,10.77,697.422,0,1,24.444444,2
7764,11,13,5,0,23.83,0.0,36.01,10.7,2.64,14.62,653.669,0,1,24.444444,2
7765,11,14,5,0,23.88,0.0,35.37,8.5,0.6,15.71,618.792,0,1,24.444444,2
7766,11,15,5,0,23.95,0.0,35.16,10.5,1.44,18.58,530.555,0,1,24.444444,2
7767,11,16,5,0,23.98,0.0,35.37,9.9,1.68,17.3,344.797,0,1,24.444444,2
7768,11,17,5,0,23.97,0.0,35.47,10.3,2.4,13.96,143.208,0,1,24.444444,2
7769,11,18,5,0,23.93,0.0,35.73,10.7,1.32,9.52,0.0,0,1,24.444444,2
7770,11,19,5,0,23.83,0.0,36.4,9.0,2.52,7.3,0.0,0,1,24.444444,2
7771,11,20,5,0,23.76,0.0,36.99,9.2,2.16,6.09,0.0,0,1,24.444444,2
7772,11,21,5,0,23.77,0.0,37.33,11.9,6.36,6.93,0.0,0,1,24.444444,2
7773,11,22,5,0,23.73,0.0,37.96,11.9,3.84,5.79,0.0,0,1,24.444444,2
7774,11,23,5,0,23.71,0.0,38.43,13.5,1.44,5.76,0.0,0,1,24.444444,2
7775,11,24,5,0,23.63,0.0,38.9,12.7,1.08,4.19,0.0,0,1,24.444444,2
7776,11,1,6,0,23.48,0.0,39.6,10.9,2.16,2.55,0.0,0,1,24.444444,2
7777,11,2,6,0,23.29,0.0,40.24,9.7,0.6,1.53,0.0,0,1,24.444444,2
7778,11,3,6,0,22.84,0.0,41.47,2.9,0.24,0.03,0.0,0,1,24.444444,2
7779,11,4,6,0,22.86,0.0,41.38,9.6,0.6,0.68,0.0,0,1,24.444444,2
7780,11,5,6,0,22.7,0.0,41.6,2.9,0.0,0.0,0.0,0,1,24.444444,2
7781,11,6,6,0,22.8,0.0,41.42,9.8,3.84,0.53,0.0,0,1,24.444444,2
7782,11,7,6,0,22.89,0.0,41.21,9.6,4.56,0.64,0.0,0,1,24.444444,2
7783,11,8,6,0,23.24,0.0,40.53,7.6,0.72,3.03,136.273,0,1,24.444444,2
7784,11,9,6,0,23.47,0.0,39.99,6.3,8.52,7.25,380.732,0,1,24.444444,2
7785,11,10,6,0,23.7,0.0,38.97,11.4,9.84,13.28,572.29,0,1,24.444444,2
7786,11,11,6,0,23.75,0.0,38.23,7.4,2.4,11.31,681.435,0,1,24.444444,2
7787,11,12,6,0,23.81,0.0,37.59,8.8,4.08,14.33,768.508,0,1,24.444444,2
7788,11,13,6,0,23.82,0.0,37.4,7.4,3.0,15.0,722.51,0,1,24.444444,2
7789,11,14,6,0,23.89,0.0,37.88,8.6,4.2,17.91,662.178,0,1,24.444444,2
7790,11,15,6,0,23.97,0.0,38.45,10.5,0.96,21.02,525.852,0,1,24.444444,2
7791,11,16,6,0,23.99,0.0,39.36,9.6,1.44,19.99,366.733,0,1,24.444444,2
7792,11,17,6,0,23.93,0.0,40.62,7.7,1.92,13.6,148.787,0,1,24.444444,2
7793,11,18,6,0,23.94,0.0,41.93,11.0,8.04,11.35,0.0,0,1,24.444444,2
7794,11,19,6,0,23.85,0.0,43.39,8.1,6.84,8.23,0.0,0,1,24.444444,2
7795,11,20,6,0,23.88,0.0,44.54,11.1,3.72,9.58,0.0,0,1,24.444444,2
7796,11,21,6,0,23.87,0.0,45.23,11.3,2.16,8.72,0.0,0,1,24.444444,2
7797,11,22,6,0,23.78,0.0,45.97,9.6,1.92,6.61,0.0,0,1,24.444444,2
7798,11,23,6,0,24.02,0.0,44.72,20.9,1.68,15.87,0.0,0,1,24.444444,2
7799,11,24,6,0,23.9,0.0,44.4,13.5,0.72,7.51,0.0,0,1,24.444444,2
7800,11,1,7,0,23.67,0.0,44.94,9.9,1.08,3.76,0.0,0,1,24.444444,2
7801,11,2,7,0,23.53,0.0,45.73,10.4,0.36,3.11,0.0,0,1,24.444444,2
7802,11,3,7,0,23.38,0.0,46.56,9.7,0.24,2.26,0.0,0,1,24.444444,2
7803,11,4,7,0,23.32,0.0,47.11,10.6,0.12,2.22,0.0,0,1,24.444444,2
7804,11,5,7,0,23.23,0.0,47.77,9.6,0.36,1.75,0.0,0,1,24.444444,2
7805,11,6,7,0,22.93,0.0,49.35,3.9,1.32,0.36,0.0,0,1,24.444444,2
7806,11,7,7,0,23.2,0.0,48.92,10.6,4.92,2.57,0.0,0,1,24.444444,2
7807,11,8,7,0,23.61,0.0,47.53,12.6,5.04,7.74,117.156,0,1,24.444444,2
7808,11,9,7,0,23.67,0.0,46.99,9.7,11.52,9.02,316.655,0,1,24.444444,2
7809,11,10,7,0,23.74,0.0,46.7,10.6,18.36,11.93,453.145,0,1,24.444444,2
7810,11,11,7,0,23.69,0.0,47.71,3.9,7.08,6.99,505.838,0,1,24.444444,2
7811,11,12,7,0,23.76,0.0,48.53,8.0,8.64,10.63,434.769,0,1,24.444444,2
7812,11,13,7,0,23.87,0.0,48.51,11.1,3.12,14.12,378.165,0,1,24.444444,2
7813,11,14,7,0,23.89,0.0,48.6,9.0,4.8,12.69,331.44,0,1,24.444444,2
7814,11,15,7,0,23.96,0.0,48.63,10.4,21.96,14.66,265.345,0,1,24.444444,2
7815,11,16,7,0,23.98,0.0,48.96,10.1,2.76,13.03,141.839,0,1,24.444444,2
7816,11,17,7,0,23.99,0.0,49.37,11.6,5.76,12.01,33.8094,0,1,24.444444,2
7817,11,18,7,0,23.97,0.0,50.28,11.1,10.68,10.3,0.0,0,1,24.444444,2
7818,11,19,7,0,23.95,0.0,51.55,10.4,15.96,10.07,0.0,0,1,24.444444,2
7819,11,20,7,0,23.95,0.0,52.68,10.7,2.52,9.87,0.0,0,1,24.444444,2
7820,11,21,7,0,24.01,0.0,52.96,14.3,1.2,13.18,0.0,0,1,24.444444,2
7821,11,22,7,0,24.03,0.0,53.24,15.2,1.8,14.55,0.0,0,1,24.444444,2
7822,11,23,7,0,23.97,0.0,54.29,11.4,3.48,9.43,0.0,0,1,24.444444,2
7823,11,24,7,0,23.92,0.0,55.62,11.4,2.76,8.44,0.0,0,1,24.444444,2
7824,11,1,1,0,23.76,0.0,57.36,9.0,1.44,5.54,0.0,0,1,24.444444,2
7825,11,2,1,0,23.73,0.0,58.68,9.5,1.56,6.23,0.0,0,1,24.444444,2
7826,11,3,1,0,23.69,0.0,59.72,8.7,0.36,5.37,0.0,0,1,24.444444,2
7827,11,4,1,0,23.71,0.0,59.81,10.6,1.92,6.91,0.0,0,1,24.444444,2
7828,11,5,1,0,23.64,0.0,60.32,9.0,0.0,4.78,0.0,0,1,24.444444,2
7829,11,6,1,0,23.33,0.0,62.47,3.6,1.8,1.79,0.0,0,1,24.444444,2
7830,11,7,1,0,23.54,0.0,62.41,8.6,2.04,5.82,0.0,0,1,24.444444,2
7831,11,8,1,0,23.68,0.0,61.81,7.8,1.8,9.23,107.175,0,1,24.444444,2
7832,11,9,1,0,23.75,0.0,60.06,9.6,11.16,12.77,283.912,0,1,24.444444,2
7833,11,10,1,0,23.79,0.0,57.71,9.4,11.52,13.59,451.078,0,1,24.444444,2
7834,11,11,1,0,23.87,0.0,55.61,10.3,8.52,17.55,596.182,0,1,24.444444,2
7835,11,12,1,0,23.93,0.0,53.75,9.0,9.0,18.26,605.661,0,1,24.444444,2
7836,11,13,1,0,24.0,0.0,51.86,10.6,4.2,23.71,706.826,0,1,24.444444,2
7837,11,14,1,0,24.06,0.0,49.78,9.8,6.6,26.26,654.961,0,1,24.444444,2
7838,11,15,1,0,24.07,0.0,47.86,10.4,4.32,30.81,559.409,0,1,24.444444,2
7839,11,16,1,0,24.07,0.0,46.12,11.5,7.56,31.94,381.909,0,1,24.444444,2
7840,11,17,1,0,24.07,0.0,45.58,8.9,1.44,22.56,162.771,0,1,24.444444,2
7841,11,18,1,0,24.08,0.0,46.46,10.6,3.96,18.46,0.0,0,1,24.444444,2
7842,11,19,1,0,24.07,0.0,47.98,11.0,4.56,18.51,0.0,0,1,24.444444,2
7843,11,20,1,0,24.07,0.0,50.03,10.8,1.8,16.7,0.0,0,1,24.444444,2
7844,11,21,1,0,24.07,0.0,51.57,14.3,2.16,20.3,0.0,0,1,24.444444,2
7845,11,22,1,0,24.07,0.0,53.34,10.3,5.04,13.73,0.0,0,1,24.444444,2
7846,11,23,1,0,24.06,0.0,54.8,12.1,1.44,14.35,0.0,0,1,24.444444,2
7847,11,24,1,0,24.02,0.0,56.09,10.4,2.88,11.17,0.0,0,1,24.444444,2
7848,11,1,2,0,24.04,0.0,56.96,13.2,0.72,14.57,0.0,0,1,24.444444,2
7849,11,2,2,0,23.8,0.0,59.88,4.6,0.6,5.37,0.0,0,1,24.444444,2
7850,11,3,2,0,23.96,0.0,61.0,11.4,0.72,12.21,0.0,0,1,24.444444,2
7851,11,4,2,0,23.95,0.0,62.28,10.0,0.12,10.27,0.0,0,1,24.444444,2
7852,11,5,2,0,23.93,0.0,63.68,10.2,0.12,9.84,0.0,0,1,24.444444,2
7853,11,6,2,0,23.56,0.0,66.55,2.7,0.84,3.06,0.0,0,1,24.444444,2
7854,11,7,2,0,23.83,0.0,65.3,10.7,5.64,12.75,0.0,0,1,24.444444,2
7855,11,8,2,0,23.86,0.0,63.48,7.1,17.28,14.83,115.545,0,1,24.444444,2
7856,11,9,2,0,23.92,0.0,60.94,9.6,7.8,20.31,303.441,0,1,24.444444,2
7857,11,10,2,0,23.98,0.0,57.37,10.3,6.96,20.4,432.948,0,1,24.444444,2
7858,11,11,2,0,24.05,0.0,52.57,13.4,9.72,23.52,519.072,0,1,24.444444,2
7859,11,12,2,0,24.05,0.0,48.24,9.3,6.96,18.76,566.953,0,1,24.444444,2
7860,11,13,2,0,24.05,0.0,45.04,7.9,4.8,18.02,550.512,0,1,24.444444,2
7861,11,14,2,0,24.07,0.0,42.3,9.0,3.6,20.11,519.125,0,1,24.444444,2
7862,11,15,2,0,24.08,0.0,40.4,10.1,0.84,20.6,415.52,0,1,24.444444,2
7863,11,16,2,0,24.08,0.0,38.88,11.0,2.88,18.73,249.692,0,1,24.444444,2
7864,11,17,2,0,24.04,0.0,38.46,8.0,1.32,10.93,72.3291,0,1,24.444444,2
7865,11,18,2,0,24.01,0.0,38.47,9.9,3.96,10.04,0.0,0,1,24.444444,2
7866,11,19,2,0,24.0,0.0,38.5,9.7,5.4,9.36,0.0,0,1,24.444444,2
7867,11,20,2,0,24.04,0.0,38.49,13.6,4.32,11.55,0.0,0,1,24.444444,2
7868,11,21,2,0,23.91,0.0,38.69,9.6,3.96,6.27,0.0,0,1,24.444444,2
7869,11,22,2,0,23.85,0.0,38.33,11.3,3.84,6.3,0.0,0,1,24.444444,2
7870,11,23,2,0,23.75,0.0,37.62,10.8,1.8,4.71,0.0,0,1,24.444444,2
7871,11,24,2,0,23.7,0.0,36.59,11.8,1.44,4.3,0.0,0,1,24.444444,2
7872,11,1,3,0,23.57,0.0,35.91,10.7,0.36,2.84,0.0,0,1,24.444444,2
7873,11,2,3,0,23.41,0.0,35.42,9.7,0.96,2.0,0.0,0,1,24.444444,2
7874,11,3,3,0,22.97,0.0,36.28,3.1,0.72,0.33,0.0,0,1,24.444444,2
7875,11,4,3,0,23.09,0.0,35.79,9.6,0.24,1.34,0.0,0,1,24.444444,2
7876,11,5,3,0,23.05,0.0,35.57,9.8,1.32,1.12,0.0,0,1,24.444444,2
7877,11,6,3,0,22.98,0.0,35.28,9.5,3.48,0.87,0.0,0,1,24.444444,2
7878,11,7,3,0,22.99,0.0,34.67,9.9,4.44,0.96,0.0,0,1,24.444444,2
7879,11,8,3,0,23.21,0.0,33.65,10.3,10.68,1.72,105.288,0,1,24.444444,2
7880,11,9,3,0,23.19,0.0,32.55,7.6,16.32,1.22,246.989,0,1,24.444444,2
7881,11,10,3,0,23.34,0.0,30.44,11.0,12.6,2.86,346.621,0,1,24.444444,2
7882,11,11,3,0,23.4,0.0,29.12,10.0,3.24,3.12,439.465,0,1,24.444444,2
7883,11,12,3,0,23.47,0.0,28.32,11.4,3.6,4.59,452.952,0,1,24.444444,2
7884,11,13,3,0,23.6,0.0,27.34,14.1,0.84,7.58,539.049,0,1,24.444444,2
7885,11,14,3,0,23.56,0.0,25.62,9.8,1.44,5.74,484.024,0,1,24.444444,2
7886,11,15,3,0,23.56,0.0,24.43,10.5,1.56,6.71,380.535,0,1,24.444444,2
7887,11,16,3,0,23.54,0.0,24.05,9.0,0.84,5.7,267.804,0,1,24.444444,2
7888,11,17,3,0,23.85,0.0,23.57,22.2,1.56,12.43,93.9186,0,1,24.444444,2
7889,11,18,3,0,23.48,0.0,24.26,9.4,3.72,2.12,0.0,0,1,24.444444,2
7890,11,19,3,0,23.37,0.0,24.89,9.4,3.24,2.0,0.0,0,1,24.444444,2
7891,11,20,3,0,23.35,0.0,25.48,11.2,7.68,2.11,0.0,0,1,24.444444,2
7892,11,21,3,0,23.22,0.0,25.9,10.1,2.4,1.3,0.0,0,1,24.444444,2
7893,11,22,3,0,23.18,0.0,25.91,11.6,1.8,1.43,0.0,0,1,24.444444,2
7894,11,23,3,0,22.99,0.0,26.36,9.1,3.24,0.56,0.0,0,1,24.444444,2
7895,11,24,3,0,22.96,0.0,26.94,11.9,3.84,0.79,0.0,0,1,24.444444,2
7896,11,1,4,0,22.94,0.0,27.5,13.0,0.72,0.81,0.0,0,1,24.444444,2
7897,11,2,4,0,22.8,0.0,28.12,9.7,0.0,0.21,0.0,0,1,24.444444,2
7898,11,3,4,0,22.72,0.0,28.54,10.2,0.24,0.06,0.0,0,1,24.444444,2
7899,11,4,4,0,22.65,0.0,28.82,9.8,0.6,0.0,0.0,0,1,24.444444,2
7900,11,5,4,0,22.67,0.0,28.86,12.8,0.6,0.09,0.0,0,1,24.444444,2
7901,11,6,4,0,22.64,0.0,29.32,10.5,1.8,0.0,0.0,0,1,24.444444,2
7902,11,7,4,0,22.62,0.0,29.66,10.1,8.52,0.0,0.0,0,1,24.444444,2
7903,11,8,4,0,22.78,0.0,29.87,8.5,9.12,0.1,124.89,0,1,24.444444,2
7904,11,9,4,0,23.07,0.0,29.83,8.6,10.08,1.93,368.956,0,1,24.444444,2
7905,11,10,4,0,23.31,0.0,29.48,10.6,3.48,5.29,572.261,0,1,24.444444,2
7906,11,11,4,0,23.37,0.0,28.84,8.3,7.2,6.35,728.8,0,1,24.444444,2
7907,11,12,4,0,23.46,0.0,28.12,9.7,5.64,9.22,789.347,0,1,24.444444,2
7908,11,13,4,0,23.57,0.0,27.25,8.3,0.96,11.16,788.495,0,1,24.444444,2
7909,11,14,4,0,23.7,0.0,25.97,8.6,3.84,15.15,765.879,0,1,24.444444,2
7910,11,15,4,0,23.82,0.0,25.48,9.8,2.76,19.36,633.29,0,1,24.444444,2
7911,11,16,4,0,23.87,0.0,25.28,10.4,0.6,19.67,428.331,0,1,24.444444,2
7912,11,17,4,0,23.87,0.0,25.46,10.8,1.32,14.73,171.597,0,1,24.444444,2
7913,11,18,4,0,23.87,0.0,26.52,12.5,1.32,10.52,0.0,0,1,24.444444,2
7914,11,19,4,0,23.87,0.0,28.3,12.1,4.2,9.41,0.0,0,1,24.444444,2
7915,11,20,4,0,23.81,0.0,30.44,11.2,3.24,7.49,0.0,0,1,24.444444,2
7916,11,21,4,0,23.69,0.0,32.56,9.9,4.56,5.02,0.0,0,1,24.444444,2
7917,11,22,4,0,23.64,0.0,34.44,10.7,2.52,4.76,0.0,0,1,24.444444,2
7918,11,23,4,0,23.67,0.0,36.2,13.5,0.84,5.79,0.0,0,1,24.444444,2
7919,11,24,4,0,23.58,0.0,38.15,11.9,4.08,3.95,0.0,0,1,24.444444,2
7920,11,1,8,0,23.51,0.0,40.01,11.6,0.36,3.41,0.0,0,1,24.444444,2
7921,11,2,8,0,23.37,0.0,41.49,10.0,0.24,2.12,0.0,0,1,24.444444,2
7922,11,3,8,0,23.22,0.0,42.21,9.9,1.2,1.44,0.0,0,1,24.444444,2
7923,11,4,8,0,23.1,0.0,42.43,9.7,0.24,1.17,0.0,0,1,24.444444,2
7924,11,5,8,0,23.03,0.0,42.46,9.8,0.48,1.01,0.0,0,1,24.444444,2
7925,11,6,8,0,22.93,0.0,41.85,9.5,1.92,0.74,0.0,0,1,24.444444,2
7926,11,7,8,0,22.98,0.0,40.35,9.7,3.6,0.92,0.0,0,1,24.444444,2
7927,11,8,8,0,23.42,0.0,37.7,10.6,25.32,5.66,157.48,0,1,24.444444,2
7928,11,9,8,0,23.55,0.0,35.43,10.6,13.32,8.4,420.797,0,1,24.444444,2
7929,11,10,8,0,23.64,0.0,32.97,11.4,11.88,8.66,630.527,0,1,24.444444,2
7930,11,11,8,0,23.61,0.0,31.33,9.3,6.36,7.04,674.802,0,1,24.444444,2
7931,11,12,8,0,23.53,0.0,29.45,7.8,6.24,8.0,788.859,0,1,24.444444,2
7932,11,13,8,0,23.66,0.0,27.71,10.5,0.84,11.14,766.661,0,1,24.444444,2
7933,11,14,8,0,23.71,0.0,26.35,9.7,2.88,13.76,711.976,0,1,24.444444,2
7934,11,15,8,0,23.78,0.0,25.45,10.1,3.72,16.52,608.482,0,1,24.444444,2
7935,11,16,8,0,23.8,0.0,24.82,10.4,4.8,16.29,415.201,0,1,24.444444,2
7936,11,17,8,0,23.74,0.0,24.69,9.9,1.08,10.63,174.911,0,1,24.444444,2
7937,11,18,8,0,23.68,0.0,25.1,12.3,3.48,6.77,0.0,0,1,24.444444,2
7938,11,19,8,0,23.57,0.0,25.88,9.4,3.84,4.09,0.0,0,1,24.444444,2
7939,11,20,8,0,23.49,0.0,26.56,8.8,5.88,2.95,0.0,0,1,24.444444,2
7940,11,21,8,0,23.52,0.0,26.76,12.9,5.52,4.19,0.0,0,1,24.444444,2
7941,11,22,8,0,23.48,0.0,27.1,13.0,3.12,3.37,0.0,0,1,24.444444,2
7942,11,23,8,0,23.44,0.0,27.64,13.5,1.2,2.8,0.0,0,1,24.444444,2
7943,11,24,8,0,23.44,0.0,28.03,16.1,1.32,3.24,0.0,0,1,24.444444,2
7944,11,1,6,0,23.16,0.0,28.81,10.7,3.24,0.97,0.0,0,1,24.444444,2
7945,11,2,6,0,22.97,0.0,29.63,10.3,0.36,0.59,0.0,0,1,24.444444,2
7946,11,3,6,0,22.68,0.0,30.44,3.7,0.12,0.0,0.0,0,1,24.444444,2
7947,11,4,6,0,22.71,0.0,30.51,9.7,0.84,0.12,0.0,0,1,24.444444,2
7948,11,5,6,0,22.63,0.0,30.77,5.1,0.48,0.0,0.0,0,1,24.444444,2
7949,11,6,6,0,22.65,0.0,30.39,9.8,0.96,0.0,0.0,0,1,24.444444,2
7950,11,7,6,0,22.69,0.0,29.98,10.0,3.72,0.05,0.0,0,1,24.444444,2
7951,11,8,6,0,22.98,0.0,29.47,6.8,5.4,1.02,153.332,0,1,24.444444,2
7952,11,9,6,0,23.19,0.0,29.01,7.5,7.8,3.63,417.539,0,1,24.444444,2
7953,11,10,6,0,23.39,0.0,28.24,10.4,4.92,5.91,610.174,0,1,24.444444,2
7954,11,11,6,0,23.38,0.0,27.85,8.1,1.68,6.25,722.522,0,1,24.444444,2
7955,11,12,6,0,23.41,0.0,27.57,8.2,3.96,7.67,736.993,0,1,24.444444,2
7956,11,13,6,0,23.56,0.0,27.38,10.4,2.04,10.59,716.579,0,1,24.444444,2
7957,11,14,6,0,23.69,0.0,27.33,11.0,3.12,13.99,688.001,0,1,24.444444,2
7958,11,15,6,0,23.81,0.0,27.66,13.0,0.72,17.99,574.51,0,1,24.444444,2
7959,11,16,6,0,23.79,0.0,28.62,9.7,5.64,14.36,392.543,0,1,24.444444,2
7960,11,17,6,0,23.7,0.0,29.65,8.4,1.8,8.7,151.951,0,1,24.444444,2
7961,11,18,6,0,23.62,0.0,30.47,9.9,8.04,5.25,0.0,0,1,24.444444,2
7962,11,19,6,0,23.57,0.0,31.52,9.1,3.48,4.02,0.0,0,1,24.444444,2
7963,11,20,6,0,23.51,0.0,32.93,9.3,3.0,3.2,0.0,0,1,24.444444,2
7964,11,21,6,0,23.5,0.0,34.39,12.0,1.44,3.53,0.0,0,1,24.444444,2
7965,11,22,6,0,23.39,0.0,36.02,9.9,3.0,1.95,0.0,0,1,24.444444,2
7966,11,23,6,0,23.44,0.0,36.82,15.0,4.08,3.48,0.0,0,1,24.444444,2
7967,11,24,6,0,23.27,0.0,37.84,11.3,2.76,1.5,0.0,0,1,24.444444,2
7968,11,1,7,0,23.12,0.0,39.12,10.3,1.32,1.12,0.0,0,1,24.444444,2
7969,11,2,7,0,23.05,0.0,40.23,10.6,0.36,1.07,0.0,0,1,24.444444,2
7970,11,3,7,0,22.95,0.0,41.61,9.9,0.12,0.76,0.0,0,1,24.444444,2
7971,11,4,7,0,22.92,0.0,42.79,11.0,3.96,0.92,0.0,0,1,24.444444,2
7972,11,5,7,0,22.88,0.0,44.22,9.8,0.36,0.68,0.0,0,1,24.444444,2
7973,11,6,7,0,22.72,0.0,45.76,3.7,0.96,0.0,0.0,0,1,24.444444,2
7974,11,7,7,0,22.89,0.0,46.29,10.8,3.84,0.97,0.0,0,1,24.444444,2
7975,11,8,7,0,23.33,0.0,45.99,10.2,3.84,4.23,122.113,0,1,24.444444,2
7976,11,9,7,0,23.59,0.0,46.13,10.5,7.92,10.06,351.992,0,1,24.444444,2
7977,11,10,7,0,23.73,0.0,46.17,10.6,17.4,14.96,549.091,0,1,24.444444,2
7978,11,11,7,0,23.83,0.0,46.14,10.3,10.8,17.28,697.524,0,1,24.444444,2
7979,11,12,7,0,23.86,0.0,46.05,8.6,1.68,17.94,737.353,0,1,24.444444,2
7980,11,13,7,0,23.89,0.0,45.88,7.4,2.88,19.01,703.263,0,1,24.444444,2
7981,11,14,7,0,23.98,0.0,45.24,9.4,6.6,23.72,612.264,0,1,24.444444,2
7982,11,15,7,0,24.05,0.0,44.1,11.5,14.64,28.49,530.288,0,1,24.444444,2
7983,11,16,7,0,24.06,0.0,43.55,10.0,4.44,25.39,339.185,0,1,24.444444,2
7984,11,17,7,0,24.05,0.0,43.3,8.8,12.36,18.36,141.327,0,1,24.444444,2
7985,11,18,7,0,24.05,0.0,43.67,10.0,4.44,13.75,0.0,0,1,24.444444,2
7986,11,19,7,0,24.05,0.0,44.37,10.2,8.88,13.02,0.0,0,1,24.444444,2
7987,11,20,7,0,24.03,0.0,45.65,10.3,4.32,11.66,0.0,0,1,24.444444,2
7988,11,21,7,0,24.03,0.0,47.2,11.6,4.56,11.48,0.0,0,1,24.444444,2
7989,11,22,7,0,23.96,0.0,48.99,10.2,0.96,8.76,0.0,0,1,24.444444,2
7990,11,23,7,0,24.01,0.0,49.34,15.1,2.28,12.14,0.0,0,1,24.444444,2
7991,11,24,7,0,23.87,0.0,50.28,10.9,1.08,6.68,0.0,0,1,24.444444,2
7992,11,1,1,0,23.72,0.0,51.84,9.4,1.32,4.71,0.0,0,1,24.444444,2
7993,11,2,1,0,23.63,0.0,53.28,9.4,0.36,4.19,0.0,0,1,24.444444,2
7994,11,3,1,0,23.59,0.0,54.7,9.4,0.36,4.19,0.0,0,1,24.444444,2
7995,11,4,1,0,23.55,0.0,55.91,9.1,0.24,3.75,0.0,0,1,24.444444,2
7996,11,5,1,0,23.41,0.0,56.89,8.4,0.0,2.56,0.0,0,1,24.444444,2
7997,11,6,1,0,23.07,0.0,58.31,3.6,0.36,0.84,0.0,0,1,24.444444,2
7998,11,7,1,0,23.26,0.0,57.85,8.8,1.56,2.82,0.0,0,1,24.444444,2
7999,11,8,1,0,23.57,0.0,56.6,7.6,2.52,7.94,102.053,0,1,24.444444,2
8000,11,9,1,0,23.73,0.0,55.17,9.4,8.4,16.98,332.842,0,1,24.444444,2
8001,11,10,1,0,23.84,0.0,53.59,9.4,16.56,21.21,516.504,0,1,24.444444,2
8002,11,11,1,0,23.94,0.0,51.75,10.6,8.16,24.92,660.414,0,1,24.444444,2
8003,11,12,1,0,24.01,0.01,49.9,9.3,15.36,25.67,733.208,0,1,24.444444,2
8004,11,13,1,0,23.97,0.0,49.21,4.1,17.4,22.16,700.348,0,1,24.444444,2
8005,11,14,1,0,24.1,0.03,47.15,10.0,5.76,32.48,665.607,0,1,24.444444,2
8006,11,15,1,0,24.11,0.04,45.18,10.5,7.68,35.86,569.907,0,1,24.444444,2
8007,11,16,1,0,24.08,0.01,44.05,10.0,7.32,33.33,376.419,0,1,24.444444,2
8008,11,17,1,0,24.08,0.0,43.37,9.6,2.28,25.59,142.284,0,1,24.444444,2
8009,11,18,1,0,24.08,0.0,43.67,10.5,5.88,20.61,0.0,0,1,24.444444,2
8010,11,19,1,0,24.08,0.0,44.25,10.0,2.04,18.87,0.0,0,1,24.444444,2
8011,11,20,1,0,24.07,0.0,45.0,12.8,1.44,20.19,0.0,0,1,24.444444,2
8012,11,21,1,0,24.07,0.0,45.8,14.5,2.28,20.36,0.0,0,1,24.444444,2
8013,11,22,1,0,24.07,0.0,47.36,10.7,3.72,14.28,0.0,0,1,24.444444,2
8014,11,23,1,0,24.06,0.0,49.33,10.5,1.56,12.64,0.0,0,1,24.444444,2
8015,11,24,1,0,23.99,0.0,51.83,8.1,3.0,8.94,0.0,0,1,24.444444,2
8016,12,1,2,0,23.86,0.0,55.47,5.6,0.48,6.66,0.0,0,1,24.444444,2
8017,12,2,2,0,23.71,0.0,58.67,4.2,0.0,4.94,0.0,0,1,24.444444,2
8018,12,3,2,0,23.59,0.0,61.15,3.7,0.36,3.85,0.0,0,1,24.444444,2
8019,12,4,2,0,23.62,0.0,61.95,6.1,0.24,5.19,0.0,0,1,24.444444,2
8020,12,5,2,0,23.54,0.0,62.65,4.8,0.48,3.73,0.0,0,1,24.444444,2
8021,12,6,2,0,23.53,0.0,62.79,6.1,0.6,4.22,0.0,0,1,24.444444,2
8022,12,7,2,0,23.51,0.0,62.91,4.9,2.64,4.59,0.0,0,1,24.444444,2
8023,12,8,2,0,23.67,0.0,61.28,4.8,9.84,11.87,106.947,0,1,24.444444,2
8024,12,9,2,0,23.77,0.0,58.68,6.3,7.56,19.34,335.855,0,1,24.444444,2
8025,12,10,2,0,23.83,0.0,55.82,4.5,13.44,20.1,521.486,0,1,24.444444,2
8026,12,11,2,0,23.91,0.0,52.88,5.9,6.84,23.14,665.536,0,1,24.444444,2
8027,12,12,2,0,23.95,0.0,50.34,4.2,3.48,21.49,617.599,0,1,24.444444,2
8028,12,13,2,0,24.02,0.0,46.95,7.3,2.04,25.93,693.901,0,1,24.444444,2
8029,12,14,2,0,24.04,0.0,44.87,3.3,2.76,24.31,647.965,0,1,24.444444,2
8030,12,15,2,0,24.09,0.02,43.5,10.5,1.56,35.43,536.678,0,1,24.444444,2
8031,12,16,2,0,24.08,0.01,42.63,12.6,1.08,36.84,371.933,0,1,24.444444,2
8032,12,17,2,0,24.08,0.0,43.4,7.2,5.52,24.12,156.49,0,1,24.444444,2
8033,12,18,2,0,24.08,0.0,45.23,10.4,0.84,21.8,0.0,0,1,24.444444,2
8034,12,19,2,0,24.07,0.0,46.6,9.8,3.6,20.17,0.0,0,1,24.444444,2
8035,12,20,2,0,24.07,0.0,48.5,7.7,1.68,15.53,0.0,0,1,24.444444,2
8036,12,21,2,0,24.07,0.0,50.35,9.4,3.0,15.79,0.0,0,1,24.444444,2
8037,12,22,2,0,24.07,0.0,51.26,11.4,1.56,16.39,0.0,0,1,24.444444,2
8038,12,23,2,0,24.07,0.0,51.48,12.4,1.32,14.86,0.0,0,1,24.444444,2
8039,12,24,2,0,23.93,0.0,52.71,7.0,1.08,6.92,0.0,0,1,24.444444,2
8040,12,1,3,0,23.63,0.0,55.49,3.9,2.4,3.59,0.0,0,1,24.444444,2
8041,12,2,3,0,23.42,0.0,57.43,3.5,0.24,2.62,0.0,0,1,24.444444,2
8042,12,3,3,0,23.35,0.0,57.66,5.1,0.24,2.65,0.0,0,1,24.444444,2
8043,12,4,3,0,23.2,0.0,58.11,3.5,1.32,1.47,0.0,0,1,24.444444,2
8044,12,5,3,0,23.07,0.0,58.43,3.5,0.24,1.09,0.0,0,1,24.444444,2
8045,12,6,3,0,22.96,0.0,58.79,3.4,0.6,0.83,0.0,0,1,24.444444,2
8046,12,7,3,0,23.03,0.0,58.82,5.7,1.68,1.41,0.0,0,1,24.444444,2
8047,12,8,3,0,23.04,0.0,59.07,4.3,23.64,1.06,63.1169,0,1,24.444444,2
8048,12,9,3,0,23.17,0.0,58.32,4.6,2.4,2.18,195.765,0,1,24.444444,2
8049,12,10,3,0,23.49,0.0,56.46,4.5,5.76,7.49,501.325,0,1,24.444444,2
8050,12,11,3,0,23.66,0.0,54.38,5.0,3.36,12.59,684.47,0,1,24.444444,2
8051,12,12,3,0,23.69,0.0,52.46,4.3,3.96,14.6,764.708,0,1,24.444444,2
8052,12,13,3,0,23.71,0.0,50.75,4.6,10.08,16.46,749.762,0,1,24.444444,2
8053,12,14,3,0,23.76,0.0,49.06,3.9,3.48,18.57,667.685,0,1,24.444444,2
8054,12,15,3,0,23.98,0.0,46.66,10.2,1.8,29.08,579.988,0,1,24.444444,2
8055,12,16,3,0,23.93,0.0,45.75,4.1,0.84,22.75,410.619,0,1,24.444444,2
8056,12,17,3,0,23.86,0.0,45.76,3.7,0.72,15.17,159.937,0,1,24.444444,2
8057,12,18,3,0,23.96,0.0,45.21,9.9,2.76,14.8,0.0,0,1,24.444444,2
8058,12,19,3,0,24.05,0.0,44.55,13.9,2.76,18.14,0.0,0,1,24.444444,2
8059,12,20,3,0,23.95,0.0,45.17,7.8,2.04,9.9,0.0,0,1,24.444444,2
8060,12,21,3,0,23.97,0.0,45.53,11.8,7.32,11.88,0.0,0,1,24.444444,2
8061,12,22,3,0,23.98,0.0,45.63,12.8,1.2,11.1,0.0,0,1,24.444444,2
8062,12,23,3,0,23.67,0.0,47.2,6.1,2.4,3.67,0.0,0,1,24.444444,2
8063,12,24,3,0,23.43,0.0,48.4,6.3,0.36,2.49,0.0,0,1,24.444444,2
8064,12,1,4,0,23.55,0.0,48.0,11.9,0.96,4.82,0.0,0,1,24.444444,2
8065,12,2,4,0,23.48,0.0,48.69,9.2,0.36,3.08,0.0,0,1,24.444444,2
8066,12,3,4,0,23.19,0.0,50.69,4.4,0.0,1.17,0.0,0,1,24.444444,2
8067,12,4,4,0,23.01,0.0,52.66,3.6,0.24,0.87,0.0,0,1,24.444444,2
8068,12,5,4,0,22.99,0.0,53.9,4.7,0.12,1.07,0.0,0,1,24.444444,2
8069,12,6,4,0,22.95,0.0,55.25,4.1,0.84,0.89,0.0,0,1,24.444444,2
8070,12,7,4,0,22.94,0.0,56.16,3.7,2.4,0.89,0.0,0,1,24.444444,2
8071,12,8,4,0,23.31,0.0,55.3,8.3,8.88,3.75,80.9694,0,1,24.444444,2
8072,12,9,4,0,23.6,0.0,53.97,9.3,10.68,8.2,253.833,0,1,24.444444,2
8073,12,10,4,0,23.73,0.0,52.72,8.7,4.56,11.42,393.778,0,1,24.444444,2
8074,12,11,4,0,23.86,0.0,51.17,12.2,3.96,17.22,500.061,0,1,24.444444,2
8075,12,12,4,0,23.92,0.0,50.33,9.1,8.04,16.72,580.88,0,1,24.444444,2
8076,12,13,4,0,23.94,0.0,50.28,7.6,4.68,17.72,579.412,0,1,24.444444,2
8077,12,14,4,0,24.02,0.0,49.91,10.0,0.96,23.48,538.531,0,1,24.444444,2
8078,12,15,4,0,24.06,0.0,48.98,11.1,1.32,27.15,423.499,0,1,24.444444,2
8079,12,16,4,0,24.06,0.0,48.52,8.8,1.68,23.17,276.231,0,1,24.444444,2
8080,12,17,4,0,24.07,0.0,48.43,9.6,0.48,20.02,102.304,0,1,24.444444,2
8081,12,18,4,0,24.07,0.0,48.77,9.7,2.04,16.83,0.0,0,1,24.444444,2
8082,12,19,4,0,24.07,0.0,49.57,9.1,1.68,16.14,0.0,0,1,24.444444,2
8083,12,20,4,0,24.07,0.0,50.35,8.6,2.52,14.29,0.0,0,1,24.444444,2
8084,12,21,4,0,24.06,0.0,51.44,8.7,2.88,12.94,0.0,0,1,24.444444,2
8085,12,22,4,0,24.06,0.0,52.81,9.7,4.32,13.09,0.0,0,1,24.444444,2
8086,12,23,4,0,24.05,0.0,54.37,10.5,1.92,13.09,0.0,0,1,24.444444,2
8087,12,24,4,0,24.03,0.0,55.69,10.0,0.72,11.28,0.0,0,1,24.444444,2
8088,12,1,5,0,24.05,0.0,55.62,14.1,3.72,14.61,0.0,0,1,24.444444,2
8089,12,2,5,0,23.93,0.0,56.1,9.3,0.36,7.68,0.0,0,1,24.444444,2
8090,12,3,5,0,23.83,0.0,57.87,8.3,0.24,6.75,0.0,0,1,24.444444,2
8091,12,4,5,0,23.8,0.0,59.21,8.4,0.48,6.97,0.0,0,1,24.444444,2
8092,12,5,5,0,23.87,0.0,59.68,11.4,0.24,9.31,0.0,0,1,24.444444,2
8093,12,6,5,0,23.62,0.0,61.62,5.2,2.16,3.48,0.0,0,1,24.444444,2
8094,12,7,5,0,23.68,0.0,62.28,9.2,7.68,6.51,0.0,0,1,24.444444,2
8095,12,8,5,0,23.81,0.0,61.79,11.5,16.8,10.36,57.4161,0,1,24.444444,2
8096,12,9,5,0,23.93,0.0,60.24,13.4,9.72,15.24,194.509,0,1,24.444444,2
8097,12,10,5,0,23.92,0.0,59.0,10.2,3.12,14.2,308.662,0,1,24.444444,2
8098,12,11,5,0,24.0,0.0,57.12,10.6,3.36,19.38,495.357,0,1,24.444444,2
8099,12,12,5,0,24.03,0.0,55.85,7.7,3.24,20.69,609.277,0,1,24.444444,2
8100,12,13,5,0,24.07,0.0,54.47,8.7,6.36,25.89,636.501,0,1,24.444444,2
8101,12,14,5,0,24.07,0.0,52.89,8.6,3.24,29.5,614.167,0,1,24.444444,2
8102,12,15,5,0,24.07,0.0,51.39,11.0,0.6,34.39,495.867,0,1,24.444444,2
8103,12,16,5,0,24.07,0.0,49.9,9.4,1.2,30.77,349.366,0,1,24.444444,2
8104,12,17,5,0,24.07,0.0,49.86,8.6,2.64,24.77,155.522,0,1,24.444444,2
8105,12,18,5,0,24.07,0.0,50.96,10.2,1.44,21.85,0.0,0,1,24.444444,2
8106,12,19,5,0,24.07,0.0,52.14,10.2,1.92,21.86,0.0,0,1,24.444444,2
8107,12,20,5,0,24.07,0.0,53.18,12.3,3.72,23.54,0.0,0,1,24.444444,2
8108,12,21,5,0,24.07,0.0,54.43,9.9,2.16,18.47,0.0,0,1,24.444444,2
8109,12,22,5,0,24.07,0.0,55.77,11.8,4.44,20.06,0.0,0,1,24.444444,2
8110,12,23,5,0,24.07,0.0,56.44,12.8,1.56,20.09,0.0,0,1,24.444444,2
8111,12,24,5,0,24.07,0.0,57.34,9.8,2.88,14.34,0.0,0,1,24.444444,2
8112,12,1,6,0,23.91,0.0,59.84,4.3,3.96,7.41,0.0,0,1,24.444444,2
8113,12,2,6,0,23.88,0.0,62.06,6.4,1.8,8.43,0.0,0,1,24.444444,2
8114,12,3,6,0,23.69,0.0,64.42,3.4,0.24,4.88,0.0,0,1,24.444444,2
8115,12,4,6,0,23.63,0.0,66.33,3.6,1.08,4.91,0.0,0,1,24.444444,2
8116,12,5,6,0,23.58,0.0,67.5,3.4,0.24,4.43,0.0,0,1,24.444444,2
8117,12,6,6,0,23.52,0.0,68.39,3.1,0.6,3.9,0.0,0,1,24.444444,2
8118,12,7,6,0,23.54,0.0,68.93,4.1,6.12,5.37,0.0,0,1,24.444444,2
8119,12,8,6,0,23.69,0.0,67.5,3.6,6.48,12.31,90.0222,0,1,24.444444,2
8120,12,9,6,0,23.77,0.0,65.18,4.1,9.36,17.17,283.02,0,1,24.444444,2
8121,12,10,6,0,23.85,0.0,62.17,4.6,3.6,21.08,460.997,0,1,24.444444,2
8122,12,11,6,0,23.92,0.0,59.68,3.7,7.8,21.74,587.15,0,1,24.444444,2
8123,12,12,6,0,24.02,0.0,57.05,6.6,2.76,27.31,639.562,0,1,24.444444,2
8124,12,13,6,0,24.06,0.0,54.33,6.6,6.0,28.37,613.116,0,1,24.444444,2
8125,12,14,6,0,24.07,0.0,52.17,8.8,3.96,31.91,513.166,0,1,24.444444,2
8126,12,15,6,0,24.07,0.0,50.84,9.8,1.44,32.07,366.599,0,1,24.444444,2
8127,12,16,6,0,24.07,0.0,50.19,9.4,5.04,29.12,227.838,0,1,24.444444,2
8128,12,17,6,0,24.07,0.0,51.06,4.8,1.2,19.1,79.8671,0,1,24.444444,2
8129,12,18,6,0,24.07,0.0,52.01,9.5,1.44,22.21,0.0,0,1,24.444444,2
8130,12,19,6,0,24.07,0.0,52.67,11.6,1.92,24.77,0.0,0,1,24.444444,2
8131,12,20,6,0,24.07,0.0,52.43,16.5,5.52,30.07,0.0,0,1,24.444444,2
8132,12,21,6,0,24.07,0.0,53.11,9.0,3.6,17.15,0.0,0,1,24.444444,2
8133,12,22,6,0,24.07,0.0,54.51,10.3,1.32,17.47,0.0,0,1,24.444444,2
8134,12,23,6,0,24.02,0.0,57.11,6.1,2.52,10.46,0.0,0,1,24.444444,2
8135,12,24,6,0,24.02,0.0,59.35,7.7,1.08,11.78,0.0,0,1,24.444444,2
8136,12,1,7,0,23.87,0.0,61.95,4.0,2.04,7.01,0.0,0,1,24.444444,2
8137,12,2,7,0,23.74,0.0,64.53,3.4,0.48,5.65,0.0,0,1,24.444444,2
8138,12,3,7,0,23.65,0.0,66.29,3.4,0.12,4.87,0.0,0,1,24.444444,2
8139,12,4,7,0,23.57,0.0,67.54,3.4,0.72,4.13,0.0,0,1,24.444444,2
8140,12,5,7,0,23.5,0.0,67.94,3.6,0.48,3.63,0.0,0,1,24.444444,2
8141,12,6,7,0,23.4,0.0,68.05,3.3,0.24,2.98,0.0,0,1,24.444444,2
8142,12,7,7,0,23.35,0.0,68.19,3.5,0.84,2.96,0.0,0,1,24.444444,2
8143,12,8,7,0,23.46,0.0,67.42,3.6,4.92,4.83,68.1416,0,1,24.444444,2
8144,12,9,7,0,23.64,0.0,65.6,4.3,4.8,12.23,265.135,0,1,24.444444,2
8145,12,10,7,0,23.77,0.0,63.67,3.8,7.92,18.5,487.825,0,1,24.444444,2
8146,12,11,7,0,23.85,0.0,62.18,3.5,11.16,20.44,607.739,0,1,24.444444,2
8147,12,12,7,0,23.91,0.0,60.52,4.5,16.92,22.5,633.07,0,1,24.444444,2
8148,12,13,7,0,23.95,0.0,58.75,4.9,1.08,22.67,586.752,0,1,24.444444,2
8149,12,14,7,0,23.99,0.0,57.67,5.1,6.24,24.26,580.137,0,1,24.444444,2
8150,12,15,7,0,24.06,0.0,55.04,10.1,3.96,35.05,463.79,0,1,24.444444,2
8151,12,16,7,0,24.05,0.0,52.46,4.0,2.52,28.43,393.744,0,1,24.444444,2
8152,12,17,7,0,24.05,0.0,52.17,4.9,2.64,23.51,192.244,0,1,24.444444,2
8153,12,18,7,0,24.04,0.0,53.41,4.1,3.96,14.69,0.0,0,1,24.444444,2
8154,12,19,7,0,24.05,0.0,54.77,5.3,3.48,15.42,0.0,0,1,24.444444,2
8155,12,20,7,0,24.04,0.0,55.3,5.9,3.36,14.02,0.0,0,1,24.444444,2
8156,12,21,7,0,23.98,0.0,55.32,5.2,5.88,10.81,0.0,0,1,24.444444,2
8157,12,22,7,0,24.05,0.0,54.13,11.0,2.52,15.41,0.0,0,1,24.444444,2
8158,12,23,7,0,24.06,0.0,52.29,13.5,2.04,15.42,0.0,0,1,24.444444,2
8159,12,24,7,0,23.89,0.0,51.81,8.0,3.12,6.92,0.0,0,1,24.444444,2
8160,12,1,1,0,23.58,0.0,51.86,4.3,1.2,2.86,0.0,0,1,24.444444,2
8161,12,2,1,0,23.26,0.0,51.61,3.4,0.24,1.48,0.0,0,1,24.444444,2
8162,12,3,1,0,23.15,0.0,50.04,5.2,0.36,1.37,0.0,0,1,24.444444,2
8163,12,4,1,0,22.97,0.0,48.79,3.7,0.12,0.57,0.0,0,1,24.444444,2
8164,12,5,1,0,22.86,0.0,47.42,3.8,0.6,0.34,0.0,0,1,24.444444,2
8165,12,6,1,0,22.81,0.0,46.12,4.7,0.36,0.27,0.0,0,1,24.444444,2
8166,12,7,1,0,22.74,0.0,45.2,3.3,0.36,0.0,0.0,0,1,24.444444,2
8167,12,8,1,0,22.8,0.0,43.93,5.4,9.12,0.35,68.3996,0,1,24.444444,2
8168,12,9,1,0,22.84,0.0,42.66,4.4,9.36,0.17,192.91,0,1,24.444444,2
8169,12,10,1,0,22.89,0.0,40.86,4.5,8.04,0.39,305.486,0,1,24.444444,2
8170,12,11,1,0,22.94,0.0,39.28,4.5,10.56,0.72,400.338,0,1,24.444444,2
8171,12,12,1,0,22.99,0.0,38.04,3.5,10.2,0.99,471.439,0,1,24.444444,2
8172,12,13,1,0,23.19,0.0,36.95,4.6,3.36,2.18,599.331,0,1,24.444444,2
8173,12,14,1,0,23.37,0.0,36.05,5.2,2.4,3.9,606.44,0,1,24.444444,2
8174,12,15,1,0,23.52,0.0,35.21,9.1,1.68,8.75,545.777,0,1,24.444444,2
8175,12,16,1,0,23.49,0.0,34.89,3.6,5.04,5.73,407.511,0,1,24.444444,2
8176,12,17,1,0,23.39,0.0,34.82,4.3,3.12,3.57,184.287,0,1,24.444444,2
8177,12,18,1,0,23.18,0.0,35.26,5.4,9.48,0.92,0.0,0,1,24.444444,2
8178,12,19,1,0,23.06,0.0,35.8,4.9,5.88,0.75,0.0,0,1,24.444444,2
8179,12,20,1,0,23.12,0.0,36.09,8.6,6.12,1.26,0.0,0,1,24.444444,2
8180,12,21,1,0,22.99,0.0,36.75,6.1,5.76,0.58,0.0,0,1,24.444444,2
8181,12,22,1,0,22.87,0.0,37.3,5.3,2.52,0.25,0.0,0,1,24.444444,2
8182,12,23,1,0,22.8,0.0,37.71,5.6,1.56,0.16,0.0,0,1,24.444444,2
8183,12,24,1,0,22.73,0.0,38.13,4.4,1.32,0.0,0.0,0,1,24.444444,2
8184,12,1,2,0,22.71,0.0,38.45,5.4,0.6,0.0,0.0,0,1,24.444444,2
8185,12,2,2,0,22.68,0.0,38.76,4.9,0.12,0.0,0.0,0,1,24.444444,2
8186,12,3,2,0,22.74,0.0,38.75,9.6,0.24,0.37,0.0,0,1,24.444444,2
8187,12,4,2,0,22.68,0.0,39.13,5.3,3.72,0.0,0.0,0,1,24.444444,2
8188,12,5,2,0,22.61,0.0,39.54,3.7,0.12,0.0,0.0,0,1,24.444444,2
8189,12,6,2,0,22.66,0.0,39.75,7.4,1.92,0.03,0.0,0,1,24.444444,2
8190,12,7,2,0,22.62,0.0,40.2,4.4,1.44,0.0,0.0,0,1,24.444444,2
8191,12,8,2,0,22.89,0.0,39.65,7.0,12.24,0.37,100.117,0,1,24.444444,2
8192,12,9,2,0,23.15,0.0,39.02,5.9,3.96,2.57,334.301,0,1,24.444444,2
8193,12,10,2,0,23.25,0.0,38.56,4.8,14.64,4.17,519.291,0,1,24.444444,2
8194,12,11,2,0,23.34,0.0,38.11,5.6,1.8,6.2,655.471,0,1,24.444444,2
8195,12,12,2,0,23.4,0.0,37.61,5.4,4.08,8.28,765.902,0,1,24.444444,2
8196,12,13,2,0,23.51,0.0,36.72,6.3,8.04,11.12,786.5,0,1,24.444444,2
8197,12,14,2,0,23.59,0.0,35.82,4.0,2.64,12.25,735.102,0,1,24.444444,2
8198,12,15,2,0,23.77,0.0,35.2,10.9,2.16,20.93,623.602,0,1,24.444444,2
8199,12,16,2,0,23.83,0.0,34.89,9.2,1.68,20.24,438.449,0,1,24.444444,2
8200,12,17,2,0,23.74,0.0,34.94,5.0,2.4,11.98,200.925,0,1,24.444444,2
8201,12,18,2,0,23.72,0.0,35.17,9.9,3.84,9.28,0.0,0,1,24.444444,2
8202,12,19,2,0,23.73,0.0,35.79,10.4,3.96,8.44,0.0,0,1,24.444444,2
8203,12,20,2,0,23.6,0.0,36.86,7.0,5.04,4.19,0.0,0,1,24.444444,2
8204,12,21,2,0,23.52,0.0,38.11,8.2,4.68,3.52,0.0,0,1,24.444444,2
8205,12,22,2,0,23.51,0.0,39.69,8.8,1.8,3.89,0.0,0,1,24.444444,2
8206,12,23,2,0,23.63,0.0,40.24,13.8,0.72,6.63,0.0,0,1,24.444444,2
8207,12,24,2,0,23.5,0.0,41.07,10.2,1.8,3.26,0.0,0,1,24.444444,2
8208,12,1,3,0,23.27,0.0,41.99,6.7,0.6,1.22,0.0,0,1,24.444444,2
8209,12,2,3,0,22.97,0.0,42.79,4.6,0.24,0.44,0.0,0,1,24.444444,2
8210,12,3,3,0,22.79,0.0,43.15,3.4,0.24,0.09,0.0,0,1,24.444444,2
8211,12,4,3,0,22.73,0.0,43.04,3.6,0.12,0.02,0.0,0,1,24.444444,2
8212,12,5,3,0,22.72,0.0,42.67,4.9,0.6,0.03,0.0,0,1,24.444444,2
8213,12,6,3,0,22.71,0.0,42.36,5.0,0.72,0.0,0.0,0,1,24.444444,2
8214,12,7,3,0,22.67,0.0,42.11,3.6,1.8,0.0,0.0,0,1,24.444444,2
8215,12,8,3,0,23.07,0.0,40.87,8.6,20.16,1.7,98.2711,0,1,24.444444,2
8216,12,9,3,0,23.27,0.0,40.26,5.2,7.2,3.92,314.274,0,1,24.444444,2
8217,12,10,3,0,23.4,0.0,39.31,5.1,9.72,5.65,515.292,0,1,24.444444,2
8218,12,11,3,0,23.45,0.0,38.06,5.3,3.6,7.3,643.023,0,1,24.444444,2
8219,12,12,3,0,23.44,0.0,36.99,4.2,5.52,8.61,768.98,0,1,24.444444,2
8220,12,13,3,0,23.49,0.0,35.68,3.5,0.84,10.23,774.916,0,1,24.444444,2
8221,12,14,3,0,23.66,0.0,34.3,6.7,1.32,15.61,725.166,0,1,24.444444,2
8222,12,15,3,0,23.84,0.0,33.04,10.0,4.08,22.18,664.275,0,1,24.444444,2
8223,12,16,3,0,23.78,0.0,32.03,4.3,2.88,17.22,431.605,0,1,24.444444,2
8224,12,17,3,0,23.72,0.0,31.04,3.5,0.72,11.57,189.418,0,1,24.444444,2
8225,12,18,3,0,23.73,0.0,31.15,8.7,7.56,9.2,0.0,0,1,24.444444,2
8226,12,19,3,0,23.84,0.0,31.6,13.9,3.72,12.03,0.0,0,1,24.444444,2
8227,12,20,3,0,23.75,0.0,33.03,9.2,1.2,6.8,0.0,0,1,24.444444,2
8228,12,21,3,0,23.58,0.0,34.99,6.8,13.92,3.57,0.0,0,1,24.444444,2
8229,12,22,3,0,23.46,0.0,36.56,6.7,1.8,2.81,0.0,0,1,24.444444,2
8230,12,23,3,0,23.41,0.0,37.09,7.5,1.44,2.53,0.0,0,1,24.444444,2
8231,12,24,3,0,23.33,0.0,37.49,7.0,0.36,1.82,0.0,0,1,24.444444,2
8232,12,1,4,0,23.3,0.0,37.98,9.1,3.24,1.87,0.0,0,1,24.444444,2
8233,12,2,4,0,23.14,0.0,38.45,8.8,0.96,1.11,0.0,0,1,24.444444,2
8234,12,3,4,0,22.88,0.0,38.43,6.1,0.12,0.28,0.0,0,1,24.444444,2
8235,12,4,4,0,22.71,0.0,38.14,3.7,0.6,0.0,0.0,0,1,24.444444,2
8236,12,5,4,0,22.63,0.0,37.63,3.1,0.24,0.0,0.0,0,1,24.444444,2
8237,12,6,4,0,22.6,0.0,37.12,4.2,0.84,0.0,0.0,0,1,24.444444,2
8238,12,7,4,0,22.6,0.0,36.45,5.9,3.84,0.0,0.0,0,1,24.444444,2
8239,12,8,4,0,22.77,0.0,35.39,7.4,4.2,0.12,90.9522,0,1,24.444444,2
8240,12,9,4,0,23.04,0.0,33.96,9.0,6.0,1.29,311.136,0,1,24.444444,2
8241,12,10,4,0,23.17,0.0,32.56,9.0,1.68,3.14,496.288,0,1,24.444444,2
8242,12,11,4,0,23.23,0.0,31.42,8.3,9.48,3.81,603.817,0,1,24.444444,2
8243,12,12,4,0,23.3,0.0,30.46,9.3,2.4,5.04,617.399,0,1,24.444444,2
8244,12,13,4,0,23.39,0.0,29.27,8.4,0.96,7.0,697.734,0,1,24.444444,2
8245,12,14,4,0,23.54,0.0,28.03,10.0,2.52,10.31,669.647,0,1,24.444444,2
8246,12,15,4,0,23.64,0.0,27.05,10.5,0.96,13.32,588.458,0,1,24.444444,2
8247,12,16,4,0,23.67,0.0,26.65,9.5,1.2,11.68,382.23,0,1,24.444444,2
8248,12,17,4,0,23.62,0.0,26.54,8.8,0.72,7.19,138.993,0,1,24.444444,2
8249,12,18,4,0,23.56,0.0,26.74,10.3,1.44,4.65,0.0,0,1,24.444444,2
8250,12,19,4,0,23.54,0.0,27.38,9.8,1.56,4.01,0.0,0,1,24.444444,2
8251,12,20,4,0,23.47,0.0,28.27,9.2,2.52,2.81,0.0,0,1,24.444444,2
8252,12,21,4,0,23.38,0.0,29.13,9.0,2.04,2.03,0.0,0,1,24.444444,2
8253,12,22,4,0,23.4,0.0,30.2,11.5,1.68,2.72,0.0,0,1,24.444444,2
8254,12,23,4,0,23.3,0.0,31.63,10.0,1.68,1.54,0.0,0,1,24.444444,2
8255,12,24,4,0,23.21,0.0,32.54,11.4,0.72,1.37,0.0,0,1,24.444444,2
8256,12,1,5,0,23.12,0.0,33.39,11.7,3.0,1.17,0.0,0,1,24.444444,2
8257,12,2,5,0,22.93,0.0,34.39,9.2,0.36,0.49,0.0,0,1,24.444444,2
8258,12,3,5,0,22.88,0.0,34.82,11.3,0.12,0.63,0.0,0,1,24.444444,2
8259,12,4,5,0,22.79,0.0,34.96,9.7,0.12,0.29,0.0,0,1,24.444444,2
8260,12,5,5,0,22.74,0.0,34.88,9.6,0.12,0.21,0.0,0,1,24.444444,2
8261,12,6,5,0,22.62,0.0,35.18,3.9,0.84,0.0,0.0,0,1,24.444444,2
8262,12,7,5,0,22.69,0.0,35.01,10.1,5.04,0.19,0.0,0,1,24.444444,2
8263,12,8,5,0,22.79,0.0,34.73,9.5,12.0,0.38,70.7288,0,1,24.444444,2
8264,12,9,5,0,23.02,0.0,34.03,9.6,11.4,0.95,270.813,0,1,24.444444,2
8265,12,10,5,0,23.17,0.0,33.2,9.0,4.8,2.72,397.19,0,1,24.444444,2
8266,12,11,5,0,23.28,0.0,32.14,8.1,9.84,4.12,532.737,0,1,24.444444,2
8267,12,12,5,0,23.46,0.0,31.34,11.5,5.52,7.7,634.322,0,1,24.444444,2
8268,12,13,5,0,23.5,0.0,30.96,8.3,11.4,7.38,638.254,0,1,24.444444,2
8269,12,14,5,0,23.6,0.0,29.83,9.8,1.56,9.65,560.373,0,1,24.444444,2
8270,12,15,5,0,23.68,0.0,28.95,10.4,0.36,11.52,456.895,0,1,24.444444,2
8271,12,16,5,0,23.71,0.0,28.46,10.1,0.48,10.9,301.631,0,1,24.444444,2
8272,12,17,5,0,23.67,0.0,28.39,8.9,1.44,7.49,117.476,0,1,24.444444,2
8273,12,18,5,0,23.59,0.0,28.78,8.7,3.0,4.57,0.0,0,1,24.444444,2
8274,12,19,5,0,23.61,0.0,29.46,10.8,1.68,5.74,0.0,0,1,24.444444,2
8275,12,20,5,0,23.59,0.0,30.45,10.0,3.48,4.58,0.0,0,1,24.444444,2
8276,12,21,5,0,23.59,0.0,31.54,12.5,3.36,4.92,0.0,0,1,24.444444,2
8277,12,22,5,0,23.48,0.0,32.76,10.7,2.16,2.7,0.0,0,1,24.444444,2
8278,12,23,5,0,23.35,0.0,34.01,10.0,3.12,1.77,0.0,0,1,24.444444,2
8279,12,24,5,0,23.26,0.0,35.08,10.6,1.2,1.54,0.0,0,1,24.444444,2
8280,12,1,6,0,22.86,0.0,36.63,3.9,2.16,0.08,0.0,0,1,24.444444,2
8281,12,2,6,0,22.73,0.0,37.18,3.9,0.24,0.01,0.0,0,1,24.444444,2
8282,12,3,6,0,22.68,0.0,37.42,3.6,0.24,0.0,0.0,0,1,24.444444,2
8283,12,4,6,0,22.65,0.0,37.57,3.6,0.36,0.0,0.0,0,1,24.444444,2
8284,12,5,6,0,22.62,0.0,37.8,4.0,0.84,0.0,0.0,0,1,24.444444,2
8285,12,6,6,0,22.6,0.0,38.19,3.6,1.44,0.0,0.0,0,1,24.444444,2
8286,12,7,6,0,22.6,0.0,38.45,3.9,4.2,0.0,0.0,0,1,24.444444,2
8287,12,8,6,0,22.82,0.0,38.24,3.7,5.88,0.16,99.544,0,1,24.444444,2
8288,12,9,6,0,23.14,0.0,37.59,4.1,11.4,3.03,339.341,0,1,24.444444,2
8289,12,10,6,0,23.38,0.0,36.64,6.7,4.68,6.02,545.284,0,1,24.444444,2
8290,12,11,6,0,23.41,0.0,36.03,5.0,8.88,6.05,633.483,0,1,24.444444,2
8291,12,12,6,0,23.51,0.0,35.34,7.8,1.68,8.3,624.461,0,1,24.444444,2
8292,12,13,6,0,23.51,0.0,34.8,4.3,2.04,7.81,671.475,0,1,24.444444,2
8293,12,14,6,0,23.72,0.0,33.36,11.1,1.92,14.21,647.157,0,1,24.444444,2
8294,12,15,6,0,23.78,0.0,32.53,10.0,1.08,15.83,548.843,0,1,24.444444,2
8295,12,16,6,0,23.79,0.0,32.28,9.1,1.08,16.44,418.345,0,1,24.444444,2
8296,12,17,6,0,23.74,0.0,32.6,7.4,3.48,11.83,210.799,0,1,24.444444,2
8297,12,18,6,0,23.69,0.0,33.11,10.3,1.08,7.72,0.0,0,1,24.444444,2
8298,12,19,6,0,23.69,0.0,33.87,10.9,3.12,7.23,0.0,0,1,24.444444,2
8299,12,20,6,0,23.74,0.0,34.6,14.3,2.52,8.3,0.0,0,1,24.444444,2
8300,12,21,6,0,23.55,0.0,35.98,8.7,0.96,3.02,0.0,0,1,24.444444,2
8301,12,22,6,0,23.45,0.0,37.0,9.5,2.88,3.01,0.0,0,1,24.444444,2
8302,12,23,6,0,23.38,0.0,37.95,8.6,1.92,2.04,0.0,0,1,24.444444,2
8303,12,24,6,0,23.14,0.0,39.1,6.6,1.92,1.02,0.0,0,1,24.444444,2
8304,12,1,7,0,22.91,0.0,40.27,4.0,1.8,0.36,0.0,0,1,24.444444,2
8305,12,2,7,0,22.81,0.0,41.39,3.3,0.48,0.17,0.0,0,1,24.444444,2
8306,12,3,7,0,22.77,0.0,42.86,3.3,0.0,0.13,0.0,0,1,24.444444,2
8307,12,4,7,0,22.78,0.0,43.86,4.8,0.72,0.3,0.0,0,1,24.444444,2
8308,12,5,7,0,22.75,0.0,44.46,3.8,0.12,0.09,0.0,0,1,24.444444,2
8309,12,6,7,0,22.74,0.0,44.58,4.9,2.04,0.19,0.0,0,1,24.444444,2
8310,12,7,7,0,22.72,0.0,44.27,3.8,2.64,0.03,0.0,0,1,24.444444,2
8311,12,8,7,0,22.94,0.0,43.42,3.7,4.2,0.59,86.9596,0,1,24.444444,2
8312,12,9,7,0,23.21,0.0,42.14,3.3,5.52,3.73,323.819,0,1,24.444444,2
8313,12,10,7,0,23.4,0.0,40.57,3.7,9.96,6.28,519.665,0,1,24.444444,2
8314,12,11,7,0,23.5,0.0,39.18,3.8,7.44,8.54,659.044,0,1,24.444444,2
8315,12,12,7,0,23.53,0.0,38.41,3.4,6.24,10.14,766.203,0,1,24.444444,2
8316,12,13,7,0,23.62,0.0,37.91,5.0,2.64,12.45,747.816,0,1,24.444444,2
8317,12,14,7,0,23.68,0.0,37.37,5.3,3.36,15.32,685.317,0,1,24.444444,2
8318,12,15,7,0,23.89,0.0,36.81,10.8,1.56,23.74,596.949,0,1,24.444444,2
8319,12,16,7,0,23.86,0.0,37.02,5.7,3.36,21.07,427.756,0,1,24.444444,2
8320,12,17,7,0,23.82,0.0,37.39,5.1,9.6,15.81,197.433,0,1,24.444444,2
8321,12,18,7,0,23.72,0.0,38.28,4.2,8.4,7.81,0.0,0,1,24.444444,2
8322,12,19,7,0,23.66,0.0,39.28,5.1,3.96,7.19,0.0,0,1,24.444444,2
8323,12,20,7,0,23.7,0.0,39.87,9.0,1.44,8.34,0.0,0,1,24.444444,2
8324,12,21,7,0,23.66,0.0,40.5,7.5,3.6,6.14,0.0,0,1,24.444444,2
8325,12,22,7,0,23.61,0.0,41.71,7.3,2.76,4.68,0.0,0,1,24.444444,2
8326,12,23,7,0,23.85,0.0,41.54,18.2,4.56,11.26,0.0,0,1,24.444444,2
8327,12,24,7,0,23.5,0.0,43.1,6.8,1.92,2.06,0.0,0,1,24.444444,2
8328,12,1,1,0,23.2,0.0,45.1,5.3,0.36,1.17,0.0,0,1,24.444444,2
8329,12,2,1,0,22.95,0.0,46.08,3.8,0.36,0.51,0.0,0,1,24.444444,2
8330,12,3,1,0,22.86,0.0,46.15,5.0,0.48,0.49,0.0,0,1,24.444444,2
8331,12,4,1,0,22.8,0.0,46.23,4.6,0.48,0.2,0.0,0,1,24.444444,2
8332,12,5,1,0,22.72,0.0,45.79,3.9,1.8,0.0,0.0,0,1,24.444444,2
8333,12,6,1,0,22.68,0.0,45.27,3.3,0.48,0.0,0.0,0,1,24.444444,2
8334,12,7,1,0,22.69,0.0,44.79,3.6,1.2,0.0,0.0,0,1,24.444444,2
8335,12,8,1,0,23.13,0.0,43.11,5.4,3.24,2.67,112.392,0,1,24.444444,2
8336,12,9,1,0,23.35,0.0,42.16,3.8,4.56,5.88,359.569,0,1,24.444444,2
8337,12,10,1,0,23.5,0.0,41.34,4.3,3.72,7.99,557.754,0,1,24.444444,2
8338,12,11,1,0,23.57,0.0,40.82,4.6,14.88,9.69,679.997,0,1,24.444444,2
8339,12,12,1,0,23.65,0.0,40.31,6.0,8.4,12.91,729.968,0,1,24.444444,2
8340,12,13,1,0,23.7,0.0,39.89,5.2,3.24,14.72,732.151,0,1,24.444444,2
8341,12,14,1,0,23.75,0.0,39.67,5.0,7.08,17.59,678.826,0,1,24.444444,2
8342,12,15,1,0,23.9,0.0,39.23,9.0,3.6,23.96,602.701,0,1,24.444444,2
8343,12,16,1,0,23.88,0.0,39.25,5.0,6.48,20.13,412.648,0,1,24.444444,2
8344,12,17,1,0,23.81,0.0,39.71,4.0,2.76,14.31,198.351,0,1,24.444444,2
8345,12,18,1,0,23.69,0.0,41.01,4.7,11.4,8.27,0.0,0,1,24.444444,2
8346,12,19,1,0,23.76,0.0,41.57,8.9,4.44,10.53,0.0,0,1,24.444444,2
8347,12,20,1,0,23.66,0.0,42.79,5.1,3.72,5.67,0.0,0,1,24.444444,2
8348,12,21,1,0,23.85,0.0,42.93,14.7,4.68,11.73,0.0,0,1,24.444444,2
8349,12,22,1,0,23.62,0.0,44.4,7.0,1.92,3.99,0.0,0,1,24.444444,2
8350,12,23,1,0,23.44,0.0,46.24,6.1,0.6,2.6,0.0,0,1,24.444444,2
8351,12,24,1,0,23.47,0.0,47.27,8.8,0.72,3.74,0.0,0,1,24.444444,2
8352,12,1,2,0,23.24,0.0,48.68,4.4,0.48,1.23,0.0,0,1,24.444444,2
8353,12,2,2,0,23.08,0.0,49.86,4.1,0.48,1.07,0.0,0,1,24.444444,2
8354,12,3,2,0,23.22,0.0,49.92,8.2,0.24,2.08,0.0,0,1,24.444444,2
8355,12,4,2,0,23.12,0.0,50.63,6.6,2.16,1.28,0.0,0,1,24.444444,2
8356,12,5,2,0,22.93,0.0,51.95,3.3,0.24,0.44,0.0,0,1,24.444444,2
8357,12,6,2,0,22.87,0.0,53.16,3.7,0.36,0.47,0.0,0,1,24.444444,2
8358,12,7,2,0,22.9,0.0,54.05,5.2,4.2,0.8,0.0,0,1,24.444444,2
8359,12,8,2,0,23.06,0.0,54.13,4.1,17.52,1.47,64.7856,0,1,24.444444,2
8360,12,9,2,0,23.34,0.0,53.71,3.8,5.76,4.21,254.482,0,1,24.444444,2
8361,12,10,2,0,23.57,0.0,53.4,4.6,6.12,7.87,418.951,0,1,24.444444,2
8362,12,11,2,0,23.75,0.0,53.03,8.7,3.72,13.82,548.581,0,1,24.444444,2
8363,12,12,2,0,23.9,0.0,52.18,11.4,2.64,20.15,641.429,0,1,24.444444,2
8364,12,13,2,0,23.85,0.0,52.52,3.9,4.68,17.55,700.047,0,1,24.444444,2
8365,12,14,2,0,23.96,0.0,51.62,6.5,1.68,25.29,707.46,0,1,24.444444,2
8366,12,15,2,0,24.09,0.03,49.56,12.6,1.68,35.21,587.05,0,1,24.444444,2
8367,12,16,2,0,24.08,0.01,47.81,11.3,0.96,33.52,416.296,0,1,24.444444,2
8368,12,17,2,0,24.03,0.0,48.27,4.0,2.64,19.01,194.973,0,1,24.444444,2
8369,12,18,2,0,24.06,0.0,49.56,9.0,1.68,17.51,0.0,0,1,24.444444,2
8370,12,19,2,0,24.07,0.0,50.92,9.1,3.96,17.41,0.0,0,1,24.444444,2
8371,12,20,2,0,24.07,0.0,52.39,9.3,5.16,16.56,0.0,0,1,24.444444,2
8372,12,21,2,0,24.07,0.0,53.43,10.1,3.48,15.64,0.0,0,1,24.444444,2
8373,12,22,2,0,24.06,0.0,54.45,9.4,3.36,12.69,0.0,0,1,24.444444,2
8374,12,23,2,0,24.07,0.0,54.25,14.6,1.08,17.54,0.0,0,1,24.444444,2
8375,12,24,2,0,24.05,0.0,54.48,11.2,1.08,12.46,0.0,0,1,24.444444,2
8376,12,1,3,0,24.01,0.0,56.34,9.4,3.48,10.24,0.0,0,1,24.444444,2
8377,12,2,3,0,23.79,0.0,59.2,4.1,0.24,5.19,0.0,0,1,24.444444,2
8378,12,3,3,0,23.62,0.0,61.14,4.1,0.0,4.08,0.0,0,1,24.444444,2
8379,12,4,3,0,23.4,0.0,59.09,3.4,0.12,2.42,0.0,0,1,24.444444,2
8380,12,5,3,0,23.26,0.0,55.05,3.9,4.2,1.91,0.0,0,1,24.444444,2
8381,12,6,3,0,23.22,0.0,50.27,4.8,1.32,1.6,0.0,0,1,24.444444,2
8382,12,7,3,0,23.19,0.0,47.5,5.2,3.48,1.53,0.0,0,1,24.444444,2
8383,12,8,3,0,23.51,0.0,43.79,5.8,17.16,5.44,90.9263,0,1,24.444444,2
8384,12,9,3,0,23.65,0.0,39.88,5.6,4.92,9.24,341.161,0,1,24.444444,2
8385,12,10,3,0,23.75,0.0,34.95,6.8,6.72,11.23,537.579,0,1,24.444444,2
8386,12,11,3,0,23.75,0.0,31.78,4.3,3.36,10.42,679.047,0,1,24.444444,2
8387,12,12,3,0,23.73,0.0,30.33,4.4,5.52,12.16,778.165,0,1,24.444444,2
8388,12,13,3,0,23.71,0.0,29.35,3.4,4.08,13.31,772.066,0,1,24.444444,2
8389,12,14,3,0,23.73,0.0,28.84,4.3,3.0,16.49,744.099,0,1,24.444444,2
8390,12,15,3,0,23.93,0.0,28.07,10.0,4.44,23.91,642.503,0,1,24.444444,2
8391,12,16,3,0,23.88,0.0,27.65,4.8,1.8,19.62,457.903,0,1,24.444444,2
8392,12,17,3,0,23.77,0.0,27.66,4.2,0.84,13.47,216.265,0,1,24.444444,2
8393,12,18,3,0,23.78,0.0,28.32,8.7,1.08,9.58,0.0,0,1,24.444444,2
8394,12,19,3,0,23.87,0.0,29.49,12.3,3.24,11.0,0.0,0,1,24.444444,2
8395,12,20,3,0,23.71,0.0,31.02,6.8,2.16,5.29,0.0,0,1,24.444444,2
8396,12,21,3,0,23.6,0.0,32.31,7.0,12.84,4.08,0.0,0,1,24.444444,2
8397,12,22,3,0,23.76,0.0,32.54,14.5,1.8,7.91,0.0,0,1,24.444444,2
8398,12,23,3,0,23.52,0.0,33.35,8.5,2.16,2.56,0.0,0,1,24.444444,2
8399,12,24,3,0,23.34,0.0,33.73,8.7,1.44,1.75,0.0,0,1,24.444444,2
8400,12,1,4,0,23.25,0.0,33.88,9.8,0.72,1.6,0.0,0,1,24.444444,2
8401,12,2,4,0,23.09,0.0,34.24,8.6,1.08,0.9,0.0,0,1,24.444444,2
8402,12,3,4,0,22.8,0.0,34.73,3.8,0.36,0.06,0.0,0,1,24.444444,2
8403,12,4,4,0,22.74,0.0,34.52,5.2,0.36,0.06,0.0,0,1,24.444444,2
8404,12,5,4,0,22.66,0.0,34.44,3.0,0.12,0.0,0.0,0,1,24.444444,2
8405,12,6,4,0,22.7,0.0,34.17,7.3,4.92,0.07,0.0,0,1,24.444444,2
8406,12,7,4,0,22.63,0.0,34.27,3.8,4.68,0.0,0.0,0,1,24.444444,2
8407,12,8,4,0,23.07,0.0,33.34,11.8,7.08,1.42,85.0623,0,1,24.444444,2
8408,12,9,4,0,23.28,0.0,32.61,10.0,9.48,3.42,310.457,0,1,24.444444,2
8409,12,10,4,0,23.34,0.0,31.99,8.9,3.96,4.2,478.387,0,1,24.444444,2
8410,12,11,4,0,23.37,0.0,31.99,8.4,11.76,5.02,582.996,0,1,24.444444,2
8411,12,12,4,0,23.42,0.0,32.34,8.2,4.68,6.36,621.611,0,1,24.444444,2
8412,12,13,4,0,23.48,0.0,32.62,7.8,2.64,7.55,663.787,0,1,24.444444,2
8413,12,14,4,0,23.6,0.0,32.58,9.6,2.16,10.58,650.625,0,1,24.444444,2
8414,12,15,4,0,23.68,0.0,32.41,10.0,4.68,12.61,523.737,0,1,24.444444,2
8415,12,16,4,0,23.72,0.0,32.02,10.5,2.16,13.54,406.9,0,1,24.444444,2
8416,12,17,4,0,23.67,0.0,31.66,8.6,1.2,8.46,176.619,0,1,24.444444,2
8417,12,18,4,0,23.57,0.0,31.49,9.5,1.44,4.68,0.0,0,1,24.444444,2
8418,12,19,4,0,23.55,0.0,31.82,9.3,4.08,4.14,0.0,0,1,24.444444,2
8419,12,20,4,0,23.49,0.0,32.44,9.1,1.2,3.03,0.0,0,1,24.444444,2
8420,12,21,4,0,23.44,0.0,33.22,10.0,2.4,2.82,0.0,0,1,24.444444,2
8421,12,22,4,0,23.43,0.0,34.04,10.7,3.84,2.84,0.0,0,1,24.444444,2
8422,12,23,4,0,23.41,0.0,34.87,11.6,1.44,2.75,0.0,0,1,24.444444,2
8423,12,24,4,0,23.28,0.0,35.83,9.5,2.16,1.5,0.0,0,1,24.444444,2
8424,12,1,5,0,23.08,0.0,36.68,7.6,2.64,0.89,0.0,0,1,24.444444,2
8425,12,2,5,0,23.08,0.0,36.83,10.4,1.2,1.18,0.0,0,1,24.444444,2
8426,12,3,5,0,23.09,0.0,37.05,12.5,0.6,1.43,0.0,0,1,24.444444,2
8427,12,4,5,0,22.93,0.0,38.15,8.6,0.24,0.55,0.0,0,1,24.444444,2
8428,12,5,5,0,22.88,0.0,39.22,8.9,0.24,0.6,0.0,0,1,24.444444,2
8429,12,6,5,0,22.75,0.0,40.81,4.2,0.96,0.0,0.0,0,1,24.444444,2
8430,12,7,5,0,22.79,0.0,41.99,8.3,9.48,0.51,0.0,0,1,24.444444,2
8431,12,8,5,0,22.95,0.0,42.3,8.2,24.84,0.93,61.8001,0,1,24.444444,2
8432,12,9,5,0,23.25,0.0,42.09,9.3,9.72,3.06,249.999,0,1,24.444444,2
8433,12,10,5,0,23.5,0.0,41.69,9.8,9.48,6.53,424.364,0,1,24.444444,2
8434,12,11,5,0,23.69,0.0,41.33,11.2,5.28,10.48,545.717,0,1,24.444444,2
8435,12,12,5,0,23.77,0.0,41.42,11.5,3.36,12.93,622.836,0,1,24.444444,2
8436,12,13,5,0,23.79,0.0,41.7,9.5,11.64,13.01,611.251,0,1,24.444444,2
8437,12,14,5,0,23.84,0.0,42.19,8.9,0.6,14.63,547.729,0,1,24.444444,2
8438,12,15,5,0,23.95,0.0,42.42,10.3,1.2,16.76,396.423,0,1,24.444444,2
8439,12,16,5,0,23.97,0.0,42.87,9.1,3.12,14.3,250.53,0,1,24.444444,2
8440,12,17,5,0,23.99,0.0,43.43,11.0,1.92,13.13,82.6978,0,1,24.444444,2
8441,12,18,5,0,23.96,0.0,44.32,10.5,2.88,10.57,0.0,0,1,24.444444,2
8442,12,19,5,0,23.98,0.0,45.55,12.0,3.36,11.35,0.0,0,1,24.444444,2
8443,12,20,5,0,23.89,0.0,46.92,10.2,2.16,8.25,0.0,0,1,24.444444,2
8444,12,21,5,0,23.87,0.0,47.54,11.6,3.24,8.46,0.0,0,1,24.444444,2
8445,12,22,5,0,23.87,0.0,47.9,12.0,3.0,8.21,0.0,0,1,24.444444,2
8446,12,23,5,0,23.84,0.0,48.2,12.4,1.68,7.6,0.0,0,1,24.444444,2
8447,12,24,5,0,23.79,0.0,48.34,12.6,1.92,6.92,0.0,0,1,24.444444,2
8448,12,1,6,0,23.33,0.0,50.27,3.7,3.24,1.35,0.0,0,1,24.444444,2
8449,12,2,6,0,23.18,0.0,51.32,4.4,0.6,1.35,0.0,0,1,24.444444,2
8450,12,3,6,0,23.18,0.0,51.35,6.2,0.48,1.66,0.0,0,1,24.444444,2
8451,12,4,6,0,23.08,0.0,51.35,5.1,3.12,1.06,0.0,0,1,24.444444,2
8452,12,5,6,0,22.96,0.0,50.96,4.4,0.24,0.71,0.0,0,1,24.444444,2
8453,12,6,6,0,22.89,0.0,50.6,3.5,1.68,0.43,0.0,0,1,24.444444,2
8454,12,7,6,0,22.87,0.0,50.55,4.0,3.84,0.47,0.0,0,1,24.444444,2
8455,12,8,6,0,22.87,0.0,50.91,3.8,4.56,0.39,42.2034,0,1,24.444444,2
8456,12,9,6,0,22.9,0.0,50.71,4.6,2.16,0.49,176.917,0,1,24.444444,2
8457,12,10,6,0,22.93,0.0,50.05,4.8,8.4,0.62,276.577,0,1,24.444444,2
8458,12,11,6,0,22.95,0.0,49.42,5.6,5.88,0.85,355.495,0,1,24.444444,2
8459,12,12,6,0,23.15,0.0,47.84,9.2,3.48,2.27,413.359,0,1,24.444444,2
8460,12,13,6,0,23.14,0.0,47.37,7.2,2.52,1.62,405.167,0,1,24.444444,2
8461,12,14,6,0,23.19,0.0,46.94,8.8,3.72,1.99,384.178,0,1,24.444444,2
8462,12,15,6,0,23.28,0.0,46.43,10.2,2.52,2.75,320.029,0,1,24.444444,2
8463,12,16,6,0,23.28,0.0,46.16,10.8,1.32,2.36,196.92,0,1,24.444444,2
8464,12,17,6,0,23.0,0.0,46.64,6.3,0.48,0.31,62.8086,0,1,24.444444,2
8465,12,18,6,0,22.88,0.0,46.53,9.2,0.6,0.52,0.0,0,1,24.444444,2
8466,12,19,6,0,23.0,0.0,45.91,12.9,2.16,1.36,0.0,0,1,24.444444,2
8467,12,20,6,0,22.96,0.0,46.1,12.5,8.64,1.08,0.0,0,1,24.444444,2
8468,12,21,6,0,22.87,0.0,46.49,10.4,2.28,0.58,0.0,0,1,24.444444,2
8469,12,22,6,0,22.83,0.0,46.61,10.9,1.44,0.64,0.0,0,1,24.444444,2
8470,12,23,6,0,22.73,0.0,46.78,6.5,0.96,0.01,0.0,0,1,24.444444,2
8471,12,24,6,0,22.74,0.0,46.61,9.8,1.92,0.37,0.0,0,1,24.444444,2
8472,12,1,7,0,22.66,0.0,46.76,5.1,2.4,0.0,0.0,0,1,24.444444,2
8473,12,2,7,0,22.62,0.0,47.2,3.9,0.36,0.0,0.0,0,1,24.444444,2
8474,12,3,7,0,22.61,0.0,47.91,3.8,0.0,0.0,0.0,0,1,24.444444,2
8475,12,4,7,0,22.63,0.0,47.97,6.2,3.36,0.0,0.0,0,1,24.444444,2
8476,12,5,7,0,22.58,0.0,47.87,3.6,0.24,0.0,0.0,0,1,24.444444,2
8477,12,6,7,0,22.56,0.0,47.13,4.1,3.12,0.0,0.0,0,1,24.444444,2
8478,12,7,7,0,22.56,0.0,46.56,4.0,7.2,0.0,0.0,0,1,24.444444,2
8479,12,8,7,0,22.59,0.0,46.05,5.3,5.04,0.0,42.6924,0,1,24.444444,2
8480,12,9,7,0,22.59,0.0,45.59,3.3,5.64,0.0,181.628,0,1,24.444444,2
8481,12,10,7,0,22.63,0.0,44.83,4.1,14.76,0.0,292.467,0,1,24.444444,2
8482,12,11,7,0,22.74,0.0,43.92,6.3,8.52,0.14,391.961,0,1,24.444444,2
8483,12,12,7,0,22.75,0.0,43.58,4.2,16.68,0.18,468.78,0,1,24.444444,2
8484,12,13,7,0,22.8,0.0,43.06,4.6,2.4,0.51,469.601,0,1,24.444444,2
8485,12,14,7,0,22.9,0.0,42.53,5.2,3.96,0.81,412.208,0,1,24.444444,2
8486,12,15,7,0,23.2,0.0,41.56,10.3,3.6,2.09,337.688,0,1,24.444444,2
8487,12,16,7,0,23.02,0.0,41.92,4.7,4.32,0.61,203.848,0,1,24.444444,2
8488,12,17,7,0,22.83,0.0,42.29,4.0,7.44,0.19,68.8189,0,1,24.444444,2
8489,12,18,7,0,22.81,0.0,42.26,6.6,9.72,0.18,0.0,0,1,24.444444,2
8490,12,19,7,0,22.77,0.0,42.8,4.7,6.12,0.07,0.0,0,1,24.444444,2
8491,12,20,7,0,22.79,0.0,43.54,6.7,2.64,0.28,0.0,0,1,24.444444,2
8492,12,21,7,0,22.8,0.0,44.06,7.2,2.88,0.33,0.0,0,1,24.444444,2
8493,12,22,7,0,22.84,0.0,44.08,9.6,1.08,0.78,0.0,0,1,24.444444,2
8494,12,23,7,0,22.76,0.0,44.48,5.5,8.88,0.1,0.0,0,1,24.444444,2
8495,12,24,7,0,22.76,0.0,44.67,6.9,0.84,0.31,0.0,0,1,24.444444,2
8496,12,1,1,0,22.75,0.0,44.83,6.6,1.08,0.26,0.0,0,1,24.444444,2
8497,12,2,1,0,22.69,0.0,45.14,3.6,0.72,0.0,0.0,0,1,24.444444,2
8498,12,3,1,0,22.66,0.0,45.4,3.6,1.08,0.0,0.0,0,1,24.444444,2
8499,12,4,1,0,22.65,0.0,45.74,3.2,2.76,0.0,0.0,0,1,24.444444,2
8500,12,5,1,0,22.64,0.0,45.79,3.6,0.12,0.0,0.0,0,1,24.444444,2
8501,12,6,1,0,22.64,0.0,45.7,4.3,0.36,0.0,0.0,0,1,24.444444,2
8502,12,7,1,0,22.62,0.0,45.79,3.4,0.48,0.0,0.0,0,1,24.444444,2
8503,12,8,1,0,22.64,0.0,45.87,3.6,6.24,0.0,39.0899,0,1,24.444444,2
8504,12,9,1,0,22.68,0.0,45.55,3.9,11.04,0.0,177.757,0,1,24.444444,2
8505,12,10,1,0,22.77,0.0,44.67,5.1,13.56,0.1,276.429,0,1,24.444444,2
8506,12,11,1,0,22.85,0.0,44.04,4.0,17.52,0.51,347.305,0,1,24.444444,2
8507,12,12,1,0,23.09,0.0,43.24,6.1,9.84,1.96,429.45,0,1,24.444444,2
8508,12,13,1,0,23.22,0.0,42.79,3.9,2.52,2.06,545.163,0,1,24.444444,2
8509,12,14,1,0,23.3,0.0,42.74,4.3,5.28,2.33,453.878,0,1,24.444444,2
8510,12,15,1,0,23.48,0.0,42.43,8.5,2.52,5.51,359.086,0,1,24.444444,2
8511,12,16,1,0,23.46,0.0,42.8,4.8,2.52,3.67,278.666,0,1,24.444444,2
8512,12,17,1,0,23.39,0.0,43.33,5.8,1.68,2.93,111.617,0,1,24.444444,2
8513,12,18,1,0,23.22,0.0,44.57,4.9,11.04,1.26,0.0,0,1,24.444444,2
8514,12,19,1,0,23.3,0.0,45.16,8.5,5.16,2.64,0.0,0,1,24.444444,2
8515,12,20,1,0,23.16,0.0,46.73,4.8,4.68,1.07,0.0,0,1,24.444444,2
8516,12,21,1,0,23.36,0.0,46.69,12.1,5.4,3.69,0.0,0,1,24.444444,2
8517,12,22,1,0,23.17,0.0,47.97,5.9,4.08,1.13,0.0,0,1,24.444444,2
8518,12,23,1,0,23.2,0.0,49.01,8.6,3.0,1.92,0.0,0,1,24.444444,2
8519,12,24,1,0,23.12,0.0,50.33,6.6,3.12,1.18,0.0,0,1,24.444444,2
8520,12,1,2,0,22.99,0.0,52.16,4.7,1.08,0.77,0.0,0,1,24.444444,2
8521,12,2,2,0,22.91,0.0,53.96,3.8,0.24,0.56,0.0,0,1,24.444444,2
8522,12,3,2,0,22.9,0.0,55.61,5.1,0.24,0.76,0.0,0,1,24.444444,2
8523,12,4,2,0,22.85,0.0,57.09,3.6,0.6,0.39,0.0,0,1,24.444444,2
8524,12,5,2,0,22.88,0.0,57.86,5.8,0.48,0.88,0.0,0,1,24.444444,2
8525,12,6,2,0,22.82,0.0,58.75,3.8,0.48,0.35,0.0,0,1,24.444444,2
8526,12,7,2,0,22.8,0.0,59.51,3.3,1.8,0.36,0.0,0,1,24.444444,2
8527,12,8,2,0,22.99,0.0,59.43,2.8,11.76,1.21,66.1042,0,1,24.444444,2
8528,12,9,2,0,23.32,0.0,58.24,4.9,7.32,5.52,254.796,0,1,24.444444,2
8529,12,10,2,0,23.61,0.0,56.96,5.9,15.12,9.98,457.987,0,1,24.444444,2
8530,12,11,2,0,23.71,0.0,56.92,5.8,4.2,12.95,634.495,0,1,24.444444,2
8531,12,12,2,0,23.89,0.0,56.65,11.9,2.52,22.3,618.113,0,1,24.444444,2
8532,12,13,2,0,23.86,0.0,57.21,5.3,4.2,19.89,724.538,0,1,24.444444,2
8533,12,14,2,0,23.93,0.0,57.17,5.5,0.96,24.92,704.314,0,1,24.444444,2
8534,12,15,2,0,24.05,0.02,55.27,10.4,3.96,33.93,591.099,0,1,24.444444,2
8535,12,16,2,0,24.06,0.0,54.14,9.8,1.44,31.1,362.456,0,1,24.444444,2
8536,12,17,2,0,24.01,0.0,55.34,3.9,4.2,17.22,134.07,0,1,24.444444,2
8537,12,18,2,0,24.06,0.0,56.93,10.6,3.72,21.17,0.0,0,1,24.444444,2
8538,12,19,2,0,24.07,0.0,57.51,9.9,2.16,19.81,0.0,0,1,24.444444,2
8539,12,20,2,0,24.07,0.0,58.28,10.3,1.2,19.31,0.0,0,1,24.444444,2
8540,12,21,2,0,24.01,0.0,60.22,5.5,2.88,11.92,0.0,0,1,24.444444,2
8541,12,22,2,0,24.05,0.0,61.56,9.0,1.92,15.94,0.0,0,1,24.444444,2
8542,12,23,2,0,24.07,0.0,61.08,11.8,1.08,18.86,0.0,0,1,24.444444,2
8543,12,24,2,0,24.04,0.0,61.43,8.6,2.52,12.98,0.0,0,1,24.444444,2
8544,12,1,3,0,24.06,0.0,61.69,11.6,0.84,16.55,0.0,0,1,24.444444,2
8545,12,2,3,0,23.85,0.0,63.86,4.1,0.36,6.67,0.0,0,1,24.444444,2
8546,12,3,3,0,23.77,0.0,66.12,4.8,0.24,6.82,0.0,0,1,24.444444,2
8547,12,4,3,0,23.65,0.0,67.97,3.4,0.0,4.97,0.0,0,1,24.444444,2
8548,12,5,3,0,23.59,0.0,69.73,3.3,9.36,4.64,0.0,0,1,24.444444,2
8549,12,6,3,0,23.55,0.0,70.67,3.5,1.44,4.38,0.0,0,1,24.444444,2
8550,12,7,3,0,23.57,0.0,70.79,4.8,4.92,6.02,0.0,0,1,24.444444,2
8551,12,8,3,0,23.7,0.0,69.03,3.6,20.88,13.83,74.6016,0,1,24.444444,2
8552,12,9,3,0,23.8,0.0,66.15,6.1,9.72,20.29,272.871,0,1,24.444444,2
8553,12,10,3,0,23.84,0.0,64.08,5.2,9.84,19.51,433.687,0,1,24.444444,2
8554,12,11,3,0,23.88,0.0,62.91,5.9,1.92,18.49,467.402,0,1,24.444444,2
8555,12,12,3,0,23.91,0.0,61.94,4.8,3.72,17.63,468.259,0,1,24.444444,2
8556,12,13,3,0,23.95,0.0,61.3,4.7,1.92,20.31,491.69,0,1,24.444444,2
8557,12,14,3,0,24.0,0.0,61.0,3.3,3.36,23.48,512.063,0,1,24.444444,2
8558,12,15,3,0,24.07,0.0,59.11,9.7,2.28,34.02,401.594,0,1,24.444444,2
8559,12,16,3,0,24.07,0.0,58.51,6.3,0.72,24.61,231.703,0,1,24.444444,2
8560,12,17,3,0,24.03,0.0,59.56,3.8,0.72,13.95,58.7081,0,1,24.444444,2
8561,12,18,3,0,24.05,0.0,58.86,10.3,5.4,16.72,0.0,0,1,24.444444,2
8562,12,19,3,0,24.06,0.0,57.0,11.7,1.44,16.37,0.0,0,1,24.444444,2
8563,12,20,3,0,23.98,0.0,56.77,7.7,2.88,9.32,0.0,0,1,24.444444,2
8564,12,21,3,0,23.85,0.0,57.99,6.6,12.48,7.12,0.0,0,1,24.444444,2
8565,12,22,3,0,23.78,0.0,59.07,6.6,3.36,6.76,0.0,0,1,24.444444,2
8566,12,23,3,0,23.76,0.0,59.95,7.7,1.32,7.1,0.0,0,1,24.444444,2
8567,12,24,3,0,23.73,0.0,60.89,8.3,0.48,6.6,0.0,0,1,24.444444,2
8568,12,1,4,0,23.69,0.0,60.19,11.7,1.2,6.05,0.0,0,1,24.444444,2
8569,12,2,4,0,23.35,0.0,57.83,8.7,1.08,1.81,0.0,0,1,24.444444,2
8570,12,3,4,0,22.99,0.0,56.37,5.3,0.36,0.52,0.0,0,1,24.444444,2
8571,12,4,4,0,22.78,0.0,53.18,3.5,0.84,0.05,0.0,0,1,24.444444,2
8572,12,5,4,0,22.7,0.0,49.59,3.4,2.04,0.0,0.0,0,1,24.444444,2
8573,12,6,4,0,22.66,0.0,46.9,3.9,0.72,0.0,0.0,0,1,24.444444,2
8574,12,7,4,0,22.62,0.0,44.73,3.7,5.52,0.0,0.0,0,1,24.444444,2
8575,12,8,4,0,22.9,0.0,42.9,8.2,7.68,0.44,75.2053,0,1,24.444444,2
8576,12,9,4,0,23.34,0.0,40.28,12.5,10.32,4.62,306.067,0,1,24.444444,2
8577,12,10,4,0,23.41,0.0,37.8,8.7,5.04,4.84,508.253,0,1,24.444444,2
8578,12,11,4,0,23.43,0.0,35.78,9.0,2.88,6.16,659.002,0,1,24.444444,2
8579,12,12,4,0,23.44,0.0,34.13,8.5,5.28,7.71,791.787,0,1,24.444444,2
8580,12,13,4,0,23.46,0.0,32.28,7.4,0.84,7.7,785.741,0,1,24.444444,2
8581,12,14,4,0,23.54,0.0,30.58,8.9,3.12,9.44,712.63,0,1,24.444444,2
8582,12,15,4,0,23.6,0.0,29.19,9.8,1.08,10.58,583.95,0,1,24.444444,2
8583,12,16,4,0,23.63,0.0,28.32,11.4,1.92,10.8,386.409,0,1,24.444444,2
8584,12,17,4,0,23.42,0.0,27.78,3.4,1.32,2.72,154.278,0,1,24.444444,2
8585,12,18,4,0,23.3,0.0,27.4,9.0,2.52,1.78,0.0,0,1,24.444444,2
8586,12,19,4,0,23.25,0.0,27.36,9.4,2.64,1.49,0.0,0,1,24.444444,2
8587,12,20,4,0,23.16,0.0,27.49,9.4,1.92,1.16,0.0,0,1,24.444444,2
8588,12,21,4,0,23.02,0.0,27.59,8.4,4.2,0.77,0.0,0,1,24.444444,2
8589,12,22,4,0,23.35,0.0,27.07,19.5,2.52,3.53,0.0,0,1,24.444444,2
8590,12,23,4,0,23.04,0.0,27.8,10.2,1.08,0.66,0.0,0,1,24.444444,2
8591,12,24,4,0,22.86,0.0,28.38,9.7,2.04,0.41,0.0,0,1,24.444444,2
8592,12,1,8,0,22.85,0.0,28.92,12.9,0.36,0.59,0.0,0,1,24.444444,2
8593,12,2,8,0,22.71,0.0,29.48,9.7,0.6,0.03,0.0,0,1,24.444444,2
8594,12,3,8,0,22.65,0.0,29.82,9.1,0.48,0.0,0.0,0,1,24.444444,2
8595,12,4,8,0,22.62,0.0,30.36,8.0,1.44,0.0,0.0,0,1,24.444444,2
8596,12,5,8,0,22.59,0.0,30.72,8.1,0.36,0.0,0.0,0,1,24.444444,2
8597,12,6,8,0,22.5,0.0,30.99,3.5,3.12,0.0,0.0,0,1,24.444444,2
8598,12,7,8,0,22.52,0.0,31.06,8.2,2.52,0.0,0.0,0,1,24.444444,2
8599,12,8,8,0,22.72,0.0,31.01,9.8,14.64,0.05,79.0335,0,1,24.444444,2
8600,12,9,8,0,23.09,0.0,30.5,10.2,8.88,2.52,325.0,0,1,24.444444,2
8601,12,10,8,0,23.28,0.0,29.83,10.3,4.32,4.76,545.262,0,1,24.444444,2
8602,12,11,8,0,23.37,0.0,29.0,11.5,1.32,6.86,674.55,0,1,24.444444,2
8603,12,12,8,0,23.37,0.0,28.37,8.8,2.16,7.17,741.896,0,1,24.444444,2
8604,12,13,8,0,23.4,0.0,27.65,8.2,3.0,8.19,679.603,0,1,24.444444,2
8605,12,14,8,0,23.54,0.0,27.0,9.4,3.12,10.41,686.393,0,1,24.444444,2
8606,12,15,8,0,23.62,0.0,27.05,9.8,1.68,12.38,584.158,0,1,24.444444,2
8607,12,16,8,0,23.67,0.0,27.74,10.2,1.44,11.83,386.042,0,1,24.444444,2
8608,12,17,8,0,23.6,0.0,28.63,8.2,0.72,6.45,145.09,0,1,24.444444,2
8609,12,18,8,0,23.53,0.0,29.43,9.2,3.96,3.73,0.0,0,1,24.444444,2
8610,12,19,8,0,23.53,0.0,29.96,10.4,3.12,3.99,0.0,0,1,24.444444,2
8611,12,20,8,0,23.46,0.0,30.72,9.6,4.68,2.47,0.0,0,1,24.444444,2
8612,12,21,8,0,23.43,0.0,31.4,12.3,2.76,2.69,0.0,0,1,24.444444,2
8613,12,22,8,0,23.27,0.0,32.63,10.4,2.04,1.4,0.0,0,1,24.444444,2
8614,12,23,8,0,23.17,0.0,33.7,11.0,1.44,1.26,0.0,0,1,24.444444,2
8615,12,24,8,0,23.12,0.0,34.47,11.7,3.36,1.2,0.0,0,1,24.444444,2
8616,12,1,6,0,22.77,0.0,35.63,4.0,1.56,0.01,0.0,0,1,24.444444,2
8617,12,2,6,0,22.68,0.0,36.21,5.4,1.08,0.0,0.0,0,1,24.444444,2
8618,12,3,6,0,22.67,0.0,36.41,7.4,0.48,0.01,0.0,0,1,24.444444,2
8619,12,4,6,0,22.59,0.0,36.51,3.7,0.84,0.0,0.0,0,1,24.444444,2
8620,12,5,6,0,22.57,0.0,37.25,3.6,0.24,0.0,0.0,0,1,24.444444,2
8621,12,6,6,0,22.56,0.0,38.71,3.5,0.84,0.0,0.0,0,1,24.444444,2
8622,12,7,6,0,22.57,0.0,40.02,3.9,3.72,0.0,0.0,0,1,24.444444,2
8623,12,8,6,0,22.66,0.0,41.12,4.1,4.32,0.0,58.5835,0,1,24.444444,2
8624,12,9,6,0,22.96,0.0,41.42,5.3,5.52,0.65,250.55,0,1,24.444444,2
8625,12,10,6,0,23.23,0.0,41.7,6.2,10.2,3.77,430.777,0,1,24.444444,2
8626,12,11,6,0,23.35,0.0,42.49,5.3,6.0,5.1,525.234,0,1,24.444444,2
8627,12,12,6,0,23.41,0.0,43.66,5.0,2.16,6.9,627.605,0,1,24.444444,2
8628,12,13,6,0,23.48,0.0,45.23,4.1,2.52,7.38,597.446,0,1,24.444444,2
8629,12,14,6,0,23.74,0.0,44.78,10.8,5.4,13.86,543.107,0,1,24.444444,2
8630,12,15,6,0,23.82,0.0,44.36,9.7,2.16,13.76,395.22,0,1,24.444444,2
8631,12,16,6,0,23.86,0.0,44.21,9.8,1.56,13.27,257.336,0,1,24.444444,2
8632,12,17,6,0,23.69,0.0,45.15,4.4,0.72,6.62,95.6537,0,1,24.444444,2
8633,12,18,6,0,23.71,0.0,45.67,9.3,0.96,8.39,0.0,0,1,24.444444,2
8634,12,19,6,0,23.76,0.0,45.99,10.0,1.92,8.97,0.0,0,1,24.444444,2
8635,12,20,6,0,23.77,0.0,46.81,10.0,5.52,8.31,0.0,0,1,24.444444,2
8636,12,21,6,0,23.67,0.0,48.28,7.8,4.44,5.94,0.0,0,1,24.444444,2
8637,12,22,6,0,23.7,0.0,49.72,9.6,2.04,7.43,0.0,0,1,24.444444,2
8638,12,23,6,0,23.74,0.0,50.6,10.3,1.44,7.99,0.0,0,1,24.444444,2
8639,12,24,6,0,23.61,0.0,52.17,6.2,1.08,4.6,0.0,0,1,24.444444,2
8640,12,1,7,0,23.48,0.0,54.19,3.9,0.24,3.15,0.0,0,1,24.444444,2
8641,12,2,7,0,23.43,0.0,55.96,5.1,1.68,3.19,0.0,0,1,24.444444,2
8642,12,3,7,0,23.35,0.0,58.71,3.6,0.36,2.51,0.0,0,1,24.444444,2
8643,12,4,7,0,23.37,0.0,61.25,5.0,0.24,3.19,0.0,0,1,24.444444,2
8644,12,5,7,0,23.29,0.0,63.58,3.7,0.72,2.18,0.0,0,1,24.444444,2
8645,12,6,7,0,23.26,0.0,65.14,3.8,2.04,2.17,0.0,0,1,24.444444,2
8646,12,7,7,0,23.24,0.0,66.36,3.8,1.8,2.16,0.0,0,1,24.444444,2
8647,12,8,7,0,23.35,0.0,66.17,5.4,3.96,3.56,35.1275,0,1,24.444444,2
8648,12,9,7,0,23.4,0.0,66.27,3.9,5.4,3.12,162.803,0,1,24.444444,2
8649,12,10,7,0,23.5,0.0,66.23,4.6,11.64,5.58,278.064,0,1,24.444444,2
8650,12,11,7,0,23.63,0.0,65.1,7.9,5.52,12.02,387.86,0,1,24.444444,2
8651,12,12,7,0,23.63,0.0,64.47,4.4,8.4,9.64,456.722,0,1,24.444444,2
8652,12,13,7,0,23.68,0.0,64.16,5.4,3.96,11.8,433.525,0,1,24.444444,2
8653,12,14,7,0,23.74,0.0,63.61,5.6,5.4,13.35,399.403,0,1,24.444444,2
8654,12,15,7,0,24.0,0.0,61.19,12.8,4.68,22.5,317.881,0,1,24.444444,2
8655,12,16,7,0,24.01,0.0,60.3,8.6,2.76,15.59,193.816,0,1,24.444444,2
8656,12,17,7,0,23.91,0.0,61.71,5.4,1.68,10.66,57.3495,0,1,24.444444,2
8657,12,18,7,0,23.86,0.0,63.94,5.2,3.12,9.9,0.0,0,1,24.444444,2
8658,12,19,7,0,23.94,0.0,64.92,7.6,7.56,12.93,0.0,0,1,24.444444,2
8659,12,20,7,0,23.94,0.0,65.9,6.9,1.2,11.65,0.0,0,1,24.444444,2
8660,12,21,7,0,23.95,0.0,66.91,7.4,2.4,11.74,0.0,0,1,24.444444,2
8661,12,22,7,0,23.85,0.0,68.34,4.7,4.32,8.77,0.0,0,1,24.444444,2
8662,12,23,7,0,23.84,0.0,69.09,5.8,3.36,9.31,0.0,0,1,24.444444,2
8663,12,24,7,0,23.82,0.0,69.55,6.2,1.2,9.11,0.0,0,1,24.444444,2
8664,12,1,1,0,23.76,0.0,70.15,5.2,0.96,7.58,0.0,0,1,24.444444,2
8665,12,2,1,0,23.66,0.0,71.25,3.6,0.6,5.48,0.0,0,1,24.444444,2
8666,12,3,1,0,23.61,0.0,72.33,3.7,0.96,5.05,0.0,0,1,24.444444,2
8667,12,4,1,0,23.54,0.0,72.61,3.7,0.6,4.2,0.0,0,1,24.444444,2
8668,12,5,1,0,23.48,0.0,72.93,3.8,0.12,4.09,0.0,0,1,24.444444,2
8669,12,6,1,0,23.48,0.0,73.32,3.9,0.24,4.29,0.0,0,1,24.444444,2
8670,12,7,1,0,23.5,0.0,73.07,4.7,0.96,4.86,0.0,0,1,24.444444,2
8671,12,8,1,0,23.54,0.0,72.51,4.4,6.0,6.03,0.0,0,1,24.444444,2
8672,12,9,1,0,23.56,0.0,71.78,3.7,9.24,6.48,156.944,0,1,24.444444,2
8673,12,10,1,0,23.57,0.0,70.07,4.7,10.44,6.68,236.53,0,1,24.444444,2
8674,12,11,1,0,23.57,0.0,66.5,5.3,8.64,6.99,322.402,0,1,24.444444,2
8675,12,12,1,0,23.56,0.0,63.03,4.8,3.24,6.29,402.35,0,1,24.444444,2
8676,12,13,1,0,23.54,0.0,60.27,4.1,2.16,6.13,417.882,0,1,24.444444,2
8677,12,14,1,0,23.56,0.0,57.64,4.8,5.76,6.94,349.83,0,1,24.444444,2
8678,12,15,1,0,23.68,0.0,54.71,8.9,2.64,10.61,307.378,0,1,24.444444,2
8679,12,16,1,0,23.59,0.0,53.52,5.4,1.8,5.89,187.4,0,1,24.444444,2
8680,12,17,1,0,23.5,0.0,52.85,4.9,3.0,3.78,62.5108,0,1,24.444444,2
8681,12,18,1,0,23.4,0.0,52.92,4.5,4.32,2.39,0.0,0,1,24.444444,2
8682,12,19,1,0,23.4,0.0,53.07,5.6,7.08,3.05,0.0,0,1,24.444444,2
8683,12,20,1,0,23.36,0.0,53.33,5.6,1.32,2.42,0.0,0,1,24.444444,2
8684,12,21,1,0,23.26,0.0,54.01,5.0,6.72,1.65,0.0,0,1,24.444444,2
8685,12,22,1,0,23.19,0.0,54.49,4.9,2.76,1.49,0.0,0,1,24.444444,2
8686,12,23,1,0,23.11,0.0,55.1,4.8,2.76,1.07,0.0,0,1,24.444444,2
8687,12,24,1,0,23.02,0.0,55.68,5.0,2.04,0.95,0.0,0,1,24.444444,2
8688,12,1,2,0,22.96,0.0,55.99,4.1,0.72,0.66,0.0,0,1,24.444444,2
8689,12,2,2,0,22.92,0.0,56.3,4.5,0.48,0.68,0.0,0,1,24.444444,2
8690,12,3,2,0,22.9,0.0,56.87,4.6,0.24,0.61,0.0,0,1,24.444444,2
8691,12,4,2,0,22.84,0.0,57.31,3.4,0.48,0.25,0.0,0,1,24.444444,2
8692,12,5,2,0,22.77,0.0,57.08,3.1,0.84,0.12,0.0,0,1,24.444444,2
8693,12,6,2,0,22.78,0.0,56.59,4.6,0.96,0.29,0.0,0,1,24.444444,2
8694,12,7,2,0,22.8,0.0,56.16,6.0,1.44,0.51,0.0,0,1,24.444444,2
8695,12,8,2,0,22.86,0.0,55.5,5.8,14.04,0.63,0.0,0,1,24.444444,2
8696,12,9,2,0,22.93,0.0,54.39,4.1,7.92,0.62,197.768,0,1,24.444444,2
8697,12,10,2,0,23.2,0.0,52.56,7.4,11.4,3.0,350.737,0,1,24.444444,2
8698,12,11,2,0,23.27,0.0,51.43,4.8,8.04,3.36,472.285,0,1,24.444444,2
8699,12,12,2,0,23.36,0.0,50.3,4.4,3.0,5.34,567.891,0,1,24.444444,2
8700,12,13,2,0,23.58,0.0,48.86,9.5,1.44,10.75,588.876,0,1,24.444444,2
8701,12,14,2,0,23.7,0.0,47.62,10.0,6.24,12.47,521.967,0,1,24.444444,2
8702,12,15,2,0,23.8,0.0,46.37,12.2,2.52,13.63,364.241,0,1,24.444444,2
8703,12,16,2,0,23.85,0.0,45.69,12.2,1.68,12.45,219.655,0,1,24.444444,2
8704,12,17,2,0,23.61,0.0,46.58,4.1,3.36,4.46,78.1488,0,1,24.444444,2
8705,12,18,2,0,23.71,0.0,47.04,11.4,1.8,8.9,0.0,0,1,24.444444,2
8706,12,19,2,0,23.74,0.0,47.65,10.3,1.44,8.28,0.0,0,1,24.444444,2
8707,12,20,2,0,23.62,0.0,49.27,7.4,1.68,5.0,0.0,0,1,24.444444,2
8708,12,21,2,0,23.47,0.0,51.0,5.6,8.04,2.95,0.0,0,1,24.444444,2
8709,12,22,2,0,23.51,0.0,51.84,8.4,1.92,4.39,0.0,0,1,24.444444,2
8710,12,23,2,0,23.66,0.0,51.43,14.1,1.8,8.24,0.0,0,1,24.444444,2
8711,12,24,2,0,23.53,0.0,51.93,9.6,0.72,3.93,0.0,0,1,24.444444,2
8712,12,1,3,0,23.37,0.0,53.28,7.0,0.48,2.22,0.0,0,1,24.444444,2
8713,12,2,3,0,23.11,0.0,54.82,3.8,0.48,0.88,0.0,0,1,24.444444,2
8714,12,3,3,0,22.97,0.0,55.35,4.4,0.48,0.78,0.0,0,1,24.444444,2
8715,12,4,3,0,22.88,0.0,55.44,3.4,0.0,0.36,0.0,0,1,24.444444,2
8716,12,5,3,0,22.85,0.0,54.98,4.8,6.72,0.45,0.0,0,1,24.444444,2
8717,12,6,3,0,22.79,0.0,54.18,3.6,1.92,0.15,0.0,0,1,24.444444,2
8718,12,7,3,0,22.75,0.0,53.45,3.7,3.36,0.07,0.0,0,1,24.444444,2
8719,12,8,3,0,22.77,0.0,52.14,4.2,26.88,0.13,0.0,0,1,24.444444,2
8720,12,9,3,0,22.81,0.0,50.55,4.6,11.16,0.15,177.89,0,1,24.444444,2
8721,12,10,3,0,22.86,0.0,48.54,4.7,1.92,0.25,286.035,0,1,24.444444,2
8722,12,11,3,0,22.88,0.0,47.13,4.5,1.08,0.52,386.578,0,1,24.444444,2
8723,12,12,3,0,22.89,0.0,45.55,3.5,4.56,0.65,456.82,0,1,24.444444,2
8724,12,13,3,0,22.97,0.0,44.18,4.5,1.68,1.0,465.163,0,1,24.444444,2
8725,12,14,3,0,23.01,0.0,42.65,4.7,0.84,1.04,433.215,0,1,24.444444,2
8726,12,15,3,0,23.27,0.0,40.55,10.4,1.2,2.56,340.252,0,1,24.444444,2
8727,12,16,3,0,23.02,0.0,39.86,4.1,1.8,0.59,209.614,0,1,24.444444,2
8728,12,17,3,0,22.85,0.0,39.33,3.9,1.8,0.25,67.8542,0,1,24.444444,2
8729,12,18,3,0,22.9,0.0,38.76,9.9,2.76,0.79,0.0,0,1,24.444444,2
8730,12,19,3,0,22.91,0.0,38.54,9.6,2.28,0.73,0.0,0,1,24.444444,2
8731,12,20,3,0,23.0,0.0,37.96,13.7,3.12,1.31,0.0,0,1,24.444444,2
8732,12,21,3,0,22.75,0.0,38.03,5.3,3.24,0.0,0.0,0,1,24.444444,2
8733,12,22,3,0,22.78,0.0,37.04,10.3,0.96,0.39,0.0,0,1,24.444444,2
8734,12,23,3,0,22.8,0.0,36.32,11.5,2.16,0.52,0.0,0,1,24.444444,2
8735,12,24,3,0,22.68,0.0,36.12,6.5,0.72,0.0,0.0,0,1,24.444444,2
8736,12,1,4,0,22.68,0.0,35.5,8.9,0.6,0.01,0.0,0,1,24.444444,2
8737,12,2,4,0,22.66,0.0,35.19,8.8,0.36,0.0,0.0,0,1,24.444444,2
8738,12,3,4,0,22.59,0.0,35.11,5.7,0.36,0.0,0.0,0,1,24.444444,2
8739,12,4,4,0,22.56,0.0,35.07,5.3,0.6,0.0,0.0,0,1,24.444444,2
8740,12,5,4,0,22.53,0.0,35.2,3.4,4.2,0.0,0.0,0,1,24.444444,2
8741,12,6,4,0,22.52,0.0,35.18,4.1,0.84,0.0,0.0,0,1,24.444444,2
8742,12,7,4,0,22.5,0.0,35.33,3.4,5.4,0.0,0.0,0,1,24.444444,2
8743,12,8,4,0,22.72,0.0,34.79,8.9,8.04,0.02,0.0,0,1,24.444444,2
8744,12,9,4,0,22.98,0.0,33.87,8.9,5.16,0.85,285.288,0,1,24.444444,2
8745,12,10,4,0,23.08,0.0,33.26,8.7,3.72,2.17,465.932,0,1,24.444444,2
8746,12,11,4,0,23.19,0.0,32.56,10.2,5.76,3.7,602.877,0,1,24.444444,2
8747,12,12,4,0,23.29,0.0,32.11,10.4,6.0,5.41,716.624,0,1,24.444444,2
8748,12,13,4,0,23.31,0.0,32.07,7.5,0.84,5.32,720.603,0,1,24.444444,2
8749,12,14,4,0,23.42,0.0,31.98,9.2,3.24,7.54,669.045,0,1,24.444444,2
8750,12,15,4,0,23.54,0.0,31.79,10.0,2.4,9.86,584.414,0,1,24.444444,2
8751,12,16,4,0,23.58,0.0,31.75,9.6,1.2,10.17,421.448,0,1,24.444444,2
8752,12,17,4,0,23.55,0.0,31.93,8.6,3.48,7.37,209.158,0,1,24.444444,2
8753,12,18,4,0,23.45,0.0,32.57,8.7,1.32,2.79,0.0,0,1,24.444444,2
8754,12,19,4,0,23.41,0.0,33.34,9.3,3.84,2.49,0.0,0,1,24.444444,2
8755,12,20,4,0,23.34,0.0,33.96,10.1,1.44,1.82,0.0,0,1,24.444444,2
8756,12,21,4,0,23.23,0.0,34.73,8.6,2.52,1.36,0.0,0,1,24.444444,2
8757,12,22,4,0,23.32,0.0,35.02,11.9,1.32,2.25,0.0,0,1,24.444444,2
8758,12,23,4,0,23.19,0.0,34.98,10.3,3.84,1.26,0.0,0,1,24.444444,2
8759,12,24,4,0,23.05,0.0,34.47,9.9,0.96,0.89,0.0,0,1,24.444444,2
8760,1,1,8,0,22.99,0.0,49.6,12.3,0.48,1.24,0.0,0,1,24.444444,2
8761,1,2,8,0,22.81,0.0,46.17,9.6,0.72,0.28,0.0,0,1,24.444444,2
8762,1,3,8,0,22.75,0.0,42.72,10.0,0.36,0.24,0.0,0,1,24.444444,2
8763,1,4,8,0,22.73,0.0,40.07,9.8,0.48,0.19,0.0,0,1,24.444444,2
8764,1,5,8,0,22.73,0.0,38.47,10.6,0.72,0.27,0.0,0,1,24.444444,2
8765,1,6,8,0,22.72,0.0,37.46,11.1,0.36,0.28,0.0,0,1,24.444444,2
8766,1,7,8,0,22.7,0.0,37.06,10.1,10.2,0.13,0.0,0,1,24.444444,2
8767,1,8,8,0,22.65,0.0,37.26,7.7,19.2,0.0,0.0,0,1,24.444444,2
8768,1,9,8,0,22.7,0.0,37.23,11.3,3.96,0.2,66.2155,0,1,24.444444,2
8769,1,10,8,0,22.74,0.0,37.38,12.0,1.44,0.4,88.5682,0,1,24.444444,2
8770,1,11,8,0,22.72,0.0,38.16,8.6,4.08,0.09,122.061,0,1,24.444444,2
8771,1,12,8,0,22.72,0.0,39.17,7.8,1.08,0.08,169.085,0,1,24.444444,2
8772,1,13,8,0,22.76,0.0,40.45,8.0,5.28,0.28,181.965,0,1,24.444444,2
8773,1,14,8,0,22.79,0.0,42.34,8.7,1.2,0.42,130.084,0,1,24.444444,2
8774,1,15,8,0,22.83,0.0,43.79,9.9,2.88,0.68,100.007,0,1,24.444444,2
8775,1,16,8,0,22.83,0.0,45.0,8.2,5.16,0.51,94.2842,0,1,24.444444,2
8776,1,17,8,0,22.83,0.0,46.05,8.9,1.68,0.64,18.5143,0,1,24.444444,2
8777,1,18,8,0,22.91,0.0,46.63,11.3,2.52,1.34,0.0,0,1,24.444444,2
8778,1,19,8,0,22.96,0.0,48.17,10.1,2.04,1.36,0.0,0,1,24.444444,2
8779,1,20,8,0,23.02,0.0,49.53,11.2,4.8,1.81,0.0,0,1,24.444444,2
8780,1,21,8,0,23.02,0.0,50.31,10.8,5.28,1.6,0.0,0,1,24.444444,2
8781,1,22,8,0,23.02,0.0,50.37,10.7,9.6,1.62,0.0,0,1,24.444444,2
8782,1,23,8,0,23.07,0.0,50.17,12.2,1.8,2.04,0.0,0,1,24.444444,2
8783,1,24,8,0,23.03,0.0,50.39,10.4,1.08,1.51,0.0,0,1,24.444444,2
8784,1,1,6,0,22.88,0.0,51.29,5.3,0.72,0.39,0.0,0,1,24.444444,2
8785,1,2,6,0,22.86,0.0,52.02,6.0,0.48,0.51,0.0,0,1,24.444444,2
8786,1,3,6,0,22.82,0.0,53.07,4.3,0.6,0.31,0.0,0,1,24.444444,2
8787,1,4,6,0,22.86,0.0,54.06,6.6,3.12,0.74,0.0,0,1,24.444444,2
8788,1,5,6,0,22.8,0.0,55.66,3.4,0.0,0.28,0.0,0,1,24.444444,2
8789,1,6,6,0,22.8,0.0,57.22,3.3,1.08,0.36,0.0,0,1,24.444444,2
8790,1,7,6,0,22.84,0.0,58.72,5.1,4.8,0.82,0.0,0,1,24.444444,2
8791,1,8,6,0,23.02,0.0,59.38,8.9,7.44,2.18,0.0,0,1,24.444444,2
8792,1,9,6,0,23.11,0.0,60.1,7.4,2.28,2.06,118.85,0,1,24.444444,2
8793,1,10,6,0,23.35,0.0,60.21,8.1,13.2,3.98,244.782,0,1,24.444444,2
8794,1,11,6,0,23.59,0.0,60.17,8.3,1.92,8.01,335.304,0,1,24.444444,2
8795,1,12,6,0,23.82,0.0,59.4,11.2,4.56,14.25,361.371,0,1,24.444444,2
8796,1,13,6,0,23.92,0.0,58.89,8.9,3.84,15.38,385.903,0,1,24.444444,2
8797,1,14,6,0,23.99,0.0,58.19,8.7,3.36,17.47,346.356,0,1,24.444444,2
8798,1,15,6,0,24.06,0.0,57.06,12.0,5.64,22.56,259.79,0,1,24.444444,2
8799,1,16,6,0,24.07,0.0,56.58,9.8,1.8,18.8,142.129,0,1,24.444444,2
8800,1,17,6,0,24.06,0.0,57.47,8.2,4.92,14.36,16.0139,0,1,24.444444,2
8801,1,18,6,0,24.07,0.0,57.47,15.3,2.16,24.7,0.0,0,1,24.444444,2
8802,1,19,6,0,24.07,0.0,57.36,11.2,3.96,18.99,0.0,0,1,24.444444,2
8803,1,20,6,0,24.07,0.0,58.18,9.9,1.32,16.84,0.0,0,1,24.444444,2
8804,1,21,6,0,24.06,0.0,59.34,8.4,2.64,14.05,0.0,0,1,24.444444,2
8805,1,22,6,0,24.07,0.0,59.84,10.7,0.6,16.81,0.0,0,1,24.444444,2
8806,1,23,6,0,24.07,0.0,59.63,11.5,7.08,16.74,0.0,0,1,24.444444,2
8807,1,24,6,0,24.05,0.0,60.1,9.9,0.72,13.21,0.0,0,1,24.444444,2
8808,1,1,7,0,23.94,0.0,61.9,6.4,0.48,8.43,0.0,0,1,24.444444,2
8809,1,2,7,0,23.86,0.0,63.73,5.4,1.8,7.55,0.0,0,1,24.444444,2
8810,1,3,7,0,23.74,0.0,65.31,3.6,0.6,5.62,0.0,0,1,24.444444,2
8811,1,4,7,0,23.84,0.0,65.17,7.9,0.84,9.56,0.0,0,1,24.444444,2
8812,1,5,7,0,23.74,0.0,65.87,5.2,0.36,6.07,0.0,0,1,24.444444,2
8813,1,6,7,0,23.69,0.0,66.99,5.6,1.08,5.98,0.0,0,1,24.444444,2
8814,1,7,7,0,23.65,0.0,68.33,4.9,1.92,5.57,0.0,0,1,24.444444,2
8815,1,8,7,0,23.64,0.0,69.38,4.0,8.52,6.0,0.0,0,1,24.444444,2
8816,1,9,7,0,23.71,0.0,69.33,6.2,6.96,8.62,83.2981,0,1,24.444444,2
8817,1,10,7,0,23.76,0.0,68.93,5.1,3.96,10.45,243.318,0,1,24.444444,2
8818,1,11,7,0,23.77,0.0,69.09,4.9,21.0,9.17,101.373,0,1,24.444444,2
8819,1,12,7,0,23.89,0.0,68.52,8.1,5.16,13.72,177.677,0,1,24.444444,2
8820,1,13,7,0,23.9,0.0,68.47,5.4,3.0,13.45,239.741,0,1,24.444444,2
8821,1,14,7,0,23.98,0.0,67.68,5.6,0.36,18.87,366.935,0,1,24.444444,2
8822,1,15,7,0,24.06,0.0,64.46,11.4,1.08,28.16,289.004,0,1,24.444444,2
8823,1,16,7,0,24.03,0.0,64.03,5.3,4.32,14.85,95.1361,0,1,24.444444,2
8824,1,17,7,0,24.0,0.0,65.29,4.7,11.4,12.63,22.2764,0,1,24.444444,2
8825,1,18,7,0,24.07,0.0,63.74,15.1,7.08,28.88,0.0,0,1,24.444444,2
8826,1,19,7,0,24.07,0.0,61.7,13.3,9.48,25.89,0.0,0,1,24.444444,2
8827,1,20,7,0,24.07,0.0,61.73,11.0,10.68,20.91,0.0,0,1,24.444444,2
8828,1,21,7,0,24.07,0.0,62.3,11.0,2.16,20.51,0.0,0,1,24.444444,2
8829,1,22,7,0,24.06,0.0,62.55,9.1,2.76,15.37,0.0,0,1,24.444444,2
8830,1,23,7,0,24.04,0.0,61.99,9.7,1.68,13.03,0.0,0,1,24.444444,2
8831,1,24,7,0,23.9,0.0,62.42,6.3,0.72,7.49,0.0,0,1,24.444444,2
8832,1,1,1,0,23.77,0.0,63.51,5.4,0.84,5.78,0.0,0,1,24.444444,2
8833,1,2,1,0,23.54,0.0,64.17,4.2,0.84,3.17,0.0,0,1,24.444444,2
8834,1,3,1,0,23.72,0.0,60.48,12.3,0.84,7.53,0.0,0,1,24.444444,2
8835,1,4,1,0,23.29,0.0,58.93,3.4,0.84,1.32,0.0,0,1,24.444444,2
8836,1,5,1,0,23.16,0.0,58.0,4.3,0.24,1.38,0.0,0,1,24.444444,2
8837,1,6,1,0,23.1,0.0,57.38,4.9,0.36,1.21,0.0,0,1,24.444444,2
8838,1,7,1,0,23.21,0.0,55.44,9.5,2.64,2.37,0.0,0,1,24.444444,2
8839,1,8,1,0,23.01,0.0,54.31,3.5,8.04,0.59,0.0,0,1,24.444444,2
8840,1,9,1,0,23.16,0.0,51.58,5.9,11.04,1.67,193.319,0,1,24.444444,2
8841,1,10,1,0,23.3,0.0,47.74,6.9,3.12,2.24,297.536,0,1,24.444444,2
8842,1,11,1,0,23.3,0.0,45.0,5.1,7.32,2.1,429.682,0,1,24.444444,2
8843,1,12,1,0,23.45,0.0,42.65,8.3,12.96,5.03,514.38,0,1,24.444444,2
8844,1,13,1,0,23.46,0.0,41.14,5.5,7.2,3.71,496.544,0,1,24.444444,2
8845,1,14,1,0,23.62,0.0,39.82,11.9,8.52,8.61,447.792,0,1,24.444444,2
8846,1,15,1,0,23.62,0.0,39.0,9.4,3.96,7.58,336.082,0,1,24.444444,2
8847,1,16,1,0,23.63,0.0,38.63,9.8,6.96,7.75,258.86,0,1,24.444444,2
8848,1,17,1,0,23.56,0.0,38.51,9.6,6.96,4.37,30.1783,0,1,24.444444,2
8849,1,18,1,0,23.5,0.0,38.18,10.3,8.28,3.44,0.0,0,1,24.444444,2
8850,1,19,1,0,23.47,0.0,37.95,10.2,9.84,2.93,0.0,0,1,24.444444,2
8851,1,20,1,0,23.41,0.0,37.73,10.6,7.2,2.36,0.0,0,1,24.444444,2
8852,1,21,1,0,23.47,0.0,37.06,15.0,7.8,3.67,0.0,0,1,24.444444,2
8853,1,22,1,0,23.22,0.0,37.12,9.2,10.2,1.09,0.0,0,1,24.444444,2
8854,1,23,1,0,23.01,0.0,37.26,8.5,1.44,0.62,0.0,0,1,24.444444,2
8855,1,24,1,0,22.81,0.0,37.44,6.8,3.84,0.19,0.0,0,1,24.444444,2
8856,1,1,2,0,22.71,0.0,37.15,5.8,1.56,0.01,0.0,0,1,24.444444,2
8857,1,2,2,0,22.6,0.0,36.18,4.2,0.36,0.0,0.0,0,1,24.444444,2
8858,1,3,2,0,22.56,0.0,34.67,4.1,0.0,0.0,0.0,0,1,24.444444,2
8859,1,4,2,0,22.52,0.0,33.43,3.9,0.12,0.0,0.0,0,1,24.444444,2
8860,1,5,2,0,22.51,0.0,32.16,6.1,0.12,0.0,0.0,0,1,24.444444,2
8861,1,6,2,0,22.48,0.0,31.6,3.7,0.36,0.0,0.0,0,1,24.444444,2
8862,1,7,2,0,22.48,0.0,31.0,3.5,4.2,0.0,0.0,0,1,24.444444,2
8863,1,8,2,0,22.48,0.0,30.31,3.3,3.96,0.0,0.0,0,1,24.444444,2
8864,1,9,2,0,22.51,0.0,29.35,7.7,3.36,0.0,228.462,0,1,24.444444,2
8865,1,10,2,0,22.66,0.0,27.84,6.8,2.4,0.0,482.604,0,1,24.444444,2
8866,1,11,2,0,22.77,0.0,26.51,6.6,8.04,0.25,638.127,0,1,24.444444,2
8867,1,12,2,0,23.03,0.0,25.39,12.0,4.44,1.65,718.189,0,1,24.444444,2
8868,1,13,2,0,23.0,0.0,24.82,4.4,5.52,1.05,740.174,0,1,24.444444,2
8869,1,14,2,0,23.23,0.0,23.91,10.6,0.84,3.4,663.756,0,1,24.444444,2
8870,1,15,2,0,23.35,0.0,23.35,9.0,2.52,2.68,445.89,0,1,24.444444,2
8871,1,16,2,0,23.44,0.0,22.87,11.1,1.68,3.81,358.803,0,1,24.444444,2
8872,1,17,2,0,23.28,0.0,22.83,8.6,1.08,1.14,93.2714,0,1,24.444444,2
8873,1,18,2,0,23.06,0.0,23.32,10.1,2.88,0.71,0.0,0,1,24.444444,2
8874,1,19,2,0,23.0,0.0,24.24,10.9,2.4,0.83,0.0,0,1,24.444444,2
8875,1,20,2,0,22.91,0.0,25.26,9.5,2.76,0.43,0.0,0,1,24.444444,2
8876,1,21,2,0,22.96,0.0,26.05,13.0,3.36,0.99,0.0,0,1,24.444444,2
8877,1,22,2,0,22.99,0.0,27.11,14.3,1.32,1.08,0.0,0,1,24.444444,2
8878,1,23,2,0,22.85,0.0,28.42,12.5,2.28,0.46,0.0,0,1,24.444444,2
8879,1,24,2,0,22.71,0.0,29.49,9.6,2.04,0.03,0.0,0,1,24.444444,2
8880,1,1,3,0,22.66,0.0,30.09,8.8,0.48,0.0,0.0,0,1,24.444444,2
8881,1,2,3,0,22.55,0.0,30.35,5.0,0.36,0.0,0.0,0,1,24.444444,2
8882,1,3,3,0,22.49,0.0,30.4,3.9,0.36,0.0,0.0,0,1,24.444444,2
8883,1,4,3,0,22.48,0.0,30.42,4.1,0.6,0.0,0.0,0,1,24.444444,2
8884,1,5,3,0,22.48,0.0,30.48,4.5,1.8,0.0,0.0,0,1,24.444444,2
8885,1,6,3,0,22.48,0.0,30.31,3.3,2.88,0.0,0.0,0,1,24.444444,2
8886,1,7,3,0,22.48,0.0,30.25,4.5,4.2,0.0,0.0,0,1,24.444444,2
8887,1,8,3,0,22.52,0.0,30.58,9.0,17.64,0.0,0.0,0,1,24.444444,2
8888,1,9,3,0,22.73,0.0,30.18,9.2,5.04,0.04,253.593,0,1,24.444444,2
8889,1,10,3,0,22.97,0.0,29.57,6.6,6.0,0.91,456.231,0,1,24.444444,2
8890,1,11,3,0,23.05,0.0,29.09,5.6,7.2,2.13,594.612,0,1,24.444444,2
8891,1,12,3,0,23.25,0.0,28.38,9.8,4.8,4.92,633.702,0,1,24.444444,2
8892,1,13,3,0,23.26,0.0,27.78,3.5,3.72,4.18,694.791,0,1,24.444444,2
8893,1,14,3,0,23.48,0.0,26.14,10.1,5.4,9.08,664.15,0,1,24.444444,2
8894,1,15,3,0,23.65,0.0,24.16,11.9,2.4,12.99,569.039,0,1,24.444444,2
8895,1,16,3,0,23.69,0.0,23.59,9.1,2.04,12.26,416.919,0,1,24.444444,2
8896,1,17,3,0,23.7,0.0,23.5,9.5,8.52,9.95,190.811,0,1,24.444444,2
8897,1,18,3,0,23.61,0.0,23.84,9.1,3.48,4.86,8.46422,0,1,24.444444,2
8898,1,19,3,0,23.56,0.0,24.8,9.2,0.96,4.14,0.0,0,1,24.444444,2
8899,1,20,3,0,23.57,0.0,25.84,11.7,3.72,4.45,0.0,0,1,24.444444,2
8900,1,21,3,0,23.49,0.0,26.88,10.8,9.0,2.78,0.0,0,1,24.444444,2
8901,1,22,3,0,23.33,0.0,28.19,9.1,6.6,1.52,0.0,0,1,24.444444,2
8902,1,23,3,0,23.16,0.0,29.89,8.6,1.2,1.06,0.0,0,1,24.444444,2
8903,1,24,3,0,23.02,0.0,31.07,8.3,0.84,0.73,0.0,0,1,24.444444,2
8904,1,1,4,0,23.01,0.0,32.13,11.0,0.72,0.95,0.0,0,1,24.444444,2
8905,1,2,4,0,22.82,0.0,33.45,7.6,0.96,0.2,0.0,0,1,24.444444,2
8906,1,3,4,0,22.69,0.0,34.74,4.9,1.32,0.0,0.0,0,1,24.444444,2
8907,1,4,4,0,22.68,0.0,35.4,6.7,0.48,0.0,0.0,0,1,24.444444,2
8908,1,5,4,0,22.6,0.0,35.7,2.9,0.36,0.0,0.0,0,1,24.444444,2
8909,1,6,4,0,22.62,0.0,35.51,6.9,2.64,0.0,0.0,0,1,24.444444,2
8910,1,7,4,0,22.57,0.0,35.43,3.7,3.72,0.0,0.0,0,1,24.444444,2
8911,1,8,4,0,22.63,0.0,35.02,8.0,12.24,0.0,0.0,0,1,24.444444,2
8912,1,9,4,0,22.76,0.0,34.32,10.0,7.2,0.22,190.207,0,1,24.444444,2
8913,1,10,4,0,22.82,0.0,33.21,9.2,3.72,0.25,281.108,0,1,24.444444,2
8914,1,11,4,0,22.92,0.0,31.27,9.4,1.92,0.62,433.93,0,1,24.444444,2
8915,1,12,4,0,22.99,0.0,28.89,8.5,6.12,0.97,479.802,0,1,24.444444,2
8916,1,13,4,0,23.15,0.0,27.12,8.0,2.04,2.04,613.192,0,1,24.444444,2
8917,1,14,4,0,23.4,0.0,25.34,11.4,0.84,5.52,636.347,0,1,24.444444,2
8918,1,15,4,0,23.49,0.0,23.64,10.1,0.72,7.11,589.915,0,1,24.444444,2
8919,1,16,4,0,23.5,0.0,22.61,9.5,1.44,6.93,430.831,0,1,24.444444,2
8920,1,17,4,0,23.43,0.0,21.7,8.2,2.04,3.75,201.074,0,1,24.444444,2
8921,1,18,4,0,23.25,0.0,21.35,9.4,4.92,1.21,8.91809,0,1,24.444444,2
8922,1,19,4,0,23.11,0.0,21.6,10.1,9.96,0.94,0.0,0,1,24.444444,2
8923,1,20,4,0,22.93,0.0,21.75,10.7,5.64,0.49,0.0,0,1,24.444444,2
8924,1,21,4,0,22.74,0.0,21.72,8.6,5.04,0.12,0.0,0,1,24.444444,2
8925,1,22,4,0,22.68,0.0,21.45,10.9,7.44,0.12,0.0,0,1,24.444444,2
8926,1,23,4,0,22.62,0.0,20.81,11.2,1.56,0.01,0.0,0,1,24.444444,2
8927,1,24,4,0,22.56,0.0,20.22,9.5,0.72,0.0,0.0,0,1,24.444444,2
8928,1,1,5,0,22.55,0.0,19.27,12.8,3.36,0.0,0.0,0,1,24.444444,2
8929,1,2,5,0,22.5,0.0,18.31,8.8,0.6,0.0,0.0,0,1,24.444444,2
8930,1,3,5,0,22.48,0.0,16.92,10.4,0.6,0.0,0.0,0,1,24.444444,2
8931,1,4,5,0,22.48,0.0,15.9,12.5,0.36,0.0,0.0,0,1,24.444444,2
8932,1,5,5,0,22.48,0.0,15.14,10.5,2.76,0.0,0.0,0,1,24.444444,2
8933,1,6,5,0,22.48,0.0,14.57,10.1,2.4,0.0,0.0,0,1,24.444444,2
8934,1,7,5,0,22.48,0.0,14.14,9.5,12.36,0.0,0.0,0,1,24.444444,2
8935,1,8,5,0,22.48,0.0,13.83,7.2,15.6,0.0,0.0,0,1,24.444444,2
8936,1,9,5,0,22.48,0.0,13.26,9.7,6.0,0.0,290.043,0,1,24.444444,2
8937,1,10,5,0,22.52,0.0,12.58,12.5,3.36,0.0,500.889,0,1,24.444444,2
8938,1,11,5,0,22.54,0.0,12.2,9.4,4.8,0.0,649.646,0,1,24.444444,2
8939,1,12,5,0,22.57,0.0,11.9,9.2,4.8,0.01,679.12,0,1,24.444444,2
8940,1,13,5,0,22.58,0.0,11.8,8.7,8.4,0.01,584.074,0,1,24.444444,2
8941,1,14,5,0,22.62,0.0,11.87,8.9,2.4,0.22,715.954,0,1,24.444444,2
8942,1,15,5,0,22.7,0.0,12.14,10.4,1.32,0.71,623.563,0,1,24.444444,2
8943,1,16,5,0,22.68,0.0,12.62,7.9,1.56,0.23,399.807,0,1,24.444444,2
8944,1,17,5,0,22.58,0.0,13.39,8.3,3.48,0.0,52.7081,0,1,24.444444,2
8945,1,18,5,0,22.54,0.0,14.27,10.2,1.8,0.0,0.0,0,1,24.444444,2
8946,1,19,5,0,22.53,0.0,15.12,9.4,4.32,0.0,0.0,0,1,24.444444,2
8947,1,20,5,0,22.52,0.0,16.31,10.2,2.28,0.0,0.0,0,1,24.444444,2
8948,1,21,5,0,22.53,0.0,17.52,11.4,3.48,0.0,0.0,0,1,24.444444,2
8949,1,22,5,0,22.57,0.0,18.69,14.6,12.96,0.0,0.0,0,1,24.444444,2
8950,1,23,5,0,22.56,0.0,19.96,11.7,1.56,0.0,0.0,0,1,24.444444,2
8951,1,24,5,0,22.52,0.0,21.09,9.9,0.72,0.0,0.0,0,1,24.444444,2
8952,1,1,6,0,22.48,0.0,22.2,5.4,0.24,0.0,0.0,0,1,24.444444,2
8953,1,2,6,0,22.48,0.0,23.26,4.1,0.48,0.0,0.0,0,1,24.444444,2
8954,1,3,6,0,22.48,0.0,24.63,5.7,0.24,0.0,0.0,0,1,24.444444,2
8955,1,4,6,0,22.48,0.0,25.95,5.9,3.48,0.0,0.0,0,1,24.444444,2
8956,1,5,6,0,22.48,0.0,26.88,5.2,1.68,0.0,0.0,0,1,24.444444,2
8957,1,6,6,0,22.48,0.0,26.97,3.7,2.04,0.0,0.0,0,1,24.444444,2
8958,1,7,6,0,22.48,0.0,26.27,4.2,9.0,0.0,0.0,0,1,24.444444,2
8959,1,8,6,0,22.51,0.0,25.19,12.2,9.84,0.0,0.0,0,1,24.444444,2
8960,1,9,6,0,22.48,0.0,23.86,7.4,6.84,0.0,100.51,0,1,24.444444,2
8961,1,10,6,0,22.48,0.0,21.75,8.2,6.48,0.0,177.814,0,1,24.444444,2
8962,1,11,6,0,22.48,0.0,19.7,4.3,3.72,0.0,187.577,0,1,24.444444,2
8963,1,12,6,0,22.51,0.0,17.96,9.7,4.44,0.0,270.422,0,1,24.444444,2
8964,1,13,6,0,22.5,0.0,16.87,8.1,2.4,0.0,209.141,0,1,24.444444,2
8965,1,14,6,0,22.5,0.0,16.52,7.0,4.8,0.0,314.863,0,1,24.444444,2
8966,1,15,6,0,22.52,0.0,16.53,10.0,4.92,0.0,173.168,0,1,24.444444,2
8967,1,16,6,0,22.49,0.0,17.29,9.1,1.8,0.0,58.0783,0,1,24.444444,2
8968,1,17,6,0,22.48,0.0,18.27,8.3,3.36,0.0,26.6409,0,1,24.444444,2
8969,1,18,6,0,22.48,0.0,19.33,9.0,3.84,0.0,0.0,0,1,24.444444,2
8970,1,19,6,0,22.5,0.0,20.5,10.4,3.24,0.0,0.0,0,1,24.444444,2
8971,1,20,6,0,22.5,0.0,21.58,9.1,5.16,0.0,0.0,0,1,24.444444,2
8972,1,21,6,0,22.57,0.0,21.98,15.0,1.2,0.0,0.0,0,1,24.444444,2
8973,1,22,6,0,22.54,0.0,22.08,10.6,1.32,0.0,0.0,0,1,24.444444,2
8974,1,23,6,0,22.48,0.0,21.8,8.2,6.84,0.0,0.0,0,1,24.444444,2
8975,1,24,6,0,22.48,0.0,21.38,6.1,1.8,0.0,0.0,0,1,24.444444,2
8976,1,1,7,0,22.48,0.0,21.0,6.5,0.48,0.0,0.0,0,1,24.444444,2
8977,1,2,7,0,22.48,0.0,20.86,4.0,0.48,0.0,0.0,0,1,24.444444,2
8978,1,3,7,0,22.48,0.0,20.95,8.1,0.36,0.0,0.0,0,1,24.444444,2
8979,1,4,7,0,22.48,0.0,21.0,5.2,0.48,0.0,0.0,0,1,24.444444,2
8980,1,5,7,0,22.48,0.0,21.0,4.1,0.24,0.0,0.0,0,1,24.444444,2
8981,1,6,7,0,22.48,0.0,20.82,3.4,0.84,0.0,0.0,0,1,24.444444,2
8982,1,7,7,0,22.48,0.0,20.64,4.3,2.52,0.0,0.0,0,1,24.444444,2
8983,1,8,7,0,22.48,0.0,20.54,5.4,10.56,0.0,0.0,0,1,24.444444,2
8984,1,9,7,0,22.48,0.0,19.94,6.5,4.68,0.0,259.786,0,1,24.444444,2
8985,1,10,7,0,22.49,0.0,18.89,5.0,7.92,0.0,418.861,0,1,24.444444,2
8986,1,11,7,0,22.55,0.0,18.23,7.4,12.96,0.0,470.932,0,1,24.444444,2
8987,1,12,7,0,22.59,0.0,17.89,5.4,11.4,0.0,516.625,0,1,24.444444,2
8988,1,13,7,0,22.85,0.0,17.83,12.2,3.24,0.63,588.29,0,1,24.444444,2
8989,1,14,7,0,22.87,0.0,18.35,8.7,1.8,0.67,546.492,0,1,24.444444,2
8990,1,15,7,0,23.09,0.0,18.26,11.3,2.88,1.26,462.771,0,1,24.444444,2
8991,1,16,7,0,22.86,0.0,18.36,6.4,7.44,0.3,185.974,0,1,24.444444,2
8992,1,17,7,0,22.68,0.0,18.37,5.7,8.88,0.0,44.5772,0,1,24.444444,2
8993,1,18,7,0,22.61,0.0,17.99,4.7,10.68,0.0,0.0,0,1,24.444444,2
8994,1,19,7,0,22.61,0.0,17.8,5.0,2.52,0.0,0.0,0,1,24.444444,2
8995,1,20,7,0,22.72,0.0,17.36,11.0,3.72,0.16,0.0,0,1,24.444444,2
8996,1,21,7,0,22.73,0.0,17.11,11.0,2.76,0.21,0.0,0,1,24.444444,2
8997,1,22,7,0,22.7,0.0,17.8,8.7,3.84,0.03,0.0,0,1,24.444444,2
8998,1,23,7,0,22.74,0.0,19.35,13.2,2.16,0.51,0.0,0,1,24.444444,2
8999,1,24,7,0,22.64,0.0,20.57,6.1,1.2,0.0,0.0,0,1,24.444444,2
9000,1,1,1,0,22.56,0.0,21.12,4.6,0.84,0.0,0.0,0,1,24.444444,2
9001,1,2,1,0,22.55,0.0,21.28,5.4,1.2,0.0,0.0,0,1,24.444444,2
9002,1,3,1,0,22.6,0.0,21.89,9.4,0.24,0.0,0.0,0,1,24.444444,2
9003,1,4,1,0,22.56,0.0,22.78,4.7,1.92,0.0,0.0,0,1,24.444444,2
9004,1,5,1,0,22.57,0.0,23.93,7.6,0.12,0.0,0.0,0,1,24.444444,2
9005,1,6,1,0,22.56,0.0,25.22,6.1,0.36,0.0,0.0,0,1,24.444444,2
9006,1,7,1,0,22.61,0.0,26.65,9.1,1.08,0.0,0.0,0,1,24.444444,2
9007,1,8,1,0,22.56,0.0,28.73,3.5,5.04,0.0,0.0,0,1,24.444444,2
9008,1,9,1,0,22.56,0.0,30.73,5.0,7.92,0.0,124.632,0,1,24.444444,2
9009,1,10,1,0,22.61,0.0,32.16,5.1,5.4,0.0,184.763,0,1,24.444444,2
9010,1,11,1,0,22.82,0.0,34.26,8.0,15.12,0.36,360.571,0,1,24.444444,2
9011,1,12,1,0,23.09,0.0,35.73,11.6,6.84,1.54,321.682,0,1,24.444444,2
9012,1,13,1,0,22.97,0.0,37.64,6.4,7.68,0.63,211.826,0,1,24.444444,2
9013,1,14,1,0,23.18,0.0,38.48,11.2,8.28,2.09,234.497,0,1,24.444444,2
9014,1,15,1,0,23.34,0.0,39.98,9.8,3.96,2.62,322.254,0,1,24.444444,2
9015,1,16,1,0,23.33,0.0,41.78,10.3,5.4,2.31,100.65,0,1,24.444444,2
9016,1,17,1,0,23.29,0.0,44.13,11.0,9.72,2.13,26.9641,0,1,24.444444,2
9017,1,18,1,0,23.24,0.0,45.84,10.1,10.8,1.71,0.0,0,1,24.444444,2
9018,1,19,1,0,23.3,0.0,47.15,12.3,6.36,2.88,0.0,0,1,24.444444,2
9019,1,20,1,0,23.28,0.0,48.58,11.3,5.28,2.38,0.0,0,1,24.444444,2
9020,1,21,1,0,23.14,0.0,50.12,8.3,4.92,1.16,0.0,0,1,24.444444,2
9021,1,22,1,0,23.02,0.0,51.63,7.1,5.4,0.92,0.0,0,1,24.444444,2
9022,1,23,1,0,23.04,0.0,52.84,8.6,0.6,1.35,0.0,0,1,24.444444,2
9023,1,24,1,0,23.04,0.0,54.14,8.5,3.72,1.41,0.0,0,1,24.444444,2
9024,1,1,2,0,23.0,0.0,55.87,6.9,1.68,1.2,0.0,0,1,24.444444,2
9025,1,2,2,0,22.96,0.0,58.02,4.4,0.48,0.77,0.0,0,1,24.444444,2
9026,1,3,2,0,22.91,0.0,60.28,3.5,0.12,0.66,0.0,0,1,24.444444,2
9027,1,4,2,0,22.92,0.0,62.52,4.3,0.24,0.94,0.0,0,1,24.444444,2
9028,1,5,2,0,22.91,0.0,64.0,4.0,0.24,0.8,0.0,0,1,24.444444,2
9029,1,6,2,0,22.88,0.0,64.62,3.9,3.48,0.7,0.0,0,1,24.444444,2
9030,1,7,2,0,22.89,0.0,64.69,4.9,3.72,0.95,0.0,0,1,24.444444,2
9031,1,8,2,0,22.92,0.0,64.85,5.3,12.36,1.15,0.0,0,1,24.444444,2
9032,1,9,2,0,23.01,0.0,64.37,7.0,12.0,1.78,105.766,0,1,24.444444,2
9033,1,10,2,0,23.13,0.0,64.31,7.3,5.52,2.55,126.398,0,1,24.444444,2
9034,1,11,2,0,23.22,0.0,65.1,5.6,10.32,2.88,192.316,0,1,24.444444,2
9035,1,12,2,0,23.61,0.0,63.03,11.5,2.04,10.3,381.034,0,1,24.444444,2
9036,1,13,2,0,23.64,0.0,61.31,6.1,1.56,10.68,607.806,0,1,24.444444,2
9037,1,14,2,0,23.79,0.0,59.0,10.7,0.48,14.65,466.981,0,1,24.444444,2
9038,1,15,2,0,23.8,0.0,57.66,9.1,0.84,10.89,151.974,0,1,24.444444,2
9039,1,16,2,0,23.92,0.0,55.25,10.7,1.32,17.67,335.961,0,1,24.444444,2
9040,1,17,2,0,24.01,0.0,52.89,13.2,2.76,18.3,195.225,0,1,24.444444,2
9041,1,18,2,0,23.88,0.0,52.53,8.9,2.4,8.6,12.3741,0,1,24.444444,2
9042,1,19,2,0,23.91,0.0,52.23,11.2,2.76,10.51,0.0,0,1,24.444444,2
9043,1,20,2,0,23.86,0.0,52.26,10.3,5.4,8.36,0.0,0,1,24.444444,2
9044,1,21,2,0,23.73,0.0,52.39,9.2,4.32,5.89,0.0,0,1,24.444444,2
9045,1,22,2,0,24.01,0.0,49.94,20.8,2.4,15.87,0.0,0,1,24.444444,2
9046,1,23,2,0,23.88,0.0,49.18,14.2,3.72,7.62,0.0,0,1,24.444444,2
9047,1,24,2,0,23.41,0.0,50.33,6.5,1.56,1.93,0.0,0,1,24.444444,2
9048,1,1,3,0,23.24,0.0,50.37,6.9,0.48,1.64,0.0,0,1,24.444444,2
9049,1,2,3,0,23.0,0.0,49.97,5.0,0.36,0.58,0.0,0,1,24.444444,2
9050,1,3,3,0,22.83,0.0,48.66,4.5,0.0,0.23,0.0,0,1,24.444444,2
9051,1,4,3,0,22.76,0.0,47.09,4.5,1.8,0.07,0.0,0,1,24.444444,2
9052,1,5,3,0,22.68,0.0,45.75,3.2,0.36,0.0,0.0,0,1,24.444444,2
9053,1,6,3,0,22.63,0.0,44.49,3.4,1.08,0.0,0.0,0,1,24.444444,2
9054,1,7,3,0,22.6,0.0,43.22,3.9,2.76,0.0,0.0,0,1,24.444444,2
9055,1,8,3,0,22.68,0.0,41.97,9.5,19.08,0.09,0.0,0,1,24.444444,2
9056,1,9,3,0,22.62,0.0,40.84,5.1,5.88,0.0,118.705,0,1,24.444444,2
9057,1,10,3,0,22.6,0.0,39.74,6.2,7.32,0.0,88.1507,0,1,24.444444,2
9058,1,11,3,0,22.57,0.0,38.32,5.0,8.28,0.0,133.088,0,1,24.444444,2
9059,1,12,3,0,22.67,0.0,37.1,10.5,2.16,0.0,173.955,0,1,24.444444,2
9060,1,13,3,0,22.66,0.0,36.18,6.4,0.6,0.0,254.249,0,1,24.444444,2
9061,1,14,3,0,22.75,0.0,35.39,10.0,4.32,0.18,277.98,0,1,24.444444,2
9062,1,15,3,0,22.79,0.0,34.91,11.2,2.88,0.36,178.711,0,1,24.444444,2
9063,1,16,3,0,22.78,0.0,34.7,10.3,1.44,0.24,121.586,0,1,24.444444,2
9064,1,17,3,0,22.73,0.0,34.75,8.6,2.76,0.0,49.8033,0,1,24.444444,2
9065,1,18,3,0,22.69,0.0,34.93,8.8,4.8,0.0,0.0,0,1,24.444444,2
9066,1,19,3,0,22.69,0.0,35.22,8.7,5.16,0.01,0.0,0,1,24.444444,2
9067,1,20,3,0,22.65,0.0,35.67,7.5,3.84,0.0,0.0,0,1,24.444444,2
9068,1,21,3,0,22.67,0.0,35.72,10.2,7.2,0.02,0.0,0,1,24.444444,2
9069,1,22,3,0,22.68,0.0,35.64,11.3,6.6,0.12,0.0,0,1,24.444444,2
9070,1,23,3,0,22.67,0.0,35.68,10.7,0.96,0.03,0.0,0,1,24.444444,2
9071,1,24,3,0,22.59,0.0,35.74,5.5,0.72,0.0,0.0,0,1,24.444444,2
9072,1,1,4,0,22.6,0.0,35.39,9.8,0.48,0.0,0.0,0,1,24.444444,2
9073,1,2,4,0,22.56,0.0,35.3,5.7,2.28,0.0,0.0,0,1,24.444444,2
9074,1,3,4,0,22.51,0.0,35.25,5.0,0.12,0.0,0.0,0,1,24.444444,2
9075,1,4,4,0,22.5,0.0,35.12,5.9,0.48,0.0,0.0,0,1,24.444444,2
9076,1,5,4,0,22.56,0.0,34.93,10.8,1.08,0.0,0.0,0,1,24.444444,2
9077,1,6,4,0,22.5,0.0,34.91,5.0,2.16,0.0,0.0,0,1,24.444444,2
9078,1,7,4,0,22.48,0.0,34.6,6.5,6.24,0.0,0.0,0,1,24.444444,2
9079,1,8,4,0,22.49,0.0,34.17,8.3,12.0,0.0,0.0,0,1,24.444444,2
9080,1,9,4,0,22.48,0.0,33.35,8.8,4.56,0.0,17.7123,0,1,24.444444,2
9081,1,10,4,0,22.48,0.0,32.17,8.0,9.48,0.0,54.3402,0,1,24.444444,2
9082,1,11,4,0,22.49,0.0,31.19,9.4,5.52,0.0,90.7877,0,1,24.444444,2
9083,1,12,4,0,22.52,0.0,30.4,11.3,11.64,0.0,112.907,0,1,24.444444,2
9084,1,13,4,0,22.53,0.0,29.98,9.8,1.44,0.0,146.675,0,1,24.444444,2
9085,1,14,4,0,22.55,0.0,29.8,11.0,0.6,0.0,133.04,0,1,24.444444,2
9086,1,15,4,0,22.55,0.0,29.56,10.3,1.8,0.0,109.145,0,1,24.444444,2
9087,1,16,4,0,22.52,0.0,29.4,8.1,1.8,0.0,105.171,0,1,24.444444,2
9088,1,17,4,0,22.52,0.0,29.3,9.1,0.96,0.0,40.5097,0,1,24.444444,2
9089,1,18,4,0,22.53,0.0,29.62,9.1,7.08,0.0,0.0,0,1,24.444444,2
9090,1,19,4,0,22.58,0.0,30.32,10.9,5.76,0.0,0.0,0,1,24.444444,2
9091,1,20,4,0,22.56,0.0,31.14,8.7,5.88,0.0,0.0,0,1,24.444444,2
9092,1,21,4,0,22.56,0.0,31.72,9.1,2.88,0.0,0.0,0,1,24.444444,2
9093,1,22,4,0,22.62,0.0,32.33,11.8,9.0,0.0,0.0,0,1,24.444444,2
9094,1,23,4,0,22.6,0.0,33.36,9.5,2.76,0.0,0.0,0,1,24.444444,2
9095,1,24,4,0,22.64,0.0,34.07,11.7,2.76,0.03,0.0,0,1,24.444444,2
9096,1,1,5,0,22.6,0.0,34.75,8.1,1.08,0.0,0.0,0,1,24.444444,2
9097,1,2,5,0,22.6,0.0,35.12,10.0,0.48,0.0,0.0,0,1,24.444444,2
9098,1,3,5,0,22.58,0.0,35.42,8.5,0.72,0.0,0.0,0,1,24.444444,2
9099,1,4,5,0,22.62,0.0,35.48,12.6,1.68,0.0,0.0,0,1,24.444444,2
9100,1,5,5,0,22.6,0.0,35.69,10.3,0.84,0.0,0.0,0,1,24.444444,2
9101,1,6,5,0,22.67,0.0,35.78,16.1,8.52,0.25,0.0,0,1,24.444444,2
9102,1,7,5,0,22.62,0.0,36.3,10.3,15.0,0.0,0.0,0,1,24.444444,2
9103,1,8,5,0,22.59,0.0,36.63,9.5,21.72,0.0,0.0,0,1,24.444444,2
9104,1,9,5,0,22.57,0.0,36.71,10.1,5.4,0.0,6.21945,0,1,24.444444,2
9105,1,10,5,0,22.59,0.0,36.29,11.5,7.32,0.0,16.6649,0,1,24.444444,2
9106,1,11,5,0,22.6,0.0,35.98,10.9,9.6,0.0,87.2074,0,1,24.444444,2
9107,1,12,5,0,22.57,0.0,35.85,8.8,5.88,0.0,68.5658,0,1,24.444444,2
9108,1,13,5,0,22.54,0.0,35.7,7.9,0.84,0.0,82.5177,0,1,24.444444,2
9109,1,14,5,0,22.55,0.0,35.6,8.9,0.96,0.0,118.685,0,1,24.444444,2
9110,1,15,5,0,22.57,0.0,35.45,9.8,0.84,0.0,64.902,0,1,24.444444,2
9111,1,16,5,0,22.56,0.0,35.43,8.0,2.28,0.0,89.8669,0,1,24.444444,2
9112,1,17,5,0,22.61,0.0,35.16,10.7,1.08,0.0,80.6845,0,1,24.444444,2
9113,1,18,5,0,22.59,0.0,35.19,9.1,4.08,0.0,0.25974,0,1,24.444444,2
9114,1,19,5,0,22.59,0.0,35.35,9.5,1.8,0.0,0.0,0,1,24.444444,2
9115,1,20,5,0,22.62,0.0,35.42,11.5,11.16,0.0,0.0,0,1,24.444444,2
9116,1,21,5,0,22.61,0.0,35.22,10.3,2.16,0.0,0.0,0,1,24.444444,2
9117,1,22,5,0,22.6,0.0,34.62,10.6,8.4,0.0,0.0,0,1,24.444444,2
9118,1,23,5,0,22.6,0.0,34.08,11.6,1.32,0.0,0.0,0,1,24.444444,2
9119,1,24,5,0,22.58,0.0,33.45,10.9,1.08,0.0,0.0,0,1,24.444444,2
9120,1,1,6,0,22.52,0.0,33.04,5.5,0.72,0.0,0.0,0,1,24.444444,2
9121,1,2,6,0,22.48,0.0,32.66,3.9,0.12,0.0,0.0,0,1,24.444444,2
9122,1,3,6,0,22.48,0.0,32.14,4.8,0.12,0.0,0.0,0,1,24.444444,2
9123,1,4,6,0,22.48,0.0,31.66,4.3,0.36,0.0,0.0,0,1,24.444444,2
9124,1,5,6,0,22.48,0.0,31.14,4.6,0.72,0.0,0.0,0,1,24.444444,2
9125,1,6,6,0,22.48,0.0,30.76,6.8,0.72,0.0,0.0,0,1,24.444444,2
9126,1,7,6,0,22.48,0.0,30.48,4.5,8.28,0.0,0.0,0,1,24.444444,2
9127,1,8,6,0,22.49,0.0,30.29,7.8,13.68,0.0,0.0,0,1,24.444444,2
9128,1,9,6,0,22.65,0.0,29.65,10.0,0.72,0.0,269.673,0,1,24.444444,2
9129,1,10,6,0,22.8,0.0,28.92,7.3,7.68,0.09,474.794,0,1,24.444444,2
9130,1,11,6,0,22.82,0.0,28.09,4.3,4.68,0.17,594.474,0,1,24.444444,2
9131,1,12,6,0,22.93,0.0,27.2,8.5,7.44,0.83,564.27,0,1,24.444444,2
9132,1,13,6,0,23.08,0.0,26.25,8.1,2.4,1.77,612.929,0,1,24.444444,2
9133,1,14,6,0,23.23,0.0,25.49,7.4,3.24,3.02,613.057,0,1,24.444444,2
9134,1,15,6,0,23.47,0.0,24.66,11.6,3.24,7.49,605.417,0,1,24.444444,2
9135,1,16,6,0,23.51,0.0,24.39,10.1,1.8,6.96,350.137,0,1,24.444444,2
9136,1,17,6,0,23.52,0.0,24.43,11.1,1.56,6.48,237.994,0,1,24.444444,2
9137,1,18,6,0,23.47,0.0,24.88,13.2,1.44,3.33,20.5657,0,1,24.444444,2
9138,1,19,6,0,23.32,0.0,25.72,8.9,1.68,1.41,0.0,0,1,24.444444,2
9139,1,20,6,0,23.23,0.0,26.43,10.4,3.48,1.39,0.0,0,1,24.444444,2
9140,1,21,6,0,23.18,0.0,27.08,11.6,2.76,1.23,0.0,0,1,24.444444,2
9141,1,22,6,0,23.02,0.0,28.15,10.6,1.2,0.7,0.0,0,1,24.444444,2
9142,1,23,6,0,22.76,0.0,29.19,6.6,2.52,0.04,0.0,0,1,24.444444,2
9143,1,24,6,0,22.71,0.0,29.75,8.3,1.8,0.07,0.0,0,1,24.444444,2
9144,1,1,8,0,22.59,0.0,30.23,4.0,0.24,0.0,0.0,0,1,24.444444,2
9145,1,2,8,0,22.55,0.0,30.5,5.7,0.6,0.0,0.0,0,1,24.444444,2
9146,1,3,8,0,22.52,0.0,30.71,4.0,0.36,0.0,0.0,0,1,24.444444,2
9147,1,4,8,0,22.5,0.0,30.82,5.1,0.48,0.0,0.0,0,1,24.444444,2
9148,1,5,8,0,22.5,0.0,30.86,6.6,0.24,0.0,0.0,0,1,24.444444,2
9149,1,6,8,0,22.48,0.0,30.95,5.1,1.92,0.0,0.0,0,1,24.444444,2
9150,1,7,8,0,22.48,0.0,30.88,5.0,0.84,0.0,0.0,0,1,24.444444,2
9151,1,8,8,0,22.48,0.0,30.66,5.8,8.64,0.0,0.0,0,1,24.444444,2
9152,1,9,8,0,22.64,0.0,30.48,6.4,3.48,0.0,258.548,0,1,24.444444,2
9153,1,10,8,0,22.9,0.0,30.55,4.1,6.12,0.61,435.302,0,1,24.444444,2
9154,1,11,8,0,23.03,0.0,30.85,5.8,13.56,2.19,593.252,0,1,24.444444,2
9155,1,12,8,0,23.13,0.0,31.36,6.2,15.24,2.42,518.334,0,1,24.444444,2
9156,1,13,8,0,23.23,0.0,32.28,4.6,9.24,3.92,695.399,0,1,24.444444,2
9157,1,14,8,0,23.46,0.0,32.86,12.5,3.72,7.54,383.469,0,1,24.444444,2
9158,1,15,8,0,23.67,0.0,32.87,12.3,7.08,12.4,587.394,0,1,24.444444,2
9159,1,16,8,0,23.61,0.0,33.3,5.3,7.32,7.69,364.619,0,1,24.444444,2
9160,1,17,8,0,23.56,0.0,34.21,5.5,1.68,6.53,230.88,0,1,24.444444,2
9161,1,18,8,0,23.59,0.0,34.86,12.4,9.0,6.14,20.571,0,1,24.444444,2
9162,1,19,8,0,23.5,0.0,36.02,8.0,4.44,2.94,0.0,0,1,24.444444,2
9163,1,20,8,0,23.51,0.0,36.76,11.3,7.2,4.11,0.0,0,1,24.444444,2
9164,1,21,8,0,23.46,0.0,37.63,11.4,4.44,3.1,0.0,0,1,24.444444,2
9165,1,22,8,0,23.23,0.0,38.63,7.8,2.16,1.18,0.0,0,1,24.444444,2
9166,1,23,8,0,23.07,0.0,39.34,7.4,2.04,0.92,0.0,0,1,24.444444,2
9167,1,24,8,0,23.14,0.0,39.26,10.1,2.28,1.42,0.0,0,1,24.444444,2
9168,1,1,1,0,22.88,0.0,40.04,4.3,8.04,0.16,0.0,0,1,24.444444,2
9169,1,2,1,0,22.8,0.0,40.34,6.4,4.56,0.25,0.0,0,1,24.444444,2
9170,1,3,1,0,22.8,0.0,40.42,9.4,0.6,0.44,0.0,0,1,24.444444,2
9171,1,4,1,0,22.66,0.0,40.8,3.9,0.24,0.0,0.0,0,1,24.444444,2
9172,1,5,1,0,22.64,0.0,41.06,5.1,0.96,0.0,0.0,0,1,24.444444,2
9173,1,6,1,0,22.61,0.0,41.53,4.4,0.24,0.0,0.0,0,1,24.444444,2
9174,1,7,1,0,22.7,0.0,41.84,10.3,3.12,0.28,0.0,0,1,24.444444,2
9175,1,8,1,0,22.66,0.0,42.35,3.8,5.04,0.0,0.0,0,1,24.444444,2
9176,1,9,1,0,22.79,0.0,41.84,6.6,4.32,0.16,204.415,0,1,24.444444,2
9177,1,10,1,0,22.98,0.0,40.48,5.4,4.32,0.71,393.833,0,1,24.444444,2
9178,1,11,1,0,23.12,0.0,38.37,5.0,13.08,2.53,577.156,0,1,24.444444,2
9179,1,12,1,0,23.37,0.0,36.06,10.6,15.12,6.15,581.466,0,1,24.444444,2
9180,1,13,1,0,23.41,0.0,33.53,4.9,9.84,6.11,710.34,0,1,24.444444,2
9181,1,14,1,0,23.64,0.0,30.73,10.9,7.68,12.44,683.531,0,1,24.444444,2
9182,1,15,1,0,23.78,0.0,28.23,10.1,1.92,15.69,592.307,0,1,24.444444,2
9183,1,16,1,0,23.83,0.0,26.74,10.3,7.2,17.35,445.013,0,1,24.444444,2
9184,1,17,1,0,23.81,0.0,25.89,9.2,3.0,13.65,233.291,0,1,24.444444,2
9185,1,18,1,0,23.73,0.0,25.45,9.6,11.04,6.94,22.9081,0,1,24.444444,2
9186,1,19,1,0,23.68,0.0,25.49,11.3,10.08,6.73,0.0,0,1,24.444444,2
9187,1,20,1,0,23.62,0.0,25.86,9.8,3.12,4.34,0.0,0,1,24.444444,2
9188,1,21,1,0,23.46,0.0,26.48,8.1,7.44,2.34,0.0,0,1,24.444444,2
9189,1,22,1,0,23.38,0.0,27.13,9.4,3.0,2.26,0.0,0,1,24.444444,2
9190,1,23,1,0,23.24,0.0,27.89,7.6,9.0,1.22,0.0,0,1,24.444444,2
9191,1,24,1,0,23.19,0.0,28.03,9.2,2.76,1.36,0.0,0,1,24.444444,2
9192,1,1,2,0,22.99,0.0,28.15,6.5,0.24,0.42,0.0,0,1,24.444444,2
9193,1,2,2,0,22.71,0.0,28.54,3.7,0.24,0.0,0.0,0,1,24.444444,2
9194,1,3,2,0,22.61,0.0,28.6,3.9,0.0,0.0,0.0,0,1,24.444444,2
9195,1,4,2,0,22.56,0.0,28.71,3.4,0.12,0.0,0.0,0,1,24.444444,2
9196,1,5,2,0,22.53,0.0,28.84,4.5,0.0,0.0,0.0,0,1,24.444444,2
9197,1,6,2,0,22.5,0.0,28.97,3.9,5.52,0.0,0.0,0,1,24.444444,2
9198,1,7,2,0,22.48,0.0,28.95,4.6,4.2,0.0,0.0,0,1,24.444444,2
9199,1,8,2,0,22.49,0.0,28.82,3.6,6.0,0.0,0.0,0,1,24.444444,2
9200,1,9,2,0,22.74,0.0,28.56,4.9,10.44,0.09,266.144,0,1,24.444444,2
9201,1,10,2,0,23.07,0.0,28.15,5.8,3.12,2.4,439.853,0,1,24.444444,2
9202,1,11,2,0,23.21,0.0,27.86,5.4,7.44,4.04,568.503,0,1,24.444444,2
9203,1,12,2,0,23.51,0.0,27.23,11.6,2.64,9.12,675.267,0,1,24.444444,2
9204,1,13,2,0,23.49,0.0,27.08,5.1,2.4,7.81,702.944,0,1,24.444444,2
9205,1,14,2,0,23.64,0.0,26.88,7.9,5.28,11.56,689.909,0,1,24.444444,2
9206,1,15,2,0,23.76,0.0,27.37,9.3,1.32,15.78,611.799,0,1,24.444444,2
9207,1,16,2,0,23.82,0.0,28.84,9.4,1.92,17.0,457.062,0,1,24.444444,2
9208,1,17,2,0,23.8,0.0,31.24,7.9,1.32,12.78,243.567,0,1,24.444444,2
9209,1,18,2,0,23.75,0.0,33.22,9.5,2.4,8.21,23.0102,0,1,24.444444,2
9210,1,19,2,0,23.72,0.0,34.8,9.8,3.0,7.64,0.0,0,1,24.444444,2
9211,1,20,2,0,23.7,0.0,36.16,10.4,3.6,6.8,0.0,0,1,24.444444,2
9212,1,21,2,0,23.67,0.0,37.35,11.2,3.36,5.95,0.0,0,1,24.444444,2
9213,1,22,2,0,23.91,0.0,37.37,21.3,5.04,12.6,0.0,0,1,24.444444,2
9214,1,23,2,0,23.6,0.0,38.33,10.3,2.76,3.21,0.0,0,1,24.444444,2
9215,1,24,2,0,23.51,0.0,38.76,12.4,0.6,3.33,0.0,0,1,24.444444,2
9216,1,1,3,0,23.14,0.0,39.94,6.5,0.72,0.88,0.0,0,1,24.444444,2
9217,1,2,3,0,22.87,0.0,40.92,4.7,0.48,0.22,0.0,0,1,24.444444,2
9218,1,3,3,0,22.77,0.0,41.12,5.4,0.24,0.17,0.0,0,1,24.444444,2
9219,1,4,3,0,22.73,0.0,41.77,4.0,0.24,0.02,0.0,0,1,24.444444,2
9220,1,5,3,0,22.71,0.0,42.65,4.0,0.36,0.0,0.0,0,1,24.444444,2
9221,1,6,3,0,22.69,0.0,43.44,4.1,3.48,0.0,0.0,0,1,24.444444,2
9222,1,7,3,0,22.69,0.0,43.73,6.1,3.48,0.02,0.0,0,1,24.444444,2
9223,1,8,3,0,22.84,0.0,43.54,9.0,19.92,0.6,0.0,0,1,24.444444,2
9224,1,9,3,0,23.1,0.0,43.01,6.0,2.76,1.75,247.078,0,1,24.444444,2
9225,1,10,3,0,23.4,0.0,42.13,8.6,2.64,5.85,431.283,0,1,24.444444,2
9226,1,11,3,0,23.49,0.0,41.69,5.5,6.72,6.49,563.87,0,1,24.444444,2
9227,1,12,3,0,23.63,0.0,41.15,9.4,4.68,10.84,628.861,0,1,24.444444,2
9228,1,13,3,0,23.7,0.0,40.61,7.9,0.96,12.05,669.209,0,1,24.444444,2
9229,1,14,3,0,23.78,0.0,39.89,8.9,3.24,15.63,656.617,0,1,24.444444,2
9230,1,15,3,0,23.92,0.0,38.81,10.2,0.72,19.41,575.399,0,1,24.444444,2
9231,1,16,3,0,23.95,0.0,38.08,8.9,1.68,19.63,428.155,0,1,24.444444,2
9232,1,17,3,0,23.95,0.0,37.81,8.2,3.48,16.65,219.275,0,1,24.444444,2
9233,1,18,3,0,23.91,0.0,38.1,8.7,7.92,10.12,22.1281,0,1,24.444444,2
9234,1,19,3,0,23.86,0.0,38.83,8.6,1.68,8.98,0.0,0,1,24.444444,2
9235,1,20,3,0,23.84,0.0,39.62,9.1,6.6,8.42,0.0,0,1,24.444444,2
9236,1,21,3,0,23.79,0.0,40.6,9.4,4.68,7.28,0.0,0,1,24.444444,2
9237,1,22,3,0,23.69,0.0,42.1,8.8,3.84,5.36,0.0,0,1,24.444444,2
9238,1,23,3,0,23.77,0.0,42.69,13.8,0.6,8.01,0.0,0,1,24.444444,2
9239,1,24,3,0,23.54,0.0,44.38,8.1,0.72,3.0,0.0,0,1,24.444444,2
9240,1,1,4,0,23.38,0.0,46.45,7.5,0.36,2.21,0.0,0,1,24.444444,2
9241,1,2,4,0,23.2,0.0,47.67,6.7,0.6,1.23,0.0,0,1,24.444444,2
9242,1,3,4,0,22.88,0.0,48.55,3.3,0.96,0.23,0.0,0,1,24.444444,2
9243,1,4,4,0,22.8,0.0,48.57,4.4,0.84,0.22,0.0,0,1,24.444444,2
9244,1,5,4,0,22.7,0.0,48.36,2.7,0.12,0.0,0.0,0,1,24.444444,2
9245,1,6,4,0,22.65,0.0,47.14,3.8,2.52,0.0,0.0,0,1,24.444444,2
9246,1,7,4,0,22.63,0.0,45.66,3.7,1.2,0.0,0.0,0,1,24.444444,2
9247,1,8,4,0,22.77,0.0,45.02,7.1,9.12,0.15,0.0,0,1,24.444444,2
9248,1,9,4,0,23.15,0.0,43.94,8.9,5.88,2.19,251.376,0,1,24.444444,2
9249,1,10,4,0,23.41,0.0,42.39,9.3,9.12,5.33,438.25,0,1,24.444444,2
9250,1,11,4,0,23.54,0.0,40.68,8.6,2.88,6.62,574.474,0,1,24.444444,2
9251,1,12,4,0,23.66,0.0,39.31,11.7,2.52,9.79,658.037,0,1,24.444444,2
9252,1,13,4,0,23.64,0.0,38.65,6.4,2.16,8.53,685.634,0,1,24.444444,2
9253,1,14,4,0,23.82,0.0,37.24,11.4,2.04,15.19,655.98,0,1,24.444444,2
9254,1,15,4,0,23.91,0.0,35.63,9.8,1.56,17.06,576.187,0,1,24.444444,2
9255,1,16,4,0,23.93,0.0,34.46,8.1,1.32,16.8,436.827,0,1,24.444444,2
9256,1,17,4,0,23.91,0.0,33.68,8.2,2.4,14.04,233.922,0,1,24.444444,2
9257,1,18,4,0,23.88,0.0,33.47,9.4,3.36,9.44,23.2031,0,1,24.444444,2
9258,1,19,4,0,23.87,0.0,33.72,10.1,7.32,8.79,0.0,0,1,24.444444,2
9259,1,20,4,0,23.86,0.0,34.21,10.5,5.4,8.25,0.0,0,1,24.444444,2
9260,1,21,4,0,23.78,0.0,35.33,9.1,1.8,6.36,0.0,0,1,24.444444,2
9261,1,22,4,0,23.7,0.0,36.76,9.3,5.28,5.12,0.0,0,1,24.444444,2
9262,1,23,4,0,23.66,0.0,38.03,11.3,2.4,5.02,0.0,0,1,24.444444,2
9263,1,24,4,0,23.52,0.0,39.11,9.8,0.72,2.86,0.0,0,1,24.444444,2
9264,1,1,5,0,23.43,0.0,39.52,10.4,0.36,2.51,0.0,0,1,24.444444,2
9265,1,2,5,0,23.3,0.0,39.79,8.7,2.16,1.74,0.0,0,1,24.444444,2
9266,1,3,5,0,23.35,0.0,38.82,12.1,0.12,2.55,0.0,0,1,24.444444,2
9267,1,4,5,0,23.3,0.0,38.1,12.0,1.8,2.12,0.0,0,1,24.444444,2
9268,1,5,5,0,23.2,0.0,37.65,10.3,0.48,1.5,0.0,0,1,24.444444,2
9269,1,6,5,0,23.28,0.0,36.05,13.5,1.44,2.42,0.0,0,1,24.444444,2
9270,1,7,5,0,23.22,0.0,34.46,11.5,1.2,1.74,0.0,0,1,24.444444,2
9271,1,8,5,0,23.2,0.0,33.3,11.7,24.24,1.76,0.0,0,1,24.444444,2
9272,1,9,5,0,23.13,0.0,33.08,10.3,9.24,1.23,62.5291,0,1,24.444444,2
9273,1,10,5,0,23.24,0.0,32.87,12.9,6.24,2.3,131.731,0,1,24.444444,2
9274,1,11,5,0,23.14,0.0,33.23,9.0,9.84,1.13,49.324,0,1,24.444444,2
9275,1,12,5,0,23.08,0.0,34.42,8.5,6.0,1.05,59.2756,0,1,24.444444,2
9276,1,13,5,0,23.15,0.0,35.64,9.4,1.08,1.68,139.151,0,1,24.444444,2
9277,1,14,5,0,23.32,0.0,36.98,12.2,3.96,3.1,181.679,0,1,24.444444,2
9278,1,15,5,0,23.27,0.0,39.43,10.2,1.32,1.98,102.548,0,1,24.444444,2
9279,1,16,5,0,23.2,0.0,41.55,10.7,2.16,1.66,14.2254,0,1,24.444444,2
9280,1,17,5,0,23.01,0.0,44.38,7.9,2.16,0.59,7.60467,0,1,24.444444,2
9281,1,18,5,0,22.89,0.0,45.73,9.0,1.32,0.47,0.0,0,1,24.444444,2
9282,1,19,5,0,22.83,0.0,45.58,9.0,5.28,0.44,0.0,0,1,24.444444,2
9283,1,20,5,0,22.79,0.0,45.36,9.8,4.68,0.4,0.0,0,1,24.444444,2
9284,1,21,5,0,22.75,0.0,44.85,10.1,5.64,0.31,0.0,0,1,24.444444,2
9285,1,22,5,0,22.74,0.0,44.35,11.5,13.08,0.45,0.0,0,1,24.444444,2
9286,1,23,5,0,22.7,0.0,43.84,9.5,1.08,0.04,0.0,0,1,24.444444,2
9287,1,24,5,0,22.68,0.0,43.11,10.4,1.92,0.07,0.0,0,1,24.444444,2
9288,1,1,6,0,22.64,0.0,42.76,8.4,0.84,0.0,0.0,0,1,24.444444,2
9289,1,2,6,0,22.58,0.0,42.93,4.3,0.48,0.0,0.0,0,1,24.444444,2
9290,1,3,6,0,22.58,0.0,43.58,5.2,0.36,0.0,0.0,0,1,24.444444,2
9291,1,4,6,0,22.55,0.0,43.95,3.6,0.6,0.0,0.0,0,1,24.444444,2
9292,1,5,6,0,22.54,0.0,43.64,4.6,0.48,0.0,0.0,0,1,24.444444,2
9293,1,6,6,0,22.55,0.0,43.28,6.4,1.56,0.0,0.0,0,1,24.444444,2
9294,1,7,6,0,22.54,0.0,43.11,5.5,4.56,0.0,0.0,0,1,24.444444,2
9295,1,8,6,0,22.57,0.0,42.7,8.0,8.4,0.0,0.0,0,1,24.444444,2
9296,1,9,6,0,22.56,0.0,41.77,8.0,3.24,0.0,32.1019,0,1,24.444444,2
9297,1,10,6,0,22.56,0.0,40.61,8.2,3.48,0.0,73.3059,0,1,24.444444,2
9298,1,11,6,0,22.51,0.0,39.82,4.4,7.8,0.0,69.7372,0,1,24.444444,2
9299,1,12,6,0,22.56,0.0,38.99,9.3,3.72,0.0,80.1834,0,1,24.444444,2
9300,1,13,6,0,22.57,0.0,38.35,7.9,5.4,0.0,122.749,0,1,24.444444,2
9301,1,14,6,0,22.54,0.0,37.81,6.7,4.32,0.0,120.289,0,1,24.444444,2
9302,1,15,6,0,22.64,0.0,37.2,12.7,1.44,0.0,92.1007,0,1,24.444444,2
9303,1,16,6,0,22.61,0.0,36.52,10.1,4.08,0.0,58.2083,0,1,24.444444,2
9304,1,17,6,0,22.65,0.0,35.46,8.6,3.48,0.0,171.718,0,1,24.444444,2
9305,1,18,6,0,22.66,0.0,34.84,11.1,2.04,0.0,25.9109,0,1,24.444444,2
9306,1,19,6,0,22.63,0.0,35.08,10.0,2.04,0.0,0.0,0,1,24.444444,2
9307,1,20,6,0,22.61,0.0,35.28,9.7,4.8,0.0,0.0,0,1,24.444444,2
9308,1,21,6,0,22.61,0.0,35.14,10.2,2.04,0.0,0.0,0,1,24.444444,2
9309,1,22,6,0,22.6,0.0,34.89,9.5,1.08,0.0,0.0,0,1,24.444444,2
9310,1,23,6,0,22.55,0.0,34.65,7.7,1.56,0.0,0.0,0,1,24.444444,2
9311,1,24,6,0,22.5,0.0,34.29,6.3,3.48,0.0,0.0,0,1,24.444444,2
9312,1,1,7,0,22.49,0.0,33.92,6.0,0.0,0.0,0.0,0,1,24.444444,2
9313,1,2,7,0,22.49,0.0,33.31,7.1,0.6,0.0,0.0,0,1,24.444444,2
9314,1,3,7,0,22.48,0.0,32.7,5.5,0.6,0.0,0.0,0,1,24.444444,2
9315,1,4,7,0,22.48,0.0,32.18,3.6,1.44,0.0,0.0,0,1,24.444444,2
9316,1,5,7,0,22.48,0.0,31.71,4.9,0.12,0.0,0.0,0,1,24.444444,2
9317,1,6,7,0,22.48,0.0,31.2,5.3,0.6,0.0,0.0,0,1,24.444444,2
9318,1,7,7,0,22.48,0.0,30.86,5.2,1.92,0.0,0.0,0,1,24.444444,2
9319,1,8,7,0,22.48,0.0,30.83,3.8,5.88,0.0,60.0974,0,1,24.444444,2
9320,1,9,7,0,22.53,0.0,30.46,5.7,9.24,0.0,274.667,0,1,24.444444,2
9321,1,10,7,0,22.68,0.0,29.66,4.7,8.76,0.0,482.469,0,1,24.444444,2
9322,1,11,7,0,22.82,0.0,28.79,4.4,25.44,0.14,643.567,0,1,24.444444,2
9323,1,12,7,0,22.91,0.0,27.78,4.1,10.44,0.7,725.906,0,1,24.444444,2
9324,1,13,7,0,23.03,0.0,26.88,4.5,6.84,1.65,755.072,0,1,24.444444,2
9325,1,14,7,0,23.18,0.0,25.88,4.3,6.6,2.89,717.281,0,1,24.444444,2
9326,1,15,7,0,23.46,0.0,24.75,9.0,4.56,7.25,617.941,0,1,24.444444,2
9327,1,16,7,0,23.51,0.0,24.07,6.2,7.44,7.08,481.964,0,1,24.444444,2
9328,1,17,7,0,23.48,0.0,23.47,6.2,5.28,5.23,264.86,0,1,24.444444,2
9329,1,18,7,0,23.47,0.0,23.43,11.6,2.76,3.82,29.9601,0,1,24.444444,2
9330,1,19,7,0,23.32,0.0,23.96,7.3,6.0,1.28,0.0,0,1,24.444444,2
9331,1,20,7,0,23.25,0.0,24.63,9.1,6.48,1.44,0.0,0,1,24.444444,2
9332,1,21,7,0,23.46,0.0,25.03,17.1,4.44,4.31,0.0,0,1,24.444444,2
9333,1,22,7,0,23.19,0.0,26.43,10.0,2.88,0.97,0.0,0,1,24.444444,2
9334,1,23,7,0,23.18,0.0,27.96,14.4,3.12,1.48,0.0,0,1,24.444444,2
9335,1,24,7,0,22.89,0.0,29.83,8.8,1.2,0.25,0.0,0,1,24.444444,2
9336,1,1,1,0,22.69,0.0,31.54,5.8,0.96,0.0,0.0,0,1,24.444444,2
9337,1,2,1,0,22.65,0.0,32.27,7.2,0.96,0.0,0.0,0,1,24.444444,2
9338,1,3,1,0,22.73,0.0,32.7,13.6,1.56,0.36,0.0,0,1,24.444444,2
9339,1,4,1,0,22.61,0.0,33.55,5.7,2.04,0.0,0.0,0,1,24.444444,2
9340,1,5,1,0,22.56,0.0,34.23,6.1,0.12,0.0,0.0,0,1,24.444444,2
9341,1,6,1,0,22.54,0.0,34.56,6.4,0.48,0.0,0.0,0,1,24.444444,2
9342,1,7,1,0,22.58,0.0,34.84,9.5,1.44,0.0,0.0,0,1,24.444444,2
9343,1,8,1,0,22.56,0.0,35.45,3.5,4.2,0.0,58.3156,0,1,24.444444,2
9344,1,9,1,0,22.71,0.0,35.61,4.2,3.48,0.01,263.473,0,1,24.444444,2
9345,1,10,1,0,23.02,0.0,35.41,5.7,10.68,1.36,463.676,0,1,24.444444,2
9346,1,11,1,0,23.3,0.0,34.59,9.9,14.4,4.52,612.282,0,1,24.444444,2
9347,1,12,1,0,23.44,0.0,33.84,9.6,8.76,6.08,700.504,0,1,24.444444,2
9348,1,13,1,0,23.49,0.0,33.28,7.6,6.72,7.14,723.313,0,1,24.444444,2
9349,1,14,1,0,23.76,0.0,32.17,13.3,4.56,13.34,700.085,0,1,24.444444,2
9350,1,15,1,0,23.8,0.0,31.29,9.6,2.52,13.38,620.809,0,1,24.444444,2
9351,1,16,1,0,23.86,0.0,30.45,11.0,9.24,15.44,470.949,0,1,24.444444,2
9352,1,17,1,0,23.83,0.0,29.85,10.0,11.88,12.03,258.265,0,1,24.444444,2
9353,1,18,1,0,23.77,0.0,29.76,11.7,8.76,8.0,28.8676,0,1,24.444444,2
9354,1,19,1,0,23.68,0.0,30.55,10.0,9.6,5.64,0.0,0,1,24.444444,2
9355,1,20,1,0,23.7,0.0,31.53,12.6,7.92,6.61,0.0,0,1,24.444444,2
9356,1,21,1,0,23.54,0.0,33.07,8.6,6.0,3.1,0.0,0,1,24.444444,2
9357,1,22,1,0,23.51,0.0,34.65,10.4,9.6,3.41,0.0,0,1,24.444444,2
9358,1,23,1,0,23.31,0.0,36.25,6.4,2.4,1.26,0.0,0,1,24.444444,2
9359,1,24,1,0,23.16,0.0,37.32,7.9,2.88,1.14,0.0,0,1,24.444444,2
9360,1,1,2,0,22.95,0.0,37.92,5.8,0.24,0.42,0.0,0,1,24.444444,2
9361,1,2,2,0,22.79,0.0,37.52,3.9,1.08,0.05,0.0,0,1,24.444444,2
9362,1,3,2,0,22.74,0.0,35.94,4.6,0.72,0.04,0.0,0,1,24.444444,2
9363,1,4,2,0,22.68,0.0,34.6,3.6,0.36,0.0,0.0,0,1,24.444444,2
9364,1,5,2,0,22.69,0.0,33.5,6.5,0.24,0.01,0.0,0,1,24.444444,2
9365,1,6,2,0,22.63,0.0,32.64,4.0,3.72,0.0,0.0,0,1,24.444444,2
9366,1,7,2,0,22.59,0.0,31.94,3.4,4.08,0.0,0.0,0,1,24.444444,2
9367,1,8,2,0,22.65,0.0,31.46,5.0,10.44,0.0,59.2629,0,1,24.444444,2
9368,1,9,2,0,22.94,0.0,30.27,6.9,5.04,0.44,269.088,0,1,24.444444,2
9369,1,10,2,0,23.08,0.0,29.04,6.4,8.04,1.71,476.046,0,1,24.444444,2
9370,1,11,2,0,23.2,0.0,28.11,8.8,5.88,3.5,633.407,0,1,24.444444,2
9371,1,12,2,0,23.31,0.0,27.47,8.4,1.08,4.69,712.954,0,1,24.444444,2
9372,1,13,2,0,23.29,0.0,27.36,3.9,3.6,4.05,748.077,0,1,24.444444,2
9373,1,14,2,0,23.5,0.0,26.67,9.5,4.44,8.5,717.274,0,1,24.444444,2
9374,1,15,2,0,23.59,0.0,26.1,7.9,0.48,10.22,630.399,0,1,24.444444,2
9375,1,16,2,0,23.73,0.0,25.4,11.4,1.32,13.61,479.302,0,1,24.444444,2
9376,1,17,2,0,23.73,0.0,24.96,10.7,3.6,11.47,263.771,0,1,24.444444,2
9377,1,18,2,0,23.69,0.0,24.9,11.7,3.12,7.2,29.6576,0,1,24.444444,2
9378,1,19,2,0,23.59,0.0,25.41,9.1,2.76,4.13,0.0,0,1,24.444444,2
9379,1,20,2,0,23.56,0.0,26.17,10.9,2.88,4.0,0.0,0,1,24.444444,2
9380,1,21,2,0,23.46,0.0,27.31,10.9,4.44,2.53,0.0,0,1,24.444444,2
9381,1,22,2,0,23.37,0.0,28.36,11.6,3.36,2.1,0.0,0,1,24.444444,2
9382,1,23,2,0,23.4,0.0,29.05,14.7,2.64,2.81,0.0,0,1,24.444444,2
9383,1,24,2,0,22.95,0.0,30.41,5.3,1.68,0.18,0.0,0,1,24.444444,2
9384,1,1,3,0,22.84,0.0,31.17,7.3,1.08,0.32,0.0,0,1,24.444444,2
9385,1,2,3,0,22.75,0.0,31.98,5.6,1.8,0.07,0.0,0,1,24.444444,2
9386,1,3,3,0,22.68,0.0,33.07,4.8,0.84,0.0,0.0,0,1,24.444444,2
9387,1,4,3,0,22.62,0.0,34.06,3.7,0.24,0.0,0.0,0,1,24.444444,2
9388,1,5,3,0,22.6,0.0,34.68,4.4,0.24,0.0,0.0,0,1,24.444444,2
9389,1,6,3,0,22.61,0.0,35.14,5.7,3.84,0.0,0.0,0,1,24.444444,2
9390,1,7,3,0,22.61,0.0,35.47,5.9,2.4,0.0,0.0,0,1,24.444444,2
9391,1,8,3,0,22.77,0.0,35.53,8.8,20.04,0.24,58.348,0,1,24.444444,2
9392,1,9,3,0,23.1,0.0,35.23,7.9,4.44,1.43,258.694,0,1,24.444444,2
9393,1,10,3,0,23.29,0.0,34.87,6.5,6.84,3.65,450.324,0,1,24.444444,2
9394,1,11,3,0,23.41,0.0,34.21,6.6,8.76,5.04,588.564,0,1,24.444444,2
9395,1,12,3,0,23.62,0.0,33.25,11.1,5.64,9.26,667.249,0,1,24.444444,2
9396,1,13,3,0,23.66,0.0,32.54,6.1,1.8,8.64,690.208,0,1,24.444444,2
9397,1,14,3,0,23.82,0.0,31.93,10.4,6.36,14.88,677.267,0,1,24.444444,2
9398,1,15,3,0,23.95,0.0,31.42,10.3,5.64,18.92,600.436,0,1,24.444444,2
9399,1,16,3,0,24.01,0.0,30.65,9.7,3.36,20.81,457.975,0,1,24.444444,2
9400,1,17,3,0,24.04,0.0,30.04,10.5,2.76,19.7,253.73,0,1,24.444444,2
9401,1,18,3,0,24.05,0.0,29.75,11.3,6.0,14.44,29.6855,0,1,24.444444,2
9402,1,19,3,0,24.02,0.0,29.93,9.3,2.64,11.16,0.0,0,1,24.444444,2
9403,1,20,3,0,24.0,0.0,30.53,9.6,4.56,9.93,0.0,0,1,24.444444,2
9404,1,21,3,0,23.85,0.0,31.86,7.8,3.72,5.77,0.0,0,1,24.444444,2
9405,1,22,3,0,23.81,0.0,32.95,11.1,5.04,6.26,0.0,0,1,24.444444,2
9406,1,23,3,0,23.92,0.0,33.65,15.7,0.6,8.93,0.0,0,1,24.444444,2
9407,1,24,3,0,23.58,0.0,34.9,7.0,1.08,2.49,0.0,0,1,24.444444,2
9408,1,1,4,0,23.38,0.0,35.32,7.3,0.24,1.9,0.0,0,1,24.444444,2
9409,1,2,4,0,23.05,0.0,35.85,4.2,0.72,0.63,0.0,0,1,24.444444,2
9410,1,3,4,0,22.9,0.0,35.69,5.2,0.0,0.51,0.0,0,1,24.444444,2
9411,1,4,4,0,22.95,0.0,35.13,9.4,0.84,0.98,0.0,0,1,24.444444,2
9412,1,5,4,0,22.87,0.0,35.2,7.8,0.12,0.5,0.0,0,1,24.444444,2
9413,1,6,4,0,22.74,0.0,35.48,4.0,2.16,0.0,0.0,0,1,24.444444,2
9414,1,7,4,0,22.67,0.0,35.13,3.2,4.2,0.0,0.0,0,1,24.444444,2
9415,1,8,4,0,22.96,0.0,33.8,10.4,13.2,0.76,58.7242,0,1,24.444444,2
9416,1,9,4,0,23.25,0.0,32.49,9.7,2.64,2.64,264.325,0,1,24.444444,2
9417,1,10,4,0,23.36,0.0,31.79,7.2,3.24,3.88,459.812,0,1,24.444444,2
9418,1,11,4,0,23.54,0.0,31.16,9.3,11.4,6.35,602.713,0,1,24.444444,2
9419,1,12,4,0,23.6,0.0,30.64,8.2,4.44,7.64,667.638,0,1,24.444444,2
9420,1,13,4,0,23.68,0.0,30.16,9.0,1.56,10.33,701.285,0,1,24.444444,2
9421,1,14,4,0,23.8,0.0,29.68,10.6,0.72,14.35,677.352,0,1,24.444444,2
9422,1,15,4,0,23.91,0.0,28.89,9.9,0.96,17.0,597.542,0,1,24.444444,2
9423,1,16,4,0,23.95,0.0,28.03,9.6,1.56,18.35,458.994,0,1,24.444444,2
9424,1,17,4,0,23.93,0.0,28.37,8.3,1.44,14.89,262.372,0,1,24.444444,2
9425,1,18,4,0,23.88,0.0,29.61,9.2,8.16,9.41,30.7368,0,1,24.444444,2
9426,1,19,4,0,23.78,0.0,31.29,8.3,3.0,6.94,0.0,0,1,24.444444,2
9427,1,20,4,0,23.72,0.0,32.84,9.1,5.16,5.98,0.0,0,1,24.444444,2
9428,1,21,4,0,23.63,0.0,34.09,9.0,2.4,4.34,0.0,0,1,24.444444,2
9429,1,22,4,0,23.58,0.0,35.11,10.0,2.52,3.81,0.0,0,1,24.444444,2
9430,1,23,4,0,23.56,0.0,36.11,12.1,3.24,3.81,0.0,0,1,24.444444,2
9431,1,24,4,0,23.3,0.0,37.45,8.0,1.2,1.33,0.0,0,1,24.444444,2
9432,1,1,5,0,23.31,0.0,38.07,12.4,0.36,2.28,0.0,0,1,24.444444,2
9433,1,2,5,0,23.09,0.0,39.09,8.3,2.28,0.84,0.0,0,1,24.444444,2
9434,1,3,5,0,23.08,0.0,39.36,11.9,0.36,1.24,0.0,0,1,24.444444,2
9435,1,4,5,0,22.94,0.0,39.68,9.8,0.12,0.63,0.0,0,1,24.444444,2
9436,1,5,5,0,22.9,0.0,39.73,11.0,0.12,0.65,0.0,0,1,24.444444,2
9437,1,6,5,0,22.83,0.0,39.94,11.0,1.2,0.55,0.0,0,1,24.444444,2
9438,1,7,5,0,22.84,0.0,40.62,11.8,4.8,0.74,0.0,0,1,24.444444,2
9439,1,8,5,0,22.97,0.0,41.97,8.6,13.32,0.9,57.5304,0,1,24.444444,2
9440,1,9,5,0,23.36,0.0,42.83,9.4,7.44,4.43,253.215,0,1,24.444444,2
9441,1,10,5,0,23.63,0.0,43.27,11.6,2.04,10.33,440.094,0,1,24.444444,2
9442,1,11,5,0,23.72,0.0,43.93,8.5,8.04,9.78,578.999,0,1,24.444444,2
9443,1,12,5,0,23.77,0.0,44.66,9.8,3.84,10.46,360.312,0,1,24.444444,2
9444,1,13,5,0,23.86,0.0,45.09,9.7,1.8,15.54,633.13,0,1,24.444444,2
9445,1,14,5,0,23.94,0.0,44.87,8.8,4.44,19.52,661.56,0,1,24.444444,2
9446,1,15,5,0,24.02,0.0,44.09,10.0,1.44,25.37,591.604,0,1,24.444444,2
9447,1,16,5,0,24.04,0.0,43.26,8.1,4.32,24.72,449.056,0,1,24.444444,2
9448,1,17,5,0,24.04,0.0,42.79,7.1,4.08,20.59,252.354,0,1,24.444444,2
9449,1,18,5,0,24.06,0.0,42.86,10.0,4.44,17.52,29.4476,0,1,24.444444,2
9450,1,19,5,0,24.07,0.0,43.58,9.9,2.4,15.67,0.0,0,1,24.444444,2
9451,1,20,5,0,24.07,0.0,44.35,11.8,4.2,16.54,0.0,0,1,24.444444,2
9452,1,21,5,0,24.07,0.0,45.24,11.3,3.84,14.01,0.0,0,1,24.444444,2
9453,1,22,5,0,24.07,0.0,45.86,13.7,9.72,15.05,0.0,0,1,24.444444,2
9454,1,23,5,0,24.06,0.0,46.58,12.7,3.48,12.08,0.0,0,1,24.444444,2
9455,1,24,5,0,23.93,0.0,48.12,9.0,2.4,7.12,0.0,0,1,24.444444,2
9456,1,1,6,0,23.6,0.0,50.3,4.6,1.32,3.06,0.0,0,1,24.444444,2
9457,1,2,6,0,23.47,0.0,51.41,5.7,0.36,2.95,0.0,0,1,24.444444,2
9458,1,3,6,0,23.21,0.0,50.93,3.8,0.0,1.34,0.0,0,1,24.444444,2
9459,1,4,6,0,23.07,0.0,48.72,5.5,0.0,1.08,0.0,0,1,24.444444,2
9460,1,5,6,0,22.91,0.0,45.8,4.9,0.36,0.48,0.0,0,1,24.444444,2
9461,1,6,6,0,22.8,0.0,43.06,4.3,1.08,0.14,0.0,0,1,24.444444,2
9462,1,7,6,0,22.68,0.0,40.89,3.0,6.72,0.0,0.0,0,1,24.444444,2
9463,1,8,6,0,22.84,0.0,38.7,7.6,18.36,0.23,60.4082,0,1,24.444444,2
9464,1,9,6,0,23.04,0.0,36.3,9.4,3.0,0.77,228.812,0,1,24.444444,2
9465,1,10,6,0,23.08,0.0,34.41,7.8,13.08,0.85,359.523,0,1,24.444444,2
9466,1,11,6,0,23.12,0.0,32.85,7.4,3.0,1.47,502.548,0,1,24.444444,2
9467,1,12,6,0,23.25,0.0,31.53,9.5,5.64,2.59,570.465,0,1,24.444444,2
9468,1,13,6,0,23.29,0.0,30.72,7.8,2.4,2.47,517.439,0,1,24.444444,2
9469,1,14,6,0,23.42,0.0,29.86,7.5,5.64,4.78,627.852,0,1,24.444444,2
9470,1,15,6,0,23.55,0.0,28.91,10.0,0.84,8.96,589.051,0,1,24.444444,2
9471,1,16,6,0,23.6,0.0,27.96,10.0,1.2,9.25,427.618,0,1,24.444444,2
9472,1,17,6,0,23.57,0.0,27.21,8.3,4.08,6.23,220.451,0,1,24.444444,2
9473,1,18,6,0,23.5,0.0,26.63,9.5,1.56,3.81,18.5894,0,1,24.444444,2
9474,1,19,6,0,23.48,0.0,26.76,11.1,2.28,3.8,0.0,0,1,24.444444,2
9475,1,20,6,0,23.46,0.0,27.65,11.2,3.36,3.16,0.0,0,1,24.444444,2
9476,1,21,6,0,23.46,0.0,28.75,13.3,2.04,3.41,0.0,0,1,24.444444,2
9477,1,22,6,0,23.32,0.0,29.64,9.6,1.56,1.5,0.0,0,1,24.444444,2
9478,1,23,6,0,23.1,0.0,31.3,7.7,4.32,0.78,0.0,0,1,24.444444,2
9479,1,24,6,0,23.14,0.0,31.97,11.6,4.08,1.38,0.0,0,1,24.444444,2
9480,1,1,7,0,23.04,0.0,32.3,9.4,0.24,0.82,0.0,0,1,24.444444,2
9481,1,2,7,0,22.86,0.0,32.17,6.7,0.48,0.23,0.0,0,1,24.444444,2
9482,1,3,7,0,22.7,0.0,31.76,4.3,0.24,0.0,0.0,0,1,24.444444,2
9483,1,4,7,0,22.62,0.0,31.34,3.6,1.08,0.0,0.0,0,1,24.444444,2
9484,1,5,7,0,22.61,0.0,30.81,4.9,0.24,0.0,0.0,0,1,24.444444,2
9485,1,6,7,0,22.56,0.0,30.32,3.4,0.12,0.0,0.0,0,1,24.444444,2
9486,1,7,7,0,22.55,0.0,30.4,4.3,0.6,0.0,0.0,0,1,24.444444,2
9487,1,8,7,0,22.6,0.0,30.84,5.1,4.08,0.0,61.3425,0,1,24.444444,2
9488,1,9,7,0,22.85,0.0,30.66,5.6,7.68,0.16,269.814,0,1,24.444444,2
9489,1,10,7,0,23.04,0.0,30.67,5.7,8.76,1.45,465.447,0,1,24.444444,2
9490,1,11,7,0,23.13,0.0,31.13,5.0,15.24,2.57,585.948,0,1,24.444444,2
9491,1,12,7,0,23.32,0.0,31.51,8.2,12.0,4.97,664.181,0,1,24.444444,2
9492,1,13,7,0,23.36,0.0,32.32,5.2,2.76,4.07,619.98,0,1,24.444444,2
9493,1,14,7,0,23.44,0.0,33.34,7.1,8.28,4.27,459.193,0,1,24.444444,2
9494,1,15,7,0,23.57,0.0,34.17,10.8,3.72,7.09,392.965,0,1,24.444444,2
9495,1,16,7,0,23.53,0.0,35.35,5.9,5.64,4.71,313.977,0,1,24.444444,2
9496,1,17,7,0,23.51,0.0,36.88,6.9,8.76,4.14,147.134,0,1,24.444444,2
9497,1,18,7,0,23.53,0.0,38.29,10.4,18.12,4.78,8.8188,0,1,24.444444,2
9498,1,19,7,0,23.42,0.0,40.04,5.6,2.88,1.86,0.0,0,1,24.444444,2
9499,1,20,7,0,23.45,0.0,41.48,9.9,2.28,3.46,0.0,0,1,24.444444,2
9500,1,21,7,0,23.36,0.0,42.78,7.3,2.16,1.87,0.0,0,1,24.444444,2
9501,1,22,7,0,23.37,0.0,43.81,8.8,2.04,2.49,0.0,0,1,24.444444,2
9502,1,23,7,0,23.38,0.0,45.05,9.7,2.04,2.66,0.0,0,1,24.444444,2
9503,1,24,7,0,23.24,0.0,46.72,6.9,0.84,1.46,0.0,0,1,24.444444,2
9504,2,1,1,0,23.1,0.0,48.18,5.0,1.08,0.94,0.0,0,1,24.444444,2
9505,2,2,1,0,23.04,0.0,49.23,4.7,0.36,0.93,0.0,0,1,24.444444,2
9506,2,3,1,0,22.98,0.0,50.5,3.8,0.72,0.76,0.0,0,1,24.444444,2
9507,2,4,1,0,22.93,0.0,51.94,3.5,3.72,0.67,0.0,0,1,24.444444,2
9508,2,5,1,0,22.93,0.0,53.15,3.7,0.84,0.79,0.0,0,1,24.444444,2
9509,2,6,1,0,22.92,0.0,54.4,3.6,0.84,0.74,0.0,0,1,24.444444,2
9510,2,7,1,0,22.9,0.0,56.08,3.8,1.08,0.69,0.0,0,1,24.444444,2
9511,2,8,1,0,22.99,0.0,57.42,4.0,2.76,1.02,45.7623,0,1,24.444444,2
9512,2,9,1,0,23.13,0.0,57.93,5.4,9.0,2.04,129.134,0,1,24.444444,2
9513,2,10,1,0,23.51,0.0,57.06,6.0,14.88,7.54,407.453,0,1,24.444444,2
9514,2,11,1,0,23.67,0.0,56.61,4.3,16.92,10.01,562.265,0,1,24.444444,2
9515,2,12,1,0,23.69,0.0,56.75,4.4,27.96,10.13,542.266,0,1,24.444444,2
9516,2,13,1,0,23.69,0.0,57.14,5.0,9.84,8.18,154.944,0,1,24.444444,2
9517,2,14,1,0,23.78,0.0,56.46,6.5,10.44,10.64,148.147,0,1,24.444444,2
9518,2,15,1,0,23.84,0.0,54.29,4.8,1.8,12.16,331.787,0,1,24.444444,2
9519,2,16,1,0,23.86,0.0,52.75,5.1,3.96,10.9,133.538,0,1,24.444444,2
9520,2,17,1,0,23.84,0.0,52.59,4.2,15.12,10.26,139.845,0,1,24.444444,2
9521,2,18,1,0,23.82,0.0,53.71,4.4,15.0,8.94,30.4618,0,1,24.444444,2
9522,2,19,1,0,23.81,0.0,55.69,4.6,4.44,8.63,0.0,0,1,24.444444,2
9523,2,20,1,0,23.92,0.0,56.7,8.5,4.8,11.89,0.0,0,1,24.444444,2
9524,2,21,1,0,23.89,0.0,57.96,7.0,6.96,9.8,0.0,0,1,24.444444,2
9525,2,22,1,0,23.84,0.0,59.67,6.4,2.64,8.49,0.0,0,1,24.444444,2
9526,2,23,1,0,23.81,0.0,60.73,7.8,1.68,8.47,0.0,0,1,24.444444,2
9527,2,24,1,0,23.67,0.0,60.91,6.4,1.08,4.63,0.0,0,1,24.444444,2
9528,2,1,2,0,23.46,0.0,60.03,6.4,0.36,2.86,0.0,0,1,24.444444,2
9529,2,2,2,0,23.15,0.0,57.71,4.1,0.36,1.06,0.0,0,1,24.444444,2
9530,2,3,2,0,23.04,0.0,52.3,6.2,0.36,0.95,0.0,0,1,24.444444,2
9531,2,4,2,0,22.89,0.0,47.02,5.4,0.6,0.42,0.0,0,1,24.444444,2
9532,2,5,2,0,22.74,0.0,43.8,3.3,0.6,0.0,0.0,0,1,24.444444,2
9533,2,6,2,0,22.62,0.0,40.23,4.0,0.96,0.0,0.0,0,1,24.444444,2
9534,2,7,2,0,22.57,0.0,36.23,4.5,9.24,0.0,0.0,0,1,24.444444,2
9535,2,8,2,0,22.58,0.0,33.44,4.4,12.12,0.0,68.4395,0,1,24.444444,2
9536,2,9,2,0,22.71,0.0,30.94,5.1,13.56,0.0,293.14,0,1,24.444444,2
9537,2,10,2,0,22.88,0.0,27.98,6.6,2.28,0.64,509.65,0,1,24.444444,2
9538,2,11,2,0,22.94,0.0,26.03,4.7,5.4,0.8,668.757,0,1,24.444444,2
9539,2,12,2,0,23.05,0.0,24.83,7.0,3.24,1.94,763.926,0,1,24.444444,2
9540,2,13,2,0,23.09,0.0,23.88,5.5,3.96,1.92,812.452,0,1,24.444444,2
9541,2,14,2,0,23.21,0.0,22.42,7.5,2.04,3.19,776.313,0,1,24.444444,2
9542,2,15,2,0,23.48,0.0,21.42,13.1,7.2,8.0,680.964,0,1,24.444444,2
9543,2,16,2,0,23.42,0.0,21.11,4.4,2.76,4.22,527.394,0,1,24.444444,2
9544,2,17,2,0,23.34,0.0,20.94,4.9,2.4,3.43,301.462,0,1,24.444444,2
9545,2,18,2,0,23.05,0.0,21.48,3.6,2.28,0.63,38.5297,0,1,24.444444,2
9546,2,19,2,0,22.84,0.0,22.39,3.8,7.08,0.26,0.0,0,1,24.444444,2
9547,2,20,2,0,22.95,0.0,22.86,9.7,3.84,0.78,0.0,0,1,24.444444,2
9548,2,21,2,0,22.86,0.0,23.69,8.5,18.12,0.34,0.0,0,1,24.444444,2
9549,2,22,2,0,22.74,0.0,24.38,7.3,6.12,0.13,0.0,0,1,24.444444,2
9550,2,23,2,0,22.7,0.0,24.84,8.6,1.44,0.1,0.0,0,1,24.444444,2
9551,2,24,2,0,22.63,0.0,25.17,6.8,0.96,0.0,0.0,0,1,24.444444,2
9552,2,1,3,0,22.55,0.0,25.35,5.1,0.48,0.0,0.0,0,1,24.444444,2
9553,2,2,3,0,22.5,0.0,25.42,3.5,0.36,0.0,0.0,0,1,24.444444,2
9554,2,3,3,0,22.48,0.0,25.4,3.7,0.24,0.0,0.0,0,1,24.444444,2
9555,2,4,3,0,22.48,0.0,25.33,3.3,0.24,0.0,0.0,0,1,24.444444,2
9556,2,5,3,0,22.48,0.0,25.43,3.7,0.36,0.0,0.0,0,1,24.444444,2
9557,2,6,3,0,22.48,0.0,25.56,3.9,1.32,0.0,0.0,0,1,24.444444,2
9558,2,7,3,0,22.48,0.0,25.62,4.1,2.88,0.0,0.0,0,1,24.444444,2
9559,2,8,3,0,22.48,0.0,25.42,4.0,19.32,0.0,8.44014,0,1,24.444444,2
9560,2,9,3,0,22.48,0.0,24.84,4.5,4.08,0.0,64.8106,0,1,24.444444,2
9561,2,10,3,0,22.48,0.0,24.29,6.1,6.72,0.0,169.303,0,1,24.444444,2
9562,2,11,3,0,22.48,0.0,24.3,4.2,2.76,0.0,189.17,0,1,24.444444,2
9563,2,12,3,0,22.5,0.0,24.63,6.6,9.48,0.0,289.198,0,1,24.444444,2
9564,2,13,3,0,22.52,0.0,25.08,4.8,5.64,0.0,366.156,0,1,24.444444,2
9565,2,14,3,0,22.53,0.0,25.18,4.2,0.96,0.0,323.736,0,1,24.444444,2
9566,2,15,3,0,22.6,0.0,25.25,9.7,0.72,0.0,131.002,0,1,24.444444,2
9567,2,16,3,0,22.53,0.0,26.03,4.7,1.8,0.0,57.8853,0,1,24.444444,2
9568,2,17,3,0,22.5,0.0,26.7,5.2,4.44,0.0,38.1339,0,1,24.444444,2
9569,2,18,3,0,22.5,0.0,27.37,3.9,2.88,0.0,3.57343,0,1,24.444444,2
9570,2,19,3,0,22.6,0.0,28.2,9.5,9.72,0.0,0.0,0,1,24.444444,2
9571,2,20,3,0,22.61,0.0,29.28,7.5,4.32,0.0,0.0,0,1,24.444444,2
9572,2,21,3,0,22.61,0.0,30.01,7.5,9.96,0.0,0.0,0,1,24.444444,2
9573,2,22,3,0,22.7,0.0,30.21,11.5,6.84,0.19,0.0,0,1,24.444444,2
9574,2,23,3,0,22.68,0.0,30.91,9.6,2.88,0.07,0.0,0,1,24.444444,2
9575,2,24,3,0,22.7,0.0,32.07,11.9,1.44,0.25,0.0,0,1,24.444444,2
9576,2,1,4,0,22.64,0.0,33.25,7.7,1.8,0.0,0.0,0,1,24.444444,2
9577,2,2,4,0,22.56,0.0,34.2,4.8,0.48,0.0,0.0,0,1,24.444444,2
9578,2,3,4,0,22.59,0.0,35.13,7.6,0.48,0.0,0.0,0,1,24.444444,2
9579,2,4,4,0,22.54,0.0,36.25,3.7,0.36,0.0,0.0,0,1,24.444444,2
9580,2,5,4,0,22.57,0.0,37.05,8.0,0.48,0.0,0.0,0,1,24.444444,2
9581,2,6,4,0,22.54,0.0,38.04,3.7,4.8,0.0,0.0,0,1,24.444444,2
9582,2,7,4,0,22.51,0.0,39.38,3.6,11.16,0.0,0.0,0,1,24.444444,2
9583,2,8,4,0,22.57,0.0,40.11,9.3,11.16,0.0,0.0,0,1,24.444444,2
9584,2,9,4,0,22.59,0.0,40.35,9.1,4.92,0.0,13.0139,0,1,24.444444,2
9585,2,10,4,0,22.6,0.0,40.67,10.3,0.84,0.0,30.2171,0,1,24.444444,2
9586,2,11,4,0,22.59,0.0,40.81,8.7,5.04,0.0,60.2245,0,1,24.444444,2
9587,2,12,4,0,22.58,0.0,40.74,8.2,15.48,0.0,63.4725,0,1,24.444444,2
9588,2,13,4,0,22.57,0.0,40.88,7.3,4.44,0.0,55.8202,0,1,24.444444,2
9589,2,14,4,0,22.57,0.0,41.16,6.8,9.24,0.0,67.5258,0,1,24.444444,2
9590,2,15,4,0,22.66,0.0,41.53,9.8,3.12,0.04,115.307,0,1,24.444444,2
9591,2,16,4,0,22.67,0.0,42.22,9.6,1.92,0.07,40.98,0,1,24.444444,2
9592,2,17,4,0,22.67,0.0,42.75,8.0,1.8,0.0,74.2981,0,1,24.444444,2
9593,2,18,4,0,22.69,0.0,43.25,8.9,3.6,0.06,42.5497,0,1,24.444444,2
9594,2,19,4,0,22.71,0.0,43.77,10.5,5.04,0.29,0.0,0,1,24.444444,2
9595,2,20,4,0,22.71,0.0,44.16,10.1,3.24,0.23,0.0,0,1,24.444444,2
9596,2,21,4,0,22.67,0.0,44.37,7.9,9.96,0.02,0.0,0,1,24.444444,2
9597,2,22,4,0,22.72,0.0,44.23,12.1,15.12,0.53,0.0,0,1,24.444444,2
9598,2,23,4,0,22.69,0.0,44.18,9.2,1.92,0.13,0.0,0,1,24.444444,2
9599,2,24,4,0,22.67,0.0,44.08,8.4,3.48,0.05,0.0,0,1,24.444444,2
9600,2,1,5,0,22.77,0.0,43.5,16.2,0.36,1.02,0.0,0,1,24.444444,2
9601,2,2,5,0,22.6,0.0,43.51,4.1,0.12,0.0,0.0,0,1,24.444444,2
9602,2,3,5,0,22.58,0.0,42.81,6.2,0.12,0.0,0.0,0,1,24.444444,2
9603,2,4,5,0,22.55,0.0,41.86,4.4,0.36,0.0,0.0,0,1,24.444444,2
9604,2,5,5,0,22.52,0.0,40.89,3.2,0.72,0.0,0.0,0,1,24.444444,2
9605,2,6,5,0,22.52,0.0,40.05,3.8,1.56,0.0,0.0,0,1,24.444444,2
9606,2,7,5,0,22.66,0.0,39.15,12.4,2.4,0.15,0.0,0,1,24.444444,2
9607,2,8,5,0,22.59,0.0,38.44,3.6,26.76,0.0,66.0703,0,1,24.444444,2
9608,2,9,5,0,22.74,0.0,36.99,5.1,18.48,0.01,274.022,0,1,24.444444,2
9609,2,10,5,0,23.01,0.0,35.28,8.0,9.84,1.14,476.427,0,1,24.444444,2
9610,2,11,5,0,23.04,0.0,34.37,4.3,8.04,1.42,623.607,0,1,24.444444,2
9611,2,12,5,0,23.2,0.0,33.52,8.0,13.08,3.36,718.267,0,1,24.444444,2
9612,2,13,5,0,23.36,0.0,32.69,9.6,1.08,5.65,748.514,0,1,24.444444,2
9613,2,14,5,0,23.49,0.0,32.04,9.2,1.8,7.25,713.301,0,1,24.444444,2
9614,2,15,5,0,23.58,0.0,32.12,9.9,1.8,9.99,638.241,0,1,24.444444,2
9615,2,16,5,0,23.63,0.0,32.42,9.3,1.68,10.66,493.32,0,1,24.444444,2
9616,2,17,5,0,23.6,0.0,32.79,7.2,7.56,7.91,285.386,0,1,24.444444,2
9617,2,18,5,0,23.53,0.0,33.16,8.9,1.56,4.67,54.3427,0,1,24.444444,2
9618,2,19,5,0,23.44,0.0,33.68,8.3,4.44,2.67,0.0,0,1,24.444444,2
9619,2,20,5,0,23.42,0.0,33.92,9.8,5.88,2.65,0.0,0,1,24.444444,2
9620,2,21,5,0,23.39,0.0,34.06,10.8,9.36,2.34,0.0,0,1,24.444444,2
9621,2,22,5,0,23.23,0.0,34.39,9.4,6.12,1.24,0.0,0,1,24.444444,2
9622,2,23,5,0,23.19,0.0,34.24,12.3,1.8,1.49,0.0,0,1,24.444444,2
9623,2,24,5,0,22.93,0.0,34.45,7.9,0.48,0.31,0.0,0,1,24.444444,2
9624,2,1,6,0,22.74,0.0,33.69,6.0,2.28,0.05,0.0,0,1,24.444444,2
9625,2,2,6,0,22.65,0.0,31.9,5.1,0.48,0.0,0.0,0,1,24.444444,2
9626,2,3,6,0,22.61,0.0,29.86,6.7,0.12,0.0,0.0,0,1,24.444444,2
9627,2,4,6,0,22.55,0.0,28.69,3.2,0.0,0.0,0.0,0,1,24.444444,2
9628,2,5,6,0,22.51,0.0,27.44,4.3,0.72,0.0,0.0,0,1,24.444444,2
9629,2,6,6,0,22.5,0.0,26.22,5.2,2.16,0.0,0.0,0,1,24.444444,2
9630,2,7,6,0,22.48,0.0,25.38,4.7,7.56,0.0,0.0,0,1,24.444444,2
9631,2,8,6,0,22.49,0.0,24.92,5.1,12.72,0.0,71.7703,0,1,24.444444,2
9632,2,9,6,0,22.67,0.0,24.25,6.7,8.04,0.0,290.578,0,1,24.444444,2
9633,2,10,6,0,22.85,0.0,23.41,5.4,5.76,0.27,493.354,0,1,24.444444,2
9634,2,11,6,0,22.94,0.0,22.75,4.4,3.84,0.71,649.224,0,1,24.444444,2
9635,2,12,6,0,23.03,0.0,22.48,5.7,3.6,1.84,736.158,0,1,24.444444,2
9636,2,13,6,0,23.27,0.0,22.0,10.4,3.48,4.84,750.599,0,1,24.444444,2
9637,2,14,6,0,23.27,0.0,21.34,3.7,6.48,3.79,726.085,0,1,24.444444,2
9638,2,15,6,0,23.53,0.0,19.89,10.5,3.0,9.56,641.051,0,1,24.444444,2
9639,2,16,6,0,23.55,0.0,18.78,5.4,7.2,7.99,500.249,0,1,24.444444,2
9640,2,17,6,0,23.58,0.0,17.84,8.8,0.96,9.07,298.097,0,1,24.444444,2
9641,2,18,6,0,23.42,0.0,17.44,4.5,7.8,2.57,59.226,0,1,24.444444,2
9642,2,19,6,0,23.42,0.0,17.65,9.8,8.52,3.16,0.0,0,1,24.444444,2
9643,2,20,6,0,23.41,0.0,18.38,10.9,3.0,2.57,0.0,0,1,24.444444,2
9644,2,21,6,0,23.27,0.0,19.55,8.2,4.68,1.2,0.0,0,1,24.444444,2
9645,2,22,6,0,23.09,0.0,20.55,7.5,2.04,0.77,0.0,0,1,24.444444,2
9646,2,23,6,0,22.91,0.0,21.71,6.3,4.56,0.29,0.0,0,1,24.444444,2
9647,2,24,6,0,22.8,0.0,23.23,6.3,1.2,0.13,0.0,0,1,24.444444,2
9648,2,1,7,0,22.69,0.0,25.25,5.0,0.6,0.0,0.0,0,1,24.444444,2
9649,2,2,7,0,22.6,0.0,27.02,3.4,0.72,0.0,0.0,0,1,24.444444,2
9650,2,3,7,0,22.55,0.0,27.99,3.8,0.6,0.0,0.0,0,1,24.444444,2
9651,2,4,7,0,22.52,0.0,28.27,3.5,0.0,0.0,0.0,0,1,24.444444,2
9652,2,5,7,0,22.5,0.0,28.36,4.3,1.08,0.0,0.0,0,1,24.444444,2
9653,2,6,7,0,22.48,0.0,28.59,4.2,0.6,0.0,0.0,0,1,24.444444,2
9654,2,7,7,0,22.48,0.0,28.8,5.3,1.56,0.0,0.0,0,1,24.444444,2
9655,2,8,7,0,22.5,0.0,29.04,4.1,6.72,0.0,69.9841,0,1,24.444444,2
9656,2,9,7,0,22.77,0.0,28.98,5.3,6.96,0.15,270.064,0,1,24.444444,2
9657,2,10,7,0,23.04,0.0,29.06,4.4,3.36,1.84,464.693,0,1,24.444444,2
9658,2,11,7,0,23.19,0.0,29.78,4.9,6.12,3.5,573.908,0,1,24.444444,2
9659,2,12,7,0,23.32,0.0,30.66,5.8,15.0,5.29,681.225,0,1,24.444444,2
9660,2,13,7,0,23.4,0.0,31.48,4.9,8.64,6.44,729.691,0,1,24.444444,2
9661,2,14,7,0,23.57,0.0,32.46,6.5,1.8,9.33,700.561,0,1,24.444444,2
9662,2,15,7,0,23.64,0.0,33.49,4.3,4.08,11.22,617.462,0,1,24.444444,2
9663,2,16,7,0,23.69,0.0,34.24,3.7,18.24,12.4,491.703,0,1,24.444444,2
9664,2,17,7,0,23.76,0.0,35.16,7.4,16.2,13.77,288.998,0,1,24.444444,2
9665,2,18,7,0,23.68,0.0,36.87,4.7,31.44,7.19,57.9878,0,1,24.444444,2
9666,2,19,7,0,23.61,0.0,38.5,5.0,20.04,5.51,0.0,0,1,24.444444,2
9667,2,20,7,0,23.6,0.0,39.92,6.7,2.4,5.4,0.0,0,1,24.444444,2
9668,2,21,7,0,23.6,0.0,41.22,8.7,8.28,5.58,0.0,0,1,24.444444,2
9669,2,22,7,0,23.54,0.0,42.8,8.1,8.16,3.87,0.0,0,1,24.444444,2
9670,2,23,7,0,23.35,0.0,44.62,5.3,5.16,1.71,0.0,0,1,24.444444,2
9671,2,24,7,0,23.32,0.0,45.62,7.2,1.44,2.1,0.0,0,1,24.444444,2
9672,2,1,1,0,23.24,0.0,46.5,6.8,1.08,1.57,0.0,0,1,24.444444,2
9673,2,2,1,0,23.01,0.0,47.67,3.9,0.84,0.66,0.0,0,1,24.444444,2
9674,2,3,1,0,22.9,0.0,48.18,3.3,0.6,0.42,0.0,0,1,24.444444,2
9675,2,4,1,0,22.87,0.0,48.17,4.1,3.96,0.42,0.0,0,1,24.444444,2
9676,2,5,1,0,22.88,0.0,48.02,6.1,0.36,0.68,0.0,0,1,24.444444,2
9677,2,6,1,0,22.8,0.0,48.4,3.7,1.56,0.2,0.0,0,1,24.444444,2
9678,2,7,1,0,22.82,0.0,48.89,5.5,3.12,0.48,0.0,0,1,24.444444,2
9679,2,8,1,0,23.04,0.0,48.98,4.6,6.36,1.21,66.9992,0,1,24.444444,2
9680,2,9,1,0,23.35,0.0,48.52,4.1,10.68,4.47,266.06,0,1,24.444444,2
9681,2,10,1,0,23.61,0.0,47.56,5.6,11.4,8.76,458.0,0,1,24.444444,2
9682,2,11,1,0,23.74,0.0,46.84,6.3,12.36,11.42,606.822,0,1,24.444444,2
9683,2,12,1,0,23.78,0.0,46.5,5.6,20.16,11.98,655.751,0,1,24.444444,2
9684,2,13,1,0,23.78,0.0,46.17,4.7,6.6,9.45,336.065,0,1,24.444444,2
9685,2,14,1,0,23.88,0.0,45.12,7.2,13.56,14.37,494.497,0,1,24.444444,2
9686,2,15,1,0,23.98,0.0,44.2,8.8,1.8,16.01,269.463,0,1,24.444444,2
9687,2,16,1,0,23.99,0.0,43.37,4.8,2.88,14.95,336.604,0,1,24.444444,2
9688,2,17,1,0,23.99,0.0,43.01,4.7,8.04,14.86,242.519,0,1,24.444444,2
9689,2,18,1,0,24.0,0.0,43.63,6.5,8.04,11.81,44.9309,0,1,24.444444,2
9690,2,19,1,0,23.93,0.0,45.11,5.1,6.48,8.87,0.0,0,1,24.444444,2
9691,2,20,1,0,23.87,0.0,46.55,5.2,5.88,7.95,0.0,0,1,24.444444,2
9692,2,21,1,0,23.81,0.0,48.04,5.5,6.6,6.86,0.0,0,1,24.444444,2
9693,2,22,1,0,23.8,0.0,49.08,7.9,2.4,7.25,0.0,0,1,24.444444,2
9694,2,23,1,0,23.67,0.0,50.66,6.8,2.16,4.69,0.0,0,1,24.444444,2
9695,2,24,1,0,23.46,0.0,52.64,5.0,0.96,2.67,0.0,0,1,24.444444,2
9696,2,1,2,0,23.42,0.0,53.52,6.5,0.72,2.96,0.0,0,1,24.444444,2
9697,2,2,2,0,23.25,0.0,55.06,3.5,0.36,1.51,0.0,0,1,24.444444,2
9698,2,3,2,0,23.19,0.0,56.78,3.7,0.72,1.45,0.0,0,1,24.444444,2
9699,2,4,2,0,23.11,0.0,58.03,3.9,0.24,1.18,0.0,0,1,24.444444,2
9700,2,5,2,0,23.07,0.0,58.74,4.7,0.24,1.24,0.0,0,1,24.444444,2
9701,2,6,2,0,23.08,0.0,59.27,5.9,2.52,1.56,0.0,0,1,24.444444,2
9702,2,7,2,0,22.98,0.0,60.36,3.3,4.08,0.88,0.0,0,1,24.444444,2
9703,2,8,2,0,23.31,0.0,59.67,5.4,14.4,3.45,65.7144,0,1,24.444444,2
9704,2,9,2,0,23.51,0.0,58.67,4.5,2.4,6.51,266.743,0,1,24.444444,2
9705,2,10,2,0,23.65,0.0,56.9,5.3,17.28,10.21,460.99,0,1,24.444444,2
9706,2,11,2,0,23.73,0.0,54.88,4.3,7.44,10.74,617.61,0,1,24.444444,2
9707,2,12,2,0,23.75,0.0,52.77,4.2,4.68,12.74,704.31,0,1,24.444444,2
9708,2,13,2,0,23.8,0.0,49.68,4.1,2.28,15.27,730.04,0,1,24.444444,2
9709,2,14,2,0,23.9,0.0,46.8,5.5,0.84,19.76,716.621,0,1,24.444444,2
9710,2,15,2,0,24.03,0.0,42.3,10.2,1.08,27.61,633.584,0,1,24.444444,2
9711,2,16,2,0,24.05,0.0,38.81,7.4,4.92,24.82,492.465,0,1,24.444444,2
9712,2,17,2,0,24.03,0.0,37.29,4.4,2.16,18.15,291.037,0,1,24.444444,2
9713,2,18,2,0,23.99,0.0,37.09,4.9,3.6,11.8,62.022,0,1,24.444444,2
9714,2,19,2,0,23.9,0.0,37.54,4.0,2.76,8.71,0.0,0,1,24.444444,2
9715,2,20,2,0,23.99,0.0,37.2,9.0,4.56,11.66,0.0,0,1,24.444444,2
9716,2,21,2,0,23.97,0.0,36.91,7.9,20.04,8.76,0.0,0,1,24.444444,2
9717,2,22,2,0,23.82,0.0,37.34,5.9,3.96,5.76,0.0,0,1,24.444444,2
9718,2,23,2,0,23.72,0.0,37.65,6.9,1.2,4.63,0.0,0,1,24.444444,2
9719,2,24,2,0,23.53,0.0,38.41,5.8,0.36,2.86,0.0,0,1,24.444444,2
9720,2,1,3,0,23.37,0.0,39.2,5.5,0.84,1.93,0.0,0,1,24.444444,2
9721,2,2,3,0,23.07,0.0,40.02,3.5,0.36,0.7,0.0,0,1,24.444444,2
9722,2,3,3,0,22.93,0.0,39.71,5.1,0.12,0.56,0.0,0,1,24.444444,2
9723,2,4,3,0,22.8,0.0,39.22,3.9,0.36,0.11,0.0,0,1,24.444444,2
9724,2,5,3,0,22.71,0.0,38.12,3.6,0.12,0.0,0.0,0,1,24.444444,2
9725,2,6,3,0,22.71,0.0,36.77,6.5,1.44,0.04,0.0,0,1,24.444444,2
9726,2,7,3,0,22.64,0.0,35.92,4.8,3.24,0.0,0.0,0,1,24.444444,2
9727,2,8,3,0,22.64,0.0,35.0,4.2,25.92,0.0,76.8971,0,1,24.444444,2
9728,2,9,3,0,22.85,0.0,33.61,5.8,8.64,0.12,297.984,0,1,24.444444,2
9729,2,10,3,0,22.98,0.0,32.31,5.5,7.2,0.78,509.58,0,1,24.444444,2
9730,2,11,3,0,23.01,0.0,31.2,4.5,3.0,1.2,662.764,0,1,24.444444,2
9731,2,12,3,0,23.06,0.0,30.46,4.3,11.52,1.75,753.118,0,1,24.444444,2
9732,2,13,3,0,23.14,0.0,30.12,3.5,1.56,2.38,786.907,0,1,24.444444,2
9733,2,14,3,0,23.3,0.0,29.41,3.8,1.08,3.84,746.868,0,1,24.444444,2
9734,2,15,3,0,23.59,0.0,28.44,10.5,1.92,10.61,665.506,0,1,24.444444,2
9735,2,16,3,0,23.58,0.0,27.92,3.1,1.8,7.93,518.523,0,1,24.444444,2
9736,2,17,3,0,23.62,0.0,27.5,6.5,1.32,9.57,306.783,0,1,24.444444,2
9737,2,18,3,0,23.6,0.0,27.41,6.9,4.92,5.76,68.5623,0,1,24.444444,2
9738,2,19,3,0,23.43,0.0,28.08,2.9,2.64,2.0,0.0,0,1,24.444444,2
9739,2,20,3,0,23.4,0.0,28.67,6.3,3.12,2.58,0.0,0,1,24.444444,2
9740,2,21,3,0,23.33,0.0,29.73,5.9,11.88,1.67,0.0,0,1,24.444444,2
9741,2,22,3,0,23.27,0.0,31.49,6.9,6.36,1.56,0.0,0,1,24.444444,2
9742,2,23,3,0,23.15,0.0,33.23,6.7,0.96,0.97,0.0,0,1,24.444444,2
9743,2,24,3,0,23.09,0.0,34.57,8.2,0.6,1.02,0.0,0,1,24.444444,2
9744,2,1,4,0,23.0,0.0,34.95,7.3,0.48,0.67,0.0,0,1,24.444444,2
9745,2,2,4,0,22.82,0.0,34.98,3.5,0.24,0.02,0.0,0,1,24.444444,2
9746,2,3,4,0,22.72,0.0,34.43,4.2,0.6,0.0,0.0,0,1,24.444444,2
9747,2,4,4,0,22.65,0.0,34.1,3.6,0.48,0.0,0.0,0,1,24.444444,2
9748,2,5,4,0,22.68,0.0,33.99,7.5,0.96,0.0,0.0,0,1,24.444444,2
9749,2,6,4,0,22.59,0.0,34.2,3.6,4.92,0.0,0.0,0,1,24.444444,2
9750,2,7,4,0,22.56,0.0,34.45,3.5,13.44,0.0,0.0,0,1,24.444444,2
9751,2,8,4,0,22.8,0.0,34.49,9.1,11.16,0.14,75.8677,0,1,24.444444,2
9752,2,9,4,0,23.15,0.0,34.45,8.3,3.96,1.47,286.928,0,1,24.444444,2
9753,2,10,4,0,23.28,0.0,34.72,7.2,3.12,2.98,480.055,0,1,24.444444,2
9754,2,11,4,0,23.6,0.0,34.24,14.4,10.8,7.39,622.668,0,1,24.444444,2
9755,2,12,4,0,23.6,0.0,34.24,9.2,8.28,6.03,707.231,0,1,24.444444,2
9756,2,13,4,0,23.67,0.0,33.68,9.4,5.52,8.64,685.889,0,1,24.444444,2
9757,2,14,4,0,23.73,0.0,32.6,8.2,3.72,10.48,710.447,0,1,24.444444,2
9758,2,15,4,0,23.86,0.0,31.16,9.8,4.56,14.79,635.53,0,1,24.444444,2
9759,2,16,4,0,23.93,0.0,29.33,9.4,0.96,16.85,498.57,0,1,24.444444,2
9760,2,17,4,0,23.92,0.0,28.31,7.9,2.88,15.12,297.644,0,1,24.444444,2
9761,2,18,4,0,23.91,0.0,28.09,8.9,1.56,10.59,67.6277,0,1,24.444444,2
9762,2,19,4,0,23.86,0.0,28.4,9.1,3.96,8.49,0.0,0,1,24.444444,2
9763,2,20,4,0,23.84,0.0,28.95,9.2,4.32,7.68,0.0,0,1,24.444444,2
9764,2,21,4,0,23.72,0.0,29.78,7.3,11.28,5.03,0.0,0,1,24.444444,2
9765,2,22,4,0,23.75,0.0,30.24,12.3,9.24,6.84,0.0,0,1,24.444444,2
9766,2,23,4,0,23.67,0.0,31.15,10.9,1.56,4.25,0.0,0,1,24.444444,2
9767,2,24,4,0,23.3,0.0,33.21,5.6,0.96,1.13,0.0,0,1,24.444444,2
9768,2,1,5,0,23.57,0.0,34.42,15.6,1.08,4.52,0.0,0,1,24.444444,2
9769,2,2,5,0,23.18,0.0,36.35,5.8,0.84,0.61,0.0,0,1,24.444444,2
9770,2,3,5,0,22.95,0.0,38.2,7.0,0.12,0.71,0.0,0,1,24.444444,2
9771,2,4,5,0,22.84,0.0,39.75,4.7,0.36,0.25,0.0,0,1,24.444444,2
9772,2,5,5,0,22.76,0.0,40.19,4.5,0.36,0.07,0.0,0,1,24.444444,2
9773,2,6,5,0,22.73,0.0,39.86,5.9,3.24,0.11,0.0,0,1,24.444444,2
9774,2,7,5,0,22.82,0.0,39.01,11.0,5.88,0.73,0.0,0,1,24.444444,2
9775,2,8,5,0,22.82,0.0,38.12,4.1,19.32,0.01,77.0689,0,1,24.444444,2
9776,2,9,5,0,23.04,0.0,36.32,4.8,13.08,0.6,289.147,0,1,24.444444,2
9777,2,10,5,0,23.22,0.0,34.07,6.8,14.04,2.66,492.045,0,1,24.444444,2
9778,2,11,5,0,23.21,0.0,32.84,4.6,2.4,2.62,641.446,0,1,24.444444,2
9779,2,12,5,0,23.33,0.0,32.04,7.8,0.96,4.36,738.225,0,1,24.444444,2
9780,2,13,5,0,23.45,0.0,31.47,7.0,0.96,5.86,736.984,0,1,24.444444,2
9781,2,14,5,0,23.61,0.0,30.92,8.8,1.32,9.27,737.718,0,1,24.444444,2
9782,2,15,5,0,23.74,0.0,30.63,9.8,0.72,12.74,657.466,0,1,24.444444,2
9783,2,16,5,0,23.78,0.0,29.91,9.1,1.08,13.34,517.413,0,1,24.444444,2
9784,2,17,5,0,23.73,0.0,27.88,7.7,1.2,10.93,308.486,0,1,24.444444,2
9785,2,18,5,0,23.71,0.0,26.49,9.6,2.28,7.73,70.7552,0,1,24.444444,2
9786,2,19,5,0,23.63,0.0,26.37,9.0,7.92,5.23,0.0,0,1,24.444444,2
9787,2,20,5,0,23.59,0.0,26.54,9.8,6.36,4.65,0.0,0,1,24.444444,2
9788,2,21,5,0,23.48,0.0,26.61,8.8,4.92,2.68,0.0,0,1,24.444444,2
9789,2,22,5,0,23.38,0.0,25.76,10.4,3.84,2.07,0.0,0,1,24.444444,2
9790,2,23,5,0,23.24,0.0,24.17,11.5,3.6,1.44,0.0,0,1,24.444444,2
9791,2,24,5,0,22.91,0.0,23.7,7.5,1.32,0.25,0.0,0,1,24.444444,2
9792,2,1,6,0,22.7,0.0,23.39,5.1,0.48,0.0,0.0,0,1,24.444444,2
9793,2,2,6,0,22.59,0.0,23.13,4.5,0.12,0.0,0.0,0,1,24.444444,2
9794,2,3,6,0,22.53,0.0,22.89,3.6,0.12,0.0,0.0,0,1,24.444444,2
9795,2,4,6,0,22.54,0.0,22.64,7.5,0.36,0.0,0.0,0,1,24.444444,2
9796,2,5,6,0,22.49,0.0,22.57,3.4,1.2,0.0,0.0,0,1,24.444444,2
9797,2,6,6,0,22.48,0.0,22.48,3.5,0.48,0.0,0.0,0,1,24.444444,2
9798,2,7,6,0,22.48,0.0,22.34,4.0,8.88,0.0,0.0,0,1,24.444444,2
9799,2,8,6,0,22.48,0.0,22.01,4.8,11.16,0.0,81.0206,0,1,24.444444,2
9800,2,9,6,0,22.52,0.0,21.58,4.5,11.16,0.0,311.915,0,1,24.444444,2
9801,2,10,6,0,22.65,0.0,20.66,4.9,9.84,0.0,524.343,0,1,24.444444,2
9802,2,11,6,0,22.73,0.0,19.7,4.6,3.6,0.01,681.624,0,1,24.444444,2
9803,2,12,6,0,22.78,0.0,19.16,4.9,1.2,0.2,771.469,0,1,24.444444,2
9804,2,13,6,0,22.89,0.0,18.55,5.5,13.08,0.75,792.717,0,1,24.444444,2
9805,2,14,6,0,22.98,0.0,17.75,4.1,3.84,1.28,749.393,0,1,24.444444,2
9806,2,15,6,0,23.42,0.0,16.39,10.9,1.44,5.1,662.882,0,1,24.444444,2
9807,2,16,6,0,23.4,0.0,15.75,4.6,4.2,4.47,515.894,0,1,24.444444,2
9808,2,17,6,0,23.51,0.0,15.14,9.8,1.44,6.79,302.873,0,1,24.444444,2
9809,2,18,6,0,23.3,0.0,15.03,4.4,6.48,1.52,72.9514,0,1,24.444444,2
9810,2,19,6,0,23.32,0.0,15.08,11.0,11.64,2.48,0.0,0,1,24.444444,2
9811,2,20,6,0,23.26,0.0,15.62,9.5,4.44,1.2,0.0,0,1,24.444444,2
9812,2,21,6,0,23.08,0.0,16.51,8.1,3.24,0.68,0.0,0,1,24.444444,2
9813,2,22,6,0,22.95,0.0,17.77,7.9,1.92,0.36,0.0,0,1,24.444444,2
9814,2,23,6,0,22.76,0.0,19.18,5.8,1.56,0.03,0.0,0,1,24.444444,2
9815,2,24,6,0,22.67,0.0,20.44,5.8,1.44,0.0,0.0,0,1,24.444444,2
9816,2,1,7,0,22.62,0.0,21.49,5.3,0.24,0.0,0.0,0,1,24.444444,2
9817,2,2,7,0,22.56,0.0,23.0,3.6,0.6,0.0,0.0,0,1,24.444444,2
9818,2,3,7,0,22.53,0.0,24.94,3.5,0.6,0.0,0.0,0,1,24.444444,2
9819,2,4,7,0,22.51,0.0,26.5,4.2,0.72,0.0,0.0,0,1,24.444444,2
9820,2,5,7,0,22.49,0.0,27.6,3.4,0.0,0.0,0.0,0,1,24.444444,2
9821,2,6,7,0,22.48,0.0,28.56,4.5,2.52,0.0,0.0,0,1,24.444444,2
9822,2,7,7,0,22.48,0.0,29.44,4.1,1.68,0.0,0.0,0,1,24.444444,2
9823,2,8,7,0,22.5,0.0,30.11,3.6,5.28,0.0,81.8858,0,1,24.444444,2
9824,2,9,7,0,22.74,0.0,30.33,4.9,12.12,0.03,292.365,0,1,24.444444,2
9825,2,10,7,0,22.99,0.0,30.13,4.3,15.36,0.91,490.004,0,1,24.444444,2
9826,2,11,7,0,23.15,0.0,30.15,5.6,13.32,2.61,633.22,0,1,24.444444,2
9827,2,12,7,0,23.27,0.0,31.3,5.2,3.96,3.67,717.802,0,1,24.444444,2
9828,2,13,7,0,23.44,0.0,32.67,5.7,5.4,6.11,721.762,0,1,24.444444,2
9829,2,14,7,0,23.6,0.0,32.78,5.7,2.76,8.57,710.869,0,1,24.444444,2
9830,2,15,7,0,23.74,0.0,33.15,7.0,3.24,13.13,633.026,0,1,24.444444,2
9831,2,16,7,0,23.79,0.0,33.9,5.3,9.6,14.08,501.265,0,1,24.444444,2
9832,2,17,7,0,23.82,0.0,34.94,6.4,10.56,14.04,303.657,0,1,24.444444,2
9833,2,18,7,0,23.76,0.0,36.41,5.5,7.56,8.62,73.1061,0,1,24.444444,2
9834,2,19,7,0,23.68,0.0,38.18,5.4,10.92,6.67,0.0,0,1,24.444444,2
9835,2,20,7,0,23.83,0.0,39.16,11.9,4.68,10.65,0.0,0,1,24.444444,2
9836,2,21,7,0,23.65,0.0,41.61,5.8,10.56,4.71,0.0,0,1,24.444444,2
9837,2,22,7,0,23.53,0.0,44.43,5.6,4.8,3.56,0.0,0,1,24.444444,2
9838,2,23,7,0,23.44,0.0,46.8,6.0,2.16,2.9,0.0,0,1,24.444444,2
9839,2,24,7,0,23.43,0.0,48.29,7.8,0.84,3.12,0.0,0,1,24.444444,2
9840,2,1,1,0,23.25,0.0,49.84,4.0,0.72,1.14,0.0,0,1,24.444444,2
9841,2,2,1,0,23.09,0.0,51.16,4.5,0.84,0.98,0.0,0,1,24.444444,2
9842,2,3,1,0,22.93,0.0,52.29,3.5,1.44,0.44,0.0,0,1,24.444444,2
9843,2,4,1,0,22.85,0.0,52.98,3.6,4.2,0.31,0.0,0,1,24.444444,2
9844,2,5,1,0,22.87,0.0,53.42,5.1,0.48,0.58,0.0,0,1,24.444444,2
9845,2,6,1,0,22.86,0.0,54.36,4.1,1.56,0.47,0.0,0,1,24.444444,2
9846,2,7,1,0,22.82,0.0,55.89,3.8,3.48,0.34,0.0,0,1,24.444444,2
9847,2,8,1,0,23.05,0.0,55.59,4.7,10.32,1.16,80.6381,0,1,24.444444,2
9848,2,9,1,0,23.17,0.0,55.26,4.0,6.12,1.37,223.426,0,1,24.444444,2
9849,2,10,1,0,23.03,0.0,55.64,4.7,5.64,0.76,124.155,0,1,24.444444,2
9850,2,11,1,0,23.02,0.0,55.34,4.8,17.4,1.16,191.198,0,1,24.444444,2
9851,2,12,1,0,23.19,0.0,54.27,5.5,19.32,2.31,310.334,0,1,24.444444,2
9852,2,13,1,0,23.38,0.0,52.83,5.1,1.92,3.51,406.676,0,1,24.444444,2
9853,2,14,1,0,23.51,0.0,51.78,5.0,4.32,5.48,444.583,0,1,24.444444,2
9854,2,15,1,0,23.62,0.0,50.48,6.2,3.24,8.56,430.718,0,1,24.444444,2
9855,2,16,1,0,23.62,0.0,49.73,4.4,4.68,6.34,292.361,0,1,24.444444,2
9856,2,17,1,0,23.56,0.0,49.44,4.4,16.8,4.82,140.842,0,1,24.444444,2
9857,2,18,1,0,23.49,0.0,49.63,4.2,8.4,3.64,18.0371,0,1,24.444444,2
9858,2,19,1,0,23.51,0.0,49.92,5.6,7.2,4.47,0.0,0,1,24.444444,2
9859,2,20,1,0,23.6,0.0,49.98,8.9,7.44,6.71,0.0,0,1,24.444444,2
9860,2,21,1,0,23.58,0.0,50.61,8.2,7.2,5.44,0.0,0,1,24.444444,2
9861,2,22,1,0,23.51,0.0,51.61,6.8,3.36,3.72,0.0,0,1,24.444444,2
9862,2,23,1,0,23.4,0.0,52.93,5.6,2.76,2.56,0.0,0,1,24.444444,2
9863,2,24,1,0,23.4,0.0,53.59,7.7,0.72,3.22,0.0,0,1,24.444444,2
9864,2,1,2,0,23.29,0.0,54.47,5.3,0.72,1.8,0.0,0,1,24.444444,2
9865,2,2,2,0,23.28,0.0,54.67,7.2,0.48,2.32,0.0,0,1,24.444444,2
9866,2,3,2,0,23.17,0.0,55.3,4.9,0.48,1.24,0.0,0,1,24.444444,2
9867,2,4,2,0,23.05,0.0,56.93,3.3,0.6,0.85,0.0,0,1,24.444444,2
9868,2,5,2,0,23.06,0.0,57.86,5.1,0.24,1.31,0.0,0,1,24.444444,2
9869,2,6,2,0,23.06,0.0,58.3,5.7,1.68,1.34,0.0,0,1,24.444444,2
9870,2,7,2,0,23.0,0.0,58.99,4.1,5.28,0.91,0.0,0,1,24.444444,2
9871,2,8,2,0,23.13,0.0,58.88,5.3,11.64,1.91,65.6637,0,1,24.444444,2
9872,2,9,2,0,23.18,0.0,58.86,4.7,3.96,2.02,135.893,0,1,24.444444,2
9873,2,10,2,0,23.27,0.0,58.69,5.2,5.88,3.01,140.792,0,1,24.444444,2
9874,2,11,2,0,23.43,0.0,58.19,5.4,14.04,4.3,237.363,0,1,24.444444,2
9875,2,12,2,0,23.52,0.0,58.34,4.5,3.6,5.03,255.959,0,1,24.444444,2
9876,2,13,2,0,23.52,0.0,58.13,3.8,3.6,4.52,119.39,0,1,24.444444,2
9877,2,14,2,0,23.57,0.0,56.99,4.4,2.04,6.05,199.803,0,1,24.444444,2
9878,2,15,2,0,23.83,0.0,54.67,10.3,14.04,11.75,138.252,0,1,24.444444,2
9879,2,16,2,0,23.72,0.0,54.12,4.3,3.6,6.56,114.25,0,1,24.444444,2
9880,2,17,2,0,23.77,0.0,54.4,6.4,2.28,8.5,108.052,0,1,24.444444,2
9881,2,18,2,0,23.74,0.0,55.3,5.5,3.24,6.93,16.8317,0,1,24.444444,2
9882,2,19,2,0,23.71,0.0,55.91,7.0,4.08,6.9,0.0,0,1,24.444444,2
9883,2,20,2,0,23.64,0.0,55.11,10.3,2.4,4.94,0.0,0,1,24.444444,2
9884,2,21,2,0,23.18,0.0,53.31,8.2,19.8,1.02,0.0,0,1,24.444444,2
9885,2,22,2,0,22.93,0.0,50.68,8.1,2.52,0.47,0.0,0,1,24.444444,2
9886,2,23,2,0,22.77,0.0,47.89,7.5,1.44,0.08,0.0,0,1,24.444444,2
9887,2,24,2,0,22.7,0.0,43.83,8.8,1.08,0.04,0.0,0,1,24.444444,2
9888,2,1,8,0,22.64,0.0,40.3,8.2,0.84,0.0,0.0,0,1,24.444444,2
9889,2,2,8,0,22.53,0.0,37.74,3.5,0.48,0.0,0.0,0,1,24.444444,2
9890,2,3,8,0,22.48,0.0,34.99,3.6,0.6,0.0,0.0,0,1,24.444444,2
9891,2,4,8,0,22.48,0.0,32.68,4.0,0.12,0.0,0.0,0,1,24.444444,2
9892,2,5,8,0,22.48,0.0,30.81,5.1,1.32,0.0,0.0,0,1,24.444444,2
9893,2,6,8,0,22.48,0.0,29.44,4.0,1.68,0.0,0.0,0,1,24.444444,2
9894,2,7,8,0,22.48,0.0,28.26,5.6,2.76,0.0,0.0,0,1,24.444444,2
9895,2,8,8,0,22.48,0.0,27.01,4.8,19.44,0.0,28.672,0,1,24.444444,2
9896,2,9,8,0,22.48,0.0,25.76,4.8,5.52,0.0,120.364,0,1,24.444444,2
9897,2,10,8,0,22.48,0.0,24.54,5.2,11.88,0.0,259.775,0,1,24.444444,2
9898,2,11,8,0,22.48,0.0,23.62,5.8,9.36,0.0,241.666,0,1,24.444444,2
9899,2,12,8,0,22.48,0.0,22.91,3.5,11.64,0.0,379.015,0,1,24.444444,2
9900,2,13,8,0,22.48,0.0,22.7,4.1,6.96,0.0,502.38,0,1,24.444444,2
9901,2,14,8,0,22.49,0.0,22.66,4.7,1.44,0.0,515.216,0,1,24.444444,2
9902,2,15,8,0,22.67,0.0,22.26,10.0,0.96,0.07,540.644,0,1,24.444444,2
9903,2,16,8,0,22.72,0.0,21.97,3.5,2.28,0.34,549.907,0,1,24.444444,2
9904,2,17,8,0,22.77,0.0,21.77,4.8,5.52,0.43,334.768,0,1,24.444444,2
9905,2,18,8,0,22.63,0.0,21.94,3.9,4.2,0.04,83.9255,0,1,24.444444,2
9906,2,19,8,0,22.51,0.0,22.33,3.8,10.08,0.0,0.0,0,1,24.444444,2
9907,2,20,8,0,22.52,0.0,22.51,5.6,6.72,0.0,0.0,0,1,24.444444,2
9908,2,21,8,0,22.53,0.0,22.58,6.6,10.44,0.0,0.0,0,1,24.444444,2
9909,2,22,8,0,22.56,0.0,22.8,8.6,7.92,0.0,0.0,0,1,24.444444,2
9910,2,23,8,0,22.55,0.0,23.2,9.4,2.64,0.0,0.0,0,1,24.444444,2
9911,2,24,8,0,22.5,0.0,23.61,6.8,2.04,0.0,0.0,0,1,24.444444,2
9912,2,1,4,0,22.51,0.0,23.74,9.5,0.72,0.0,0.0,0,1,24.444444,2
9913,2,2,4,0,22.48,0.0,23.83,4.0,1.2,0.0,0.0,0,1,24.444444,2
9914,2,3,4,0,22.48,0.0,23.62,7.5,0.36,0.0,0.0,0,1,24.444444,2
9915,2,4,4,0,22.48,0.0,23.37,8.3,0.0,0.0,0.0,0,1,24.444444,2
9916,2,5,4,0,22.48,0.0,23.31,5.8,0.72,0.0,0.0,0,1,24.444444,2
9917,2,6,4,0,22.48,0.0,23.04,3.6,5.28,0.0,0.0,0,1,24.444444,2
9918,2,7,4,0,22.48,0.0,22.57,7.9,14.4,0.0,0.0,0,1,24.444444,2
9919,2,8,4,0,22.48,0.0,22.37,8.2,7.56,0.0,89.6045,0,1,24.444444,2
9920,2,9,4,0,22.57,0.0,22.33,9.3,6.36,0.0,321.919,0,1,24.444444,2
9921,2,10,4,0,22.75,0.0,22.57,9.2,3.36,0.0,542.248,0,1,24.444444,2
9922,2,11,4,0,22.88,0.0,22.11,9.2,5.88,0.32,704.532,0,1,24.444444,2
9923,2,12,4,0,22.94,0.0,20.57,8.1,8.52,0.66,804.605,0,1,24.444444,2
9924,2,13,4,0,23.01,0.0,18.97,6.5,2.4,1.29,821.054,0,1,24.444444,2
9925,2,14,4,0,23.21,0.0,17.26,8.4,1.68,2.77,788.941,0,1,24.444444,2
9926,2,15,4,0,23.46,0.0,15.95,11.6,1.2,6.3,697.968,0,1,24.444444,2
9927,2,16,4,0,23.51,0.0,15.45,9.4,1.08,7.08,550.552,0,1,24.444444,2
9928,2,17,4,0,23.49,0.0,15.19,7.7,6.24,5.3,337.583,0,1,24.444444,2
9929,2,18,4,0,23.47,0.0,15.22,11.8,1.44,4.16,86.4194,0,1,24.444444,2
9930,2,19,4,0,23.27,0.0,15.81,8.5,3.48,1.1,0.0,0,1,24.444444,2
9931,2,20,4,0,23.14,0.0,16.74,8.4,7.08,0.86,0.0,0,1,24.444444,2
9932,2,21,4,0,23.03,0.0,17.64,8.4,10.8,0.66,0.0,0,1,24.444444,2
9933,2,22,4,0,23.01,0.0,18.68,10.8,12.48,0.85,0.0,0,1,24.444444,2
9934,2,23,4,0,22.86,0.0,19.61,9.1,2.4,0.27,0.0,0,1,24.444444,2
9935,2,24,4,0,22.71,0.0,20.4,6.4,0.96,0.0,0.0,0,1,24.444444,2
9936,2,1,5,0,22.79,0.0,20.75,14.3,0.72,0.49,0.0,0,1,24.444444,2
9937,2,2,5,0,22.59,0.0,21.31,4.1,0.36,0.0,0.0,0,1,24.444444,2
9938,2,3,5,0,22.53,0.0,21.41,5.8,0.36,0.0,0.0,0,1,24.444444,2
9939,2,4,5,0,22.5,0.0,21.33,4.4,0.12,0.0,0.0,0,1,24.444444,2
9940,2,5,5,0,22.48,0.0,21.28,4.1,0.48,0.0,0.0,0,1,24.444444,2
9941,2,6,5,0,22.48,0.0,21.12,3.6,0.36,0.0,0.0,0,1,24.444444,2
9942,2,7,5,0,22.51,0.0,20.83,10.1,5.28,0.0,0.0,0,1,24.444444,2
9943,2,8,5,0,22.48,0.0,20.56,4.4,19.08,0.0,90.0908,0,1,24.444444,2
9944,2,9,5,0,22.51,0.0,19.8,5.7,12.0,0.0,323.051,0,1,24.444444,2
9945,2,10,5,0,22.64,0.0,18.35,7.1,12.6,0.0,537.997,0,1,24.444444,2
9946,2,11,5,0,22.63,0.0,17.22,3.6,5.76,0.0,689.268,0,1,24.444444,2
9947,2,12,5,0,22.76,0.0,16.52,8.6,5.4,0.18,655.086,0,1,24.444444,2
9948,2,13,5,0,22.79,0.0,16.02,6.9,0.84,0.2,649.422,0,1,24.444444,2
9949,2,14,5,0,22.94,0.0,15.1,8.9,3.48,1.05,651.57,0,1,24.444444,2
9950,2,15,5,0,23.31,0.0,14.04,10.5,0.6,2.74,641.229,0,1,24.444444,2
9951,2,16,5,0,23.4,0.0,13.26,8.9,1.92,4.59,529.456,0,1,24.444444,2
9952,2,17,5,0,23.34,0.0,13.02,7.1,1.2,3.73,328.627,0,1,24.444444,2
9953,2,18,5,0,23.24,0.0,12.89,9.3,5.4,2.0,85.7382,0,1,24.444444,2
9954,2,19,5,0,23.07,0.0,13.03,8.6,4.2,0.71,0.0,0,1,24.444444,2
9955,2,20,5,0,23.01,0.0,13.4,9.1,5.64,0.68,0.0,0,1,24.444444,2
9956,2,21,5,0,22.96,0.0,13.88,9.6,5.64,0.5,0.0,0,1,24.444444,2
9957,2,22,5,0,22.89,0.0,14.97,10.8,3.96,0.41,0.0,0,1,24.444444,2
9958,2,23,5,0,22.79,0.0,16.74,11.4,1.56,0.2,0.0,0,1,24.444444,2
9959,2,24,5,0,22.62,0.0,18.69,6.8,0.72,0.0,0.0,0,1,24.444444,2
9960,2,1,6,0,22.54,0.0,20.5,5.1,2.28,0.0,0.0,0,1,24.444444,2
9961,2,2,6,0,22.5,0.0,21.85,4.7,0.48,0.0,0.0,0,1,24.444444,2
9962,2,3,6,0,22.5,0.0,23.05,6.1,1.44,0.0,0.0,0,1,24.444444,2
9963,2,4,6,0,22.48,0.0,24.09,3.2,0.36,0.0,0.0,0,1,24.444444,2
9964,2,5,6,0,22.48,0.0,24.86,3.9,0.6,0.0,0.0,0,1,24.444444,2
9965,2,6,6,0,22.48,0.0,25.66,4.4,1.44,0.0,0.0,0,1,24.444444,2
9966,2,7,6,0,22.48,0.0,26.77,4.5,9.96,0.0,0.0,0,1,24.444444,2
9967,2,8,6,0,22.48,0.0,27.55,3.7,10.08,0.0,88.1692,0,1,24.444444,2
9968,2,9,6,0,22.6,0.0,28.04,4.9,2.76,0.0,305.433,0,1,24.444444,2
9969,2,10,6,0,22.66,0.0,28.84,4.9,4.68,0.0,312.422,0,1,24.444444,2
9970,2,11,6,0,22.7,0.0,29.67,4.1,4.8,0.0,382.324,0,1,24.444444,2
9971,2,12,6,0,22.8,0.0,30.62,4.4,5.76,0.04,410.211,0,1,24.444444,2
9972,2,13,6,0,22.96,0.0,31.66,5.6,4.2,0.59,414.696,0,1,24.444444,2
9973,2,14,6,0,22.98,0.0,33.56,4.8,3.72,0.5,163.41,0,1,24.444444,2
9974,2,15,6,0,23.22,0.0,34.83,10.5,2.4,1.94,198.707,0,1,24.444444,2
9975,2,16,6,0,22.98,0.0,36.87,4.3,1.8,0.3,53.6508,0,1,24.444444,2
9976,2,17,6,0,23.2,0.0,38.37,11.6,4.32,2.15,17.4628,0,1,24.444444,2
9977,2,18,6,0,23.09,0.0,40.98,5.5,2.4,0.81,0.75476,0,1,24.444444,2
9978,2,19,6,0,23.29,0.0,42.46,11.1,11.64,2.87,0.0,0,1,24.444444,2
9979,2,20,6,0,23.28,0.0,44.42,10.1,3.24,2.48,0.0,0,1,24.444444,2
9980,2,21,6,0,23.2,0.0,45.99,7.5,5.88,1.54,0.0,0,1,24.444444,2
9981,2,22,6,0,23.15,0.0,47.2,6.9,1.8,1.39,0.0,0,1,24.444444,2
9982,2,23,6,0,23.11,0.0,48.15,6.2,3.12,1.3,0.0,0,1,24.444444,2
9983,2,24,6,0,23.14,0.0,48.62,6.8,1.44,1.7,0.0,0,1,24.444444,2
9984,2,1,7,0,23.07,0.0,49.57,4.9,0.24,1.1,0.0,0,1,24.444444,2
9985,2,2,7,0,22.98,0.0,51.08,3.4,0.6,0.68,0.0,0,1,24.444444,2
9986,2,3,7,0,22.95,0.0,53.07,3.7,0.36,0.7,0.0,0,1,24.444444,2
9987,2,4,7,0,22.94,0.0,54.72,3.6,0.72,0.77,0.0,0,1,24.444444,2
9988,2,5,7,0,22.94,0.0,55.92,3.6,0.84,0.8,0.0,0,1,24.444444,2
9989,2,6,7,0,22.94,0.0,56.44,3.5,2.28,0.83,0.0,0,1,24.444444,2
9990,2,7,7,0,22.96,0.0,56.44,4.2,1.32,1.04,0.0,0,1,24.444444,2
9991,2,8,7,0,23.03,0.0,55.77,4.0,3.0,1.25,70.711,0,1,24.444444,2
9992,2,9,7,0,23.16,0.0,54.56,4.8,17.4,2.12,190.613,0,1,24.444444,2
9993,2,10,7,0,23.36,0.0,52.59,5.2,14.76,3.12,290.528,0,1,24.444444,2
9994,2,11,7,0,23.47,0.0,51.42,5.2,8.76,3.98,293.874,0,1,24.444444,2
9995,2,12,7,0,23.56,0.0,50.74,4.4,2.76,6.06,433.066,0,1,24.444444,2
9996,2,13,7,0,23.73,0.0,49.7,6.2,6.12,10.31,529.362,0,1,24.444444,2
9997,2,14,7,0,23.83,0.0,48.6,6.5,0.96,9.92,294.85,0,1,24.444444,2
9998,2,15,7,0,23.78,0.0,48.31,4.1,4.08,7.76,233.987,0,1,24.444444,2
9999,2,16,7,0,23.79,0.0,48.75,4.2,12.0,8.4,229.119,0,1,24.444444,2
10000,2,17,7,0,23.87,0.0,48.98,6.8,14.28,9.91,104.774,0,1,24.444444,2
10001,2,18,7,0,23.82,0.0,49.98,4.7,16.56,7.55,21.9517,0,1,24.444444,2
10002,2,19,7,0,23.99,0.0,50.05,12.2,14.76,14.22,0.0,0,1,24.444444,2
10003,2,20,7,0,24.04,0.0,50.07,13.4,3.6,14.49,0.0,0,1,24.444444,2
10004,2,21,7,0,23.94,0.0,51.23,8.1,3.6,8.34,0.0,0,1,24.444444,2
10005,2,22,7,0,23.9,0.0,52.8,8.0,2.64,8.1,0.0,0,1,24.444444,2
10006,2,23,7,0,23.74,0.0,55.02,5.7,2.04,5.19,0.0,0,1,24.444444,2
10007,2,24,7,0,23.72,0.0,56.37,7.9,1.44,6.14,0.0,0,1,24.444444,2
10008,2,1,1,0,23.62,0.0,57.42,6.6,0.72,4.09,0.0,0,1,24.444444,2
10009,2,2,1,0,23.47,0.0,58.85,5.3,1.2,3.04,0.0,0,1,24.444444,2
10010,2,3,1,0,23.33,0.0,60.69,3.8,1.56,2.23,0.0,0,1,24.444444,2
10011,2,4,1,0,23.28,0.0,62.2,4.8,0.6,2.36,0.0,0,1,24.444444,2
10012,2,5,1,0,23.23,0.0,63.3,4.3,0.36,1.85,0.0,0,1,24.444444,2
10013,2,6,1,0,23.17,0.0,63.85,4.3,0.24,1.6,0.0,0,1,24.444444,2
10014,2,7,1,0,23.14,0.0,64.36,3.7,1.08,1.6,0.0,0,1,24.444444,2
10015,2,8,1,0,23.31,0.0,64.2,3.4,4.68,3.07,79.7653,0,1,24.444444,2
10016,2,9,1,0,23.58,0.0,63.0,4.3,6.24,10.26,278.471,0,1,24.444444,2
10017,2,10,1,0,23.7,0.0,61.05,5.1,8.04,14.72,460.82,0,1,24.444444,2
10018,2,11,1,0,23.75,0.0,60.08,4.9,13.56,12.3,332.338,0,1,24.444444,2
10019,2,12,1,0,23.84,0.0,58.82,5.0,26.16,14.06,351.771,0,1,24.444444,2
10020,2,13,1,0,23.89,0.0,57.73,4.7,4.68,14.06,288.36,0,1,24.444444,2
10021,2,14,1,0,23.99,0.0,54.99,6.6,6.48,17.67,340.433,0,1,24.444444,2
10022,2,15,1,0,24.01,0.0,53.06,5.2,3.0,14.84,252.07,0,1,24.444444,2
10023,2,16,1,0,24.0,0.0,53.02,4.9,2.52,12.56,53.3871,0,1,24.444444,2
10024,2,17,1,0,23.99,0.0,53.08,4.4,6.48,11.64,52.991,0,1,24.444444,2
10025,2,18,1,0,23.97,0.0,53.7,4.1,10.44,10.3,6.32641,0,1,24.444444,2
10026,2,19,1,0,24.0,0.0,54.52,6.2,9.12,12.19,0.0,0,1,24.444444,2
10027,2,20,1,0,24.0,0.0,55.21,7.3,3.48,11.82,0.0,0,1,24.444444,2
10028,2,21,1,0,23.95,0.0,56.31,6.5,8.64,9.08,0.0,0,1,24.444444,2
10029,2,22,1,0,23.9,0.0,57.61,6.7,2.76,8.17,0.0,0,1,24.444444,2
10030,2,23,1,0,23.86,0.0,58.28,8.3,2.88,7.81,0.0,0,1,24.444444,2
10031,2,24,1,0,23.75,0.0,58.29,7.5,0.24,5.67,0.0,0,1,24.444444,2
10032,2,1,2,0,23.53,0.0,58.29,5.1,0.96,2.79,0.0,0,1,24.444444,2
10033,2,2,2,0,23.22,0.0,57.93,4.6,0.48,1.23,0.0,0,1,24.444444,2
10034,2,3,2,0,22.93,0.0,55.71,4.2,0.6,0.48,0.0,0,1,24.444444,2
10035,2,4,2,0,22.79,0.0,52.67,3.5,0.48,0.08,0.0,0,1,24.444444,2
10036,2,5,2,0,22.75,0.0,49.94,5.0,0.72,0.13,0.0,0,1,24.444444,2
10037,2,6,2,0,22.69,0.0,47.64,3.5,3.96,0.0,0.0,0,1,24.444444,2
10038,2,7,2,0,22.65,0.0,45.87,4.1,6.96,0.0,0.0,0,1,24.444444,2
10039,2,8,2,0,22.72,0.0,44.24,4.5,13.92,0.0,96.7437,0,1,24.444444,2
10040,2,9,2,0,22.77,0.0,42.31,5.8,8.64,0.0,224.856,0,1,24.444444,2
10041,2,10,2,0,22.63,0.0,40.86,6.1,4.32,0.0,82.0738,0,1,24.444444,2
10042,2,11,2,0,22.58,0.0,39.28,4.7,6.96,0.0,144.687,0,1,24.444444,2
10043,2,12,2,0,22.55,0.0,38.12,4.8,2.16,0.0,133.939,0,1,24.444444,2
10044,2,13,2,0,22.53,0.0,37.02,4.1,2.52,0.0,122.553,0,1,24.444444,2
10045,2,14,2,0,22.52,0.0,36.05,4.3,1.44,0.0,238.917,0,1,24.444444,2
10046,2,15,2,0,22.7,0.0,35.01,11.4,2.88,0.04,266.823,0,1,24.444444,2
10047,2,16,2,0,22.58,0.0,34.74,4.7,2.04,0.0,82.7421,0,1,24.444444,2
10048,2,17,2,0,22.53,0.0,34.4,5.5,3.36,0.0,19.1255,0,1,24.444444,2
10049,2,18,2,0,22.51,0.0,34.26,4.8,1.92,0.0,2.69971,0,1,24.444444,2
10050,2,19,2,0,22.53,0.0,34.25,6.6,5.64,0.0,0.0,0,1,24.444444,2
10051,2,20,2,0,22.58,0.0,34.22,10.1,7.56,0.0,0.0,0,1,24.444444,2
10052,2,21,2,0,22.56,0.0,34.06,8.0,20.52,0.0,0.0,0,1,24.444444,2
10053,2,22,2,0,22.55,0.0,33.68,7.5,3.48,0.0,0.0,0,1,24.444444,2
10054,2,23,2,0,22.55,0.0,33.44,8.4,0.96,0.0,0.0,0,1,24.444444,2
10055,2,24,2,0,22.64,0.0,32.75,14.8,0.96,0.05,0.0,0,1,24.444444,2
10056,2,1,3,0,22.54,0.0,32.55,5.3,0.48,0.0,0.0,0,1,24.444444,2
10057,2,2,3,0,22.48,0.0,32.4,3.6,1.92,0.0,0.0,0,1,24.444444,2
10058,2,3,3,0,22.48,0.0,32.26,3.5,0.12,0.0,0.0,0,1,24.444444,2
10059,2,4,3,0,22.48,0.0,32.02,3.8,0.24,0.0,0.0,0,1,24.444444,2
10060,2,5,3,0,22.48,0.0,31.73,4.2,2.88,0.0,0.0,0,1,24.444444,2
10061,2,6,3,0,22.48,0.0,31.55,5.0,3.96,0.0,0.0,0,1,24.444444,2
10062,2,7,3,0,22.48,0.0,31.48,3.8,3.96,0.0,0.0,0,1,24.444444,2
10063,2,8,3,0,22.48,0.0,31.18,5.2,21.72,0.0,22.0108,0,1,24.444444,2
10064,2,9,3,0,22.48,0.0,30.55,5.2,4.08,0.0,60.2249,0,1,24.444444,2
10065,2,10,3,0,22.48,0.0,29.92,6.3,9.84,0.0,140.173,0,1,24.444444,2
10066,2,11,3,0,22.48,0.0,29.6,3.8,12.36,0.0,260.091,0,1,24.444444,2
10067,2,12,3,0,22.48,0.0,29.28,3.8,5.88,0.0,409.839,0,1,24.444444,2
10068,2,13,3,0,22.49,0.0,28.93,5.0,4.2,0.0,411.319,0,1,24.444444,2
10069,2,14,3,0,22.52,0.0,28.73,3.9,0.6,0.0,508.01,0,1,24.444444,2
10070,2,15,3,0,22.75,0.0,28.29,10.2,1.44,0.15,527.109,0,1,24.444444,2
10071,2,16,3,0,22.73,0.0,28.36,3.7,0.96,0.22,405.021,0,1,24.444444,2
10072,2,17,3,0,22.81,0.0,28.31,4.2,1.8,0.52,326.192,0,1,24.444444,2
10073,2,18,3,0,22.7,0.0,28.75,3.7,2.4,0.09,85.5103,0,1,24.444444,2
10074,2,19,3,0,22.61,0.0,29.35,6.3,9.96,0.0,0.0,0,1,24.444444,2
10075,2,20,3,0,22.61,0.0,29.9,6.2,7.2,0.0,0.0,0,1,24.444444,2
10076,2,21,3,0,22.64,0.0,30.37,7.6,4.8,0.0,0.0,0,1,24.444444,2
10077,2,22,3,0,22.64,0.0,31.07,7.5,7.2,0.0,0.0,0,1,24.444444,2
10078,2,23,3,0,22.69,0.0,31.72,9.4,2.76,0.0,0.0,0,1,24.444444,2
10079,2,24,3,0,22.66,0.0,32.34,7.9,3.24,0.0,0.0,0,1,24.444444,2
10080,2,1,4,0,22.66,0.0,32.75,8.7,1.68,0.0,0.0,0,1,24.444444,2
10081,2,2,4,0,22.59,0.0,33.3,6.6,0.72,0.0,0.0,0,1,24.444444,2
10082,2,3,4,0,22.52,0.0,34.12,3.6,0.12,0.0,0.0,0,1,24.444444,2
10083,2,4,4,0,22.5,0.0,34.74,3.6,0.72,0.0,0.0,0,1,24.444444,2
10084,2,5,4,0,22.49,0.0,35.3,3.9,0.6,0.0,0.0,0,1,24.444444,2
10085,2,6,4,0,22.48,0.0,35.88,4.1,10.68,0.0,0.0,0,1,24.444444,2
10086,2,7,4,0,22.48,0.0,36.31,4.1,7.2,0.0,0.0,0,1,24.444444,2
10087,2,8,4,0,22.51,0.0,36.39,8.5,11.88,0.0,1.86802,0,1,24.444444,2
10088,2,9,4,0,22.52,0.0,36.09,8.5,4.08,0.0,35.8629,0,1,24.444444,2
10089,2,10,4,0,22.52,0.0,35.42,9.5,1.92,0.0,46.2639,0,1,24.444444,2
10090,2,11,4,0,22.53,0.0,34.97,9.4,7.68,0.0,63.2526,0,1,24.444444,2
10091,2,12,4,0,22.55,0.0,35.22,8.5,15.48,0.0,91.3891,0,1,24.444444,2
10092,2,13,4,0,22.54,0.0,35.96,6.9,3.6,0.0,113.796,0,1,24.444444,2
10093,2,14,4,0,22.54,0.0,36.79,7.8,5.28,0.0,95.2974,0,1,24.444444,2
10094,2,15,4,0,22.55,0.0,36.49,9.9,2.64,0.0,66.2799,0,1,24.444444,2
10095,2,16,4,0,22.53,0.0,35.39,9.1,1.32,0.0,53.1953,0,1,24.444444,2
10096,2,17,4,0,22.52,0.0,34.81,7.5,5.28,0.0,89.9746,0,1,24.444444,2
10097,2,18,4,0,22.56,0.0,34.51,8.8,2.76,0.0,94.8567,0,1,24.444444,2
10098,2,19,4,0,22.56,0.0,34.56,9.2,3.24,0.0,0.0,0,1,24.444444,2
10099,2,20,4,0,22.56,0.0,34.74,9.1,5.88,0.0,0.0,0,1,24.444444,2
10100,2,21,4,0,22.56,0.0,34.78,9.4,12.72,0.0,0.0,0,1,24.444444,2
10101,2,22,4,0,22.66,0.0,34.48,15.6,13.92,0.13,0.0,0,1,24.444444,2
10102,2,23,4,0,22.59,0.0,34.53,9.5,1.56,0.0,0.0,0,1,24.444444,2
10103,2,24,4,0,22.58,0.0,34.12,11.0,0.72,0.0,0.0,0,1,24.444444,2
10104,2,1,5,0,22.58,0.0,33.66,10.2,0.36,0.0,0.0,0,1,24.444444,2
10105,2,2,5,0,22.49,0.0,33.35,4.3,0.12,0.0,0.0,0,1,24.444444,2
10106,2,3,5,0,22.48,0.0,32.46,5.5,0.24,0.0,0.0,0,1,24.444444,2
10107,2,4,5,0,22.48,0.0,31.51,6.3,0.24,0.0,0.0,0,1,24.444444,2
10108,2,5,5,0,22.48,0.0,30.93,4.3,0.48,0.0,0.0,0,1,24.444444,2
10109,2,6,5,0,22.48,0.0,30.53,4.3,2.16,0.0,0.0,0,1,24.444444,2
10110,2,7,5,0,22.48,0.0,30.05,9.7,3.48,0.0,0.0,0,1,24.444444,2
10111,2,8,5,0,22.48,0.0,29.6,4.9,19.56,0.0,17.0284,0,1,24.444444,2
10112,2,9,5,0,22.48,0.0,28.93,6.6,17.52,0.0,81.7083,0,1,24.444444,2
10113,2,10,5,0,22.48,0.0,28.07,7.0,10.2,0.0,142.354,0,1,24.444444,2
10114,2,11,5,0,22.48,0.0,27.49,3.6,2.16,0.0,257.204,0,1,24.444444,2
10115,2,12,5,0,22.52,0.0,26.98,11.3,3.12,0.0,275.832,0,1,24.444444,2
10116,2,13,5,0,22.49,0.0,26.72,7.0,0.96,0.0,250.303,0,1,24.444444,2
10117,2,14,5,0,22.56,0.0,26.63,9.8,0.96,0.0,395.561,0,1,24.444444,2
10118,2,15,5,0,22.76,0.0,26.42,9.9,3.96,0.23,645.69,0,1,24.444444,2
10119,2,16,5,0,22.84,0.0,26.46,9.0,0.96,0.38,421.836,0,1,24.444444,2
10120,2,17,5,0,22.81,0.0,26.57,7.5,1.32,0.25,227.047,0,1,24.444444,2
10121,2,18,5,0,22.83,0.0,26.36,8.7,2.76,0.21,84.3754,0,1,24.444444,2
10122,2,19,5,0,22.76,0.0,26.46,9.4,3.72,0.02,0.0,0,1,24.444444,2
10123,2,20,5,0,22.75,0.0,26.83,9.0,5.28,0.01,0.0,0,1,24.444444,2
10124,2,21,5,0,22.75,0.0,27.29,10.3,3.96,0.1,0.0,0,1,24.444444,2
10125,2,22,5,0,22.73,0.0,27.87,10.3,6.48,0.07,0.0,0,1,24.444444,2
10126,2,23,5,0,22.72,0.0,28.26,11.9,0.6,0.13,0.0,0,1,24.444444,2
10127,2,24,5,0,22.6,0.0,28.66,7.2,0.72,0.0,0.0,0,1,24.444444,2
10128,2,1,6,0,22.51,0.0,28.97,4.0,0.12,0.0,0.0,0,1,24.444444,2
10129,2,2,6,0,22.48,0.0,28.88,3.5,0.72,0.0,0.0,0,1,24.444444,2
10130,2,3,6,0,22.48,0.0,28.21,6.3,1.08,0.0,0.0,0,1,24.444444,2
10131,2,4,6,0,22.48,0.0,27.57,5.1,0.6,0.0,0.0,0,1,24.444444,2
10132,2,5,6,0,22.48,0.0,26.94,4.0,1.2,0.0,0.0,0,1,24.444444,2
10133,2,6,6,0,22.48,0.0,26.51,3.4,3.84,0.0,0.0,0,1,24.444444,2
10134,2,7,6,0,22.48,0.0,26.22,7.6,12.12,0.0,0.0,0,1,24.444444,2
10135,2,8,6,0,22.48,0.0,25.88,6.4,10.8,0.0,107.314,0,1,24.444444,2
10136,2,9,6,0,22.48,0.0,25.38,4.4,5.64,0.0,340.849,0,1,24.444444,2
10137,2,10,6,0,22.57,0.0,24.69,5.3,11.04,0.0,556.682,0,1,24.444444,2
10138,2,11,6,0,22.68,0.0,24.31,5.4,6.72,0.0,705.406,0,1,24.444444,2
10139,2,12,6,0,22.72,0.0,24.28,4.8,5.28,0.09,733.693,0,1,24.444444,2
10140,2,13,6,0,22.94,0.0,24.07,8.3,3.84,0.99,823.539,0,1,24.444444,2
10141,2,14,6,0,22.98,0.0,24.25,4.0,4.8,0.99,782.499,0,1,24.444444,2
10142,2,15,6,0,23.31,0.0,23.96,10.1,0.6,3.43,704.383,0,1,24.444444,2
10143,2,16,6,0,23.33,0.0,24.1,4.1,3.6,3.01,557.82,0,1,24.444444,2
10144,2,17,6,0,23.33,0.0,24.19,8.6,3.0,4.69,349.71,0,1,24.444444,2
10145,2,18,6,0,23.16,0.0,24.74,5.8,3.48,1.32,99.7351,0,1,24.444444,2
10146,2,19,6,0,23.17,0.0,25.36,11.0,6.72,1.09,0.0,0,1,24.444444,2
10147,2,20,6,0,23.05,0.0,26.06,9.3,5.04,0.62,0.0,0,1,24.444444,2
10148,2,21,6,0,22.86,0.0,26.87,7.0,4.56,0.14,0.0,0,1,24.444444,2
10149,2,22,6,0,22.73,0.0,27.59,6.0,1.8,0.02,0.0,0,1,24.444444,2
10150,2,23,6,0,22.7,0.0,28.19,6.7,2.76,0.01,0.0,0,1,24.444444,2
10151,2,24,6,0,22.68,0.0,28.5,6.7,1.32,0.0,0.0,0,1,24.444444,2
10152,2,1,7,0,22.62,0.0,28.55,5.2,0.36,0.0,0.0,0,1,24.444444,2
10153,2,2,7,0,22.55,0.0,28.24,3.9,0.72,0.0,0.0,0,1,24.444444,2
10154,2,3,7,0,22.52,0.0,27.65,3.7,0.48,0.0,0.0,0,1,24.444444,2
10155,2,4,7,0,22.49,0.0,27.24,3.4,0.6,0.0,0.0,0,1,24.444444,2
10156,2,5,7,0,22.5,0.0,26.95,6.2,0.24,0.0,0.0,0,1,24.444444,2
10157,2,6,7,0,22.48,0.0,26.65,5.2,2.28,0.0,0.0,0,1,24.444444,2
10158,2,7,7,0,22.48,0.0,26.44,4.0,3.48,0.0,0.0,0,1,24.444444,2
10159,2,8,7,0,22.48,0.0,26.21,4.3,3.84,0.0,69.8291,0,1,24.444444,2
10160,2,9,7,0,22.48,0.0,25.86,3.7,16.92,0.0,300.401,0,1,24.444444,2
10161,2,10,7,0,22.62,0.0,25.41,4.9,18.72,0.0,465.08,0,1,24.444444,2
10162,2,11,7,0,22.84,0.0,25.88,4.1,5.76,0.19,675.289,0,1,24.444444,2
10163,2,12,7,0,23.02,0.0,27.23,5.2,5.52,1.31,742.004,0,1,24.444444,2
10164,2,13,7,0,23.16,0.0,28.46,3.6,3.6,2.04,763.939,0,1,24.444444,2
10165,2,14,7,0,23.6,0.0,29.1,15.5,5.04,9.75,736.819,0,1,24.444444,2
10166,2,15,7,0,23.54,0.0,30.83,4.3,3.96,6.08,664.743,0,1,24.444444,2
10167,2,16,7,0,23.55,0.0,32.14,5.0,4.32,7.25,527.817,0,1,24.444444,2
10168,2,17,7,0,23.54,0.0,33.5,6.5,4.56,4.83,196.811,0,1,24.444444,2
10169,2,18,7,0,23.42,0.0,35.04,5.1,16.44,2.16,15.1213,0,1,24.444444,2
10170,2,19,7,0,23.52,0.0,36.29,10.9,14.04,4.85,0.0,0,1,24.444444,2
10171,2,20,7,0,23.4,0.0,38.01,5.6,3.96,1.91,0.0,0,1,24.444444,2
10172,2,21,7,0,23.27,0.0,40.73,5.2,3.48,1.42,0.0,0,1,24.444444,2
10173,2,22,7,0,23.15,0.0,43.23,4.1,3.96,0.99,0.0,0,1,24.444444,2
10174,2,23,7,0,23.09,0.0,45.24,4.7,3.12,0.97,0.0,0,1,24.444444,2
10175,2,24,7,0,23.17,0.0,46.68,8.3,1.32,1.74,0.0,0,1,24.444444,2
10176,3,1,1,0,23.0,0.0,48.85,4.5,5.04,0.6,0.0,0,1,24.444444,2
10177,3,2,1,0,22.9,0.0,50.91,3.8,0.72,0.37,0.0,0,1,24.444444,2
10178,3,3,1,0,23.02,0.0,52.11,8.9,0.24,1.54,0.0,0,1,24.444444,2
10179,3,4,1,0,22.87,0.0,53.99,3.5,0.84,0.27,0.0,0,1,24.444444,2
10180,3,5,1,0,22.95,0.0,54.97,8.5,0.6,1.3,0.0,0,1,24.444444,2
10181,3,6,1,0,22.84,0.0,56.23,3.4,4.08,0.21,0.0,0,1,24.444444,2
10182,3,7,1,0,22.91,0.0,56.55,8.4,3.72,1.17,0.0,0,1,24.444444,2
10183,3,8,1,0,22.86,0.0,57.08,4.0,11.28,0.28,81.1052,0,1,24.444444,2
10184,3,9,1,0,22.82,0.0,57.11,4.1,11.04,0.17,103.275,0,1,24.444444,2
10185,3,10,1,0,22.83,0.0,56.65,4.4,16.8,0.33,163.879,0,1,24.444444,2
10186,3,11,1,0,23.12,0.0,55.38,10.9,13.08,2.6,229.576,0,1,24.444444,2
10187,3,12,1,0,23.28,0.0,55.0,9.0,21.96,3.29,312.607,0,1,24.444444,2
10188,3,13,1,0,23.34,0.0,55.42,5.6,6.0,2.96,352.858,0,1,24.444444,2
10189,3,14,1,0,23.56,0.0,54.92,9.6,4.56,5.89,293.102,0,1,24.444444,2
10190,3,15,1,0,23.67,0.0,54.5,11.2,7.32,7.76,133.076,0,1,24.444444,2
10191,3,16,1,0,23.53,0.0,55.31,4.9,7.68,3.59,191.903,0,1,24.444444,2
10192,3,17,1,0,23.42,0.0,56.04,5.2,9.84,2.88,71.8994,0,1,24.444444,2
10193,3,18,1,0,23.53,0.0,55.55,9.8,12.0,5.01,12.4985,0,1,24.444444,2
10194,3,19,1,0,23.55,0.0,55.36,9.9,7.2,5.06,0.0,0,1,24.444444,2
10195,3,20,1,0,23.64,0.0,54.55,13.4,5.28,7.47,0.0,0,1,24.444444,2
10196,3,21,1,0,23.37,0.0,55.42,6.3,8.64,2.17,0.0,0,1,24.444444,2
10197,3,22,1,0,23.34,0.0,55.93,8.0,4.32,2.82,0.0,0,1,24.444444,2
10198,3,23,1,0,23.23,0.0,56.74,5.8,4.08,1.49,0.0,0,1,24.444444,2
10199,3,24,1,0,23.03,0.0,58.23,3.7,0.48,0.66,0.0,0,1,24.444444,2
10200,3,1,2,0,23.26,0.0,57.81,10.9,0.6,3.29,0.0,0,1,24.444444,2
10201,3,2,2,0,23.11,0.0,58.91,4.3,1.44,1.02,0.0,0,1,24.444444,2
10202,3,3,2,0,23.2,0.0,59.33,8.2,0.24,2.44,0.0,0,1,24.444444,2
10203,3,4,2,0,23.15,0.0,59.77,6.6,1.44,1.66,0.0,0,1,24.444444,2
10204,3,5,2,0,23.02,0.0,60.8,3.9,0.6,0.86,0.0,0,1,24.444444,2
10205,3,6,2,0,22.95,0.0,61.86,3.2,4.08,0.71,0.0,0,1,24.444444,2
10206,3,7,2,0,23.12,0.0,61.79,8.2,9.72,2.45,0.0,0,1,24.444444,2
10207,3,8,2,0,23.13,0.0,62.61,4.4,6.96,1.52,40.093,0,1,24.444444,2
10208,3,9,2,0,23.34,0.0,62.77,9.8,6.12,4.72,109.378,0,1,24.444444,2
10209,3,10,2,0,23.43,0.0,63.9,5.1,11.64,3.98,239.532,0,1,24.444444,2
10210,3,11,2,0,23.77,0.0,63.57,10.7,7.92,13.52,379.565,0,1,24.444444,2
10211,3,12,2,0,23.9,0.0,63.1,8.9,4.44,15.24,504.974,0,1,24.444444,2
10212,3,13,2,0,23.9,0.0,63.51,6.0,4.08,13.91,432.393,0,1,24.444444,2
10213,3,14,2,0,24.04,0.0,61.95,11.5,3.12,23.98,385.551,0,1,24.444444,2
10214,3,15,2,0,24.07,0.0,59.51,10.1,1.08,26.12,536.477,0,1,24.444444,2
10215,3,16,2,0,24.07,0.0,57.16,10.2,2.52,28.01,414.458,0,1,24.444444,2
10216,3,17,2,0,24.07,0.0,56.53,9.2,1.56,23.04,195.864,0,1,24.444444,2
10217,3,18,2,0,24.08,0.0,56.92,8.3,6.12,18.0,20.0758,0,1,24.444444,2
10218,3,19,2,0,24.07,0.0,57.7,8.3,3.0,18.18,0.0,0,1,24.444444,2
10219,3,20,2,0,24.07,0.0,58.08,9.6,4.92,19.41,0.0,0,1,24.444444,2
10220,3,21,2,0,24.07,0.0,57.1,15.4,13.56,27.44,0.0,0,1,24.444444,2
10221,3,22,2,0,24.07,0.0,56.9,9.9,2.88,17.7,0.0,0,1,24.444444,2
10222,3,23,2,0,24.07,0.0,57.24,13.0,1.68,19.82,0.0,0,1,24.444444,2
10223,3,24,2,0,24.07,0.0,56.83,13.3,1.44,18.91,0.0,0,1,24.444444,2
10224,3,1,3,0,24.04,0.0,58.49,8.3,0.84,11.2,0.0,0,1,24.444444,2
10225,3,2,3,0,23.84,0.0,62.13,4.0,1.2,6.11,0.0,0,1,24.444444,2
10226,3,3,3,0,23.81,0.0,64.18,5.9,0.36,7.36,0.0,0,1,24.444444,2
10227,3,4,3,0,23.64,0.0,66.14,3.2,0.24,4.43,0.0,0,1,24.444444,2
10228,3,5,3,0,23.61,0.0,67.43,4.3,1.32,4.98,0.0,0,1,24.444444,2
10229,3,6,3,0,23.53,0.0,68.62,3.4,4.8,3.89,0.0,0,1,24.444444,2
10230,3,7,3,0,23.54,0.0,69.27,3.6,11.64,5.18,0.0,0,1,24.444444,2
10231,3,8,3,0,23.73,0.0,67.49,6.1,8.76,14.74,101.721,0,1,24.444444,2
10232,3,9,3,0,23.75,0.0,65.83,5.5,10.92,16.37,302.03,0,1,24.444444,2
10233,3,10,3,0,23.8,0.0,65.12,5.3,4.92,13.96,281.01,0,1,24.444444,2
10234,3,11,3,0,23.89,0.0,64.14,5.2,3.12,16.8,378.163,0,1,24.444444,2
10235,3,12,3,0,23.96,0.0,62.82,3.9,5.28,19.5,594.456,0,1,24.444444,2
10236,3,13,3,0,24.02,0.0,61.61,3.3,5.16,21.06,743.623,0,1,24.444444,2
10237,3,14,3,0,24.07,0.0,59.06,9.0,0.72,32.64,725.675,0,1,24.444444,2
10238,3,15,3,0,24.07,0.0,56.02,9.5,4.32,34.74,569.561,0,1,24.444444,2
10239,3,16,3,0,24.07,0.0,54.75,3.7,3.24,25.26,426.025,0,1,24.444444,2
10240,3,17,3,0,24.07,0.0,53.52,7.9,3.48,30.38,316.0,0,1,24.444444,2
10241,3,18,3,0,24.07,0.0,52.46,9.6,9.48,27.41,90.1479,0,1,24.444444,2
10242,3,19,3,0,24.07,0.0,52.98,8.5,5.4,21.8,0.0,0,1,24.444444,2
10243,3,20,3,0,24.07,0.0,53.51,11.1,4.92,23.7,0.0,0,1,24.444444,2
10244,3,21,3,0,24.07,0.0,54.41,8.5,3.6,18.38,0.0,0,1,24.444444,2
10245,3,22,3,0,24.07,0.0,55.39,10.8,2.52,20.66,0.0,0,1,24.444444,2
10246,3,23,3,0,24.07,0.0,56.09,10.4,0.84,18.24,0.0,0,1,24.444444,2
10247,3,24,3,0,24.04,0.0,57.85,6.6,0.84,11.92,0.0,0,1,24.444444,2
10248,3,1,4,0,24.03,0.0,59.6,7.5,0.72,12.32,0.0,0,1,24.444444,2
10249,3,2,4,0,24.0,0.0,60.73,7.3,0.48,10.52,0.0,0,1,24.444444,2
10250,3,3,4,0,24.0,0.0,61.41,9.0,0.48,11.77,0.0,0,1,24.444444,2
10251,3,4,4,0,23.81,0.0,63.6,3.6,0.12,5.63,0.0,0,1,24.444444,2
10252,3,5,4,0,23.9,0.0,64.22,8.7,0.96,10.28,0.0,0,1,24.444444,2
10253,3,6,4,0,23.71,0.0,66.02,3.1,2.28,4.68,0.0,0,1,24.444444,2
10254,3,7,4,0,23.84,0.0,66.28,8.3,9.72,12.36,0.0,0,1,24.444444,2
10255,3,8,4,0,23.93,0.0,64.27,8.0,14.04,19.99,104.199,0,1,24.444444,2
10256,3,9,4,0,23.98,0.0,61.78,8.9,6.72,24.12,302.994,0,1,24.444444,2
10257,3,10,4,0,24.02,0.0,59.97,7.8,3.96,24.69,484.525,0,1,24.444444,2
10258,3,11,4,0,24.07,0.0,58.64,8.7,10.32,27.82,625.851,0,1,24.444444,2
10259,3,12,4,0,24.07,0.0,57.29,8.4,6.6,29.7,613.268,0,1,24.444444,2
10260,3,13,4,0,24.07,0.0,55.51,6.9,5.64,29.42,747.109,0,1,24.444444,2
10261,3,14,4,0,24.07,0.0,54.45,9.2,0.84,33.53,483.002,0,1,24.444444,2
10262,3,15,4,0,24.07,0.0,53.05,9.9,3.0,39.11,640.254,0,1,24.444444,2
10263,3,16,4,0,24.07,0.0,52.32,8.9,5.16,36.9,425.775,0,1,24.444444,2
10264,3,17,4,0,24.07,0.0,52.44,7.2,4.2,31.63,230.576,0,1,24.444444,2
10265,3,18,4,0,24.07,0.0,53.18,7.4,7.32,28.04,88.965,0,1,24.444444,2
10266,3,19,4,0,24.07,0.0,54.53,8.7,13.68,26.56,0.0,0,1,24.444444,2
10267,3,20,4,0,24.07,0.0,55.38,9.3,7.8,25.94,0.0,0,1,24.444444,2
10268,3,21,4,0,24.07,0.0,56.26,10.0,12.96,24.85,0.0,0,1,24.444444,2
10269,3,22,4,0,24.07,0.0,57.04,10.8,4.68,24.32,0.0,0,1,24.444444,2
10270,3,23,4,0,24.07,0.0,58.05,8.1,1.92,18.18,0.0,0,1,24.444444,2
10271,3,24,4,0,24.07,0.0,58.77,10.4,1.2,19.97,0.0,0,1,24.444444,2
10272,3,1,5,0,24.07,0.0,59.09,11.3,0.48,19.82,0.0,0,1,24.444444,2
10273,3,2,5,0,24.07,0.0,59.79,9.9,0.84,16.63,0.0,0,1,24.444444,2
10274,3,3,5,0,24.07,0.0,60.58,11.1,0.48,18.23,0.0,0,1,24.444444,2
10275,3,4,5,0,24.05,0.0,62.05,8.2,0.84,13.57,0.0,0,1,24.444444,2
10276,3,5,5,0,24.06,0.0,62.04,12.1,1.56,17.61,0.0,0,1,24.444444,2
10277,3,6,5,0,23.85,0.0,61.42,9.3,2.76,5.49,0.0,0,1,24.444444,2
10278,3,7,5,0,23.19,0.0,59.04,8.3,15.0,1.16,0.0,0,1,24.444444,2
10279,3,8,5,0,22.88,0.0,54.82,8.7,9.72,0.52,7.13478,0,1,24.444444,2
10280,3,9,5,0,22.78,0.0,47.92,9.6,8.76,0.3,51.6196,0,1,24.444444,2
10281,3,10,5,0,22.76,0.0,41.86,10.7,5.52,0.21,71.755,0,1,24.444444,2
10282,3,11,5,0,22.72,0.0,37.63,9.5,2.4,0.01,132.821,0,1,24.444444,2
10283,3,12,5,0,22.67,0.0,34.48,8.6,1.8,0.0,195.072,0,1,24.444444,2
10284,3,13,5,0,22.62,0.0,32.08,8.8,10.32,0.0,179.972,0,1,24.444444,2
10285,3,14,5,0,22.57,0.0,30.24,8.9,1.2,0.0,161.376,0,1,24.444444,2
10286,3,15,5,0,22.55,0.0,28.2,10.4,1.08,0.0,114.01,0,1,24.444444,2
10287,3,16,5,0,22.52,0.0,26.71,9.3,2.64,0.0,74.279,0,1,24.444444,2
10288,3,17,5,0,22.49,0.0,25.88,8.0,18.6,0.0,45.2062,0,1,24.444444,2
10289,3,18,5,0,22.48,0.0,25.07,8.4,5.76,0.0,11.6765,0,1,24.444444,2
10290,3,19,5,0,22.48,0.0,24.68,9.3,2.16,0.0,0.0,0,1,24.444444,2
10291,3,20,5,0,22.48,0.0,24.53,9.9,4.44,0.0,0.0,0,1,24.444444,2
10292,3,21,5,0,22.5,0.0,24.1,12.7,5.64,0.0,0.0,0,1,24.444444,2
10293,3,22,5,0,22.49,0.0,23.45,10.8,6.6,0.0,0.0,0,1,24.444444,2
10294,3,23,5,0,22.48,0.0,22.63,9.6,0.6,0.0,0.0,0,1,24.444444,2
10295,3,24,5,0,22.48,0.0,21.85,9.0,1.2,0.0,0.0,0,1,24.444444,2
10296,3,1,6,0,22.48,0.0,21.35,8.4,0.24,0.0,0.0,0,1,24.444444,2
10297,3,2,6,0,22.48,0.0,21.03,9.5,1.08,0.0,0.0,0,1,24.444444,2
10298,3,3,6,0,22.48,0.0,20.73,8.0,0.6,0.0,0.0,0,1,24.444444,2
10299,3,4,6,0,22.48,0.0,20.5,4.5,0.84,0.0,0.0,0,1,24.444444,2
10300,3,5,6,0,22.48,0.0,20.27,5.9,0.84,0.0,0.0,0,1,24.444444,2
10301,3,6,6,0,22.48,0.0,20.01,4.8,3.48,0.0,0.0,0,1,24.444444,2
10302,3,7,6,0,22.48,0.0,19.82,7.6,3.84,0.0,0.0,0,1,24.444444,2
10303,3,8,6,0,22.48,0.0,19.74,10.0,2.16,0.0,132.153,0,1,24.444444,2
10304,3,9,6,0,22.48,0.0,19.4,9.4,8.4,0.0,373.554,0,1,24.444444,2
10305,3,10,6,0,22.53,0.0,18.8,10.5,3.24,0.0,570.256,0,1,24.444444,2
10306,3,11,6,0,22.71,0.0,17.97,15.5,2.76,0.04,603.979,0,1,24.444444,2
10307,3,12,6,0,22.65,0.0,17.36,8.9,1.8,0.0,689.065,0,1,24.444444,2
10308,3,13,6,0,22.68,0.0,16.51,8.2,1.68,0.09,693.549,0,1,24.444444,2
10309,3,14,6,0,22.77,0.0,15.69,7.6,1.44,0.34,685.406,0,1,24.444444,2
10310,3,15,6,0,23.18,0.0,14.65,12.8,1.32,1.74,586.003,0,1,24.444444,2
10311,3,16,6,0,23.38,0.0,14.02,14.0,1.44,4.16,431.263,0,1,24.444444,2
10312,3,17,6,0,23.34,0.0,13.89,9.2,3.36,4.06,369.789,0,1,24.444444,2
10313,3,18,6,0,23.19,0.0,14.13,8.4,2.16,1.79,114.935,0,1,24.444444,2
10314,3,19,6,0,23.09,0.0,14.81,10.6,6.24,0.94,0.0,0,1,24.444444,2
10315,3,20,6,0,23.05,0.0,15.87,10.8,8.28,0.86,0.0,0,1,24.444444,2
10316,3,21,6,0,22.98,0.0,16.9,9.5,4.32,0.53,0.0,0,1,24.444444,2
10317,3,22,6,0,22.94,0.0,18.07,10.4,1.56,0.56,0.0,0,1,24.444444,2
10318,3,23,6,0,22.91,0.0,18.97,11.7,3.24,0.59,0.0,0,1,24.444444,2
10319,3,24,6,0,22.79,0.0,19.73,8.8,1.92,0.11,0.0,0,1,24.444444,2
10320,3,1,7,0,22.64,0.0,20.57,5.1,0.48,0.0,0.0,0,1,24.444444,2
10321,3,2,7,0,22.55,0.0,21.24,3.6,0.96,0.0,0.0,0,1,24.444444,2
10322,3,3,7,0,22.52,0.0,21.45,3.4,0.12,0.0,0.0,0,1,24.444444,2
10323,3,4,7,0,22.5,0.0,21.48,3.8,0.0,0.0,0.0,0,1,24.444444,2
10324,3,5,7,0,22.48,0.0,21.61,3.2,1.68,0.0,0.0,0,1,24.444444,2
10325,3,6,7,0,22.48,0.0,22.13,5.2,1.56,0.0,0.0,0,1,24.444444,2
10326,3,7,7,0,22.48,0.0,22.72,3.8,2.04,0.0,0.0,0,1,24.444444,2
10327,3,8,7,0,22.5,0.0,23.08,4.1,9.0,0.0,129.785,0,1,24.444444,2
10328,3,9,7,0,22.63,0.0,22.84,4.0,11.4,0.0,362.261,0,1,24.444444,2
10329,3,10,7,0,22.79,0.0,22.33,4.3,6.0,0.11,566.223,0,1,24.444444,2
10330,3,11,7,0,22.91,0.0,21.94,5.0,5.16,0.33,705.767,0,1,24.444444,2
10331,3,12,7,0,23.03,0.0,21.84,5.1,4.08,1.0,772.039,0,1,24.444444,2
10332,3,13,7,0,23.15,0.0,22.0,5.5,3.12,2.1,809.316,0,1,24.444444,2
10333,3,14,7,0,23.48,0.0,22.28,9.7,3.48,5.56,750.642,0,1,24.444444,2
10334,3,15,7,0,23.7,0.0,22.64,11.5,13.92,10.87,685.839,0,1,24.444444,2
10335,3,16,7,0,23.68,0.0,22.8,6.9,3.12,10.02,552.522,0,1,24.444444,2
10336,3,17,7,0,23.64,0.0,22.66,4.8,10.32,8.53,346.737,0,1,24.444444,2
10337,3,18,7,0,23.7,0.0,22.04,10.0,6.48,8.69,107.724,0,1,24.444444,2
10338,3,19,7,0,23.64,0.0,21.16,9.2,2.88,5.35,0.0,0,1,24.444444,2
10339,3,20,7,0,23.61,0.0,20.31,9.6,4.2,4.9,0.0,0,1,24.444444,2
10340,3,21,7,0,23.49,0.0,19.88,7.1,2.04,2.68,0.0,0,1,24.444444,2
10341,3,22,7,0,23.4,0.0,20.66,8.1,1.08,2.31,0.0,0,1,24.444444,2
10342,3,23,7,0,23.28,0.0,22.78,7.6,2.16,1.43,0.0,0,1,24.444444,2
10343,3,24,7,0,23.02,0.0,25.8,4.4,1.56,0.47,0.0,0,1,24.444444,2
10344,3,1,1,0,23.09,0.0,27.96,10.1,5.88,1.31,0.0,0,1,24.444444,2
10345,3,2,1,0,22.82,0.0,30.06,3.6,1.32,0.01,0.0,0,1,24.444444,2
10346,3,3,1,0,22.79,0.0,31.2,8.3,0.72,0.26,0.0,0,1,24.444444,2
10347,3,4,1,0,22.68,0.0,32.05,3.8,1.08,0.0,0.0,0,1,24.444444,2
10348,3,5,1,0,22.72,0.0,32.8,8.4,0.48,0.12,0.0,0,1,24.444444,2
10349,3,6,1,0,22.63,0.0,33.91,3.5,0.96,0.0,0.0,0,1,24.444444,2
10350,3,7,1,0,22.73,0.0,34.66,10.2,5.4,0.34,0.0,0,1,24.444444,2
10351,3,8,1,0,22.67,0.0,35.99,3.4,10.08,0.0,75.5228,0,1,24.444444,2
10352,3,9,1,0,22.89,0.0,35.58,4.6,10.44,0.07,308.002,0,1,24.444444,2
10353,3,10,1,0,23.2,0.0,33.54,5.1,19.92,1.65,519.539,0,1,24.444444,2
10354,3,11,1,0,23.37,0.0,32.16,7.7,17.16,3.31,577.486,0,1,24.444444,2
10355,3,12,1,0,23.57,0.0,31.18,9.6,22.32,5.68,710.835,0,1,24.444444,2
10356,3,13,1,0,23.61,0.0,31.28,6.0,5.64,5.63,677.07,0,1,24.444444,2
10357,3,14,1,0,23.8,0.0,31.91,10.3,8.64,11.53,693.039,0,1,24.444444,2
10358,3,15,1,0,23.95,0.0,33.35,9.5,3.96,14.59,647.324,0,1,24.444444,2
10359,3,16,1,0,23.91,0.0,34.75,5.1,2.16,11.69,378.809,0,1,24.444444,2
10360,3,17,1,0,23.9,0.0,36.72,5.3,12.24,12.83,297.039,0,1,24.444444,2
10361,3,18,1,0,23.98,0.0,38.1,9.9,5.64,14.15,99.1265,0,1,24.444444,2
10362,3,19,1,0,24.01,0.0,39.32,10.2,6.72,11.65,0.0,0,1,24.444444,2
10363,3,20,1,0,24.02,0.0,40.56,11.0,3.84,11.65,0.0,0,1,24.444444,2
10364,3,21,1,0,23.99,0.0,41.77,10.0,6.24,9.83,0.0,0,1,24.444444,2
10365,3,22,1,0,23.87,0.0,43.26,7.2,3.48,6.63,0.0,0,1,24.444444,2
10366,3,23,1,0,23.72,0.0,44.92,5.8,2.04,4.67,0.0,0,1,24.444444,2
10367,3,24,1,0,23.73,0.0,46.12,8.7,0.84,6.02,0.0,0,1,24.444444,2
10368,3,1,2,1,23.71,0.0,47.9,9.4,0.84,5.85,0.0,0,1,24.444444,2
10369,3,2,2,1,23.68,0.0,50.22,9.4,0.48,5.73,0.0,0,1,24.444444,2
10370,3,3,2,1,23.44,0.0,53.72,4.0,0.84,2.41,0.0,0,1,24.444444,2
10371,3,4,2,1,23.29,0.0,56.92,3.3,0.96,1.89,0.0,0,1,24.444444,2
10372,3,5,2,1,23.21,0.0,58.86,3.6,1.08,1.55,0.0,0,1,24.444444,2
10373,3,6,2,1,23.28,0.0,58.97,7.8,3.24,3.03,0.0,0,1,24.444444,2
10374,3,7,2,1,23.24,0.0,59.18,6.3,10.32,2.03,0.0,0,1,24.444444,2
10375,3,8,2,1,23.31,0.0,58.51,10.3,3.6,3.45,33.9288,0,1,24.444444,2
10376,3,9,2,1,23.28,0.0,58.38,8.6,6.84,2.72,38.8121,0,1,24.444444,2
10377,3,10,2,1,23.45,0.0,58.06,11.6,6.84,4.83,132.706,0,1,24.444444,2
10378,3,11,2,1,23.44,0.0,58.35,8.9,2.28,3.72,137.295,0,1,24.444444,2
10379,3,12,2,1,23.33,0.0,59.24,4.6,1.8,2.31,228.696,0,1,24.444444,2
10380,3,13,2,1,23.56,0.0,58.45,9.2,3.0,7.8,412.827,0,1,24.444444,2
10381,3,14,2,1,23.73,0.0,57.52,8.6,1.32,10.12,436.897,0,1,24.444444,2
10382,3,15,2,1,23.8,0.0,57.1,10.2,1.44,9.95,138.107,0,1,24.444444,2
10383,3,16,2,1,23.8,0.0,57.29,8.8,2.16,8.92,165.938,0,1,24.444444,2
10384,3,17,2,1,23.8,0.0,58.11,8.5,0.84,8.72,25.2294,0,1,24.444444,2
10385,3,18,2,1,23.79,0.0,59.64,7.9,5.04,8.47,0.0,0,1,24.444444,2
10386,3,19,2,1,23.83,0.0,60.15,9.5,6.48,9.63,0.0,0,1,24.444444,2
10387,3,20,2,1,23.99,0.0,58.86,14.7,7.68,14.97,0.0,0,1,24.444444,2
10388,3,21,2,1,24.01,0.0,57.84,13.9,18.72,13.77,0.0,0,1,24.444444,2
10389,3,22,2,1,24.03,0.0,56.97,16.2,3.12,16.42,0.0,0,1,24.444444,2
10390,3,23,2,1,23.87,0.0,58.51,8.5,1.56,7.08,0.0,0,1,24.444444,2
10391,3,24,2,1,23.86,0.0,60.54,9.8,1.32,8.62,0.0,0,1,24.444444,2
10392,3,1,3,1,23.65,0.0,63.18,4.0,0.96,4.03,0.0,0,1,24.444444,2
10393,3,2,3,1,23.54,0.0,65.7,3.7,1.08,3.57,0.0,0,1,24.444444,2
10394,3,3,3,1,23.4,0.0,67.37,3.5,0.0,2.94,0.0,0,1,24.444444,2
10395,3,4,3,1,23.33,0.0,68.58,3.2,0.6,2.82,0.0,0,1,24.444444,2
10396,3,5,3,1,23.33,0.0,69.79,3.3,1.8,3.12,0.0,0,1,24.444444,2
10397,3,6,3,1,23.32,0.0,70.77,3.3,4.44,3.09,0.0,0,1,24.444444,2
10398,3,7,3,1,23.33,0.0,71.16,4.5,17.4,3.42,0.0,0,1,24.444444,2
10399,3,8,3,1,23.47,0.0,70.13,8.0,3.96,5.58,11.3744,0,1,24.444444,2
10400,3,9,3,1,23.62,0.0,68.77,6.1,3.48,9.42,230.444,0,1,24.444444,2
10401,3,10,3,1,23.66,0.0,68.66,4.6,7.8,8.7,266.079,0,1,24.444444,2
10402,3,11,3,1,23.6,0.0,69.21,3.6,4.2,5.01,177.272,0,1,24.444444,2
10403,3,12,3,1,23.51,0.0,69.43,4.0,1.68,3.83,81.2948,0,1,24.444444,2
10404,3,13,3,1,23.68,0.0,67.86,9.4,6.24,9.6,89.4756,0,1,24.444444,2
10405,3,14,3,1,23.76,0.0,65.84,9.3,1.44,9.96,150.056,0,1,24.444444,2
10406,3,15,3,1,23.61,0.0,66.57,3.4,5.64,4.58,152.204,0,1,24.444444,2
10407,3,16,3,1,23.71,0.0,66.18,7.9,6.12,9.32,111.174,0,1,24.444444,2
10408,3,17,3,1,23.79,0.0,65.45,9.1,0.84,9.87,65.9297,0,1,24.444444,2
10409,3,18,3,1,23.79,0.0,65.23,8.8,6.24,9.35,0.0,0,1,24.444444,2
10410,3,19,3,1,23.84,0.0,64.54,9.9,4.68,10.2,0.0,0,1,24.444444,2
10411,3,20,3,1,23.78,0.0,64.79,7.8,5.04,7.65,0.0,0,1,24.444444,2
10412,3,21,3,1,23.85,0.0,64.68,10.7,9.12,10.44,0.0,0,1,24.444444,2
10413,3,22,3,1,23.79,0.0,65.22,8.6,4.56,8.06,0.0,0,1,24.444444,2
10414,3,23,3,1,23.67,0.0,66.5,5.7,2.52,4.97,0.0,0,1,24.444444,2
10415,3,24,3,1,23.77,0.0,66.02,10.3,0.72,9.14,0.0,0,1,24.444444,2
10416,3,1,4,1,23.69,0.0,65.73,8.1,0.36,5.66,0.0,0,1,24.444444,2
10417,3,2,4,1,23.59,0.0,65.53,7.6,0.96,4.09,0.0,0,1,24.444444,2
10418,3,3,4,1,23.32,0.0,66.38,3.6,0.48,1.81,0.0,0,1,24.444444,2
10419,3,4,4,1,23.48,0.0,65.31,8.4,0.36,4.38,0.0,0,1,24.444444,2
10420,3,5,4,1,23.31,0.0,65.91,4.3,1.44,1.96,0.0,0,1,24.444444,2
10421,3,6,4,1,23.39,0.0,65.45,8.3,3.36,3.84,0.0,0,1,24.444444,2
10422,3,7,4,1,23.4,0.0,65.44,8.0,4.68,3.78,0.0,0,1,24.444444,2
10423,3,8,4,1,23.42,0.0,65.36,8.3,10.8,3.76,52.1829,0,1,24.444444,2
10424,3,9,4,1,23.44,0.0,65.13,7.0,2.64,3.54,172.068,0,1,24.444444,2
10425,3,10,4,1,23.54,0.0,64.5,9.2,5.64,5.8,159.367,0,1,24.444444,2
10426,3,11,4,1,23.56,0.0,64.01,7.9,9.48,5.56,178.642,0,1,24.444444,2
10427,3,12,4,1,23.56,0.0,63.92,6.6,6.72,5.68,215.613,0,1,24.444444,2
10428,3,13,4,1,23.69,0.0,62.96,9.3,2.4,9.6,262.927,0,1,24.444444,2
10429,3,14,4,1,23.82,0.0,61.55,10.4,0.6,11.32,216.449,0,1,24.444444,2
10430,3,15,4,1,23.84,0.0,60.77,8.7,2.28,9.91,175.772,0,1,24.444444,2
10431,3,16,4,1,23.83,0.0,60.71,7.4,1.32,8.77,127.435,0,1,24.444444,2
10432,3,17,4,1,23.85,0.0,60.91,7.6,2.16,9.27,59.3711,0,1,24.444444,2
10433,3,18,4,1,23.89,0.0,61.12,8.2,5.04,10.16,16.2622,0,1,24.444444,2
10434,3,19,4,1,23.94,0.0,61.23,9.9,7.44,11.39,0.0,0,1,24.444444,2
10435,3,20,4,1,23.96,0.0,61.31,10.2,5.4,11.36,0.0,0,1,24.444444,2
10436,3,21,4,1,23.95,0.0,61.73,9.6,10.32,10.61,0.0,0,1,24.444444,2
10437,3,22,4,1,23.93,0.0,62.14,9.9,1.2,10.08,0.0,0,1,24.444444,2
10438,3,23,4,1,23.88,0.0,62.4,9.2,2.76,8.5,0.0,0,1,24.444444,2
10439,3,24,4,1,23.84,0.0,62.63,8.9,1.44,8.17,0.0,0,1,24.444444,2
10440,3,1,5,1,23.86,0.0,62.79,9.5,0.72,8.85,0.0,0,1,24.444444,2
10441,3,2,5,1,23.85,0.0,63.09,9.5,0.48,8.69,0.0,0,1,24.444444,2
10442,3,3,5,1,23.81,0.0,64.1,8.6,0.48,7.97,0.0,0,1,24.444444,2
10443,3,4,5,1,23.82,0.0,65.01,9.3,0.72,8.59,0.0,0,1,24.444444,2
10444,3,5,5,1,23.81,0.0,65.47,8.9,2.88,8.54,0.0,0,1,24.444444,2
10445,3,6,5,1,23.79,0.0,66.22,8.5,5.88,7.94,0.0,0,1,24.444444,2
10446,3,7,5,1,23.77,0.0,66.92,8.7,20.52,7.81,0.0,0,1,24.444444,2
10447,3,8,5,1,23.78,0.0,66.59,9.6,10.08,8.0,46.2441,0,1,24.444444,2
10448,3,9,5,1,23.76,0.0,66.02,8.5,9.24,7.19,90.9708,0,1,24.444444,2
10449,3,10,5,1,23.81,0.0,64.84,9.5,3.36,8.95,122.444,0,1,24.444444,2
10450,3,11,5,1,23.79,0.0,64.11,8.2,1.44,7.61,128.664,0,1,24.444444,2
10451,3,12,5,1,23.81,0.0,63.04,8.7,2.16,8.35,140.884,0,1,24.444444,2
10452,3,13,5,1,23.87,0.0,62.27,8.7,3.84,10.13,202.027,0,1,24.444444,2
10453,3,14,5,1,23.95,0.0,61.52,9.8,3.0,13.22,159.025,0,1,24.444444,2
10454,3,15,5,1,24.0,0.0,60.49,10.5,1.8,15.65,162.648,0,1,24.444444,2
10455,3,16,5,1,23.99,0.0,60.03,7.7,0.96,12.01,147.632,0,1,24.444444,2
10456,3,17,5,1,24.0,0.0,59.88,9.5,15.72,13.22,35.7388,0,1,24.444444,2
10457,3,18,5,1,24.0,0.0,60.02,8.8,3.36,11.96,0.0,0,1,24.444444,2
10458,3,19,5,1,24.0,0.0,60.31,9.4,7.56,12.64,0.0,0,1,24.444444,2
10459,3,20,5,1,24.01,0.0,60.41,10.3,2.76,14.09,0.0,0,1,24.444444,2
10460,3,21,5,1,24.01,0.0,60.63,10.0,6.96,13.75,0.0,0,1,24.444444,2
10461,3,22,5,1,24.01,0.0,61.0,10.8,3.0,13.38,0.0,0,1,24.444444,2
10462,3,23,5,1,23.97,0.0,62.09,9.1,2.28,10.37,0.0,0,1,24.444444,2
10463,3,24,5,1,23.98,0.0,62.62,10.7,1.56,11.84,0.0,0,1,24.444444,2
10464,3,1,6,1,23.91,0.0,63.37,7.7,1.08,8.5,0.0,0,1,24.444444,2
10465,3,2,6,1,23.71,0.0,65.52,3.7,1.2,4.57,0.0,0,1,24.444444,2
10466,3,3,6,1,23.67,0.0,66.86,4.9,0.6,5.31,0.0,0,1,24.444444,2
10467,3,4,6,1,23.68,0.0,67.3,6.3,0.84,5.96,0.0,0,1,24.444444,2
10468,3,5,6,1,23.6,0.0,68.24,5.0,0.72,4.46,0.0,0,1,24.444444,2
10469,3,6,6,1,23.66,0.0,68.22,8.0,2.28,6.83,0.0,0,1,24.444444,2
10470,3,7,6,1,23.66,0.0,67.74,7.8,2.88,6.37,0.0,0,1,24.444444,2
10471,3,8,6,1,23.66,0.0,66.71,8.6,14.64,6.31,20.517,0,1,24.444444,2
10472,3,9,6,1,23.96,0.0,62.81,18.8,3.48,17.92,63.2384,0,1,24.444444,2
10473,3,10,6,1,23.91,0.0,60.84,10.7,4.08,9.67,142.497,0,1,24.444444,2
10474,3,11,6,1,23.91,0.0,60.91,8.9,4.56,11.12,275.695,0,1,24.444444,2
10475,3,12,6,1,23.94,0.0,61.25,7.1,4.08,12.42,386.092,0,1,24.444444,2
10476,3,13,6,1,23.97,0.0,61.06,7.1,4.08,14.01,372.821,0,1,24.444444,2
10477,3,14,6,1,24.04,0.0,59.49,10.2,0.84,21.98,487.339,0,1,24.444444,2
10478,3,15,6,1,24.07,0.0,56.42,12.8,2.4,31.43,581.439,0,1,24.444444,2
10479,3,16,6,1,24.07,0.0,53.93,8.4,0.84,26.36,450.421,0,1,24.444444,2
10480,3,17,6,1,24.07,0.0,51.77,9.2,1.32,27.75,327.934,0,1,24.444444,2
10481,3,18,6,1,24.07,0.0,50.25,11.6,2.04,26.23,101.609,0,1,24.444444,2
10482,3,19,6,1,24.07,0.0,49.51,11.4,6.0,20.38,0.0,0,1,24.444444,2
10483,3,20,6,1,24.07,0.0,49.27,10.3,2.04,17.03,0.0,0,1,24.444444,2
10484,3,21,6,1,24.07,0.0,49.58,9.8,5.52,14.08,0.0,0,1,24.444444,2
10485,3,22,6,1,24.06,0.0,50.43,9.9,5.16,12.11,0.0,0,1,24.444444,2
10486,3,23,6,1,23.96,0.0,51.67,8.0,0.72,8.04,0.0,0,1,24.444444,2
10487,3,24,6,1,23.86,0.0,52.8,8.0,1.32,6.8,0.0,0,1,24.444444,2
10488,3,1,7,1,23.57,0.0,54.77,3.5,1.8,3.18,0.0,0,1,24.444444,2
10489,3,2,7,1,23.42,0.0,56.14,3.4,1.08,2.71,0.0,0,1,24.444444,2
10490,3,3,7,1,23.31,0.0,56.84,3.1,0.48,2.26,0.0,0,1,24.444444,2
10491,3,4,7,1,23.25,0.0,57.14,3.7,0.6,2.02,0.0,0,1,24.444444,2
10492,3,5,7,1,23.17,0.0,57.3,3.5,0.24,1.46,0.0,0,1,24.444444,2
10493,3,6,7,1,23.17,0.0,56.6,5.4,1.92,1.74,0.0,0,1,24.444444,2
10494,3,7,7,1,23.16,0.0,55.98,5.1,2.88,1.6,0.0,0,1,24.444444,2
10495,3,8,7,1,23.06,0.0,55.77,4.0,8.88,0.89,12.4376,0,1,24.444444,2
10496,3,9,7,1,23.08,0.0,55.2,5.4,7.8,1.41,69.0923,0,1,24.444444,2
10497,3,10,7,1,23.13,0.0,54.8,4.3,8.88,1.63,159.148,0,1,24.444444,2
10498,3,11,7,1,23.25,0.0,54.37,4.3,4.68,2.75,310.371,0,1,24.444444,2
10499,3,12,7,1,23.52,0.0,52.97,7.2,5.88,5.37,381.555,0,1,24.444444,2
10500,3,13,7,1,23.8,0.0,50.84,11.2,11.16,11.59,500.79,0,1,24.444444,2
10501,3,14,7,1,23.95,0.0,48.79,10.5,4.32,14.18,532.43,0,1,24.444444,2
10502,3,15,7,1,23.9,0.0,48.22,4.2,7.2,11.21,444.257,0,1,24.444444,2
10503,3,16,7,1,23.91,0.0,47.88,4.6,2.76,15.44,455.207,0,1,24.444444,2
10504,3,17,7,1,24.02,0.0,46.94,9.6,9.36,21.19,302.219,0,1,24.444444,2
10505,3,18,7,1,23.99,0.0,47.21,4.2,10.56,12.44,82.8611,0,1,24.444444,2
10506,3,19,7,1,24.04,0.0,47.42,9.7,4.44,14.65,0.0,0,1,24.444444,2
10507,3,20,7,1,23.98,0.0,48.19,5.6,4.92,9.28,0.0,0,1,24.444444,2
10508,3,21,7,1,23.96,0.0,48.93,6.4,2.4,9.55,0.0,0,1,24.444444,2
10509,3,22,7,1,23.99,0.0,49.62,8.8,3.12,10.68,0.0,0,1,24.444444,2
10510,3,23,7,1,24.03,0.0,50.29,11.8,1.68,12.44,0.0,0,1,24.444444,2
10511,3,24,7,1,23.81,0.0,52.47,5.2,1.32,5.35,0.0,0,1,24.444444,2
10512,3,1,1,1,23.63,0.0,55.59,4.1,1.44,4.0,0.0,0,1,24.444444,2
10513,3,2,1,1,23.71,0.0,57.1,8.4,0.6,6.51,0.0,0,1,24.444444,2
10514,3,3,1,1,23.47,0.0,59.09,3.4,0.6,2.64,0.0,0,1,24.444444,2
10515,3,4,1,1,23.62,0.0,59.38,8.9,1.32,5.94,0.0,0,1,24.444444,2
10516,3,5,1,1,23.36,0.0,61.27,3.4,0.48,2.19,0.0,0,1,24.444444,2
10517,3,6,1,1,23.56,0.0,60.94,9.8,1.56,5.52,0.0,0,1,24.444444,2
10518,3,7,1,1,23.36,0.0,61.94,5.0,1.44,2.49,0.0,0,1,24.444444,2
10519,3,8,1,1,23.25,0.0,62.87,4.0,10.8,1.71,26.4745,0,1,24.444444,2
10520,3,9,1,1,23.27,0.0,63.16,4.7,10.32,2.46,86.4749,0,1,24.444444,2
10521,3,10,1,1,23.29,0.0,63.09,3.9,22.92,2.68,99.5378,0,1,24.444444,2
10522,3,11,1,1,23.6,0.0,60.67,9.3,15.6,9.02,251.001,0,1,24.444444,2
10523,3,12,1,1,23.72,0.0,58.12,5.5,26.76,11.28,667.172,0,1,24.444444,2
10524,3,13,1,1,23.97,0.0,54.43,12.0,3.84,20.08,725.964,0,1,24.444444,2
10525,3,14,1,1,24.06,0.0,51.4,11.5,6.48,23.21,653.32,0,1,24.444444,2
10526,3,15,1,1,24.04,0.0,49.33,4.3,6.24,16.67,478.987,0,1,24.444444,2
10527,3,16,1,1,24.05,0.0,48.15,4.5,5.04,17.15,326.462,0,1,24.444444,2
10528,3,17,1,1,24.07,0.0,47.25,9.2,12.84,22.49,188.308,0,1,24.444444,2
10529,3,18,1,1,24.08,0.0,46.76,10.0,10.56,21.87,57.5715,0,1,24.444444,2
10530,3,19,1,1,24.07,0.0,46.94,15.1,6.84,25.39,0.0,0,1,24.444444,2
10531,3,20,1,1,24.07,0.0,47.4,8.0,6.84,14.48,0.0,0,1,24.444444,2
10532,3,21,1,1,24.07,0.0,48.33,7.9,6.0,12.89,0.0,0,1,24.444444,2
10533,3,22,1,1,23.99,0.0,49.57,5.6,1.8,8.97,0.0,0,1,24.444444,2
10534,3,23,1,1,23.92,0.0,50.67,5.6,1.44,7.88,0.0,0,1,24.444444,2
10535,3,24,1,1,23.88,0.0,51.68,6.3,0.72,7.46,0.0,0,1,24.444444,2
10536,3,1,2,1,23.93,0.0,51.93,9.6,0.48,9.16,0.0,0,1,24.444444,2
10537,3,2,2,1,23.9,0.0,52.56,9.6,1.44,7.91,0.0,0,1,24.444444,2
10538,3,3,2,1,23.54,0.0,54.89,3.4,0.6,2.63,0.0,0,1,24.444444,2
10539,3,4,2,1,23.4,0.0,56.59,4.2,1.56,2.64,0.0,0,1,24.444444,2
10540,3,5,2,1,23.26,0.0,57.96,2.9,2.88,1.71,0.0,0,1,24.444444,2
10541,3,6,2,1,23.49,0.0,57.18,9.2,5.04,4.3,0.0,0,1,24.444444,2
10542,3,7,2,1,23.44,0.0,57.35,6.1,15.72,3.05,0.0,0,1,24.444444,2
10543,3,8,2,1,23.68,0.0,56.34,10.0,5.52,9.26,115.078,0,1,24.444444,2
10544,3,9,2,1,23.74,0.0,54.97,6.5,5.52,11.55,278.987,0,1,24.444444,2
10545,3,10,2,1,23.85,0.0,52.84,9.1,6.96,19.07,487.383,0,1,24.444444,2
10546,3,11,2,1,23.98,0.0,50.63,9.4,2.4,20.72,623.73,0,1,24.444444,2
10547,3,12,2,1,23.97,0.0,49.75,3.2,2.88,15.5,672.73,0,1,24.444444,2
10548,3,13,2,1,24.06,0.0,48.6,8.7,3.24,24.56,722.823,0,1,24.444444,2
10549,3,14,2,1,24.07,0.0,47.54,10.2,2.16,30.82,675.008,0,1,24.444444,2
10550,3,15,2,1,24.07,0.0,46.37,8.6,2.4,33.46,574.145,0,1,24.444444,2
10551,3,16,2,1,24.07,0.0,45.55,9.5,3.0,36.58,486.291,0,1,24.444444,2
10552,3,17,2,1,24.08,0.0,45.47,8.8,2.04,35.57,298.518,0,1,24.444444,2
10553,3,18,2,1,24.08,0.0,45.5,9.7,2.52,32.8,99.6814,0,1,24.444444,2
10554,3,19,2,1,24.08,0.0,46.14,10.4,7.2,28.24,0.0,0,1,24.444444,2
10555,3,20,2,1,24.07,0.0,46.8,10.8,5.28,26.75,0.0,0,1,24.444444,2
10556,3,21,2,1,24.07,0.0,47.66,10.7,10.08,24.73,0.0,0,1,24.444444,2
10557,3,22,2,1,24.07,0.0,48.73,10.4,4.8,21.83,0.0,0,1,24.444444,2
10558,3,23,2,1,24.07,0.0,50.01,9.2,2.16,17.88,0.0,0,1,24.444444,2
10559,3,24,2,1,24.07,0.0,51.45,8.5,1.2,14.85,0.0,0,1,24.444444,2
10560,3,1,3,1,23.98,0.0,53.69,4.0,0.36,8.52,0.0,0,1,24.444444,2
10561,3,2,3,1,23.87,0.0,55.8,3.7,0.6,6.81,0.0,0,1,24.444444,2
10562,3,3,3,1,23.73,0.0,57.07,3.3,0.6,5.13,0.0,0,1,24.444444,2
10563,3,4,3,1,23.67,0.0,57.59,4.5,0.48,4.83,0.0,0,1,24.444444,2
10564,3,5,3,1,23.52,0.0,58.5,3.4,1.8,3.16,0.0,0,1,24.444444,2
10565,3,6,3,1,23.43,0.0,59.31,3.6,4.2,2.99,0.0,0,1,24.444444,2
10566,3,7,3,1,23.54,0.0,59.17,4.3,18.48,5.07,0.0,0,1,24.444444,2
10567,3,8,3,1,23.74,0.0,57.21,7.3,11.64,14.01,132.421,0,1,24.444444,2
10568,3,9,3,1,23.78,0.0,55.05,5.3,6.24,16.4,327.39,0,1,24.444444,2
10569,3,10,3,1,23.85,0.0,53.44,4.1,7.8,17.99,498.728,0,1,24.444444,2
10570,3,11,3,1,23.93,0.0,52.3,4.3,1.56,18.95,617.123,0,1,24.444444,2
10571,3,12,3,1,24.01,0.0,52.12,3.6,3.12,19.78,690.15,0,1,24.444444,2
10572,3,13,3,1,24.07,0.0,51.43,9.0,4.32,30.44,704.891,0,1,24.444444,2
10573,3,14,3,1,24.07,0.0,50.26,10.0,5.28,36.28,667.027,0,1,24.444444,2
10574,3,15,3,1,24.07,0.0,49.92,3.8,2.4,31.57,524.425,0,1,24.444444,2
10575,3,16,3,1,24.07,0.0,48.82,8.7,1.56,39.11,416.602,0,1,24.444444,2
10576,3,17,3,1,24.07,0.0,47.71,8.8,2.52,36.88,236.703,0,1,24.444444,2
10577,3,18,3,1,24.07,0.0,47.6,7.9,5.88,32.76,87.0775,0,1,24.444444,2
10578,3,19,3,1,24.07,0.0,48.06,10.4,3.0,31.08,0.0,0,1,24.444444,2
10579,3,20,3,1,24.07,0.0,48.56,9.9,2.76,28.5,0.0,0,1,24.444444,2
10580,3,21,3,1,24.07,0.0,49.27,10.6,5.52,27.95,0.0,0,1,24.444444,2
10581,3,22,3,1,24.07,0.0,50.44,10.2,2.16,25.83,0.0,0,1,24.444444,2
10582,3,23,3,1,24.07,0.0,52.71,5.8,0.84,17.9,0.0,0,1,24.444444,2
10583,3,24,3,1,24.07,0.0,54.87,8.1,0.96,19.59,0.0,0,1,24.444444,2
10584,3,1,4,1,24.07,0.0,56.28,7.6,0.72,17.14,0.0,0,1,24.444444,2
10585,3,2,4,1,24.07,0.0,57.68,8.0,0.72,16.09,0.0,0,1,24.444444,2
10586,3,3,4,1,24.0,0.0,60.13,3.6,0.96,9.26,0.0,0,1,24.444444,2
10587,3,4,4,1,24.04,0.0,61.16,8.5,0.24,15.06,0.0,0,1,24.444444,2
10588,3,5,4,1,23.9,0.0,62.8,3.2,0.72,7.21,0.0,0,1,24.444444,2
10589,3,6,4,1,23.99,0.0,63.38,8.7,5.52,12.98,0.0,0,1,24.444444,2
10590,3,7,4,1,24.01,0.0,63.13,8.5,5.64,14.0,0.0,0,1,24.444444,2
10591,3,8,4,1,24.01,0.0,62.16,8.9,14.64,19.14,126.367,0,1,24.444444,2
10592,3,9,4,1,24.02,0.0,60.57,7.0,9.24,20.27,279.087,0,1,24.444444,2
10593,3,10,4,1,24.06,0.0,57.89,8.5,1.44,26.24,396.401,0,1,24.444444,2
10594,3,11,4,1,24.07,0.0,55.7,8.2,1.56,28.15,533.657,0,1,24.444444,2
10595,3,12,4,1,24.07,0.0,54.0,7.0,12.36,26.71,475.34,0,1,24.444444,2
10596,3,13,4,1,24.07,0.0,52.53,9.1,1.56,28.53,321.999,0,1,24.444444,2
10597,3,14,4,1,24.07,0.0,51.46,9.9,0.84,31.39,403.622,0,1,24.444444,2
10598,3,15,4,1,24.07,0.0,50.7,9.3,0.6,28.51,222.219,0,1,24.444444,2
10599,3,16,4,1,24.07,0.0,50.98,7.8,1.68,26.1,180.211,0,1,24.444444,2
10600,3,17,4,1,24.07,0.0,51.51,8.1,5.76,29.19,215.92,0,1,24.444444,2
10601,3,18,4,1,24.07,0.0,51.54,7.7,7.56,27.26,66.4291,0,1,24.444444,2
10602,3,19,4,1,24.07,0.0,51.91,9.5,6.0,26.23,0.0,0,1,24.444444,2
10603,3,20,4,1,24.07,0.0,52.43,10.5,4.08,26.03,0.0,0,1,24.444444,2
10604,3,21,4,1,24.07,0.0,53.51,10.3,13.08,24.72,0.0,0,1,24.444444,2
10605,3,22,4,1,24.07,0.0,54.72,10.5,2.76,23.63,0.0,0,1,24.444444,2
10606,3,23,4,1,24.07,0.0,55.79,9.2,1.8,20.1,0.0,0,1,24.444444,2
10607,3,24,4,1,24.07,0.0,57.18,7.3,1.2,15.19,0.0,0,1,24.444444,2
10608,3,1,5,1,24.06,0.0,58.57,8.0,0.48,14.62,0.0,0,1,24.444444,2
10609,3,2,5,1,24.05,0.0,59.47,7.9,0.12,13.4,0.0,0,1,24.444444,2
10610,3,3,5,1,24.07,0.0,59.08,12.2,0.6,18.6,0.0,0,1,24.444444,2
10611,3,4,5,1,24.04,0.0,59.27,8.6,4.8,11.98,0.0,0,1,24.444444,2
10612,3,5,5,1,24.02,0.0,60.34,9.0,1.2,11.32,0.0,0,1,24.444444,2
10613,3,6,5,1,23.99,0.0,61.14,8.4,2.28,9.85,0.0,0,1,24.444444,2
10614,3,7,5,1,23.99,0.0,61.26,9.1,31.08,14.71,0.0,0,1,24.444444,2
10615,3,8,5,1,24.01,0.0,59.9,10.0,12.84,22.33,134.981,0,1,24.444444,2
10616,3,9,5,1,24.06,0.0,57.18,12.6,8.28,29.63,330.726,0,1,24.444444,2
10617,3,10,5,1,24.07,0.0,55.65,8.6,2.16,26.36,502.727,0,1,24.444444,2
10618,3,11,5,1,24.07,0.0,54.8,8.7,2.16,27.59,627.562,0,1,24.444444,2
10619,3,12,5,1,24.07,0.0,53.89,8.5,2.88,28.55,696.619,0,1,24.444444,2
10620,3,13,5,1,24.07,0.0,52.89,7.9,2.28,29.68,715.531,0,1,24.444444,2
10621,3,14,5,1,24.07,0.0,51.54,9.8,0.72,35.31,692.019,0,1,24.444444,2
10622,3,15,5,1,24.07,0.0,50.14,9.5,0.84,36.43,530.298,0,1,24.444444,2
10623,3,16,5,1,24.07,0.0,49.18,8.4,2.64,33.87,344.833,0,1,24.444444,2
10624,3,17,5,1,24.07,0.0,48.9,8.4,8.28,33.76,260.577,0,1,24.444444,2
10625,3,18,5,1,24.08,0.0,49.8,9.0,5.04,30.61,104.72,0,1,24.444444,2
10626,3,19,5,1,24.07,0.0,51.46,9.4,7.44,26.52,0.0,0,1,24.444444,2
10627,3,20,5,1,24.07,0.0,52.89,11.3,6.6,27.35,0.0,0,1,24.444444,2
10628,3,21,5,1,24.07,0.0,54.61,10.4,7.68,24.35,0.0,0,1,24.444444,2
10629,3,22,5,1,24.07,0.0,56.1,11.1,3.24,23.42,0.0,0,1,24.444444,2
10630,3,23,5,1,24.07,0.0,57.68,9.2,1.2,18.59,0.0,0,1,24.444444,2
10631,3,24,5,1,24.07,0.0,59.44,7.9,0.48,15.34,0.0,0,1,24.444444,2
10632,3,1,6,1,23.97,0.0,62.43,3.7,0.96,8.92,0.0,0,1,24.444444,2
10633,3,2,6,1,24.0,0.0,63.72,7.8,0.72,12.05,0.0,0,1,24.444444,2
10634,3,3,6,1,23.83,0.0,65.43,3.3,0.72,6.48,0.0,0,1,24.444444,2
10635,3,4,6,1,23.87,0.0,66.68,6.4,1.08,9.18,0.0,0,1,24.444444,2
10636,3,5,6,1,23.72,0.0,68.3,3.4,0.48,5.41,0.0,0,1,24.444444,2
10637,3,6,6,1,23.93,0.0,66.65,11.1,5.52,12.87,0.0,0,1,24.444444,2
10638,3,7,6,1,23.91,0.0,65.8,7.7,5.76,12.27,0.0,0,1,24.444444,2
10639,3,8,6,1,23.98,0.0,64.58,10.5,5.52,20.06,114.43,0,1,24.444444,2
10640,3,9,6,1,24.0,0.0,62.94,8.9,3.36,24.3,332.455,0,1,24.444444,2
10641,3,10,6,1,24.04,0.0,60.62,9.5,6.6,27.02,504.551,0,1,24.444444,2
10642,3,11,6,1,24.07,0.0,58.06,10.7,11.64,29.97,623.073,0,1,24.444444,2
10643,3,12,6,1,24.07,0.0,56.88,7.7,1.92,26.86,708.501,0,1,24.444444,2
10644,3,13,6,1,24.07,0.0,55.84,8.0,2.88,30.68,725.469,0,1,24.444444,2
10645,3,14,6,1,24.07,0.0,53.63,10.1,1.8,37.35,678.963,0,1,24.444444,2
10646,3,15,6,1,24.07,0.0,50.88,11.4,1.32,42.73,601.79,0,1,24.444444,2
10647,3,16,6,1,24.07,0.0,49.58,8.6,2.88,40.25,484.535,0,1,24.444444,2
10648,3,17,6,1,24.07,0.0,49.46,8.4,1.8,39.53,310.495,0,1,24.444444,2
10649,3,18,6,1,24.07,0.0,49.4,10.0,3.0,37.43,101.012,0,1,24.444444,2
10650,3,19,6,1,24.07,0.0,49.47,10.5,4.32,31.77,0.0,0,1,24.444444,2
10651,3,20,6,1,24.07,0.0,50.48,9.6,6.6,29.12,0.0,0,1,24.444444,2
10652,3,21,6,1,24.07,0.0,51.85,10.2,5.04,28.26,0.0,0,1,24.444444,2
10653,3,22,6,1,24.07,0.0,52.85,10.3,3.72,26.52,0.0,0,1,24.444444,2
10654,3,23,6,1,24.07,0.0,54.89,7.5,2.88,20.98,0.0,0,1,24.444444,2
10655,3,24,6,1,24.07,0.0,56.25,8.1,0.72,19.53,0.0,0,1,24.444444,2
10656,3,1,7,1,24.02,0.0,57.76,3.1,7.32,10.38,0.0,0,1,24.444444,2
10657,3,2,7,1,24.01,0.0,59.5,5.0,1.56,11.3,0.0,0,1,24.444444,2
10658,3,3,7,1,23.95,0.0,61.62,3.7,0.48,8.95,0.0,0,1,24.444444,2
10659,3,4,7,1,23.89,0.0,63.78,3.5,0.36,8.01,0.0,0,1,24.444444,2
10660,3,5,7,1,23.81,0.0,65.22,3.4,0.36,7.16,0.0,0,1,24.444444,2
10661,3,6,7,1,23.77,0.0,66.43,3.9,4.32,7.11,0.0,0,1,24.444444,2
10662,3,7,7,1,23.76,0.0,67.11,3.4,8.28,7.94,0.0,0,1,24.444444,2
10663,3,8,7,1,23.82,0.0,66.17,4.6,10.92,12.0,124.962,0,1,24.444444,2
10664,3,9,7,1,23.85,0.0,64.45,3.6,9.48,17.09,301.761,0,1,24.444444,2
10665,3,10,7,1,23.92,0.0,62.24,3.8,11.16,21.6,497.365,0,1,24.444444,2
10666,3,11,7,1,24.01,0.0,60.5,4.2,6.72,22.31,551.244,0,1,24.444444,2
10667,3,12,7,1,24.07,0.0,58.04,7.2,2.16,27.83,629.403,0,1,24.444444,2
10668,3,13,7,1,24.07,0.0,55.19,10.4,15.6,34.59,578.243,0,1,24.444444,2
10669,3,14,7,1,24.07,0.0,52.7,11.3,3.48,36.04,453.565,0,1,24.444444,2
10670,3,15,7,1,24.07,0.0,52.13,4.2,9.36,27.33,409.84,0,1,24.444444,2
10671,3,16,7,1,24.07,0.0,52.82,4.3,3.96,28.35,360.066,0,1,24.444444,2
10672,3,17,7,1,24.07,0.0,53.41,9.1,3.24,32.74,180.146,0,1,24.444444,2
10673,3,18,7,1,24.07,0.0,54.2,9.7,10.32,30.09,20.5683,0,1,24.444444,2
10674,3,19,7,1,24.07,0.0,54.9,9.6,4.8,27.69,0.0,0,1,24.444444,2
10675,3,20,7,1,24.07,0.0,56.42,6.4,9.72,21.77,0.0,0,1,24.444444,2
10676,3,21,7,1,24.07,0.0,58.11,8.4,3.6,24.33,0.0,0,1,24.444444,2
10677,3,22,7,1,24.07,0.0,58.04,12.9,2.28,29.39,0.0,0,1,24.444444,2
10678,3,23,7,1,24.07,0.0,59.44,5.8,1.44,15.97,0.0,0,1,24.444444,2
10679,3,24,7,1,24.07,0.0,61.11,7.0,2.04,15.26,0.0,0,1,24.444444,2
10680,3,1,1,1,23.96,0.0,62.41,3.7,2.64,8.7,0.0,0,1,24.444444,2
10681,3,2,1,1,24.01,0.0,62.36,8.7,0.84,13.75,0.0,0,1,24.444444,2
10682,3,3,1,1,23.94,0.0,62.53,5.5,0.24,8.55,0.0,0,1,24.444444,2
10683,3,4,1,1,23.98,0.0,62.48,8.6,2.76,11.49,0.0,0,1,24.444444,2
10684,3,5,1,1,23.8,0.0,63.79,3.7,0.24,5.75,0.0,0,1,24.444444,2
10685,3,6,1,1,23.9,0.0,63.79,8.7,0.96,10.47,0.0,0,1,24.444444,2
10686,3,7,1,1,23.75,0.0,64.89,3.8,4.32,5.34,0.0,0,1,24.444444,2
10687,3,8,1,1,23.71,0.0,65.72,4.7,7.8,5.99,54.4493,0,1,24.444444,2
10688,3,9,1,1,23.76,0.0,65.53,4.0,9.48,8.83,217.047,0,1,24.444444,2
10689,3,10,1,1,23.91,0.0,64.34,7.1,12.0,17.71,393.32,0,1,24.444444,2
10690,3,11,1,1,24.02,0.0,62.78,9.0,6.72,22.93,390.037,0,1,24.444444,2
10691,3,12,1,1,24.03,0.0,61.35,3.6,19.56,18.72,488.109,0,1,24.444444,2
10692,3,13,1,1,24.07,0.0,58.0,11.8,18.12,33.03,733.483,0,1,24.444444,2
10693,3,14,1,1,24.07,0.0,55.14,8.6,10.56,29.64,511.991,0,1,24.444444,2
10694,3,15,1,1,24.07,0.0,53.33,4.6,1.68,25.04,437.448,0,1,24.444444,2
10695,3,16,1,1,24.07,0.0,52.61,4.8,7.56,26.45,341.993,0,1,24.444444,2
10696,3,17,1,1,24.07,0.0,51.09,9.4,2.64,35.0,326.065,0,1,24.444444,2
10697,3,18,1,1,24.07,0.0,50.06,9.4,5.76,31.09,108.448,0,1,24.444444,2
10698,3,19,1,1,24.07,0.0,49.92,9.3,8.16,24.4,0.0,0,1,24.444444,2
10699,3,20,1,1,24.07,0.0,50.28,9.1,6.24,21.58,0.0,0,1,24.444444,2
10700,3,21,1,1,24.07,0.0,51.73,5.6,2.28,15.87,0.0,0,1,24.444444,2
10701,3,22,1,1,24.07,0.0,53.78,4.9,1.8,13.75,0.0,0,1,24.444444,2
10702,3,23,1,1,24.07,0.0,54.47,8.5,1.2,16.58,0.0,0,1,24.444444,2
10703,3,24,1,1,24.01,0.0,55.06,5.0,0.48,9.26,0.0,0,1,24.444444,2
10704,3,1,2,1,23.99,0.0,54.93,8.1,1.2,9.84,0.0,0,1,24.444444,2
10705,3,2,2,1,23.98,0.0,53.36,9.8,0.72,9.59,0.0,0,1,24.444444,2
10706,3,3,2,1,23.65,0.0,53.71,3.7,0.96,3.38,0.0,0,1,24.444444,2
10707,3,4,2,1,23.42,0.0,53.89,3.2,0.36,2.54,0.0,0,1,24.444444,2
10708,3,5,2,1,23.37,0.0,53.24,4.6,2.88,2.55,0.0,0,1,24.444444,2
10709,3,6,2,1,23.47,0.0,51.63,7.9,3.72,3.49,0.0,0,1,24.444444,2
10710,3,7,2,1,23.45,0.0,50.74,4.8,14.76,2.67,0.0,0,1,24.444444,2
10711,3,8,2,1,23.62,0.0,49.36,9.5,6.6,6.71,130.268,0,1,24.444444,2
10712,3,9,2,1,23.62,0.0,48.2,7.3,11.4,4.71,213.571,0,1,24.444444,2
10713,3,10,2,1,23.78,0.0,46.6,11.9,5.64,9.97,316.118,0,1,24.444444,2
10714,3,11,2,1,23.77,0.0,46.23,8.9,2.4,6.92,238.56,0,1,24.444444,2
10715,3,12,2,1,23.64,0.0,47.01,4.2,3.36,4.16,266.058,0,1,24.444444,2
10716,3,13,2,1,23.8,0.0,46.88,8.7,2.64,9.11,341.686,0,1,24.444444,2
10717,3,14,2,1,23.87,0.0,46.58,8.5,1.44,9.57,313.842,0,1,24.444444,2
10718,3,15,2,1,23.89,0.0,46.37,8.7,0.6,9.18,181.704,0,1,24.444444,2
10719,3,16,2,1,23.9,0.0,46.28,8.2,4.2,8.52,134.898,0,1,24.444444,2
10720,3,17,2,1,23.91,0.0,46.54,8.1,1.92,8.85,90.8067,0,1,24.444444,2
10721,3,18,2,1,23.96,0.0,46.71,9.0,3.96,10.91,79.0453,0,1,24.444444,2
10722,3,19,2,1,23.95,0.0,47.05,9.3,5.16,8.97,0.0,0,1,24.444444,2
10723,3,20,2,1,24.01,0.0,46.45,13.3,3.48,12.97,0.0,0,1,24.444444,2
10724,3,21,2,1,24.02,0.0,45.82,13.0,8.04,12.36,0.0,0,1,24.444444,2
10725,3,22,2,1,24.02,0.0,45.85,13.1,3.0,12.06,0.0,0,1,24.444444,2
10726,3,23,2,1,23.93,0.0,46.54,8.7,1.8,7.26,0.0,0,1,24.444444,2
10727,3,24,2,1,23.9,0.0,47.39,9.0,0.72,7.29,0.0,0,1,24.444444,2
10728,3,1,3,1,23.67,0.0,49.33,4.3,0.48,3.52,0.0,0,1,24.444444,2
10729,3,2,3,1,23.51,0.0,51.53,3.4,0.96,2.74,0.0,0,1,24.444444,2
10730,3,3,3,1,23.42,0.0,53.31,3.5,0.24,2.65,0.0,0,1,24.444444,2
10731,3,4,3,1,23.37,0.0,54.56,3.7,0.84,2.61,0.0,0,1,24.444444,2
10732,3,5,3,1,23.33,0.0,55.49,3.8,1.56,2.5,0.0,0,1,24.444444,2
10733,3,6,3,1,23.28,0.0,56.47,3.3,4.92,2.11,0.0,0,1,24.444444,2
10734,3,7,3,1,23.28,0.0,57.45,3.9,15.6,2.44,0.0,0,1,24.444444,2
10735,3,8,3,1,23.41,0.0,57.2,7.0,6.96,3.9,79.7456,0,1,24.444444,2
10736,3,9,3,1,23.52,0.0,56.74,6.1,2.76,4.74,188.728,0,1,24.444444,2
10737,3,10,3,1,23.56,0.0,56.76,3.9,3.96,5.74,312.073,0,1,24.444444,2
10738,3,11,3,1,23.77,0.0,55.48,7.8,1.56,11.21,455.878,0,1,24.444444,2
10739,3,12,3,1,23.75,0.0,55.37,3.9,2.64,7.6,339.548,0,1,24.444444,2
10740,3,13,3,1,23.89,0.0,54.56,9.3,5.4,12.78,239.507,0,1,24.444444,2
10741,3,14,3,1,24.02,0.0,52.87,12.6,2.52,17.29,190.628,0,1,24.444444,2
10742,3,15,3,1,23.88,0.0,53.45,3.3,1.68,7.71,155.861,0,1,24.444444,2
10743,3,16,3,1,23.99,0.0,53.46,8.2,2.28,13.52,122.912,0,1,24.444444,2
10744,3,17,3,1,24.04,0.0,53.35,9.3,4.44,15.72,66.911,0,1,24.444444,2
10745,3,18,3,1,24.05,0.0,53.57,8.7,4.2,17.05,77.5339,0,1,24.444444,2
10746,3,19,3,1,24.05,0.0,54.28,9.1,4.08,14.27,0.0,0,1,24.444444,2
10747,3,20,3,1,24.05,0.0,54.96,9.4,4.68,13.87,0.0,0,1,24.444444,2
10748,3,21,3,1,24.05,0.0,55.52,10.0,6.48,13.97,0.0,0,1,24.444444,2
10749,3,22,3,1,24.04,0.0,56.15,10.1,4.56,12.57,0.0,0,1,24.444444,2
10750,3,23,3,1,23.87,0.0,58.18,5.1,1.92,6.35,0.0,0,1,24.444444,2
10751,3,24,3,1,23.89,0.0,59.22,8.3,3.12,8.36,0.0,0,1,24.444444,2
10752,3,1,4,1,23.83,0.0,59.61,8.2,0.48,6.9,0.0,0,1,24.444444,2
10753,3,2,4,1,23.68,0.0,60.18,7.3,0.36,4.66,0.0,0,1,24.444444,2
10754,3,3,4,1,23.4,0.0,61.08,3.9,0.72,2.21,0.0,0,1,24.444444,2
10755,3,4,4,1,23.52,0.0,60.03,8.6,0.6,4.14,0.0,0,1,24.444444,2
10756,3,5,4,1,23.25,0.0,60.34,3.9,2.4,1.47,0.0,0,1,24.444444,2
10757,3,6,4,1,23.37,0.0,59.33,8.6,3.6,3.37,0.0,0,1,24.444444,2
10758,3,7,4,1,23.54,0.0,58.63,7.8,5.28,5.76,0.0,0,1,24.444444,2
10759,3,8,4,1,23.69,0.0,57.79,9.0,8.28,13.34,157.558,0,1,24.444444,2
10760,3,9,4,1,23.71,0.0,56.92,7.5,11.28,15.28,361.568,0,1,24.444444,2
10761,3,10,4,1,23.82,0.0,55.68,9.5,1.2,17.3,488.223,0,1,24.444444,2
10762,3,11,4,1,23.91,0.0,54.94,9.2,7.32,16.63,428.598,0,1,24.444444,2
10763,3,12,4,1,23.96,0.0,54.54,7.0,4.56,16.67,609.282,0,1,24.444444,2
10764,3,13,4,1,24.07,0.0,52.47,11.6,2.52,25.1,632.61,0,1,24.444444,2
10765,3,14,4,1,24.07,0.0,50.19,9.6,0.72,25.46,580.759,0,1,24.444444,2
10766,3,15,4,1,24.07,0.0,47.84,9.4,1.8,27.58,502.324,0,1,24.444444,2
10767,3,16,4,1,24.07,0.0,46.71,7.6,0.72,25.31,366.871,0,1,24.444444,2
10768,3,17,4,1,24.08,0.0,45.64,7.6,4.08,25.17,260.298,0,1,24.444444,2
10769,3,18,4,1,24.08,0.0,45.42,8.4,7.44,22.79,71.8422,0,1,24.444444,2
10770,3,19,4,1,24.08,0.0,45.86,9.4,11.76,20.32,0.0,0,1,24.444444,2
10771,3,20,4,1,24.07,0.0,46.19,10.5,4.44,20.08,0.0,0,1,24.444444,2
10772,3,21,4,1,24.07,0.0,46.51,11.4,9.48,19.82,0.0,0,1,24.444444,2
10773,3,22,4,1,24.07,0.0,47.45,10.4,3.36,16.37,0.0,0,1,24.444444,2
10774,3,23,4,1,24.06,0.0,49.4,8.2,0.96,11.87,0.0,0,1,24.444444,2
10775,3,24,4,1,24.03,0.0,51.8,7.9,1.56,10.51,0.0,0,1,24.444444,2
10776,3,1,5,1,24.03,0.0,53.52,9.8,0.72,11.98,0.0,0,1,24.444444,2
10777,3,2,5,1,24.03,0.0,54.47,11.3,0.72,13.22,0.0,0,1,24.444444,2
10778,3,3,5,1,24.01,0.0,55.8,9.4,0.24,10.55,0.0,0,1,24.444444,2
10779,3,4,5,1,23.99,0.0,57.17,9.4,0.36,10.21,0.0,0,1,24.444444,2
10780,3,5,5,1,23.99,0.0,58.4,9.6,1.56,10.49,0.0,0,1,24.444444,2
10781,3,6,5,1,23.99,0.0,59.14,10.9,5.16,11.36,0.0,0,1,24.444444,2
10782,3,7,5,1,23.98,0.0,60.11,10.6,17.76,11.03,0.0,0,1,24.444444,2
10783,3,8,5,1,23.93,0.0,61.36,8.7,9.96,8.35,20.3911,0,1,24.444444,2
10784,3,9,5,1,23.97,0.0,61.56,11.7,18.0,11.53,32.5297,0,1,24.444444,2
10785,3,10,5,1,23.93,0.0,62.08,8.9,1.8,8.83,59.3029,0,1,24.444444,2
10786,3,11,5,1,23.9,0.0,62.55,8.0,0.6,8.29,102.831,0,1,24.444444,2
10787,3,12,5,1,23.88,0.0,61.64,9.0,2.76,8.27,91.4342,0,1,24.444444,2
10788,3,13,5,1,23.86,0.0,59.04,9.7,0.6,7.76,91.0318,0,1,24.444444,2
10789,3,14,5,1,23.85,0.0,57.24,10.1,1.08,7.59,81.2014,0,1,24.444444,2
10790,3,15,5,1,23.86,0.0,55.76,9.6,0.6,7.66,142.807,0,1,24.444444,2
10791,3,16,5,1,23.78,0.0,54.66,8.0,3.72,5.65,63.5602,0,1,24.444444,2
10792,3,17,5,1,23.81,0.0,54.42,10.0,11.04,7.55,75.0573,0,1,24.444444,2
10793,3,18,5,1,23.79,0.0,55.3,8.5,5.04,6.83,37.5488,0,1,24.444444,2
10794,3,19,5,1,23.79,0.0,56.41,9.5,6.0,7.03,0.0,0,1,24.444444,2
10795,3,20,5,1,23.84,0.0,56.85,11.8,2.16,8.59,0.0,0,1,24.444444,2
10796,3,21,5,1,23.81,0.0,57.53,10.5,2.4,7.59,0.0,0,1,24.444444,2
10797,3,22,5,1,23.77,0.0,58.65,9.7,4.44,6.85,0.0,0,1,24.444444,2
10798,3,23,5,1,23.72,0.0,59.94,8.8,2.16,5.73,0.0,0,1,24.444444,2
10799,3,24,5,1,23.59,0.0,60.91,7.8,0.36,3.64,0.0,0,1,24.444444,2
10800,3,1,6,1,23.29,0.0,60.04,5.6,0.72,1.68,0.0,0,1,24.444444,2
10801,3,2,6,1,23.29,0.0,57.0,9.5,0.96,2.39,0.0,0,1,24.444444,2
10802,3,3,6,1,22.94,0.0,54.1,3.7,0.36,0.36,0.0,0,1,24.444444,2
10803,3,4,6,1,22.87,0.0,51.03,5.9,0.36,0.55,0.0,0,1,24.444444,2
10804,3,5,6,1,22.79,0.0,48.92,3.6,0.96,0.14,0.0,0,1,24.444444,2
10805,3,6,6,1,22.83,0.0,46.46,7.8,5.4,0.59,0.0,0,1,24.444444,2
10806,3,7,6,1,22.98,0.0,43.99,8.3,4.56,0.7,0.0,0,1,24.444444,2
10807,3,8,6,1,23.34,0.0,41.44,10.4,9.84,2.81,179.219,0,1,24.444444,2
10808,3,9,6,1,23.41,0.0,39.36,9.4,5.76,4.66,405.98,0,1,24.444444,2
10809,3,10,6,1,23.58,0.0,36.39,14.3,6.0,8.5,599.636,0,1,24.444444,2
10810,3,11,6,1,23.65,0.0,33.47,11.0,8.52,6.15,731.734,0,1,24.444444,2
10811,3,12,6,1,23.64,0.0,31.38,7.4,3.72,4.57,803.02,0,1,24.444444,2
10812,3,13,6,1,23.66,0.0,29.82,7.2,1.92,6.1,831.792,0,1,24.444444,2
10813,3,14,6,1,23.85,0.0,28.55,10.8,1.68,11.46,786.219,0,1,24.444444,2
10814,3,15,6,1,23.99,0.0,27.62,11.9,1.08,16.89,683.756,0,1,24.444444,2
10815,3,16,6,1,24.0,0.0,27.42,8.5,2.64,16.56,548.233,0,1,24.444444,2
10816,3,17,6,1,24.02,0.0,27.52,9.0,3.96,17.33,350.784,0,1,24.444444,2
10817,3,18,6,1,24.03,0.0,28.44,9.1,2.64,14.49,122.098,0,1,24.444444,2
10818,3,19,6,1,24.04,0.0,29.7,10.6,4.44,11.06,0.0,0,1,24.444444,2
10819,3,20,6,1,24.02,0.0,30.87,10.0,2.76,9.37,0.0,0,1,24.444444,2
10820,3,21,6,1,24.03,0.0,32.19,11.7,4.08,9.93,0.0,0,1,24.444444,2
10821,3,22,6,1,24.0,0.0,33.92,11.4,1.32,8.51,0.0,0,1,24.444444,2
10822,3,23,6,1,23.96,0.0,34.59,12.2,1.56,7.48,0.0,0,1,24.444444,2
10823,3,24,6,1,23.72,0.0,34.67,8.5,0.72,3.63,0.0,0,1,24.444444,2
10824,3,1,7,1,23.3,0.0,35.18,3.8,1.8,1.2,0.0,0,1,24.444444,2
10825,3,2,7,1,23.09,0.0,34.83,4.1,2.88,0.83,0.0,0,1,24.444444,2
10826,3,3,7,1,22.94,0.0,34.1,3.7,0.84,0.43,0.0,0,1,24.444444,2
10827,3,4,7,1,22.85,0.0,33.94,3.2,0.24,0.22,0.0,0,1,24.444444,2
10828,3,5,7,1,22.78,0.0,34.07,3.6,0.36,0.11,0.0,0,1,24.444444,2
10829,3,6,7,1,22.73,0.0,34.24,3.6,2.88,0.02,0.0,0,1,24.444444,2
10830,3,7,7,1,22.78,0.0,33.83,4.2,5.28,0.07,39.4235,0,1,24.444444,2
10831,3,8,7,1,23.04,0.0,32.74,4.3,9.36,0.35,172.885,0,1,24.444444,2
10832,3,9,7,1,23.27,0.0,31.26,4.4,6.72,1.89,385.705,0,1,24.444444,2
10833,3,10,7,1,23.38,0.0,29.91,5.8,10.08,3.8,564.715,0,1,24.444444,2
10834,3,11,7,1,23.48,0.0,29.65,5.3,11.4,3.53,685.819,0,1,24.444444,2
10835,3,12,7,1,23.55,0.0,29.97,5.1,5.64,3.84,701.037,0,1,24.444444,2
10836,3,13,7,1,23.74,0.0,30.24,9.2,11.28,8.35,758.836,0,1,24.444444,2
10837,3,14,7,1,23.92,0.0,30.49,11.2,12.24,13.29,721.311,0,1,24.444444,2
10838,3,15,7,1,23.96,0.0,31.05,5.7,7.56,12.74,659.399,0,1,24.444444,2
10839,3,16,7,1,23.94,0.0,31.72,4.1,6.6,14.1,528.067,0,1,24.444444,2
10840,3,17,7,1,24.02,0.0,32.58,9.3,13.92,18.63,346.867,0,1,24.444444,2
10841,3,18,7,1,24.05,0.0,34.28,9.6,13.68,16.03,120.506,0,1,24.444444,2
10842,3,19,7,1,24.04,0.0,35.47,10.0,5.16,11.57,0.0263303,0,1,24.444444,2
10843,3,20,7,1,23.87,0.0,36.7,5.1,5.28,5.91,0.0,0,1,24.444444,2
10844,3,21,7,1,23.72,0.0,37.96,5.7,1.56,5.16,0.0,0,1,24.444444,2
10845,3,22,7,1,23.54,0.0,39.6,4.6,3.12,3.41,0.0,0,1,24.444444,2
10846,3,23,7,1,23.47,0.0,41.26,5.8,1.44,3.09,0.0,0,1,24.444444,2
10847,3,24,7,1,23.29,0.0,43.08,3.5,0.84,1.52,0.0,0,1,24.444444,2
10848,3,1,1,1,23.17,0.0,44.47,3.5,1.68,1.15,0.0,0,1,24.444444,2
10849,3,2,1,1,23.3,0.0,44.93,8.7,0.72,2.61,0.0,0,1,24.444444,2
10850,3,3,1,1,23.08,0.0,46.52,3.8,0.24,0.76,0.0,0,1,24.444444,2
10851,3,4,1,1,23.19,0.0,47.53,8.6,0.84,2.14,0.0,0,1,24.444444,2
10852,3,5,1,1,23.0,0.0,49.04,3.8,0.48,0.62,0.0,0,1,24.444444,2
10853,3,6,1,1,23.07,0.0,49.43,8.7,1.44,1.55,0.0,0,1,24.444444,2
10854,3,7,1,1,23.11,0.0,49.72,4.3,3.36,0.95,39.34,0,1,24.444444,2
10855,3,8,1,1,23.36,0.0,49.11,4.3,16.2,3.08,169.236,0,1,24.444444,2
10856,3,9,1,1,23.47,0.0,48.23,4.0,9.96,6.26,378.831,0,1,24.444444,2
10857,3,10,1,1,23.59,0.0,47.6,5.4,14.4,9.21,554.586,0,1,24.444444,2
10858,3,11,1,1,23.8,0.0,47.31,9.9,14.16,14.38,680.106,0,1,24.444444,2
10859,3,12,1,1,23.82,0.0,48.07,3.9,12.72,10.11,742.796,0,1,24.444444,2
10860,3,13,1,1,23.95,0.0,48.46,9.5,9.24,17.76,761.127,0,1,24.444444,2
10861,3,14,1,1,24.06,0.0,48.27,10.4,3.0,22.9,740.577,0,1,24.444444,2
10862,3,15,1,1,24.05,0.0,48.42,4.5,4.68,20.53,669.613,0,1,24.444444,2
10863,3,16,1,1,24.05,0.0,48.49,5.4,3.96,23.77,528.648,0,1,24.444444,2
10864,3,17,1,1,24.07,0.0,48.26,9.1,8.88,28.41,333.578,0,1,24.444444,2
10865,3,18,1,1,24.07,0.0,48.21,12.0,8.88,29.12,115.363,0,1,24.444444,2
10866,3,19,1,1,24.07,0.0,48.98,10.3,6.48,21.16,0.0,0,1,24.444444,2
10867,3,20,1,1,24.07,0.0,49.67,12.2,4.44,21.92,0.0,0,1,24.444444,2
10868,3,21,1,1,24.07,0.0,51.14,7.6,3.12,14.17,0.0,0,1,24.444444,2
10869,3,22,1,1,24.0,0.0,54.09,4.8,1.92,9.55,0.0,0,1,24.444444,2
10870,3,23,1,1,24.06,0.0,54.62,11.7,1.44,16.49,0.0,0,1,24.444444,2
10871,3,24,1,1,23.88,0.0,56.4,4.1,1.08,6.34,0.0,0,1,24.444444,2
10872,3,1,2,1,23.93,0.0,56.99,8.9,0.12,9.55,0.0,0,1,24.444444,2
10873,3,2,2,1,23.87,0.0,57.71,8.0,0.6,7.57,0.0,0,1,24.444444,2
10874,3,3,2,1,23.61,0.0,59.62,3.7,0.48,3.43,0.0,0,1,24.444444,2
10875,3,4,2,1,23.46,0.0,61.07,3.6,0.96,2.98,0.0,0,1,24.444444,2
10876,3,5,2,1,23.33,0.0,61.94,3.3,2.16,2.25,0.0,0,1,24.444444,2
10877,3,6,2,1,23.47,0.0,61.06,7.6,3.12,4.2,0.0,0,1,24.444444,2
10878,3,7,2,1,23.58,0.0,60.32,5.0,13.56,5.66,39.018,0,1,24.444444,2
10879,3,8,2,1,23.74,0.0,58.93,9.5,16.08,16.28,162.387,0,1,24.444444,2
10880,3,9,2,1,23.84,0.0,57.09,9.4,10.2,18.74,361.482,0,1,24.444444,2
10881,3,10,2,1,23.94,0.0,56.13,9.9,4.2,19.0,355.319,0,1,24.444444,2
10882,3,11,2,1,24.04,0.0,54.61,11.6,3.0,23.56,445.291,0,1,24.444444,2
10883,3,12,2,1,24.01,0.0,54.03,3.5,2.28,15.42,731.784,0,1,24.444444,2
10884,3,13,2,1,24.07,0.0,52.84,8.7,3.6,24.32,677.564,0,1,24.444444,2
10885,3,14,2,1,24.07,0.0,50.53,10.4,2.76,30.9,662.969,0,1,24.444444,2
10886,3,15,2,1,24.07,0.0,47.82,8.9,1.44,32.45,584.782,0,1,24.444444,2
10887,3,16,2,1,24.07,0.0,46.69,8.1,1.92,33.38,507.611,0,1,24.444444,2
10888,3,17,2,1,24.07,0.0,46.27,8.3,3.48,33.17,326.162,0,1,24.444444,2
10889,3,18,2,1,24.08,0.0,46.54,8.5,6.72,29.79,115.075,0,1,24.444444,2
10890,3,19,2,1,24.07,0.0,46.97,9.8,5.52,25.58,0.63565,0,1,24.444444,2
10891,3,20,2,1,24.07,0.0,47.26,11.0,7.2,25.23,0.0,0,1,24.444444,2
10892,3,21,2,1,24.07,0.0,47.26,16.5,18.72,30.14,0.0,0,1,24.444444,2
10893,3,22,2,1,24.07,0.0,48.5,9.5,7.8,18.7,0.0,0,1,24.444444,2
10894,3,23,2,1,24.07,0.0,49.9,12.1,0.96,20.11,0.0,0,1,24.444444,2
10895,3,24,2,1,24.07,0.0,51.13,9.6,0.84,14.47,0.0,0,1,24.444444,2
10896,3,1,3,1,23.88,0.0,53.88,3.2,0.36,6.12,0.0,0,1,24.444444,2
10897,3,2,3,1,23.72,0.0,56.68,3.4,0.36,4.83,0.0,0,1,24.444444,2
10898,3,3,3,1,23.59,0.0,58.58,3.8,1.2,4.06,0.0,0,1,24.444444,2
10899,3,4,3,1,23.49,0.0,60.23,3.2,0.48,3.18,0.0,0,1,24.444444,2
10900,3,5,3,1,23.43,0.0,61.36,3.7,1.2,3.08,0.0,0,1,24.444444,2
10901,3,6,3,1,23.36,0.0,62.2,3.9,6.24,2.71,0.0,0,1,24.444444,2
10902,3,7,3,1,23.49,0.0,61.66,4.3,17.4,4.87,40.6504,0,1,24.444444,2
10903,3,8,3,1,23.66,0.0,60.94,6.8,6.48,10.63,155.28,0,1,24.444444,2
10904,3,9,3,1,23.71,0.0,60.1,5.6,5.4,15.37,367.348,0,1,24.444444,2
10905,3,10,3,1,23.76,0.0,59.35,3.7,2.88,15.23,478.732,0,1,24.444444,2
10906,3,11,3,1,23.93,0.0,57.69,8.0,3.12,21.51,667.219,0,1,24.444444,2
10907,3,12,3,1,24.01,0.0,55.83,5.9,4.8,19.91,727.635,0,1,24.444444,2
10908,3,13,3,1,24.07,0.0,53.07,9.0,7.56,26.4,747.849,0,1,24.444444,2
10909,3,14,3,1,24.07,0.0,51.01,9.9,0.72,31.85,742.821,0,1,24.444444,2
10910,3,15,3,1,24.07,0.0,49.5,4.5,3.72,26.64,488.448,0,1,24.444444,2
10911,3,16,3,1,24.07,0.0,48.31,8.1,3.0,33.13,487.406,0,1,24.444444,2
10912,3,17,3,1,24.07,0.0,47.15,8.8,3.12,33.9,330.675,0,1,24.444444,2
10913,3,18,3,1,24.07,0.0,47.09,9.8,13.8,31.52,115.324,0,1,24.444444,2
10914,3,19,3,1,24.07,0.0,47.35,9.7,4.44,24.97,0.644228,0,1,24.444444,2
10915,3,20,3,1,24.07,0.0,48.04,9.1,5.88,22.06,0.0,0,1,24.444444,2
10916,3,21,3,1,24.07,0.0,48.8,11.5,2.76,23.41,0.0,0,1,24.444444,2
10917,3,22,3,1,24.07,0.0,49.12,14.7,2.4,25.23,0.0,0,1,24.444444,2
10918,3,23,3,1,24.04,0.0,50.84,5.2,0.84,10.79,0.0,0,1,24.444444,2
10919,3,24,3,1,24.05,0.0,53.06,8.2,3.24,13.31,0.0,0,1,24.444444,2
10920,4,1,4,1,23.91,0.0,55.79,3.7,0.12,7.06,0.0,0,1,24.444444,2
10921,4,2,4,1,23.8,0.0,58.48,4.0,0.6,6.07,0.0,0,1,24.444444,2
10922,4,3,4,1,23.67,0.0,60.61,3.6,0.24,4.74,0.0,0,1,24.444444,2
10923,4,4,4,1,23.6,0.0,62.13,3.5,0.96,4.25,0.0,0,1,24.444444,2
10924,4,5,4,1,23.52,0.0,63.56,3.3,3.24,3.55,0.0,0,1,24.444444,2
10925,4,6,4,1,23.43,0.0,64.81,2.8,3.24,3.16,0.0,0,1,24.444444,2
10926,4,7,4,1,23.72,0.0,63.55,7.9,24.96,10.73,42.0392,0,1,24.444444,2
10927,4,8,4,1,23.82,0.0,61.85,8.5,10.8,18.56,168.434,0,1,24.444444,2
10928,4,9,4,1,23.89,0.0,59.51,7.9,2.64,20.99,360.663,0,1,24.444444,2
10929,4,10,4,1,23.99,0.0,56.5,9.4,6.72,23.69,535.718,0,1,24.444444,2
10930,4,11,4,1,24.06,0.0,53.3,13.5,1.2,28.78,661.08,0,1,24.444444,2
10931,4,12,4,1,24.07,0.0,50.17,10.1,1.68,25.26,696.736,0,1,24.444444,2
10932,4,13,4,1,24.07,0.0,48.97,9.1,1.2,27.08,577.964,0,1,24.444444,2
10933,4,14,4,1,24.07,0.0,48.44,10.1,3.24,30.89,475.38,0,1,24.444444,2
10934,4,15,4,1,24.07,0.0,48.32,9.1,0.84,30.23,384.198,0,1,24.444444,2
10935,4,16,4,1,24.07,0.0,48.71,7.4,1.68,26.4,231.509,0,1,24.444444,2
10936,4,17,4,1,24.07,0.0,49.22,7.9,3.72,26.91,173.153,0,1,24.444444,2
10937,4,18,4,1,24.07,0.0,49.49,8.6,5.76,25.34,32.6659,0,1,24.444444,2
10938,4,19,4,1,24.07,0.0,50.15,11.7,6.36,27.41,0.0,0,1,24.444444,2
10939,4,20,4,1,24.07,0.0,51.03,9.9,10.08,23.49,0.0,0,1,24.444444,2
10940,4,21,4,1,24.07,0.0,52.4,10.6,1.2,23.48,0.0,0,1,24.444444,2
10941,4,22,4,1,24.07,0.0,54.27,9.3,2.16,20.22,0.0,0,1,24.444444,2
10942,4,23,4,1,24.07,0.0,56.28,7.5,1.08,16.38,0.0,0,1,24.444444,2
10943,4,24,4,1,24.07,0.0,58.05,7.4,0.48,14.95,0.0,0,1,24.444444,2
10944,4,1,5,1,24.0,0.0,60.47,4.4,0.48,9.54,0.0,0,1,24.444444,2
10945,4,2,5,1,24.04,0.0,61.68,8.9,0.48,14.91,0.0,0,1,24.444444,2
10946,4,3,5,1,24.04,0.0,61.8,9.4,0.48,15.0,0.0,0,1,24.444444,2
10947,4,4,5,1,23.93,0.0,63.62,4.4,0.72,7.96,0.0,0,1,24.444444,2
10948,4,5,5,1,23.84,0.0,66.4,3.9,1.44,7.34,0.0,0,1,24.444444,2
10949,4,6,5,1,23.97,0.0,66.81,9.1,9.0,13.58,0.0,0,1,24.444444,2
10950,4,7,5,1,23.99,0.0,67.01,7.9,19.08,13.27,29.7771,0,1,24.444444,2
10951,4,8,5,1,24.01,0.0,65.61,9.7,4.44,21.33,144.702,0,1,24.444444,2
10952,4,9,5,1,24.04,0.0,62.54,9.1,6.12,27.87,368.522,0,1,24.444444,2
10953,4,10,5,1,24.06,0.0,58.81,8.7,5.76,29.84,548.023,0,1,24.444444,2
10954,4,11,5,1,24.07,0.0,56.14,8.6,0.72,29.97,671.041,0,1,24.444444,2
10955,4,12,5,1,24.07,0.0,54.65,8.1,0.84,30.22,746.661,0,1,24.444444,2
10956,4,13,5,1,24.07,0.0,52.8,9.0,1.68,32.62,768.639,0,1,24.444444,2
10957,4,14,5,1,24.07,0.0,51.4,9.8,3.36,36.7,740.745,0,1,24.444444,2
10958,4,15,5,1,24.07,0.0,50.65,9.0,2.76,39.1,654.696,0,1,24.444444,2
10959,4,16,5,1,24.07,0.0,50.32,7.8,1.32,38.37,518.239,0,1,24.444444,2
10960,4,17,5,1,24.07,0.0,50.43,9.6,3.96,39.6,328.65,0,1,24.444444,2
10961,4,18,5,1,24.07,0.0,51.0,8.9,5.16,34.59,115.934,0,1,24.444444,2
10962,4,19,5,1,24.07,0.0,52.23,9.7,4.68,29.22,1.41011,0,1,24.444444,2
10963,4,20,5,1,24.07,0.0,53.08,11.7,1.08,29.57,0.0,0,1,24.444444,2
10964,4,21,5,1,24.07,0.0,54.18,10.1,5.88,25.57,0.0,0,1,24.444444,2
10965,4,22,5,1,24.07,0.0,55.42,9.8,1.56,23.17,0.0,0,1,24.444444,2
10966,4,23,5,1,24.07,0.0,57.36,5.1,2.04,14.21,0.0,0,1,24.444444,2
10967,4,24,5,1,24.07,0.0,58.41,10.0,0.6,19.87,0.0,0,1,24.444444,2
10968,4,1,6,1,24.01,0.0,60.06,3.9,0.48,9.78,0.0,0,1,24.444444,2
10969,4,2,6,1,24.04,0.0,61.55,7.8,0.6,14.63,0.0,0,1,24.444444,2
10970,4,3,6,1,23.93,0.0,63.8,3.3,0.48,8.0,0.0,0,1,24.444444,2
10971,4,4,6,1,24.0,0.0,64.81,8.7,3.36,13.98,0.0,0,1,24.444444,2
10972,4,5,6,1,23.87,0.0,66.42,3.6,2.16,7.23,0.0,0,1,24.444444,2
10973,4,6,6,1,23.94,0.0,66.88,7.7,6.6,11.69,0.0,0,1,24.444444,2
10974,4,7,6,1,23.98,0.0,65.4,8.7,13.92,18.93,45.3463,0,1,24.444444,2
10975,4,8,6,1,24.0,0.0,63.73,8.8,8.76,24.2,172.558,0,1,24.444444,2
10976,4,9,6,1,24.03,0.0,61.69,8.7,6.0,27.42,367.59,0,1,24.444444,2
10977,4,10,6,1,24.04,0.0,60.81,5.2,3.24,25.21,534.156,0,1,24.444444,2
10978,4,11,6,1,24.07,0.0,59.19,8.2,3.12,31.07,666.727,0,1,24.444444,2
10979,4,12,6,1,24.07,0.0,55.45,8.7,1.08,33.11,744.774,0,1,24.444444,2
10980,4,13,6,1,24.07,0.0,52.18,9.5,2.4,35.64,767.382,0,1,24.444444,2
10981,4,14,6,1,24.07,0.0,50.54,11.4,2.88,40.88,737.336,0,1,24.444444,2
10982,4,15,6,1,24.07,0.0,49.23,9.7,1.44,39.32,550.836,0,1,24.444444,2
10983,4,16,6,1,24.07,0.0,48.38,11.8,2.28,41.76,420.717,0,1,24.444444,2
10984,4,17,6,1,24.07,0.0,48.66,8.0,4.68,37.4,317.664,0,1,24.444444,2
10985,4,18,6,1,24.07,0.0,49.41,8.9,2.64,35.71,113.274,0,1,24.444444,2
10986,4,19,6,1,24.07,0.0,50.58,7.8,6.96,28.14,1.34798,0,1,24.444444,2
10987,4,20,6,1,24.07,0.0,50.72,11.4,2.04,30.44,0.0,0,1,24.444444,2
10988,4,21,6,1,24.07,0.0,50.86,9.4,3.84,25.07,0.0,0,1,24.444444,2
10989,4,22,6,1,24.07,0.0,51.69,9.2,2.76,22.52,0.0,0,1,24.444444,2
10990,4,23,6,1,24.07,0.0,53.3,6.6,0.48,17.06,0.0,0,1,24.444444,2
10991,4,24,6,1,24.07,0.0,55.48,5.6,0.6,14.07,0.0,0,1,24.444444,2
10992,4,1,7,1,24.03,0.0,58.48,3.8,2.4,10.69,0.0,0,1,24.444444,2
10993,4,2,7,1,23.98,0.0,61.52,3.6,2.88,9.41,0.0,0,1,24.444444,2
10994,4,3,7,1,23.91,0.0,64.46,3.1,2.16,8.21,0.0,0,1,24.444444,2
10995,4,4,7,1,23.88,0.0,66.41,3.9,0.96,8.46,0.0,0,1,24.444444,2
10996,4,5,7,1,23.82,0.0,68.03,3.1,0.36,7.48,0.0,0,1,24.444444,2
10997,4,6,7,1,23.72,0.0,68.65,3.6,9.6,5.56,0.0,0,1,24.444444,2
10998,4,7,7,1,23.49,0.0,67.13,3.5,11.28,3.23,9.45706,0,1,24.444444,2
10999,4,8,7,1,23.35,0.0,63.23,5.6,4.8,2.59,21.7257,0,1,24.444444,2
11000,4,9,7,1,23.27,0.0,58.72,5.2,14.16,2.06,119.464,0,1,24.444444,2
11001,4,10,7,1,23.3,0.0,55.7,4.5,5.64,2.33,218.557,0,1,24.444444,2
11002,4,11,7,1,23.38,0.0,52.74,3.7,3.48,2.78,334.551,0,1,24.444444,2
11003,4,12,7,1,23.49,0.0,50.57,4.4,13.68,4.02,536.48,0,1,24.444444,2
11004,4,13,7,1,23.6,0.0,48.26,5.5,6.36,7.06,756.669,0,1,24.444444,2
11005,4,14,7,1,23.89,0.0,45.76,10.4,6.0,12.88,431.064,0,1,24.444444,2
11006,4,15,7,1,23.88,0.0,44.05,4.6,3.72,11.4,574.344,0,1,24.444444,2
11007,4,16,7,1,23.86,0.0,42.75,3.6,15.24,14.07,512.288,0,1,24.444444,2
11008,4,17,7,1,23.9,0.0,42.08,3.8,8.28,14.98,326.228,0,1,24.444444,2
11009,4,18,7,1,23.93,0.0,41.71,4.0,7.8,12.74,116.554,0,1,24.444444,2
11010,4,19,7,1,23.92,0.0,41.5,4.2,10.56,8.82,1.47798,0,1,24.444444,2
11011,4,20,7,1,23.95,0.0,40.87,5.8,2.16,9.48,0.0,0,1,24.444444,2
11012,4,21,7,1,23.93,0.0,40.38,5.1,2.16,8.08,0.0,0,1,24.444444,2
11013,4,22,7,1,23.88,0.0,39.9,4.9,1.32,6.98,0.0,0,1,24.444444,2
11014,4,23,7,1,23.84,0.0,39.17,5.0,0.72,6.27,0.0,0,1,24.444444,2
11015,4,24,7,1,23.74,0.0,38.78,3.7,1.2,4.64,0.0,0,1,24.444444,2
11016,4,1,1,1,23.7,0.0,38.51,5.0,3.36,4.54,0.0,0,1,24.444444,2
11017,4,2,1,1,23.54,0.0,38.61,3.5,0.6,2.64,0.0,0,1,24.444444,2
11018,4,3,1,1,23.36,0.0,38.18,3.0,0.6,1.91,0.0,0,1,24.444444,2
11019,4,4,1,1,23.3,0.0,38.6,3.3,0.48,1.92,0.0,0,1,24.444444,2
11020,4,5,1,1,23.27,0.0,40.02,3.2,0.48,1.73,0.0,0,1,24.444444,2
11021,4,6,1,1,23.43,0.0,41.15,7.8,3.84,3.32,0.0,0,1,24.444444,2
11022,4,7,1,1,23.41,0.0,42.06,3.3,5.28,2.06,43.3777,0,1,24.444444,2
11023,4,8,1,1,23.51,0.0,42.18,3.7,9.48,4.19,164.547,0,1,24.444444,2
11024,4,9,1,1,23.63,0.0,42.12,4.8,16.32,8.31,352.09,0,1,24.444444,2
11025,4,10,1,1,23.7,0.0,42.4,4.5,9.72,10.3,493.625,0,1,24.444444,2
11026,4,11,1,1,23.89,0.0,42.52,9.1,5.76,15.75,585.857,0,1,24.444444,2
11027,4,12,1,1,23.92,0.0,43.57,4.3,8.64,12.77,619.158,0,1,24.444444,2
11028,4,13,1,1,23.99,0.0,44.93,5.0,6.0,15.75,600.018,0,1,24.444444,2
11029,4,14,1,1,24.07,0.0,45.49,8.8,5.4,21.8,493.865,0,1,24.444444,2
11030,4,15,1,1,24.04,0.0,46.09,3.7,6.72,12.71,220.333,0,1,24.444444,2
11031,4,16,1,1,24.01,0.0,47.25,3.8,4.56,10.94,83.8235,0,1,24.444444,2
11032,4,17,1,1,24.0,0.0,49.41,4.2,3.36,10.83,36.9845,0,1,24.444444,2
11033,4,18,1,1,24.05,0.0,52.69,9.8,6.36,16.26,43.0405,0,1,24.444444,2
11034,4,19,1,1,23.98,0.0,55.06,5.8,1.44,9.39,0.0,0,1,24.444444,2
11035,4,20,1,1,24.03,0.0,56.57,11.9,6.72,15.56,0.0,0,1,24.444444,2
11036,4,21,1,1,23.85,0.0,58.52,4.7,7.32,6.66,0.0,0,1,24.444444,2
11037,4,22,1,1,23.76,0.0,60.52,5.3,3.6,6.3,0.0,0,1,24.444444,2
11038,4,23,1,1,23.69,0.0,62.11,4.7,1.56,5.66,0.0,0,1,24.444444,2
11039,4,24,1,1,23.68,0.0,63.42,5.0,0.6,5.76,0.0,0,1,24.444444,2
11040,4,1,2,1,23.6,0.0,65.14,3.3,0.84,4.46,0.0,0,1,24.444444,2
11041,4,2,2,1,23.58,0.0,66.97,3.6,0.24,4.69,0.0,0,1,24.444444,2
11042,4,3,2,1,23.55,0.0,68.8,3.6,3.48,4.56,0.0,0,1,24.444444,2
11043,4,4,2,1,23.52,0.0,70.73,3.1,0.36,4.29,0.0,0,1,24.444444,2
11044,4,5,2,1,23.53,0.0,72.24,3.6,1.44,4.84,0.0,0,1,24.444444,2
11045,4,6,2,1,23.53,0.0,73.47,3.3,10.8,5.09,0.0,0,1,24.444444,2
11046,4,7,2,1,23.67,0.0,72.57,5.5,4.44,10.58,27.0503,0,1,24.444444,2
11047,4,8,2,1,23.74,0.0,70.86,3.9,8.04,13.88,155.992,0,1,24.444444,2
11048,4,9,2,1,23.8,0.0,68.44,4.5,7.08,19.72,343.842,0,1,24.444444,2
11049,4,10,2,1,23.95,0.0,65.24,6.8,3.72,25.38,530.701,0,1,24.444444,2
11050,4,11,2,1,24.02,0.0,63.49,5.2,4.56,24.11,570.958,0,1,24.444444,2
11051,4,12,2,1,24.05,0.0,62.32,4.7,1.32,25.57,531.76,0,1,24.444444,2
11052,4,13,2,1,24.07,0.0,59.92,9.2,2.28,34.45,464.83,0,1,24.444444,2
11053,4,14,2,1,24.07,0.0,57.04,12.4,1.44,40.53,407.615,0,1,24.444444,2
11054,4,15,2,1,24.07,0.0,54.71,10.2,1.92,37.95,415.231,0,1,24.444444,2
11055,4,16,2,1,24.07,0.0,53.95,3.9,1.08,29.99,415.257,0,1,24.444444,2
11056,4,17,2,1,24.07,0.0,54.33,3.5,5.88,26.97,211.453,0,1,24.444444,2
11057,4,18,2,1,24.07,0.0,54.84,8.4,2.52,29.55,45.5879,0,1,24.444444,2
11058,4,19,2,1,24.07,0.0,55.73,8.8,1.2,27.42,0.0,0,1,24.444444,2
11059,4,20,2,1,24.07,0.0,56.19,10.6,8.4,28.65,0.0,0,1,24.444444,2
11060,4,21,2,1,24.07,0.0,56.5,10.3,3.36,26.39,0.0,0,1,24.444444,2
11061,4,22,2,1,24.07,0.0,55.87,14.5,6.12,30.57,0.0,0,1,24.444444,2
11062,4,23,2,1,24.07,0.0,55.51,11.4,0.72,23.98,0.0,0,1,24.444444,2
11063,4,24,2,1,24.04,0.0,58.04,3.3,0.24,11.1,0.0,0,1,24.444444,2
11064,4,1,3,1,24.01,0.0,61.44,3.5,0.48,10.75,0.0,0,1,24.444444,2
11065,4,2,3,1,23.99,0.0,64.1,3.7,0.36,10.5,0.0,0,1,24.444444,2
11066,4,3,3,1,23.96,0.0,66.19,3.6,0.6,9.93,0.0,0,1,24.444444,2
11067,4,4,3,1,23.93,0.0,68.11,3.6,0.72,9.48,0.0,0,1,24.444444,2
11068,4,5,3,1,23.92,0.0,69.55,4.4,0.96,10.05,0.0,0,1,24.444444,2
11069,4,6,3,1,23.87,0.0,70.63,3.5,5.76,8.96,0.0,0,1,24.444444,2
11070,4,7,3,1,23.96,0.0,69.23,7.2,27.0,20.05,37.2473,0,1,24.444444,2
11071,4,8,3,1,23.98,0.0,67.2,6.5,7.8,23.68,176.835,0,1,24.444444,2
11072,4,9,3,1,24.01,0.0,64.95,5.8,11.04,24.94,365.002,0,1,24.444444,2
11073,4,10,3,1,24.03,0.0,63.49,3.6,5.04,22.92,449.639,0,1,24.444444,2
11074,4,11,3,1,24.05,0.0,62.02,4.4,4.8,25.46,478.919,0,1,24.444444,2
11075,4,12,3,1,24.07,0.0,60.39,4.2,0.96,25.1,410.226,0,1,24.444444,2
11076,4,13,3,1,24.07,0.0,58.21,9.0,1.8,35.85,618.133,0,1,24.444444,2
11077,4,14,3,1,24.07,0.0,54.49,10.2,1.92,40.11,570.131,0,1,24.444444,2
11078,4,15,3,1,24.07,0.0,52.61,10.0,6.48,40.85,512.327,0,1,24.444444,2
11079,4,16,3,1,24.07,0.0,51.76,8.3,1.56,38.88,415.217,0,1,24.444444,2
11080,4,17,3,1,24.07,0.0,51.67,9.1,1.92,40.12,312.981,0,1,24.444444,2
11081,4,18,3,1,24.07,0.0,51.99,8.0,3.72,34.96,113.224,0,1,24.444444,2
11082,4,19,3,1,24.07,0.0,53.55,5.6,3.36,25.47,1.35899,0,1,24.444444,2
11083,4,20,3,1,24.07,0.0,54.78,9.3,4.2,28.84,0.0,0,1,24.444444,2
11084,4,21,3,1,24.07,0.0,54.69,13.5,7.8,32.72,0.0,0,1,24.444444,2
11085,4,22,3,1,24.07,0.0,55.87,6.5,1.44,20.12,0.0,0,1,24.444444,2
11086,4,23,3,1,24.07,0.0,58.39,5.4,0.72,17.06,0.0,0,1,24.444444,2
11087,4,24,3,1,24.06,0.0,61.0,4.0,0.96,13.64,0.0,0,1,24.444444,2
11088,4,1,4,1,24.04,0.0,63.47,4.0,0.6,12.91,0.0,0,1,24.444444,2
11089,4,2,4,1,24.06,0.0,64.54,7.3,0.48,16.77,0.0,0,1,24.444444,2
11090,4,3,4,1,23.98,0.0,66.11,3.4,0.12,9.5,0.0,0,1,24.444444,2
11091,4,4,4,1,23.92,0.0,67.95,3.6,0.24,8.71,0.0,0,1,24.444444,2
11092,4,5,4,1,23.87,0.0,69.37,3.7,2.4,8.28,0.0,0,1,24.444444,2
11093,4,6,4,1,23.87,0.0,69.91,4.7,5.64,9.58,0.0,0,1,24.444444,2
11094,4,7,4,1,23.98,0.0,68.28,7.8,20.52,20.33,37.5723,0,1,24.444444,2
11095,4,8,4,1,24.01,0.0,66.1,8.3,12.0,25.91,178.581,0,1,24.444444,2
11096,4,9,4,1,24.04,0.0,63.92,8.6,4.68,28.39,329.117,0,1,24.444444,2
11097,4,10,4,1,24.06,0.0,61.54,7.8,5.88,29.58,455.991,0,1,24.444444,2
11098,4,11,4,1,24.07,0.0,58.6,12.4,0.96,37.2,417.014,0,1,24.444444,2
11099,4,12,4,1,24.07,0.0,55.95,9.9,2.64,33.98,437.085,0,1,24.444444,2
11100,4,13,4,1,24.07,0.0,54.45,9.0,1.8,35.03,748.438,0,1,24.444444,2
11101,4,14,4,1,24.07,0.0,52.31,10.8,2.16,40.02,702.703,0,1,24.444444,2
11102,4,15,4,1,24.07,0.0,50.0,9.2,3.48,39.94,613.486,0,1,24.444444,2
11103,4,16,4,1,24.07,0.0,49.23,7.5,2.64,37.26,419.535,0,1,24.444444,2
11104,4,17,4,1,24.07,0.0,49.76,7.7,5.28,36.5,267.996,0,1,24.444444,2
11105,4,18,4,1,24.07,0.0,51.0,10.1,5.28,37.02,97.9044,0,1,24.444444,2
11106,4,19,4,1,24.07,0.0,51.93,11.7,4.8,33.93,2.14587,0,1,24.444444,2
11107,4,20,4,1,24.07,0.0,53.18,8.7,3.96,27.59,0.0,0,1,24.444444,2
11108,4,21,4,1,24.07,0.0,54.54,10.4,1.32,28.92,0.0,0,1,24.444444,2
11109,4,22,4,1,24.07,0.0,54.92,14.4,2.4,33.57,0.0,0,1,24.444444,2
11110,4,23,4,1,24.07,0.0,56.05,8.0,0.72,22.62,0.0,0,1,24.444444,2
11111,4,24,4,1,24.07,0.0,57.91,7.6,1.56,21.02,0.0,0,1,24.444444,2
11112,4,1,5,1,24.07,0.0,60.38,5.3,0.24,16.67,0.0,0,1,24.444444,2
11113,4,2,5,1,24.07,0.0,61.96,8.5,1.08,20.8,0.0,0,1,24.444444,2
11114,4,3,5,1,24.07,0.0,61.98,9.9,0.12,21.54,0.0,0,1,24.444444,2
11115,4,4,5,1,24.02,0.0,63.81,3.5,0.96,10.77,0.0,0,1,24.444444,2
11116,4,5,5,1,23.99,0.0,66.8,3.4,0.84,10.45,0.0,0,1,24.444444,2
11117,4,6,5,1,24.05,0.0,67.08,9.5,3.84,20.03,0.0,0,1,24.444444,2
11118,4,7,5,1,24.06,0.0,65.84,8.2,24.96,23.06,38.9844,0,1,24.444444,2
11119,4,8,5,1,24.06,0.0,64.22,8.9,10.08,29.53,178.053,0,1,24.444444,2
11120,4,9,5,1,24.07,0.0,61.95,9.2,9.6,31.25,311.65,0,1,24.444444,2
11121,4,10,5,1,24.07,0.0,60.16,9.1,5.28,32.83,405.439,0,1,24.444444,2
11122,4,11,5,1,24.07,0.0,58.38,9.2,3.48,33.91,426.78,0,1,24.444444,2
11123,4,12,5,1,24.07,0.0,56.57,8.8,0.84,34.02,458.532,0,1,24.444444,2
11124,4,13,5,1,24.07,0.0,55.48,9.8,1.2,36.05,465.775,0,1,24.444444,2
11125,4,14,5,1,24.07,0.0,55.04,9.9,7.8,37.12,417.108,0,1,24.444444,2
11126,4,15,5,1,24.07,0.0,54.95,9.2,3.12,35.73,297.677,0,1,24.444444,2
11127,4,16,5,1,24.07,0.0,55.56,8.2,2.64,34.42,293.823,0,1,24.444444,2
11128,4,17,5,1,24.07,0.0,56.65,9.3,1.56,33.0,94.0527,0,1,24.444444,2
11129,4,18,5,1,24.07,0.0,57.97,8.7,1.68,30.19,6.09263,0,1,24.444444,2
11130,4,19,5,1,24.07,0.0,58.62,8.6,7.8,28.13,0.0,0,1,24.444444,2
11131,4,20,5,1,24.07,0.0,59.04,10.4,10.56,29.13,0.0,0,1,24.444444,2
11132,4,21,5,1,24.07,0.0,59.71,9.2,5.64,26.12,0.0,0,1,24.444444,2
11133,4,22,5,1,24.07,0.0,60.55,9.8,1.44,25.44,0.0,0,1,24.444444,2
11134,4,23,5,1,24.07,0.0,62.73,5.0,1.2,16.6,0.0,0,1,24.444444,2
11135,4,24,5,1,24.07,0.0,63.87,9.7,0.96,23.93,0.0,0,1,24.444444,2
11136,4,1,6,1,24.05,0.0,65.27,4.3,0.48,13.42,0.0,0,1,24.444444,2
11137,4,2,6,1,24.06,0.0,66.23,7.3,2.16,17.14,0.0,0,1,24.444444,2
11138,4,3,6,1,24.0,0.0,68.02,3.7,0.0,10.64,0.0,0,1,24.444444,2
11139,4,4,6,1,24.03,0.0,68.21,7.8,0.36,15.66,0.0,0,1,24.444444,2
11140,4,5,6,1,23.94,0.0,69.5,3.5,4.92,8.86,0.0,0,1,24.444444,2
11141,4,6,6,1,24.0,0.0,69.99,7.8,4.68,14.94,0.0,0,1,24.444444,2
11142,4,7,6,1,24.02,0.0,68.68,7.8,8.04,18.79,41.145,0,1,24.444444,2
11143,4,8,6,1,24.03,0.0,67.04,7.8,7.08,21.85,160.555,0,1,24.444444,2
11144,4,9,6,1,24.04,0.0,65.47,8.5,2.28,26.39,308.945,0,1,24.444444,2
11145,4,10,6,1,24.05,0.0,63.96,5.6,7.08,24.97,411.601,0,1,24.444444,2
11146,4,11,6,1,24.07,0.0,60.94,8.7,3.24,31.97,567.908,0,1,24.444444,2
11147,4,12,6,1,24.07,0.0,57.69,8.8,1.08,33.04,677.202,0,1,24.444444,2
11148,4,13,6,1,24.07,0.0,55.61,9.8,1.8,37.27,614.531,0,1,24.444444,2
11149,4,14,6,1,24.07,0.0,54.04,9.9,1.92,38.06,460.456,0,1,24.444444,2
11150,4,15,6,1,24.07,0.0,53.33,10.4,0.72,33.37,225.931,0,1,24.444444,2
11151,4,16,6,1,24.07,0.0,52.93,8.9,2.04,30.94,308.137,0,1,24.444444,2
11152,4,17,6,1,24.07,0.0,52.25,10.9,5.76,31.62,143.921,0,1,24.444444,2
11153,4,18,6,1,24.07,0.0,52.53,8.7,2.04,25.83,8.66148,0,1,24.444444,2
11154,4,19,6,1,24.07,0.0,53.49,9.6,2.28,25.25,0.0,0,1,24.444444,2
11155,4,20,6,1,24.07,0.0,54.38,10.0,2.04,24.35,0.0,0,1,24.444444,2
11156,4,21,6,1,24.07,0.0,54.8,12.2,2.28,26.95,0.0,0,1,24.444444,2
11157,4,22,6,1,24.07,0.0,55.07,11.2,1.92,24.26,0.0,0,1,24.444444,2
11158,4,23,6,1,24.07,0.0,56.51,6.5,3.96,16.19,0.0,0,1,24.444444,2
11159,4,24,6,1,24.06,0.0,58.47,5.7,0.96,14.31,0.0,0,1,24.444444,2
11160,4,1,7,1,24.02,0.0,60.64,3.6,6.12,10.53,0.0,0,1,24.444444,2
11161,4,2,7,1,23.97,0.0,62.99,3.3,0.84,9.55,0.0,0,1,24.444444,2
11162,4,3,7,1,23.91,0.0,65.11,3.4,0.6,8.46,0.0,0,1,24.444444,2
11163,4,4,7,1,23.83,0.0,66.92,3.2,0.0,7.72,0.0,0,1,24.444444,2
11164,4,5,7,1,23.82,0.0,67.79,3.4,0.36,8.0,0.0,0,1,24.444444,2
11165,4,6,7,1,23.8,0.0,68.14,3.7,7.8,7.9,0.0,0,1,24.444444,2
11166,4,7,7,1,23.8,0.0,68.51,4.0,7.32,8.23,16.2223,0,1,24.444444,2
11167,4,8,7,1,23.84,0.0,67.81,5.0,12.36,9.73,111.29,0,1,24.444444,2
11168,4,9,7,1,23.87,0.0,66.55,4.4,20.28,10.76,199.9,0,1,24.444444,2
11169,4,10,7,1,23.9,0.0,65.0,4.1,11.16,13.08,292.778,0,1,24.444444,2
11170,4,11,7,1,23.95,0.0,63.47,4.0,3.36,16.12,504.552,0,1,24.444444,2
11171,4,12,7,1,24.0,0.0,62.07,4.1,8.52,17.96,550.5,0,1,24.444444,2
11172,4,13,7,1,24.02,0.0,61.1,3.9,8.52,19.53,491.367,0,1,24.444444,2
11173,4,14,7,1,24.07,0.0,58.43,12.2,3.6,34.1,495.228,0,1,24.444444,2
11174,4,15,7,1,24.06,0.0,57.88,3.8,13.68,17.12,186.148,0,1,24.444444,2
11175,4,16,7,1,24.05,0.0,58.63,3.9,12.6,14.09,56.7194,0,1,24.444444,2
11176,4,17,7,1,24.05,0.0,59.33,4.7,6.84,14.02,39.6376,0,1,24.444444,2
11177,4,18,7,1,24.05,0.0,60.34,5.6,8.04,14.95,0.0,0,1,24.444444,2
11178,4,19,7,1,24.04,0.0,61.9,5.6,11.04,13.86,0.0,0,1,24.444444,2
11179,4,20,7,1,24.01,0.0,63.18,4.4,3.72,11.17,0.0,0,1,24.444444,2
11180,4,21,7,1,24.02,0.0,63.87,6.5,4.08,13.67,0.0,0,1,24.444444,2
11181,4,22,7,1,24.0,0.0,65.19,5.4,3.0,11.69,0.0,0,1,24.444444,2
11182,4,23,7,1,23.98,0.0,66.94,4.8,1.2,10.66,0.0,0,1,24.444444,2
11183,4,24,7,1,23.91,0.0,69.14,3.5,3.48,8.84,0.0,0,1,24.444444,2
11184,4,1,1,1,23.91,0.0,70.71,4.5,1.32,9.78,0.0,0,1,24.444444,2
11185,4,2,1,1,23.84,0.0,71.84,3.5,2.52,8.28,0.0,0,1,24.444444,2
11186,4,3,1,1,23.82,0.0,72.06,4.0,0.24,8.44,0.0,0,1,24.444444,2
11187,4,4,1,1,23.77,0.0,72.81,3.2,2.64,7.36,0.0,0,1,24.444444,2
11188,4,5,1,1,23.75,0.0,73.34,3.4,0.48,7.43,0.0,0,1,24.444444,2
11189,4,6,1,1,23.89,0.0,71.24,8.3,1.08,12.34,0.0,0,1,24.444444,2
11190,4,7,1,1,23.74,0.0,71.16,3.1,6.0,5.84,6.36831,0,1,24.444444,2
11191,4,8,1,1,23.67,0.0,72.1,3.9,9.0,5.44,27.5536,0,1,24.444444,2
11192,4,9,1,1,23.66,0.0,72.34,4.4,5.88,5.86,38.0414,0,1,24.444444,2
11193,4,10,1,1,23.66,0.0,72.25,4.1,9.48,6.46,93.5056,0,1,24.444444,2
11194,4,11,1,1,23.88,0.0,69.53,10.6,6.24,14.78,159.529,0,1,24.444444,2
11195,4,12,1,1,23.88,0.0,67.56,5.6,5.52,9.37,154.265,0,1,24.444444,2
11196,4,13,1,1,23.89,0.0,67.02,5.0,1.44,11.38,312.24,0,1,24.444444,2
11197,4,14,1,1,23.99,0.0,65.47,8.5,5.64,16.51,193.051,0,1,24.444444,2
11198,4,15,1,1,23.93,0.0,65.51,3.4,2.04,10.13,173.777,0,1,24.444444,2
11199,4,16,1,1,23.94,0.0,66.67,4.0,1.32,11.04,131.933,0,1,24.444444,2
11200,4,17,1,1,23.96,0.0,67.07,4.2,7.44,12.66,134.324,0,1,24.444444,2
11201,4,18,1,1,24.04,0.0,65.54,10.8,9.72,22.74,39.2711,0,1,24.444444,2
11202,4,19,1,1,24.02,0.0,65.8,6.1,2.76,13.36,0.0,0,1,24.444444,2
11203,4,20,1,1,24.02,0.0,66.89,7.4,6.12,14.92,0.0,0,1,24.444444,2
11204,4,21,1,1,23.99,0.0,67.86,5.4,1.68,11.49,0.0,0,1,24.444444,2
11205,4,22,1,1,24.03,0.0,67.42,10.2,4.44,18.04,0.0,0,1,24.444444,2
11206,4,23,1,1,23.94,0.0,68.3,4.0,1.32,8.63,0.0,0,1,24.444444,2
11207,4,24,1,1,23.89,0.0,70.06,4.6,1.2,8.91,0.0,0,1,24.444444,2
11208,4,1,2,1,23.83,0.0,71.53,3.9,0.6,7.87,0.0,0,1,24.444444,2
11209,4,2,2,1,23.78,0.0,72.42,3.6,0.6,7.31,0.0,0,1,24.444444,2
11210,4,3,2,1,23.76,0.0,73.28,3.9,0.24,7.47,0.0,0,1,24.444444,2
11211,4,4,2,1,23.72,0.0,74.32,3.6,0.24,7.0,0.0,0,1,24.444444,2
11212,4,5,2,1,23.7,0.0,75.53,3.3,1.44,6.92,0.0,0,1,24.444444,2
11213,4,6,2,1,23.68,0.0,76.48,3.3,7.92,7.02,0.0,0,1,24.444444,2
11214,4,7,2,1,23.69,0.0,76.93,3.5,8.28,7.56,17.0099,0,1,24.444444,2
11215,4,8,2,1,23.7,0.0,76.57,4.6,9.24,7.92,30.4428,0,1,24.444444,2
11216,4,9,2,1,23.68,0.0,76.64,3.7,6.0,7.32,55.9846,0,1,24.444444,2
11217,4,10,2,1,23.79,0.0,75.38,6.5,2.64,11.44,141.048,0,1,24.444444,2
11218,4,11,2,1,23.76,0.0,74.11,4.0,2.4,8.71,134.247,0,1,24.444444,2
11219,4,12,2,1,23.81,0.0,72.56,3.9,0.84,10.34,237.714,0,1,24.444444,2
11220,4,13,2,1,23.99,0.0,69.32,9.6,3.36,22.89,559.268,0,1,24.444444,2
11221,4,14,2,1,24.06,0.0,64.94,11.1,2.16,31.95,642.489,0,1,24.444444,2
11222,4,15,2,1,24.07,0.0,61.87,10.4,1.92,35.08,622.635,0,1,24.444444,2
11223,4,16,2,1,24.07,0.0,59.72,7.8,2.64,31.71,422.995,0,1,24.444444,2
11224,4,17,2,1,24.07,0.0,58.84,4.1,6.6,25.62,251.257,0,1,24.444444,2
11225,4,18,2,1,24.07,0.0,58.43,8.3,5.4,31.41,110.119,0,1,24.444444,2
11226,4,19,2,1,24.07,0.0,57.93,9.8,3.6,28.65,2.89119,0,1,24.444444,2
11227,4,20,2,1,24.07,0.0,57.84,10.4,4.44,27.64,0.0,0,1,24.444444,2
11228,4,21,2,1,24.07,0.0,57.84,9.7,2.76,25.0,0.0,0,1,24.444444,2
11229,4,22,2,1,24.07,0.0,57.11,13.8,2.52,29.3,0.0,0,1,24.444444,2
11230,4,23,2,1,24.07,0.0,58.35,5.3,2.28,14.15,0.0,0,1,24.444444,2
11231,4,24,2,1,24.04,0.0,61.39,4.8,0.96,12.53,0.0,0,1,24.444444,2
11232,4,1,3,1,24.01,0.0,64.26,3.8,0.48,10.93,0.0,0,1,24.444444,2
11233,4,2,3,1,23.98,0.0,67.42,3.1,0.84,10.33,0.0,0,1,24.444444,2
11234,4,3,3,1,23.97,0.0,70.43,3.8,0.36,11.29,0.0,0,1,24.444444,2
11235,4,4,3,1,23.95,0.0,73.1,3.5,0.84,10.65,0.0,0,1,24.444444,2
11236,4,5,3,1,23.94,0.0,75.12,3.6,2.64,11.01,0.0,0,1,24.444444,2
11237,4,6,3,1,23.94,0.0,76.65,3.9,3.12,11.82,0.0,0,1,24.444444,2
11238,4,7,3,1,23.98,0.0,76.34,6.3,18.0,15.29,3.76971,0,1,24.444444,2
11239,4,8,3,1,23.87,0.0,76.37,4.2,4.68,7.69,7.99523,0,1,24.444444,2
11240,4,9,3,1,23.77,0.0,75.21,5.9,9.6,7.4,11.3103,0,1,24.444444,2
11241,4,10,3,1,23.73,0.0,73.53,5.5,12.96,6.43,28.6015,0,1,24.444444,2
11242,4,11,3,1,23.65,0.0,72.01,4.0,1.08,5.17,70.8371,0,1,24.444444,2
11243,4,12,3,1,23.69,0.0,70.85,5.2,1.2,6.66,80.6059,0,1,24.444444,2
11244,4,13,3,1,23.79,0.0,68.62,8.8,0.84,9.78,62.1119,0,1,24.444444,2
11245,4,14,3,1,23.88,0.0,66.11,10.4,0.72,11.19,74.4237,0,1,24.444444,2
11246,4,15,3,1,23.89,0.0,64.57,9.6,1.92,10.02,85.6567,0,1,24.444444,2
11247,4,16,3,1,23.86,0.0,64.21,8.3,5.64,8.85,73.1237,0,1,24.444444,2
11248,4,17,3,1,23.9,0.0,64.15,9.7,1.56,10.52,37.4191,0,1,24.444444,2
11249,4,18,3,1,23.88,0.0,64.57,7.6,3.96,9.33,44.2297,0,1,24.444444,2
11250,4,19,3,1,23.82,0.0,65.55,6.1,1.68,7.46,0.718961,0,1,24.444444,2
11251,4,20,3,1,23.82,0.0,65.98,7.8,7.56,8.7,0.0,0,1,24.444444,2
11252,4,21,3,1,23.96,0.0,64.51,13.4,11.64,15.15,0.0,0,1,24.444444,2
11253,4,22,3,1,23.91,0.0,63.82,9.5,7.08,9.42,0.0,0,1,24.444444,2
11254,4,23,3,1,23.84,0.0,64.17,8.4,1.44,7.94,0.0,0,1,24.444444,2
11255,4,24,3,1,23.68,0.0,65.83,4.6,0.84,4.46,0.0,0,1,24.444444,2
11256,4,1,4,1,23.62,0.0,67.18,4.3,0.72,4.36,0.0,0,1,24.444444,2
11257,4,2,4,1,23.51,0.0,68.37,3.0,0.36,3.45,0.0,0,1,24.444444,2
11258,4,3,4,1,23.49,0.0,69.31,3.6,0.6,3.78,0.0,0,1,24.444444,2
11259,4,4,4,1,23.51,0.0,69.72,4.6,0.6,4.39,0.0,0,1,24.444444,2
11260,4,5,4,1,23.48,0.0,70.46,3.8,1.08,3.98,0.0,0,1,24.444444,2
11261,4,6,4,1,23.64,0.0,70.16,7.8,6.0,8.68,0.0,0,1,24.444444,2
11262,4,7,4,1,23.78,0.0,69.2,8.6,12.96,11.94,45.1718,0,1,24.444444,2
11263,4,8,4,1,23.87,0.0,68.22,9.5,13.8,13.96,119.513,0,1,24.444444,2
11264,4,9,4,1,23.93,0.0,66.99,8.9,3.72,16.52,214.679,0,1,24.444444,2
11265,4,10,4,1,23.99,0.0,65.03,7.8,9.36,19.72,435.207,0,1,24.444444,2
11266,4,11,4,1,24.04,0.0,62.95,10.4,4.44,25.15,372.877,0,1,24.444444,2
11267,4,12,4,1,24.07,0.0,60.68,12.1,1.32,29.7,448.382,0,1,24.444444,2
11268,4,13,4,1,24.07,0.0,59.87,8.7,1.2,28.05,644.972,0,1,24.444444,2
11269,4,14,4,1,24.07,0.0,58.81,10.9,3.12,34.24,571.639,0,1,24.444444,2
11270,4,15,4,1,24.07,0.0,58.15,8.9,1.8,27.94,176.746,0,1,24.444444,2
11271,4,16,4,1,24.07,0.0,57.31,8.1,1.8,25.06,236.028,0,1,24.444444,2
11272,4,17,4,1,24.07,0.0,55.91,8.4,2.16,24.27,217.773,0,1,24.444444,2
11273,4,18,4,1,24.07,0.0,55.3,8.2,9.0,23.53,90.8948,0,1,24.444444,2
11274,4,19,4,1,24.07,0.0,55.37,10.2,9.36,23.46,2.39043,0,1,24.444444,2
11275,4,20,4,1,24.07,0.0,56.37,9.3,11.52,20.18,0.0,0,1,24.444444,2
11276,4,21,4,1,24.07,0.0,58.03,9.6,5.4,20.28,0.0,0,1,24.444444,2
11277,4,22,4,1,24.07,0.0,60.37,7.5,1.2,16.12,0.0,0,1,24.444444,2
11278,4,23,4,1,24.07,0.0,61.22,12.6,0.6,23.34,0.0,0,1,24.444444,2
11279,4,24,4,1,24.07,0.0,61.52,9.8,0.36,18.01,0.0,0,1,24.444444,2
11280,4,1,5,1,24.0,0.0,64.05,4.3,0.48,9.74,0.0,0,1,24.444444,2
11281,4,2,5,1,24.03,0.0,65.44,8.5,0.48,15.2,0.0,0,1,24.444444,2
11282,4,3,5,1,24.04,0.0,65.49,9.0,0.24,15.35,0.0,0,1,24.444444,2
11283,4,4,5,1,23.92,0.0,66.86,4.0,1.44,8.15,0.0,0,1,24.444444,2
11284,4,5,5,1,23.86,0.0,68.37,4.0,1.92,7.84,0.0,0,1,24.444444,2
11285,4,6,5,1,23.99,0.0,67.38,9.6,9.48,14.81,0.0,0,1,24.444444,2
11286,4,7,5,1,24.0,0.0,66.16,9.0,24.72,13.64,5.51941,0,1,24.444444,2
11287,4,8,5,1,24.0,0.0,65.59,9.2,12.36,13.13,24.1855,0,1,24.444444,2
11288,4,9,5,1,24.02,0.0,64.94,8.9,10.56,15.7,167.905,0,1,24.444444,2
11289,4,10,5,1,24.03,0.0,64.37,7.9,4.44,16.66,184.477,0,1,24.444444,2
11290,4,11,5,1,24.04,0.0,63.35,7.9,6.36,20.77,361.29,0,1,24.444444,2
11291,4,12,5,1,24.06,0.0,61.21,8.5,0.96,24.58,493.988,0,1,24.444444,2
11292,4,13,5,1,24.07,0.0,59.53,9.0,1.68,27.38,511.05,0,1,24.444444,2
11293,4,14,5,1,24.07,0.0,57.9,10.1,1.08,29.05,330.154,0,1,24.444444,2
11294,4,15,5,1,24.07,0.0,55.9,9.2,1.44,28.59,348.632,0,1,24.444444,2
11295,4,16,5,1,24.07,0.0,54.36,8.7,1.2,28.62,315.315,0,1,24.444444,2
11296,4,17,5,1,24.07,0.0,53.15,10.4,5.4,29.85,176.108,0,1,24.444444,2
11297,4,18,5,1,24.07,0.0,52.29,11.3,4.92,29.08,48.5706,0,1,24.444444,2
11298,4,19,5,1,24.07,0.0,52.5,9.0,5.64,24.11,0.0,0,1,24.444444,2
11299,4,20,5,1,24.07,0.0,53.79,10.4,19.8,24.01,0.0,0,1,24.444444,2
11300,4,21,5,1,24.07,0.0,55.28,10.2,6.24,22.87,0.0,0,1,24.444444,2
11301,4,22,5,1,24.07,0.0,56.37,10.7,1.92,22.5,0.0,0,1,24.444444,2
11302,4,23,5,1,24.05,0.0,59.15,4.9,0.84,12.64,0.0,0,1,24.444444,2
11303,4,24,5,1,24.02,0.0,62.16,5.0,1.32,11.6,0.0,0,1,24.444444,2
11304,4,1,6,1,23.96,0.0,64.28,4.0,0.24,9.38,0.0,0,1,24.444444,2
11305,4,2,6,1,24.0,0.0,64.56,8.0,1.2,13.04,0.0,0,1,24.444444,2
11306,4,3,6,1,23.85,0.0,65.43,3.6,0.6,6.67,0.0,0,1,24.444444,2
11307,4,4,6,1,23.72,0.0,66.91,2.8,0.36,5.39,0.0,0,1,24.444444,2
11308,4,5,6,1,23.68,0.0,68.2,3.2,1.8,5.64,0.0,0,1,24.444444,2
11309,4,6,6,1,23.85,0.0,67.33,8.0,10.08,11.43,0.0,0,1,24.444444,2
11310,4,7,6,1,23.93,0.0,65.72,8.2,20.64,15.5,48.0979,0,1,24.444444,2
11311,4,8,6,1,23.96,0.0,64.17,8.1,9.84,15.34,144.179,0,1,24.444444,2
11312,4,9,6,1,24.0,0.0,63.15,8.9,4.2,18.44,246.806,0,1,24.444444,2
11313,4,10,6,1,23.98,0.0,62.88,4.3,2.88,15.54,375.927,0,1,24.444444,2
11314,4,11,6,1,24.03,0.0,61.6,8.3,3.36,23.6,457.405,0,1,24.444444,2
11315,4,12,6,1,24.06,0.0,60.13,8.7,1.68,25.67,502.643,0,1,24.444444,2
11316,4,13,6,1,24.07,0.0,58.87,10.8,1.56,31.33,686.931,0,1,24.444444,2
11317,4,14,6,1,24.07,0.0,56.88,11.3,1.32,36.27,693.338,0,1,24.444444,2
11318,4,15,6,1,24.07,0.0,54.81,9.2,6.24,37.05,608.076,0,1,24.444444,2
11319,4,16,6,1,24.07,0.0,53.67,8.1,2.88,36.35,431.85,0,1,24.444444,2
11320,4,17,6,1,24.07,0.0,52.83,8.5,4.68,35.62,260.619,0,1,24.444444,2
11321,4,18,6,1,24.07,0.0,53.06,8.3,1.44,32.5,82.7038,0,1,24.444444,2
11322,4,19,6,1,24.07,0.0,53.89,8.6,24.6,29.42,1.40215,0,1,24.444444,2
11323,4,20,6,1,24.07,0.0,54.82,8.7,6.24,28.03,0.0,0,1,24.444444,2
11324,4,21,6,1,24.07,0.0,55.52,10.4,7.68,29.46,0.0,0,1,24.444444,2
11325,4,22,6,1,24.07,0.0,56.06,10.7,3.12,28.36,0.0,0,1,24.444444,2
11326,4,23,6,1,24.07,0.0,57.42,6.1,4.08,19.62,0.0,0,1,24.444444,2
11327,4,24,6,1,24.07,0.0,59.73,4.4,1.08,16.09,0.0,0,1,24.444444,2
11328,4,1,7,1,24.06,0.0,62.48,3.5,4.44,13.81,0.0,0,1,24.444444,2
11329,4,2,7,1,24.04,0.0,65.16,3.7,0.96,12.89,0.0,0,1,24.444444,2
11330,4,3,7,1,24.03,0.0,66.88,4.5,0.36,13.21,0.0,0,1,24.444444,2
11331,4,4,7,1,23.99,0.0,68.38,3.6,0.36,10.88,0.0,0,1,24.444444,2
11332,4,5,7,1,23.97,0.0,69.45,4.4,0.24,11.12,0.0,0,1,24.444444,2
11333,4,6,7,1,23.91,0.0,70.92,3.5,4.32,9.19,0.0,0,1,24.444444,2
11334,4,7,7,1,23.84,0.0,72.42,3.3,7.92,8.1,0.664367,0,1,24.444444,2
11335,4,8,7,1,23.84,0.0,72.22,5.6,9.84,8.97,9.59743,0,1,24.444444,2
11336,4,9,7,1,23.83,0.0,71.69,4.6,11.52,8.87,75.2067,0,1,24.444444,2
11337,4,10,7,1,23.89,0.0,69.81,4.2,5.52,13.12,370.153,0,1,24.444444,2
11338,4,11,7,1,23.92,0.0,67.62,3.8,4.8,13.51,331.117,0,1,24.444444,2
11339,4,12,7,1,23.97,0.0,65.69,4.8,5.64,15.65,328.401,0,1,24.444444,2
11340,4,13,7,1,24.02,0.0,64.18,5.2,4.92,19.8,638.084,0,1,24.444444,2
11341,4,14,7,1,24.06,0.0,62.52,9.8,3.0,26.51,313.254,0,1,24.444444,2
11342,4,15,7,1,24.05,0.0,62.17,5.3,7.2,17.5,174.04,0,1,24.444444,2
11343,4,16,7,1,24.04,0.0,62.87,4.1,2.88,14.53,89.0262,0,1,24.444444,2
11344,4,17,7,1,24.03,0.0,64.28,4.3,9.36,14.05,38.4943,0,1,24.444444,2
11345,4,18,7,1,24.03,0.0,65.7,4.0,8.4,14.0,34.5578,0,1,24.444444,2
11346,4,19,7,1,24.02,0.0,66.52,5.4,5.16,14.3,0.0,0,1,24.444444,2
11347,4,20,7,1,24.02,0.0,67.19,6.0,5.16,14.22,0.0,0,1,24.444444,2
11348,4,21,7,1,24.0,0.0,68.15,5.1,1.68,12.47,0.0,0,1,24.444444,2
11349,4,22,7,1,24.02,0.0,67.99,8.0,3.6,15.98,0.0,0,1,24.444444,2
11350,4,23,7,1,24.0,0.0,67.12,6.9,1.2,12.11,0.0,0,1,24.444444,2
11351,4,24,7,1,23.87,0.0,68.41,3.4,1.08,7.71,0.0,0,1,24.444444,2
11352,4,1,1,1,23.87,0.0,69.46,4.4,0.6,9.03,0.0,0,1,24.444444,2
11353,4,2,1,1,23.81,0.0,70.82,3.7,0.84,7.96,0.0,0,1,24.444444,2
11354,4,3,1,1,23.76,0.0,72.23,3.4,0.84,7.26,0.0,0,1,24.444444,2
11355,4,4,1,1,23.72,0.0,73.37,3.3,0.12,6.98,0.0,0,1,24.444444,2
11356,4,5,1,1,23.76,0.0,73.65,5.1,0.96,8.89,0.0,0,1,24.444444,2
11357,4,6,1,1,23.7,0.0,74.75,3.1,1.32,6.49,0.0,0,1,24.444444,2
11358,4,7,1,1,23.69,0.0,74.97,3.5,7.08,7.27,22.0178,0,1,24.444444,2
11359,4,8,1,1,23.72,0.0,73.67,3.6,9.24,9.31,124.536,0,1,24.444444,2
11360,4,9,1,1,23.8,0.0,70.57,4.0,14.64,18.43,372.409,0,1,24.444444,2
11361,4,10,1,1,23.91,0.0,65.49,4.9,5.04,21.93,552.704,0,1,24.444444,2
11362,4,11,1,1,24.01,0.0,60.79,4.9,11.64,22.08,680.375,0,1,24.444444,2
11363,4,12,1,1,24.06,0.0,56.23,7.6,2.64,25.94,746.125,0,1,24.444444,2
11364,4,13,1,1,24.07,0.0,52.38,4.9,1.8,23.48,756.321,0,1,24.444444,2
11365,4,14,1,1,24.07,0.0,49.77,8.7,5.52,32.2,712.57,0,1,24.444444,2
11366,4,15,1,1,24.07,0.0,48.61,4.2,6.12,30.1,638.809,0,1,24.444444,2
11367,4,16,1,1,24.07,0.0,48.12,4.2,7.92,32.61,508.752,0,1,24.444444,2
11368,4,17,1,1,24.07,0.0,48.0,4.0,1.68,31.13,292.11,0,1,24.444444,2
11369,4,18,1,1,24.07,0.0,48.06,9.0,9.72,34.0,109.516,0,1,24.444444,2
11370,4,19,1,1,24.07,0.0,48.32,6.1,4.08,24.32,4.37908,0,1,24.444444,2
11371,4,20,1,1,24.07,0.0,48.44,10.0,2.4,27.04,0.0,0,1,24.444444,2
11372,4,21,1,1,24.07,0.0,48.59,5.7,3.6,19.24,0.0,0,1,24.444444,2
11373,4,22,1,1,24.07,0.0,49.02,8.6,3.24,20.68,0.0,0,1,24.444444,2
11374,4,23,1,1,24.07,0.0,51.68,4.1,0.6,13.03,0.0,0,1,24.444444,2
11375,4,24,1,1,24.05,0.0,56.04,4.0,2.16,12.44,0.0,0,1,24.444444,2
11376,4,1,2,1,24.02,0.0,59.94,3.5,0.12,11.34,0.0,0,1,24.444444,2
11377,4,2,2,1,24.0,0.0,62.61,3.2,0.24,10.65,0.0,0,1,24.444444,2
11378,4,3,2,1,23.96,0.0,64.34,3.2,0.24,9.78,0.0,0,1,24.444444,2
11379,4,4,2,1,23.91,0.0,65.76,3.2,0.48,8.71,0.0,0,1,24.444444,2
11380,4,5,2,1,23.99,0.0,65.35,8.3,4.32,14.16,0.0,0,1,24.444444,2
11381,4,6,2,1,23.88,0.0,65.93,3.5,4.8,8.07,0.0,0,1,24.444444,2
11382,4,7,2,1,23.88,0.0,65.37,4.0,8.4,12.09,50.9547,0,1,24.444444,2
11383,4,8,2,1,23.89,0.0,62.2,4.3,8.88,13.31,172.893,0,1,24.444444,2
11384,4,9,2,1,23.92,0.0,57.42,4.5,6.12,17.15,369.856,0,1,24.444444,2
11385,4,10,2,1,23.97,0.0,53.73,4.2,5.16,17.29,512.751,0,1,24.444444,2
11386,4,11,2,1,24.01,0.0,51.83,5.2,3.48,17.77,675.605,0,1,24.444444,2
11387,4,12,2,1,24.03,0.0,51.17,3.7,2.52,16.42,748.599,0,1,24.444444,2
11388,4,13,2,1,24.07,0.0,49.64,9.7,2.28,26.3,765.19,0,1,24.444444,2
11389,4,14,2,1,24.07,0.0,47.02,12.6,3.6,32.27,697.04,0,1,24.444444,2
11390,4,15,2,1,24.07,0.0,44.42,9.6,4.8,29.98,543.736,0,1,24.444444,2
11391,4,16,2,1,24.08,0.0,43.54,3.7,5.64,23.17,451.865,0,1,24.444444,2
11392,4,17,2,1,24.08,0.0,43.05,8.1,6.6,25.42,220.506,0,1,24.444444,2
11393,4,18,2,1,24.08,0.0,42.86,9.0,7.2,22.69,50.0442,0,1,24.444444,2
11394,4,19,2,1,24.08,0.0,42.8,9.3,6.96,20.41,0.0,0,1,24.444444,2
11395,4,20,2,1,24.07,0.0,42.79,10.6,11.64,20.29,0.0,0,1,24.444444,2
11396,4,21,2,1,24.07,0.0,43.08,8.8,5.88,16.67,0.0,0,1,24.444444,2
11397,4,22,2,1,24.07,0.0,42.92,13.6,2.4,20.82,0.0,0,1,24.444444,2
11398,4,23,2,1,24.05,0.0,42.54,5.9,0.72,9.69,0.0,0,1,24.444444,2
11399,4,24,2,1,23.97,0.0,42.77,4.7,0.48,7.22,0.0,0,1,24.444444,2
11400,4,1,3,1,23.83,0.0,43.17,3.4,2.04,5.16,0.0,0,1,24.444444,2
11401,4,2,3,1,23.71,0.0,43.76,3.3,1.2,4.12,0.0,0,1,24.444444,2
11402,4,3,3,1,23.63,0.0,44.14,3.9,0.48,3.68,0.0,0,1,24.444444,2
11403,4,4,3,1,23.55,0.0,44.56,3.6,0.72,3.0,0.0,0,1,24.444444,2
11404,4,5,3,1,23.52,0.0,44.39,4.0,1.2,3.17,0.0,0,1,24.444444,2
11405,4,6,3,1,23.58,0.0,43.53,5.1,4.56,3.96,0.0,0,1,24.444444,2
11406,4,7,3,1,23.69,0.0,42.21,7.2,27.48,6.2,45.1504,0,1,24.444444,2
11407,4,8,3,1,23.71,0.0,41.26,4.7,8.88,6.3,173.761,0,1,24.444444,2
11408,4,9,3,1,23.75,0.0,40.26,5.3,9.24,10.63,395.904,0,1,24.444444,2
11409,4,10,3,1,23.78,0.0,39.63,5.1,8.88,11.18,580.038,0,1,24.444444,2
11410,4,11,3,1,23.81,0.0,39.0,3.8,2.28,9.51,697.428,0,1,24.444444,2
11411,4,12,3,1,23.87,0.0,37.8,4.1,2.4,9.95,744.712,0,1,24.444444,2
11412,4,13,3,1,24.01,0.0,37.3,9.0,4.44,15.97,757.79,0,1,24.444444,2
11413,4,14,3,1,24.07,0.0,37.05,10.2,2.76,21.34,712.895,0,1,24.444444,2
11414,4,15,3,1,24.08,0.0,36.36,9.3,2.88,24.32,639.933,0,1,24.444444,2
11415,4,16,3,1,24.08,0.0,36.68,8.0,3.24,25.78,501.467,0,1,24.444444,2
11416,4,17,3,1,24.08,0.0,37.33,9.1,1.56,27.81,333.123,0,1,24.444444,2
11417,4,18,3,1,24.08,0.0,38.69,8.4,5.52,24.64,130.782,0,1,24.444444,2
11418,4,19,3,1,24.08,0.0,39.72,5.3,2.28,15.73,6.13522,0,1,24.444444,2
11419,4,20,3,1,24.08,0.0,40.59,7.1,4.44,15.67,0.0,0,1,24.444444,2
11420,4,21,3,1,24.08,0.0,41.46,9.7,7.32,16.82,0.0,0,1,24.444444,2
11421,4,22,3,1,24.07,0.0,42.13,10.6,3.36,15.95,0.0,0,1,24.444444,2
11422,4,23,3,1,24.03,0.0,43.37,6.3,0.84,9.16,0.0,0,1,24.444444,2
11423,4,24,3,1,23.9,0.0,45.66,4.6,1.32,6.44,0.0,0,1,24.444444,2
11424,4,1,4,1,23.75,0.0,48.1,3.5,0.6,4.68,0.0,0,1,24.444444,2
11425,4,2,4,1,23.61,0.0,50.63,3.5,0.6,3.81,0.0,0,1,24.444444,2
11426,4,3,4,1,23.5,0.0,52.51,3.2,0.36,2.94,0.0,0,1,24.444444,2
11427,4,4,4,1,23.38,0.0,54.72,3.3,2.04,2.54,0.0,0,1,24.444444,2
11428,4,5,4,1,23.31,0.0,56.01,4.0,0.96,2.29,0.0,0,1,24.444444,2
11429,4,6,4,1,23.25,0.0,56.51,3.2,13.2,1.87,0.0,0,1,24.444444,2
11430,4,7,4,1,23.63,0.0,54.91,7.4,15.48,8.93,59.67,0,1,24.444444,2
11431,4,8,4,1,23.77,0.0,52.99,8.7,8.52,16.38,209.023,0,1,24.444444,2
11432,4,9,4,1,23.86,0.0,49.9,8.5,3.6,18.23,393.539,0,1,24.444444,2
11433,4,10,4,1,23.95,0.0,47.63,8.5,13.2,18.66,542.045,0,1,24.444444,2
11434,4,11,4,1,24.03,0.0,46.53,10.2,0.6,21.56,640.161,0,1,24.444444,2
11435,4,12,4,1,24.07,0.0,45.01,12.3,3.84,26.09,673.756,0,1,24.444444,2
11436,4,13,4,1,24.07,0.0,44.62,8.7,1.8,24.73,716.549,0,1,24.444444,2
11437,4,14,4,1,24.07,0.0,44.97,8.2,4.44,28.65,684.849,0,1,24.444444,2
11438,4,15,4,1,24.07,0.0,44.01,9.3,0.72,34.0,624.194,0,1,24.444444,2
11439,4,16,4,1,24.08,0.0,43.27,7.5,2.64,33.27,480.754,0,1,24.444444,2
11440,4,17,4,1,24.08,0.0,44.07,8.6,6.0,32.19,240.298,0,1,24.444444,2
11441,4,18,4,1,24.08,0.0,46.07,8.6,3.72,29.05,58.2704,0,1,24.444444,2
11442,4,19,4,1,24.07,0.0,47.85,11.5,2.04,30.87,0.0,0,1,24.444444,2
11443,4,20,4,1,24.07,0.0,48.66,11.6,6.36,29.78,0.0,0,1,24.444444,2
11444,4,21,4,1,24.07,0.0,49.61,10.4,5.04,26.75,0.0,0,1,24.444444,2
11445,4,22,4,1,24.07,0.0,51.12,10.4,5.28,25.07,0.0,0,1,24.444444,2
11446,4,23,4,1,24.07,0.0,52.84,7.9,3.84,19.95,0.0,0,1,24.444444,2
11447,4,24,4,1,24.07,0.0,54.31,9.1,0.72,20.14,0.0,0,1,24.444444,2
11448,4,1,5,1,24.05,0.0,56.45,4.0,0.72,11.63,0.0,0,1,24.444444,2
11449,4,2,5,1,24.07,0.0,57.9,8.6,0.24,16.93,0.0,0,1,24.444444,2
11450,4,3,5,1,24.07,0.0,58.4,9.6,0.24,16.75,0.0,0,1,24.444444,2
11451,4,4,5,1,23.95,0.0,60.8,3.6,2.04,7.89,0.0,0,1,24.444444,2
11452,4,5,5,1,23.88,0.0,63.57,3.7,1.2,7.83,0.0,0,1,24.444444,2
11453,4,6,5,1,24.0,0.0,63.8,8.8,4.44,15.87,0.0,0,1,24.444444,2
11454,4,7,5,1,24.04,0.0,62.53,9.5,25.8,24.24,56.8212,0,1,24.444444,2
11455,4,8,5,1,24.05,0.0,60.96,9.8,7.2,26.39,191.331,0,1,24.444444,2
11456,4,9,5,1,24.06,0.0,60.55,9.5,3.84,22.17,150.161,0,1,24.444444,2
11457,4,10,5,1,24.06,0.0,61.01,9.1,4.44,22.13,85.3981,0,1,24.444444,2
11458,4,11,5,1,24.07,0.0,61.11,8.7,5.16,27.9,444.116,0,1,24.444444,2
11459,4,12,5,1,24.07,0.0,60.76,8.8,1.08,29.8,572.696,0,1,24.444444,2
11460,4,13,5,1,24.07,0.0,60.07,9.2,1.68,32.96,385.897,0,1,24.444444,2
11461,4,14,5,1,24.07,0.0,58.39,10.1,0.72,35.87,354.001,0,1,24.444444,2
11462,4,15,5,1,24.07,0.0,56.46,9.2,2.64,36.35,593.003,0,1,24.444444,2
11463,4,16,5,1,24.07,0.0,54.99,9.5,1.32,34.47,300.537,0,1,24.444444,2
11464,4,17,5,1,24.07,0.0,54.26,8.9,5.4,31.84,154.373,0,1,24.444444,2
11465,4,18,5,1,24.07,0.0,54.24,12.1,1.32,34.41,40.154,0,1,24.444444,2
11466,4,19,5,1,24.07,0.0,54.98,9.0,8.04,28.14,0.0,0,1,24.444444,2
11467,4,20,5,1,24.07,0.0,55.77,10.1,8.64,28.66,0.0,0,1,24.444444,2
11468,4,21,5,1,24.07,0.0,56.52,10.4,2.52,28.19,0.0,0,1,24.444444,2
11469,4,22,5,1,24.07,0.0,56.25,15.1,1.44,33.6,0.0,0,1,24.444444,2
11470,4,23,5,1,24.07,0.0,57.81,5.2,0.72,16.9,0.0,0,1,24.444444,2
11471,4,24,5,1,24.07,0.0,59.73,10.0,0.72,23.56,0.0,0,1,24.444444,2
11472,4,1,6,1,24.05,0.0,61.77,4.3,0.36,13.63,0.0,0,1,24.444444,2
11473,4,2,6,1,24.07,0.0,63.46,7.9,0.24,18.74,0.0,0,1,24.444444,2
11474,4,3,6,1,24.02,0.0,65.18,3.3,0.24,10.7,0.0,0,1,24.444444,2
11475,4,4,6,1,24.05,0.0,65.23,8.3,1.68,17.0,0.0,0,1,24.444444,2
11476,4,5,6,1,23.96,0.0,65.61,3.4,1.2,8.94,0.0,0,1,24.444444,2
11477,4,6,6,1,24.03,0.0,64.61,9.5,5.76,17.12,0.0,0,1,24.444444,2
11478,4,7,6,1,24.03,0.0,63.15,7.2,12.36,14.89,51.2134,0,1,24.444444,2
11479,4,8,6,1,24.05,0.0,61.73,9.6,5.4,20.77,156.492,0,1,24.444444,2
11480,4,9,6,1,24.05,0.0,60.58,8.1,4.56,20.21,212.584,0,1,24.444444,2
11481,4,10,6,1,24.06,0.0,60.03,7.8,5.04,21.78,283.527,0,1,24.444444,2
11482,4,11,6,1,24.07,0.0,59.81,8.5,1.92,23.79,235.628,0,1,24.444444,2
11483,4,12,6,1,24.07,0.0,59.12,9.1,2.76,28.02,332.547,0,1,24.444444,2
11484,4,13,6,1,24.07,0.0,58.03,9.9,1.08,31.32,328.643,0,1,24.444444,2
11485,4,14,6,1,24.07,0.0,56.89,13.4,5.28,37.48,298.198,0,1,24.444444,2
11486,4,15,6,1,24.07,0.0,56.26,10.4,4.92,32.72,278.573,0,1,24.444444,2
11487,4,16,6,1,24.07,0.0,56.8,8.0,4.56,24.88,106.822,0,1,24.444444,2
11488,4,17,6,1,24.07,0.0,57.99,11.7,3.84,30.38,94.3667,0,1,24.444444,2
11489,4,18,6,1,24.07,0.0,59.7,8.6,1.44,25.13,32.6688,0,1,24.444444,2
11490,4,19,6,1,24.07,0.0,59.07,8.3,4.56,21.74,6.05234,0,1,24.444444,2
11491,4,20,6,1,24.07,0.0,58.77,9.1,3.24,20.63,0.0,0,1,24.444444,2
11492,4,21,6,1,24.07,0.0,58.97,9.5,6.96,20.14,0.0,0,1,24.444444,2
11493,4,22,6,1,24.07,0.0,59.44,9.4,1.32,18.24,0.0,0,1,24.444444,2
11494,4,23,6,1,24.04,0.0,61.12,5.7,1.2,12.16,0.0,0,1,24.444444,2
11495,4,24,6,1,24.02,0.0,65.08,4.5,0.48,11.82,0.0,0,1,24.444444,2
11496,4,1,7,1,24.0,0.0,69.32,3.4,2.52,12.48,0.0,0,1,24.444444,2
11497,4,2,7,1,24.0,0.0,73.61,3.3,2.4,13.48,0.0,0,1,24.444444,2
11498,4,3,7,1,23.99,0.0,75.8,3.5,2.64,13.72,0.0,0,1,24.444444,2
11499,4,4,7,1,23.98,0.0,76.88,3.4,0.72,13.09,0.0,0,1,24.444444,2
11500,4,5,7,1,23.98,0.0,77.1,3.7,0.24,13.2,0.0,0,1,24.444444,2
11501,4,6,7,1,23.98,0.0,76.47,4.0,8.16,15.38,0.0,0,1,24.444444,2
11502,4,7,7,1,23.98,0.0,74.73,3.2,7.08,21.29,56.9028,0,1,24.444444,2
11503,4,8,7,1,24.01,0.0,71.98,4.6,1.92,26.71,199.519,0,1,24.444444,2
11504,4,9,7,1,24.03,0.0,69.39,4.5,12.0,29.81,382.365,0,1,24.444444,2
11505,4,10,7,1,24.04,0.0,67.74,3.9,4.32,29.47,428.598,0,1,24.444444,2
11506,4,11,7,1,24.05,0.0,67.15,4.1,7.92,22.48,173.976,0,1,24.444444,2
11507,4,12,7,1,24.05,0.0,66.43,5.2,6.96,20.64,82.4721,0,1,24.444444,2
11508,4,13,7,1,24.04,0.0,65.3,5.0,3.12,16.95,132.914,0,1,24.444444,2
11509,4,14,7,1,24.07,0.0,61.95,11.2,2.76,24.85,166.382,0,1,24.444444,2
11510,4,15,7,1,24.03,0.0,60.1,4.2,3.48,13.19,130.144,0,1,24.444444,2
11511,4,16,7,1,24.03,0.0,60.49,3.9,7.32,13.64,177.614,0,1,24.444444,2
11512,4,17,7,1,24.02,0.0,60.29,3.8,4.08,12.51,100.442,0,1,24.444444,2
11513,4,18,7,1,24.03,0.0,60.01,3.9,5.52,14.17,88.5905,0,1,24.444444,2
11514,4,19,7,1,24.04,0.0,59.48,6.0,10.56,14.85,6.04304,0,1,24.444444,2
11515,4,20,7,1,23.99,0.0,59.88,3.7,7.68,9.85,0.0,0,1,24.444444,2
11516,4,21,7,1,23.99,0.0,60.25,5.6,0.84,11.28,0.0,0,1,24.444444,2
11517,4,22,7,1,24.01,0.0,60.34,7.6,1.44,12.73,0.0,0,1,24.444444,2
11518,4,23,7,1,23.93,0.0,61.76,4.9,1.08,8.22,0.0,0,1,24.444444,2
11519,4,24,7,1,23.81,0.0,63.97,3.5,0.48,6.59,0.0,0,1,24.444444,2
11520,4,1,1,1,23.8,0.0,65.36,4.7,0.72,7.36,0.0,0,1,24.444444,2
11521,4,2,1,1,23.69,0.0,66.98,3.0,0.72,4.96,0.0,0,1,24.444444,2
11522,4,3,1,1,23.63,0.0,68.34,3.5,0.36,4.79,0.0,0,1,24.444444,2
11523,4,4,1,1,23.6,0.0,69.28,3.6,0.6,4.91,0.0,0,1,24.444444,2
11524,4,5,1,1,23.61,0.0,70.64,3.6,1.8,5.25,0.0,0,1,24.444444,2
11525,4,6,1,1,23.81,0.0,70.01,9.2,4.56,12.47,0.0,0,1,24.444444,2
11526,4,7,1,1,23.77,0.0,70.82,4.2,8.76,8.13,46.8603,0,1,24.444444,2
11527,4,8,1,1,23.75,0.0,71.86,4.3,12.12,8.37,119.767,0,1,24.444444,2
11528,4,9,1,1,23.78,0.0,72.65,3.7,7.8,9.76,169.49,0,1,24.444444,2
11529,4,10,1,1,23.86,0.0,71.66,4.0,10.44,17.05,365.247,0,1,24.444444,2
11530,4,11,1,1,24.02,0.0,67.44,8.8,13.08,27.21,574.558,0,1,24.444444,2
11531,4,12,1,1,24.05,0.0,64.47,6.0,2.52,24.59,581.68,0,1,24.444444,2
11532,4,13,1,1,24.06,0.0,62.54,4.3,4.44,26.13,521.8,0,1,24.444444,2
11533,4,14,1,1,24.07,0.0,60.04,9.6,8.28,36.86,414.332,0,1,24.444444,2
11534,4,15,1,1,24.07,0.0,58.53,4.8,8.52,32.22,492.711,0,1,24.444444,2
11535,4,16,1,1,24.07,0.0,57.6,3.9,7.08,31.24,346.68,0,1,24.444444,2
11536,4,17,1,1,24.07,0.0,56.95,4.4,7.44,30.53,207.277,0,1,24.444444,2
11537,4,18,1,1,24.07,0.0,55.43,8.5,14.4,32.84,54.1931,0,1,24.444444,2
11538,4,19,1,1,24.07,0.0,53.69,7.0,3.48,27.31,0.0,0,1,24.444444,2
11539,4,20,1,1,24.07,0.0,52.49,10.3,4.44,30.1,0.0,0,1,24.444444,2
11540,4,21,1,1,24.07,0.0,52.5,9.2,6.72,26.85,0.0,0,1,24.444444,2
11541,4,22,1,1,24.07,0.0,55.45,4.8,2.16,19.68,0.0,0,1,24.444444,2
11542,4,23,1,1,24.07,0.0,59.4,3.6,0.84,17.01,0.0,0,1,24.444444,2
11543,4,24,1,1,24.07,0.0,61.61,5.1,0.84,18.06,0.0,0,1,24.444444,2
11544,4,1,2,1,24.06,0.0,63.98,3.6,0.36,14.76,0.0,0,1,24.444444,2
11545,4,2,2,1,24.05,0.0,66.16,4.0,0.36,14.81,0.0,0,1,24.444444,2
11546,4,3,2,1,24.03,0.0,68.16,3.2,0.36,12.63,0.0,0,1,24.444444,2
11547,4,4,2,1,24.01,0.0,70.17,3.1,0.6,12.28,0.0,0,1,24.444444,2
11548,4,5,2,1,24.03,0.0,70.78,5.5,1.92,16.43,0.0,0,1,24.444444,2
11549,4,6,2,1,24.01,0.0,71.76,3.5,6.6,13.32,0.0,0,1,24.444444,2
11550,4,7,2,1,24.01,0.0,72.01,4.5,12.84,15.17,47.6765,0,1,24.444444,2
11551,4,8,2,1,23.96,0.0,71.43,4.3,5.4,10.17,33.7372,0,1,24.444444,2
11552,4,9,2,1,23.86,0.0,70.58,4.2,3.36,7.82,12.0069,0,1,24.444444,2
11553,4,10,2,1,23.73,0.0,69.6,4.7,3.24,5.64,28.8418,0,1,24.444444,2
11554,4,11,2,1,23.52,0.0,68.45,4.4,4.8,3.76,47.8656,0,1,24.444444,2
11555,4,12,2,1,23.63,0.0,65.45,7.2,1.68,6.45,85.5536,0,1,24.444444,2
11556,4,13,2,1,23.82,0.0,62.83,9.4,3.48,10.68,125.894,0,1,24.444444,2
11557,4,14,2,1,23.98,0.0,60.36,10.6,1.92,16.02,328.743,0,1,24.444444,2
11558,4,15,2,1,24.04,0.0,58.24,13.9,3.12,22.39,289.787,0,1,24.444444,2
11559,4,16,2,1,23.91,0.0,58.95,3.9,0.96,8.17,166.568,0,1,24.444444,2
11560,4,17,2,1,23.87,0.0,59.81,4.5,3.24,8.11,89.7925,0,1,24.444444,2
11561,4,18,2,1,23.97,0.0,59.71,9.6,2.04,13.8,33.1109,0,1,24.444444,2
11562,4,19,2,1,24.0,0.0,59.46,10.4,2.88,13.1,0.0,0,1,24.444444,2
11563,4,20,2,1,23.99,0.0,59.37,11.1,7.68,11.85,0.0,0,1,24.444444,2
11564,4,21,2,1,23.95,0.0,60.33,9.3,5.52,9.95,0.0,0,1,24.444444,2
11565,4,22,2,1,23.94,0.0,61.54,9.2,2.16,10.25,0.0,0,1,24.444444,2
11566,4,23,2,1,23.8,0.0,63.87,5.6,0.84,6.08,0.0,0,1,24.444444,2
11567,4,24,2,1,23.77,0.0,65.73,6.7,0.84,7.38,0.0,0,1,24.444444,2
11568,4,1,3,1,23.65,0.0,67.34,3.5,0.96,4.72,0.0,0,1,24.444444,2
11569,4,2,3,1,23.54,0.0,68.41,3.6,0.36,3.82,0.0,0,1,24.444444,2
11570,4,3,3,1,23.42,0.0,68.52,3.6,0.72,3.28,0.0,0,1,24.444444,2
11571,4,4,3,1,23.38,0.0,67.92,3.7,0.84,3.15,0.0,0,1,24.444444,2
11572,4,5,3,1,23.33,0.0,67.63,3.4,4.68,2.82,0.0,0,1,24.444444,2
11573,4,6,3,1,23.33,0.0,67.44,3.4,5.64,3.03,0.0,0,1,24.444444,2
11574,4,7,3,1,23.51,0.0,66.42,6.7,21.12,5.22,35.2474,0,1,24.444444,2
11575,4,8,3,1,23.48,0.0,65.88,5.4,1.44,4.04,87.5397,0,1,24.444444,2
11576,4,9,3,1,23.55,0.0,65.17,5.7,12.12,5.82,182.292,0,1,24.444444,2
11577,4,10,3,1,23.61,0.0,64.11,4.2,6.0,7.12,293.094,0,1,24.444444,2
11578,4,11,3,1,23.7,0.0,62.92,4.4,2.52,8.99,351.545,0,1,24.444444,2
11579,4,12,3,1,23.74,0.0,62.6,4.1,0.84,8.67,227.572,0,1,24.444444,2
11580,4,13,3,1,23.91,0.0,60.62,8.8,4.2,14.3,220.792,0,1,24.444444,2
11581,4,14,3,1,24.01,0.0,58.05,10.2,0.6,18.54,320.388,0,1,24.444444,2
11582,4,15,3,1,24.04,0.0,56.18,8.9,1.44,19.61,275.788,0,1,24.444444,2
11583,4,16,3,1,24.05,0.0,54.93,8.2,3.6,23.55,406.301,0,1,24.444444,2
11584,4,17,3,1,24.06,0.0,54.17,8.5,3.12,26.8,328.893,0,1,24.444444,2
11585,4,18,3,1,24.07,0.0,53.97,7.6,1.2,23.47,133.202,0,1,24.444444,2
11586,4,19,3,1,24.06,0.0,54.9,6.3,4.92,16.05,6.9078,0,1,24.444444,2
11587,4,20,3,1,24.07,0.0,55.46,9.5,6.48,18.62,0.0,0,1,24.444444,2
11588,4,21,3,1,24.07,0.0,54.21,13.7,6.48,23.63,0.0,0,1,24.444444,2
11589,4,22,3,1,24.07,0.0,53.18,11.0,3.24,16.92,0.0,0,1,24.444444,2
11590,4,23,3,1,23.93,0.0,53.96,4.9,1.32,7.35,0.0,0,1,24.444444,2
11591,4,24,3,1,23.79,0.0,54.54,4.4,0.72,5.65,0.0,0,1,24.444444,2
11592,4,1,4,1,23.59,0.0,54.49,3.1,0.84,3.78,0.0,0,1,24.444444,2
11593,4,2,4,1,23.67,0.0,52.91,7.6,2.16,5.39,0.0,0,1,24.444444,2
11594,4,3,4,1,23.37,0.0,53.1,3.1,0.24,1.97,0.0,0,1,24.444444,2
11595,4,4,4,1,23.26,0.0,52.65,4.1,0.36,2.01,0.0,0,1,24.444444,2
11596,4,5,4,1,23.19,0.0,52.21,3.5,1.32,1.41,0.0,0,1,24.444444,2
11597,4,6,4,1,23.15,0.0,51.78,3.5,7.92,1.36,0.0,0,1,24.444444,2
11598,4,7,4,1,23.52,0.0,50.12,9.2,22.2,6.39,64.0957,0,1,24.444444,2
11599,4,8,4,1,23.64,0.0,48.35,8.3,8.04,9.77,228.234,0,1,24.444444,2
11600,4,9,4,1,23.67,0.0,46.21,9.0,3.84,11.47,427.889,0,1,24.444444,2
11601,4,10,4,1,23.7,0.0,44.96,8.0,5.88,10.6,597.629,0,1,24.444444,2
11602,4,11,4,1,23.75,0.0,44.31,8.2,1.2,10.35,715.204,0,1,24.444444,2
11603,4,12,4,1,23.91,0.0,43.44,11.8,3.96,14.22,778.332,0,1,24.444444,2
11604,4,13,4,1,23.96,0.0,42.8,8.7,5.16,13.18,799.783,0,1,24.444444,2
11605,4,14,4,1,24.02,0.0,41.98,8.4,3.36,16.17,752.37,0,1,24.444444,2
11606,4,15,4,1,24.05,0.0,41.16,9.0,1.32,20.9,672.519,0,1,24.444444,2
11607,4,16,4,1,24.06,0.0,40.48,7.5,1.08,21.88,525.266,0,1,24.444444,2
11608,4,17,4,1,24.07,0.0,39.93,7.5,4.32,22.9,342.893,0,1,24.444444,2
11609,4,18,4,1,24.08,0.0,39.73,9.1,8.4,22.75,138.89,0,1,24.444444,2
11610,4,19,4,1,24.08,0.0,39.9,10.4,2.76,18.83,7.73133,0,1,24.444444,2
11611,4,20,4,1,24.08,0.0,40.12,9.0,12.72,14.84,0.0,0,1,24.444444,2
11612,4,21,4,1,24.08,0.0,40.59,9.3,1.68,13.61,0.0,0,1,24.444444,2
11613,4,22,4,1,24.07,0.0,41.41,9.5,3.36,12.48,0.0,0,1,24.444444,2
11614,4,23,4,1,24.05,0.0,41.83,8.6,1.8,10.51,0.0,0,1,24.444444,2
11615,4,24,4,1,24.01,0.0,42.31,7.5,0.6,8.52,0.0,0,1,24.444444,2
11616,4,1,5,1,23.81,0.0,43.66,3.9,0.6,4.52,0.0,0,1,24.444444,2
11617,4,2,5,1,23.82,0.0,44.55,8.7,0.24,5.91,0.0,0,1,24.444444,2
11618,4,3,5,1,23.74,0.0,46.23,9.9,0.96,5.11,0.0,0,1,24.444444,2
11619,4,4,5,1,23.28,0.0,49.08,3.2,0.84,1.28,0.0,0,1,24.444444,2
11620,4,5,5,1,23.12,0.0,50.67,3.7,2.52,1.21,0.0,0,1,24.444444,2
11621,4,6,5,1,23.41,0.0,50.17,9.1,5.16,3.64,0.0,0,1,24.444444,2
11622,4,7,5,1,23.67,0.0,49.68,8.4,20.04,8.93,65.3111,0,1,24.444444,2
11623,4,8,5,1,23.76,0.0,49.21,9.7,8.16,15.0,227.805,0,1,24.444444,2
11624,4,9,5,1,23.82,0.0,47.64,9.7,5.4,16.92,418.741,0,1,24.444444,2
11625,4,10,5,1,23.91,0.0,45.37,9.4,5.88,17.08,569.412,0,1,24.444444,2
11626,4,11,5,1,23.97,0.0,42.71,8.2,6.0,15.07,665.714,0,1,24.444444,2
11627,4,12,5,1,24.03,0.0,41.11,8.8,0.96,16.12,746.214,0,1,24.444444,2
11628,4,13,5,1,24.07,0.0,39.75,9.4,3.36,19.21,751.956,0,1,24.444444,2
11629,4,14,5,1,24.07,0.0,38.34,9.8,2.04,24.05,720.33,0,1,24.444444,2
11630,4,15,5,1,24.08,0.0,37.57,9.1,8.76,27.57,641.703,0,1,24.444444,2
11631,4,16,5,1,24.08,0.0,37.01,8.1,3.48,28.84,513.277,0,1,24.444444,2
11632,4,17,5,1,24.08,0.0,36.89,9.0,2.16,30.85,334.583,0,1,24.444444,2
11633,4,18,5,1,24.08,0.0,37.6,8.8,4.8,28.51,137.637,0,1,24.444444,2
11634,4,19,5,1,24.08,0.0,38.59,9.1,4.8,23.0,8.36254,0,1,24.444444,2
11635,4,20,5,1,24.08,0.0,39.52,10.6,8.28,22.08,0.0,0,1,24.444444,2
11636,4,21,5,1,24.08,0.0,40.7,8.8,2.76,18.18,0.0,0,1,24.444444,2
11637,4,22,5,1,24.07,0.0,41.67,12.7,2.4,20.64,0.0,0,1,24.444444,2
11638,4,23,5,1,24.07,0.0,43.11,6.8,1.44,11.35,0.0,0,1,24.444444,2
11639,4,24,5,1,24.07,0.0,44.75,9.7,1.44,13.02,0.0,0,1,24.444444,2
11640,5,1,6,1,23.96,0.0,46.91,5.5,0.36,7.08,0.0,0,1,24.444444,2
11641,5,2,6,1,23.81,0.0,48.88,4.4,0.12,5.31,0.0,0,1,24.444444,2
11642,5,3,6,1,23.65,0.0,49.83,3.5,0.12,3.86,0.0,0,1,24.444444,2
11643,5,4,6,1,23.52,0.0,50.74,3.4,0.6,3.04,0.0,0,1,24.444444,2
11644,5,5,6,1,23.56,0.0,51.19,5.6,2.76,3.96,0.0,0,1,24.444444,2
11645,5,6,6,1,23.48,0.0,51.87,3.1,7.08,3.02,0.0,0,1,24.444444,2
11646,5,7,6,1,23.74,0.0,50.68,8.2,9.72,11.62,63.7079,0,1,24.444444,2
11647,5,8,6,1,23.79,0.0,49.6,7.4,5.16,14.58,223.833,0,1,24.444444,2
11648,5,9,6,1,23.79,0.0,48.37,5.4,3.48,14.21,413.856,0,1,24.444444,2
11649,5,10,6,1,23.85,0.0,47.19,5.8,5.16,14.91,562.031,0,1,24.444444,2
11650,5,11,6,1,23.95,0.0,45.39,6.6,2.52,14.88,656.051,0,1,24.444444,2
11651,5,12,6,1,24.03,0.0,43.61,7.7,1.44,17.04,737.142,0,1,24.444444,2
11652,5,13,6,1,24.05,0.0,41.15,4.9,4.92,16.05,735.998,0,1,24.444444,2
11653,5,14,6,1,24.07,0.0,39.64,10.4,3.24,26.16,710.804,0,1,24.444444,2
11654,5,15,6,1,24.08,0.0,38.71,3.3,1.32,22.4,629.265,0,1,24.444444,2
11655,5,16,6,1,24.08,0.0,38.06,4.2,1.92,26.13,497.854,0,1,24.444444,2
11656,5,17,6,1,24.08,0.0,37.97,8.0,5.64,30.88,329.634,0,1,24.444444,2
11657,5,18,6,1,24.08,0.0,38.15,13.5,3.36,35.0,136.034,0,1,24.444444,2
11658,5,19,6,1,24.08,0.0,38.59,9.8,3.24,25.81,8.23847,0,1,24.444444,2
11659,5,20,6,1,24.08,0.0,39.12,6.9,1.92,20.34,0.0,0,1,24.444444,2
11660,5,21,6,1,24.08,0.0,39.85,7.6,5.04,19.79,0.0,0,1,24.444444,2
11661,5,22,6,1,24.08,0.0,40.77,9.5,1.2,20.35,0.0,0,1,24.444444,2
11662,5,23,6,1,24.07,0.0,41.87,8.3,1.44,17.82,0.0,0,1,24.444444,2
11663,5,24,6,1,24.07,0.0,43.03,4.8,0.6,12.04,0.0,0,1,24.444444,2
11664,5,1,7,1,24.03,0.0,44.22,3.5,0.84,9.04,0.0,0,1,24.444444,2
11665,5,2,7,1,24.01,0.0,44.66,4.9,0.72,8.62,0.0,0,1,24.444444,2
11666,5,3,7,1,23.88,0.0,45.27,3.2,0.0,5.69,0.0,0,1,24.444444,2
11667,5,4,7,1,23.77,0.0,46.55,3.7,0.12,4.89,0.0,0,1,24.444444,2
11668,5,5,7,1,23.78,0.0,47.73,6.0,1.68,5.86,0.0,0,1,24.444444,2
11669,5,6,7,1,23.72,0.0,49.16,3.3,5.16,5.32,0.0,0,1,24.444444,2
11670,5,7,7,1,23.79,0.0,49.26,3.7,5.76,11.46,63.9201,0,1,24.444444,2
11671,5,8,7,1,23.83,0.0,48.49,4.2,6.24,15.1,223.774,0,1,24.444444,2
11672,5,9,7,1,23.87,0.0,47.25,4.1,12.48,16.53,409.132,0,1,24.444444,2
11673,5,10,7,1,23.93,0.0,46.14,3.9,9.48,16.34,532.82,0,1,24.444444,2
11674,5,11,7,1,23.98,0.0,45.11,4.1,2.04,15.24,669.477,0,1,24.444444,2
11675,5,12,7,1,24.03,0.0,44.8,6.3,2.4,18.63,742.803,0,1,24.444444,2
11676,5,13,7,1,24.05,0.0,44.95,4.6,2.16,18.31,749.276,0,1,24.444444,2
11677,5,14,7,1,24.07,0.0,43.42,9.9,0.84,28.8,716.078,0,1,24.444444,2
11678,5,15,7,1,24.08,0.0,41.86,3.7,2.76,25.34,641.841,0,1,24.444444,2
11679,5,16,7,1,24.08,0.0,40.04,4.4,1.56,28.35,501.882,0,1,24.444444,2
11680,5,17,7,1,24.08,0.0,39.37,4.9,9.36,29.25,333.252,0,1,24.444444,2
11681,5,18,7,1,24.08,0.0,39.14,6.4,3.96,28.48,138.558,0,1,24.444444,2
11682,5,19,7,1,24.08,0.0,39.67,5.7,3.96,21.95,11.3579,0,1,24.444444,2
11683,5,20,7,1,24.08,0.0,41.42,6.0,2.64,19.32,0.0,0,1,24.444444,2
11684,5,21,7,1,24.08,0.0,44.01,5.4,3.84,17.08,0.0,0,1,24.444444,2
11685,5,22,7,1,24.07,0.0,45.5,7.4,1.44,17.39,0.0,0,1,24.444444,2
11686,5,23,7,1,24.07,0.0,47.65,4.8,0.84,12.17,0.0,0,1,24.444444,2
11687,5,24,7,1,24.06,0.0,49.88,6.1,0.36,12.2,0.0,0,1,24.444444,2
11688,5,1,1,1,23.97,0.0,52.41,3.3,0.6,7.91,0.0,0,1,24.444444,2
11689,5,2,1,1,24.03,0.0,53.54,8.5,0.24,12.49,0.0,0,1,24.444444,2
11690,5,3,1,1,23.87,0.0,55.14,3.5,0.24,6.11,0.0,0,1,24.444444,2
11691,5,4,1,1,23.74,0.0,57.34,3.0,0.48,5.05,0.0,0,1,24.444444,2
11692,5,5,1,1,23.68,0.0,58.68,3.9,1.56,4.87,0.0,0,1,24.444444,2
11693,5,6,1,1,23.67,0.0,59.4,3.3,2.04,5.64,0.0,0,1,24.444444,2
11694,5,7,1,1,23.77,0.0,58.84,3.9,5.64,13.4,63.6701,0,1,24.444444,2
11695,5,8,1,1,23.82,0.0,57.37,4.3,6.72,17.33,219.927,0,1,24.444444,2
11696,5,9,1,1,23.85,0.0,55.42,3.6,13.2,17.56,403.636,0,1,24.444444,2
11697,5,10,1,1,23.9,0.0,53.13,3.9,12.48,17.12,552.018,0,1,24.444444,2
11698,5,11,1,1,23.99,0.0,50.86,5.7,7.68,17.72,673.902,0,1,24.444444,2
11699,5,12,1,1,24.03,0.0,49.2,4.4,7.44,17.28,736.224,0,1,24.444444,2
11700,5,13,1,1,24.05,0.0,46.76,4.7,13.32,18.69,754.736,0,1,24.444444,2
11701,5,14,1,1,24.07,0.0,44.82,8.6,1.92,26.93,712.872,0,1,24.444444,2
11702,5,15,1,1,24.07,0.0,43.85,4.0,6.36,25.81,651.565,0,1,24.444444,2
11703,5,16,1,1,24.08,0.0,43.05,8.1,9.96,33.2,518.332,0,1,24.444444,2
11704,5,17,1,1,24.08,0.0,42.2,6.1,5.88,30.7,342.99,0,1,24.444444,2
11705,5,18,1,1,24.08,0.0,41.16,9.3,10.32,31.34,143.118,0,1,24.444444,2
11706,5,19,1,1,24.08,0.0,40.58,5.6,6.24,20.66,12.2023,0,1,24.444444,2
11707,5,20,1,1,24.08,0.0,40.75,7.9,3.24,20.34,0.0,0,1,24.444444,2
11708,5,21,1,1,24.08,0.0,41.43,4.9,0.96,15.27,0.0,0,1,24.444444,2
11709,5,22,1,1,24.07,0.0,42.4,11.2,1.56,20.58,0.0,0,1,24.444444,2
11710,5,23,1,1,24.08,0.0,43.8,7.8,1.56,14.43,0.0,0,1,24.444444,2
11711,5,24,1,1,24.05,0.0,45.61,5.4,0.24,9.96,0.0,0,1,24.444444,2
11712,5,1,2,1,23.92,0.0,47.93,3.5,1.32,6.39,0.0,0,1,24.444444,2
11713,5,2,2,1,23.76,0.0,50.36,3.4,0.72,4.87,0.0,0,1,24.444444,2
11714,5,3,2,1,23.63,0.0,52.55,3.3,0.24,4.15,0.0,0,1,24.444444,2
11715,5,4,2,1,23.63,0.0,54.48,3.5,0.48,4.46,0.0,0,1,24.444444,2
11716,5,5,2,1,23.64,0.0,56.42,3.5,2.52,4.85,0.0,0,1,24.444444,2
11717,5,6,2,1,23.68,0.0,57.99,3.7,9.36,6.16,0.0,0,1,24.444444,2
11718,5,7,2,1,23.75,0.0,59.54,4.5,13.44,8.25,54.0497,0,1,24.444444,2
11719,5,8,2,1,23.82,0.0,60.39,5.6,9.12,9.95,132.242,0,1,24.444444,2
11720,5,9,2,1,23.86,0.0,60.25,4.6,7.68,11.45,227.541,0,1,24.444444,2
11721,5,10,2,1,23.93,0.0,58.12,4.9,2.88,13.9,304.443,0,1,24.444444,2
11722,5,11,2,1,23.97,0.0,56.2,4.7,3.36,14.07,237.596,0,1,24.444444,2
11723,5,12,2,1,23.99,0.0,54.92,4.1,1.8,13.28,130.456,0,1,24.444444,2
11724,5,13,2,1,24.02,0.0,53.79,4.8,1.8,18.15,459.572,0,1,24.444444,2
11725,5,14,2,1,24.07,0.0,51.74,10.3,1.2,28.78,514.865,0,1,24.444444,2
11726,5,15,2,1,24.06,0.0,51.13,3.7,3.48,21.49,423.459,0,1,24.444444,2
11727,5,16,2,1,24.07,0.0,50.84,3.9,2.64,22.03,345.952,0,1,24.444444,2
11728,5,17,2,1,24.07,0.0,50.87,3.7,1.56,22.21,238.296,0,1,24.444444,2
11729,5,18,2,1,24.07,0.0,51.78,6.9,6.48,26.66,108.134,0,1,24.444444,2
11730,5,19,2,1,24.07,0.0,52.64,5.6,10.32,21.11,9.63112,0,1,24.444444,2
11731,5,20,2,1,24.07,0.0,53.22,8.4,12.0,22.52,0.0,0,1,24.444444,2
11732,5,21,2,1,24.07,0.0,53.45,6.9,4.56,18.91,0.0,0,1,24.444444,2
11733,5,22,2,1,24.07,0.0,53.35,7.9,1.68,18.62,0.0,0,1,24.444444,2
11734,5,23,2,1,24.07,0.0,53.45,6.6,1.08,14.52,0.0,0,1,24.444444,2
11735,5,24,2,1,24.04,0.0,54.53,4.9,1.08,10.54,0.0,0,1,24.444444,2
11736,5,1,3,1,23.94,0.0,56.32,3.4,0.36,7.58,0.0,0,1,24.444444,2
11737,5,2,3,1,23.86,0.0,57.93,3.4,0.72,7.01,0.0,0,1,24.444444,2
11738,5,3,3,1,23.83,0.0,58.94,3.9,0.36,7.0,0.0,0,1,24.444444,2
11739,5,4,3,1,23.78,0.0,60.02,3.6,0.36,6.47,0.0,0,1,24.444444,2
11740,5,5,3,1,23.74,0.0,61.37,3.5,3.96,5.99,0.0,0,1,24.444444,2
11741,5,6,3,1,23.83,0.0,61.29,6.3,7.56,10.71,0.0,0,1,24.444444,2
11742,5,7,3,1,23.96,0.0,59.29,9.4,23.4,21.17,63.183,0,1,24.444444,2
11743,5,8,3,1,23.92,0.0,57.98,4.2,8.16,18.31,220.496,0,1,24.444444,2
11744,5,9,3,1,23.97,0.0,56.28,5.9,5.64,21.87,411.206,0,1,24.444444,2
11745,5,10,3,1,24.0,0.0,54.42,3.6,3.48,19.56,562.652,0,1,24.444444,2
11746,5,11,3,1,24.02,0.0,53.45,4.3,7.68,20.48,508.555,0,1,24.444444,2
11747,5,12,3,1,24.04,0.0,52.83,3.7,1.32,20.76,663.518,0,1,24.444444,2
11748,5,13,3,1,24.06,0.0,52.09,3.8,3.72,23.23,440.8,0,1,24.444444,2
11749,5,14,3,1,24.07,0.0,49.88,10.0,1.08,31.34,258.269,0,1,24.444444,2
11750,5,15,3,1,24.07,0.0,48.7,3.7,1.44,25.14,450.829,0,1,24.444444,2
11751,5,16,3,1,24.07,0.0,47.46,4.1,6.36,28.84,505.681,0,1,24.444444,2
11752,5,17,3,1,24.07,0.0,46.28,3.2,4.92,28.05,333.631,0,1,24.444444,2
11753,5,18,3,1,24.08,0.0,46.01,5.5,4.8,28.28,141.223,0,1,24.444444,2
11754,5,19,3,1,24.08,0.0,46.61,5.5,6.0,21.94,12.9359,0,1,24.444444,2
11755,5,20,3,1,24.07,0.0,47.24,8.6,6.36,22.49,0.0,0,1,24.444444,2
11756,5,21,3,1,24.07,0.0,48.1,7.7,15.84,19.72,0.0,0,1,24.444444,2
11757,5,22,3,1,24.07,0.0,49.58,8.0,1.56,18.58,0.0,0,1,24.444444,2
11758,5,23,3,1,24.06,0.0,51.62,4.6,3.12,12.2,0.0,0,1,24.444444,2
11759,5,24,3,1,24.04,0.0,54.08,4.7,2.28,11.1,0.0,0,1,24.444444,2
11760,5,1,4,1,24.03,0.0,56.17,5.6,0.36,11.45,0.0,0,1,24.444444,2
11761,5,2,4,1,23.93,0.0,58.71,3.0,0.12,7.55,0.0,0,1,24.444444,2
11762,5,3,4,1,23.91,0.0,60.78,4.5,0.24,8.31,0.0,0,1,24.444444,2
11763,5,4,4,1,23.89,0.0,62.14,5.1,0.12,8.28,0.0,0,1,24.444444,2
11764,5,5,4,1,23.78,0.0,63.92,3.1,1.2,5.94,0.0,0,1,24.444444,2
11765,5,6,4,1,23.79,0.0,64.52,3.9,3.12,9.04,0.0,0,1,24.444444,2
11766,5,7,4,1,23.95,0.0,62.24,8.7,13.32,21.66,62.753,0,1,24.444444,2
11767,5,8,4,1,24.0,0.0,59.58,8.8,5.04,24.68,219.856,0,1,24.444444,2
11768,5,9,4,1,24.02,0.0,56.46,7.5,2.76,24.27,405.059,0,1,24.444444,2
11769,5,10,4,1,24.04,0.0,54.37,8.1,6.24,25.88,514.243,0,1,24.444444,2
11770,5,11,4,1,24.06,0.0,52.4,8.5,2.4,26.69,591.113,0,1,24.444444,2
11771,5,12,4,1,24.07,0.0,51.36,7.3,3.84,27.47,515.265,0,1,24.444444,2
11772,5,13,4,1,24.07,0.0,50.37,9.2,6.12,31.56,350.07,0,1,24.444444,2
11773,5,14,4,1,24.07,0.0,50.11,9.8,3.36,33.85,514.279,0,1,24.444444,2
11774,5,15,4,1,24.07,0.0,50.52,11.6,2.4,39.09,633.032,0,1,24.444444,2
11775,5,16,4,1,24.07,0.0,50.35,11.3,7.2,40.6,452.215,0,1,24.444444,2
11776,5,17,4,1,24.07,0.0,50.39,8.9,1.92,38.57,330.782,0,1,24.444444,2
11777,5,18,4,1,24.07,0.0,50.75,10.9,3.0,38.99,137.439,0,1,24.444444,2
11778,5,19,4,1,24.07,0.0,51.01,11.5,6.48,33.42,12.8417,0,1,24.444444,2
11779,5,20,4,1,24.07,0.0,51.98,8.0,9.0,25.52,0.0,0,1,24.444444,2
11780,5,21,4,1,24.07,0.0,52.66,10.6,2.4,27.86,0.0,0,1,24.444444,2
11781,5,22,4,1,24.07,0.0,52.9,12.8,3.72,28.77,0.0,0,1,24.444444,2
11782,5,23,4,1,24.07,0.0,54.17,8.2,0.72,20.3,0.0,0,1,24.444444,2
11783,5,24,4,1,24.07,0.0,55.91,8.0,0.6,18.81,0.0,0,1,24.444444,2
11784,5,1,5,1,24.04,0.0,58.47,3.4,0.48,10.92,0.0,0,1,24.444444,2
11785,5,2,5,1,24.06,0.0,60.58,7.7,0.6,15.77,0.0,0,1,24.444444,2
11786,5,3,5,1,24.07,0.0,60.21,13.9,0.36,24.63,0.0,0,1,24.444444,2
11787,5,4,5,1,23.95,0.0,62.39,2.9,0.96,8.08,0.0,0,1,24.444444,2
11788,5,5,5,1,24.02,0.0,64.42,8.1,1.92,14.29,0.0,0,1,24.444444,2
11789,5,6,5,1,24.03,0.0,64.48,8.5,6.6,17.84,0.0,0,1,24.444444,2
11790,5,7,5,1,24.05,0.0,63.27,9.2,19.44,26.27,61.7516,0,1,24.444444,2
11791,5,8,5,1,24.05,0.0,61.61,8.7,7.32,28.06,216.134,0,1,24.444444,2
11792,5,9,5,1,24.07,0.0,59.35,10.6,1.92,30.78,328.879,0,1,24.444444,2
11793,5,10,5,1,24.07,0.0,57.2,8.7,7.92,29.24,368.597,0,1,24.444444,2
11794,5,11,5,1,24.07,0.0,54.61,10.2,2.88,33.2,483.671,0,1,24.444444,2
11795,5,12,5,1,24.07,0.0,52.37,8.6,0.96,31.79,490.141,0,1,24.444444,2
11796,5,13,5,1,24.07,0.0,50.96,8.7,2.04,32.74,551.029,0,1,24.444444,2
11797,5,14,5,1,24.07,0.0,49.31,9.8,6.0,34.97,490.613,0,1,24.444444,2
11798,5,15,5,1,24.07,0.0,47.82,8.7,1.8,36.5,621.817,0,1,24.444444,2
11799,5,16,5,1,24.07,0.0,47.4,8.4,1.44,36.48,449.271,0,1,24.444444,2
11800,5,17,5,1,24.07,0.0,48.26,8.9,1.92,35.11,243.485,0,1,24.444444,2
11801,5,18,5,1,24.07,0.0,49.29,9.7,3.72,33.37,76.3581,0,1,24.444444,2
11802,5,19,5,1,24.07,0.0,49.76,13.6,6.6,35.31,3.67097,0,1,24.444444,2
11803,5,20,5,1,24.07,0.0,50.73,9.8,3.48,28.32,0.0,0,1,24.444444,2
11804,5,21,5,1,24.07,0.0,52.05,10.1,2.76,27.32,0.0,0,1,24.444444,2
11805,5,22,5,1,24.07,0.0,52.52,13.3,2.28,29.57,0.0,0,1,24.444444,2
11806,5,23,5,1,24.07,0.0,53.13,9.9,1.44,22.66,0.0,0,1,24.444444,2
11807,5,24,5,1,24.07,0.0,53.82,10.9,0.72,22.33,0.0,0,1,24.444444,2
11808,5,1,6,1,24.06,0.0,55.73,4.9,0.96,12.54,0.0,0,1,24.444444,2
11809,5,2,6,1,24.01,0.0,58.69,3.6,0.72,9.99,0.0,0,1,24.444444,2
11810,5,3,6,1,24.02,0.0,60.72,5.9,0.36,12.15,0.0,0,1,24.444444,2
11811,5,4,6,1,23.91,0.0,62.8,3.0,1.2,7.47,0.0,0,1,24.444444,2
11812,5,5,6,1,23.82,0.0,64.66,3.3,4.44,6.78,0.0,0,1,24.444444,2
11813,5,6,6,1,23.8,0.0,65.52,3.0,7.32,9.02,0.0,0,1,24.444444,2
11814,5,7,6,1,23.96,0.0,63.97,7.6,5.04,22.6,62.0461,0,1,24.444444,2
11815,5,8,6,1,23.99,0.0,62.42,5.3,8.28,22.74,215.063,0,1,24.444444,2
11816,5,9,6,1,24.02,0.0,60.34,5.7,6.0,24.85,386.97,0,1,24.444444,2
11817,5,10,6,1,24.04,0.0,58.13,5.7,4.32,26.41,536.985,0,1,24.444444,2
11818,5,11,6,1,24.06,0.0,55.37,7.5,1.08,27.81,652.741,0,1,24.444444,2
11819,5,12,6,1,24.07,0.0,53.47,7.3,4.08,28.0,711.708,0,1,24.444444,2
11820,5,13,6,1,24.07,0.0,53.13,5.2,4.2,27.83,531.581,0,1,24.444444,2
11821,5,14,6,1,24.07,0.0,52.35,9.8,2.64,37.62,552.627,0,1,24.444444,2
11822,5,15,6,1,24.07,0.0,50.73,9.7,0.72,40.39,625.445,0,1,24.444444,2
11823,5,16,6,1,24.07,0.0,49.19,7.8,3.0,38.8,495.226,0,1,24.444444,2
11824,5,17,6,1,24.07,0.0,48.17,10.5,1.68,42.01,326.646,0,1,24.444444,2
11825,5,18,6,1,24.07,0.0,47.88,9.2,1.68,37.37,137.313,0,1,24.444444,2
11826,5,19,6,1,24.07,0.0,48.56,9.5,1.44,31.55,14.1195,0,1,24.444444,2
11827,5,20,6,1,24.07,0.0,49.74,9.2,1.44,28.35,0.0,0,1,24.444444,2
11828,5,21,6,1,24.07,0.0,51.14,9.9,2.88,27.83,0.0,0,1,24.444444,2
11829,5,22,6,1,24.07,0.0,53.3,6.4,3.48,21.63,0.0,0,1,24.444444,2
11830,5,23,6,1,24.07,0.0,55.8,4.7,0.84,17.93,0.0,0,1,24.444444,2
11831,5,24,6,1,24.07,0.0,57.88,4.8,2.04,16.44,0.0,0,1,24.444444,2
11832,5,1,7,1,24.06,0.0,59.84,3.6,0.6,13.18,0.0,0,1,24.444444,2
11833,5,2,7,1,24.03,0.0,62.14,3.2,0.36,11.65,0.0,0,1,24.444444,2
11834,5,3,7,1,24.02,0.0,64.32,3.5,0.36,11.38,0.0,0,1,24.444444,2
11835,5,4,7,1,23.99,0.0,66.19,3.5,0.72,10.5,0.0,0,1,24.444444,2
11836,5,5,7,1,24.0,0.0,67.29,5.2,1.56,12.54,0.0,0,1,24.444444,2
11837,5,6,7,1,23.97,0.0,68.58,3.3,1.32,11.31,0.0,0,1,24.444444,2
11838,5,7,7,1,23.99,0.0,68.57,4.4,5.64,17.13,66.4671,0,1,24.444444,2
11839,5,8,7,1,24.02,0.0,66.97,4.8,11.28,21.57,199.508,0,1,24.444444,2
11840,5,9,7,1,24.04,0.0,65.27,6.0,4.2,22.5,173.543,0,1,24.444444,2
11841,5,10,7,1,24.04,0.0,63.65,3.7,12.24,21.59,327.634,0,1,24.444444,2
11842,5,11,7,1,24.05,0.0,62.57,3.5,2.76,23.76,388.439,0,1,24.444444,2
11843,5,12,7,1,24.07,0.0,60.76,5.8,6.0,29.69,529.896,0,1,24.444444,2
11844,5,13,7,1,24.07,0.0,58.87,6.0,6.72,32.04,607.295,0,1,24.444444,2
11845,5,14,7,1,24.07,0.0,55.69,10.2,5.16,40.35,567.281,0,1,24.444444,2
11846,5,15,7,1,24.07,0.0,53.01,5.1,4.44,33.71,489.033,0,1,24.444444,2
11847,5,16,7,1,24.07,0.0,51.36,4.1,3.72,33.96,479.309,0,1,24.444444,2
11848,5,17,7,1,24.07,0.0,50.86,6.6,18.24,36.72,289.954,0,1,24.444444,2
11849,5,18,7,1,24.07,0.0,51.02,6.4,4.68,33.86,121.599,0,1,24.444444,2
11850,5,19,7,1,24.07,0.0,52.63,5.0,3.24,26.69,14.3768,0,1,24.444444,2
11851,5,20,7,1,24.07,0.0,54.15,6.4,3.96,25.81,0.0,0,1,24.444444,2
11852,5,21,7,1,24.07,0.0,55.19,6.0,0.72,23.42,0.0,0,1,24.444444,2
11853,5,22,7,1,24.07,0.0,56.55,5.4,1.2,20.83,0.0,0,1,24.444444,2
11854,5,23,7,1,24.07,0.0,58.01,4.2,0.72,17.44,0.0,0,1,24.444444,2
11855,5,24,7,1,24.07,0.0,59.38,4.7,0.84,16.77,0.0,0,1,24.444444,2
11856,5,1,1,1,24.07,0.0,60.53,5.4,4.44,16.32,0.0,0,1,24.444444,2
11857,5,2,1,1,24.07,0.0,60.99,8.6,0.36,19.86,0.0,0,1,24.444444,2
11858,5,3,1,1,24.05,0.0,62.05,5.1,0.36,13.24,0.0,0,1,24.444444,2
11859,5,4,1,1,24.01,0.0,64.21,3.5,0.96,10.43,0.0,0,1,24.444444,2
11860,5,5,1,1,23.99,0.0,65.95,3.7,0.84,10.31,0.0,0,1,24.444444,2
11861,5,6,1,1,23.98,0.0,67.17,3.6,3.12,12.73,0.0,0,1,24.444444,2
11862,5,7,1,1,23.99,0.0,67.24,3.4,5.28,16.46,65.4538,0,1,24.444444,2
11863,5,8,1,1,24.01,0.0,66.5,3.9,3.12,20.3,198.813,0,1,24.444444,2
11864,5,9,1,1,24.02,0.0,64.79,3.6,11.4,23.42,357.283,0,1,24.444444,2
11865,5,10,1,1,24.05,0.0,62.04,5.3,17.64,27.14,446.261,0,1,24.444444,2
11866,5,11,1,1,24.07,0.0,59.7,5.6,5.28,28.6,465.701,0,1,24.444444,2
11867,5,12,1,1,24.07,0.0,58.36,4.2,3.84,28.74,580.846,0,1,24.444444,2
11868,5,13,1,1,24.07,0.0,57.09,4.5,11.16,31.2,603.824,0,1,24.444444,2
11869,5,14,1,1,24.07,0.0,54.3,8.6,1.32,39.0,608.721,0,1,24.444444,2
11870,5,15,1,1,24.07,0.0,52.74,4.4,15.72,34.74,618.207,0,1,24.444444,2
11871,5,16,1,1,24.07,0.0,52.41,4.1,11.52,35.53,472.843,0,1,24.444444,2
11872,5,17,1,1,24.07,0.0,52.57,5.0,7.2,35.59,253.017,0,1,24.444444,2
11873,5,18,1,1,24.08,0.0,51.49,13.7,7.68,46.01,129.583,0,1,24.444444,2
11874,5,19,1,1,24.07,0.0,51.32,6.8,3.48,30.32,13.1158,0,1,24.444444,2
11875,5,20,1,1,24.07,0.0,52.09,6.9,2.28,27.48,0.0,0,1,24.444444,2
11876,5,21,1,1,24.07,0.0,52.64,5.9,4.32,24.31,0.0,0,1,24.444444,2
11877,5,22,1,1,24.07,0.0,54.13,3.9,2.64,19.57,0.0,0,1,24.444444,2
11878,5,23,1,1,24.07,0.0,56.93,3.6,2.52,17.77,0.0,0,1,24.444444,2
11879,5,24,1,1,24.07,0.0,59.44,5.0,0.24,18.96,0.0,0,1,24.444444,2
11880,5,1,2,1,24.07,0.0,62.15,3.4,0.6,15.35,0.0,0,1,24.444444,2
11881,5,2,2,1,24.06,0.0,65.14,3.8,0.12,15.3,0.0,0,1,24.444444,2
11882,5,3,2,1,24.06,0.0,66.91,5.1,0.72,16.8,0.0,0,1,24.444444,2
11883,5,4,2,1,24.05,0.0,67.71,4.7,0.48,15.34,0.0,0,1,24.444444,2
11884,5,5,2,1,24.05,0.0,68.76,5.1,4.32,15.8,0.0,0,1,24.444444,2
11885,5,6,2,1,24.03,0.0,70.04,3.4,6.6,13.48,0.0,0,1,24.444444,2
11886,5,7,2,1,24.04,0.0,70.03,4.8,19.8,18.64,64.5342,0,1,24.444444,2
11887,5,8,2,1,24.05,0.0,68.59,5.3,10.2,22.73,169.55,0,1,24.444444,2
11888,5,9,2,1,24.05,0.0,66.45,5.4,3.6,27.22,323.897,0,1,24.444444,2
11889,5,10,2,1,24.07,0.0,63.86,4.6,7.8,29.09,468.365,0,1,24.444444,2
11890,5,11,2,1,24.07,0.0,62.18,4.7,1.8,31.57,484.701,0,1,24.444444,2
11891,5,12,2,1,24.07,0.0,60.4,3.8,2.16,31.27,521.017,0,1,24.444444,2
11892,5,13,2,1,24.07,0.0,58.48,5.1,2.04,34.62,585.967,0,1,24.444444,2
11893,5,14,2,1,24.07,0.0,56.74,10.0,2.04,41.69,373.543,0,1,24.444444,2
11894,5,15,2,1,24.07,0.0,56.21,4.3,2.28,32.27,326.462,0,1,24.444444,2
11895,5,16,2,1,24.07,0.0,56.82,4.3,3.24,29.56,209.195,0,1,24.444444,2
11896,5,17,2,1,24.07,0.0,57.43,4.2,2.16,24.33,19.7925,0,1,24.444444,2
11897,5,18,2,1,24.07,0.0,56.76,9.5,4.32,32.83,77.944,0,1,24.444444,2
11898,5,19,2,1,24.07,0.0,56.14,7.3,4.8,26.22,13.4632,0,1,24.444444,2
11899,5,20,2,1,24.07,0.0,56.29,7.8,7.32,25.3,0.0,0,1,24.444444,2
11900,5,21,2,1,24.07,0.0,57.01,6.6,3.0,22.14,0.0,0,1,24.444444,2
11901,5,22,2,1,24.07,0.0,57.94,8.7,1.32,23.92,0.0,0,1,24.444444,2
11902,5,23,2,1,24.07,0.0,59.44,5.7,4.08,18.23,0.0,0,1,24.444444,2
11903,5,24,2,1,24.07,0.0,61.74,4.4,1.44,15.72,0.0,0,1,24.444444,2
11904,5,1,3,1,24.05,0.0,64.38,3.3,0.6,13.99,0.0,0,1,24.444444,2
11905,5,2,3,1,24.04,0.0,67.17,3.7,0.24,14.6,0.0,0,1,24.444444,2
11906,5,3,3,1,24.04,0.0,69.2,3.5,0.0,14.35,0.0,0,1,24.444444,2
11907,5,4,3,1,24.03,0.0,70.5,3.6,0.12,14.3,0.0,0,1,24.444444,2
11908,5,5,3,1,24.02,0.0,71.55,3.2,2.88,13.43,0.0,0,1,24.444444,2
11909,5,6,3,1,24.02,0.0,72.32,3.2,2.76,16.37,0.0,0,1,24.444444,2
11910,5,7,3,1,24.05,0.0,70.69,7.1,33.0,26.72,53.4554,0,1,24.444444,2
11911,5,8,3,1,24.05,0.0,68.27,5.1,7.56,25.48,190.075,0,1,24.444444,2
11912,5,9,3,1,24.06,0.0,66.58,5.7,9.48,28.19,305.951,0,1,24.444444,2
11913,5,10,3,1,24.07,0.0,65.5,4.7,4.8,29.22,429.033,0,1,24.444444,2
11914,5,11,3,1,24.07,0.0,64.07,4.4,4.8,30.5,508.253,0,1,24.444444,2
11915,5,12,3,1,24.07,0.0,62.69,3.6,3.6,30.44,491.436,0,1,24.444444,2
11916,5,13,3,1,24.07,0.0,61.01,2.9,0.36,29.92,470.358,0,1,24.444444,2
11917,5,14,3,1,24.07,0.0,58.43,9.7,1.92,37.05,190.188,0,1,24.444444,2
11918,5,15,3,1,24.07,0.0,57.06,3.6,1.08,28.01,146.668,0,1,24.444444,2
11919,5,16,3,1,24.07,0.0,56.43,4.3,3.6,34.25,357.11,0,1,24.444444,2
11920,5,17,3,1,24.07,0.0,55.46,7.4,1.92,39.34,283.46,0,1,24.444444,2
11921,5,18,3,1,24.07,0.0,55.65,5.6,4.32,31.95,77.0483,0,1,24.444444,2
11922,5,19,3,1,24.07,0.0,56.29,5.8,6.48,28.05,3.64955,0,1,24.444444,2
11923,5,20,3,1,24.07,0.0,56.33,8.9,3.36,30.28,0.0,0,1,24.444444,2
11924,5,21,3,1,24.07,0.0,56.23,9.5,5.04,29.17,0.0,0,1,24.444444,2
11925,5,22,3,1,24.07,0.0,56.42,7.0,1.44,23.71,0.0,0,1,24.444444,2
11926,5,23,3,1,24.07,0.0,56.9,5.0,2.52,19.89,0.0,0,1,24.444444,2
11927,5,24,3,1,24.07,0.0,56.65,5.0,3.96,18.66,0.0,0,1,24.444444,2
11928,5,1,4,1,24.07,0.0,57.33,3.0,0.48,14.15,0.0,0,1,24.444444,2
11929,5,2,4,1,24.06,0.0,58.8,4.3,0.36,14.43,0.0,0,1,24.444444,2
11930,5,3,4,1,24.03,0.0,60.79,3.0,0.24,11.13,0.0,0,1,24.444444,2
11931,5,4,4,1,24.03,0.0,62.34,4.4,0.6,12.62,0.0,0,1,24.444444,2
11932,5,5,4,1,24.01,0.0,63.97,3.5,1.68,11.37,0.0,0,1,24.444444,2
11933,5,6,4,1,24.02,0.0,66.07,4.4,12.72,14.13,0.0,0,1,24.444444,2
11934,5,7,4,1,24.05,0.0,66.15,8.0,17.4,22.39,68.0818,0,1,24.444444,2
11935,5,8,4,1,24.06,0.0,64.3,8.0,6.24,25.56,186.472,0,1,24.444444,2
11936,5,9,4,1,24.06,0.0,62.32,5.7,3.84,26.33,380.418,0,1,24.444444,2
11937,5,10,4,1,24.07,0.0,60.65,7.5,4.68,30.47,459.144,0,1,24.444444,2
11938,5,11,4,1,24.07,0.0,58.84,8.3,1.44,33.12,587.634,0,1,24.444444,2
11939,5,12,4,1,24.07,0.0,57.94,7.2,1.32,33.23,641.558,0,1,24.444444,2
11940,5,13,4,1,24.07,0.0,57.07,9.5,1.44,39.3,630.969,0,1,24.444444,2
11941,5,14,4,1,24.07,0.0,55.28,9.8,3.24,40.67,536.165,0,1,24.444444,2
11942,5,15,4,1,24.07,0.0,53.15,8.9,2.16,40.15,454.712,0,1,24.444444,2
11943,5,16,4,1,24.07,0.0,50.85,11.0,6.12,42.37,366.646,0,1,24.444444,2
11944,5,17,4,1,24.07,0.0,50.31,9.2,1.8,37.92,206.54,0,1,24.444444,2
11945,5,18,4,1,24.07,0.0,50.69,9.2,3.84,37.32,104.725,0,1,24.444444,2
11946,5,19,4,1,24.07,0.0,51.69,10.9,5.88,35.53,14.7204,0,1,24.444444,2
11947,5,20,4,1,24.07,0.0,53.02,9.1,3.12,30.61,0.0,0,1,24.444444,2
11948,5,21,4,1,24.07,0.0,53.83,10.0,3.48,30.57,0.0,0,1,24.444444,2
11949,5,22,4,1,24.07,0.0,53.72,11.6,11.04,30.38,0.0,0,1,24.444444,2
11950,5,23,4,1,24.07,0.0,54.5,8.1,0.84,23.26,0.0,0,1,24.444444,2
11951,5,24,4,1,24.07,0.0,55.86,7.2,0.48,20.36,0.0,0,1,24.444444,2
11952,5,1,5,1,24.07,0.0,56.89,9.5,0.36,22.27,0.0,0,1,24.444444,2
11953,5,2,5,1,24.07,0.0,57.88,9.0,0.36,20.55,0.0,0,1,24.444444,2
11954,5,3,5,1,24.07,0.0,59.22,9.6,0.72,21.64,0.0,0,1,24.444444,2
11955,5,4,5,1,24.04,0.0,62.02,3.0,0.24,11.53,0.0,0,1,24.444444,2
11956,5,5,5,1,24.07,0.0,63.58,9.1,2.28,20.1,0.0,0,1,24.444444,2
11957,5,6,5,1,24.07,0.0,63.05,10.9,5.76,25.94,0.0,0,1,24.444444,2
11958,5,7,5,1,24.07,0.0,62.87,8.9,19.8,25.87,62.8748,0,1,24.444444,2
11959,5,8,5,1,24.07,0.0,62.68,8.8,16.32,24.86,135.004,0,1,24.444444,2
11960,5,9,5,1,24.07,0.0,61.67,8.0,2.64,25.23,208.201,0,1,24.444444,2
11961,5,10,5,1,24.07,0.0,60.18,8.4,6.84,28.92,273.597,0,1,24.444444,2
11962,5,11,5,1,24.07,0.0,58.79,9.2,1.2,33.63,422.312,0,1,24.444444,2
11963,5,12,5,1,24.07,0.0,57.24,8.3,3.84,33.93,501.305,0,1,24.444444,2
11964,5,13,5,1,24.07,0.0,55.5,10.4,1.92,38.14,490.412,0,1,24.444444,2
11965,5,14,5,1,24.07,0.0,54.17,10.1,1.44,39.24,482.569,0,1,24.444444,2
11966,5,15,5,1,24.07,0.0,53.39,9.0,1.32,40.18,478.694,0,1,24.444444,2
11967,5,16,5,1,24.07,0.0,53.02,9.0,3.0,40.08,320.9,0,1,24.444444,2
11968,5,17,5,1,24.07,0.0,53.12,10.5,4.68,41.2,183.886,0,1,24.444444,2
11969,5,18,5,1,24.07,0.0,53.87,9.6,2.28,38.65,95.7394,0,1,24.444444,2
11970,5,19,5,1,24.07,0.0,54.62,10.1,6.6,35.49,12.6794,0,1,24.444444,2
11971,5,20,5,1,24.07,0.0,54.97,10.2,4.08,33.41,0.0,0,1,24.444444,2
11972,5,21,5,1,24.07,0.0,54.71,14.1,5.04,37.22,0.0,0,1,24.444444,2
11973,5,22,5,1,24.07,0.0,55.05,11.9,2.04,32.29,0.0,0,1,24.444444,2
11974,5,23,5,1,24.07,0.0,56.13,11.3,3.84,30.22,0.0,0,1,24.444444,2
11975,5,24,5,1,24.07,0.0,57.13,11.2,0.6,28.75,0.0,0,1,24.444444,2
11976,5,1,6,1,24.07,0.0,59.3,3.7,1.68,15.87,0.0,0,1,24.444444,2
11977,5,2,6,1,24.07,0.0,61.67,6.5,0.24,19.66,0.0,0,1,24.444444,2
11978,5,3,6,1,24.07,0.0,63.26,5.0,0.24,16.26,0.0,0,1,24.444444,2
11979,5,4,6,1,24.07,0.0,64.79,6.1,0.72,17.32,0.0,0,1,24.444444,2
11980,5,5,6,1,24.04,0.0,67.1,3.2,1.92,12.37,0.0,0,1,24.444444,2
11981,5,6,6,1,24.05,0.0,68.2,6.1,6.72,20.45,0.0,0,1,24.444444,2
11982,5,7,6,1,24.06,0.0,67.18,6.2,10.56,25.49,64.4265,0,1,24.444444,2
11983,5,8,6,1,24.06,0.0,66.16,6.3,7.32,25.43,155.078,0,1,24.444444,2
11984,5,9,6,1,24.06,0.0,65.05,3.4,4.56,24.58,311.557,0,1,24.444444,2
11985,5,10,6,1,24.07,0.0,63.21,6.4,2.28,28.75,319.075,0,1,24.444444,2
11986,5,11,6,1,24.07,0.0,62.04,4.1,4.2,22.15,255.232,0,1,24.444444,2
11987,5,12,6,1,24.07,0.0,60.8,8.5,2.52,30.66,328.23,0,1,24.444444,2
11988,5,13,6,1,24.07,0.0,59.92,6.3,3.48,28.67,420.775,0,1,24.444444,2
11989,5,14,6,1,24.07,0.0,59.42,10.3,0.96,31.66,174.832,0,1,24.444444,2
11990,5,15,6,1,24.07,0.0,58.34,9.7,1.68,26.9,177.521,0,1,24.444444,2
11991,5,16,6,1,24.07,0.0,57.79,8.4,3.6,21.57,56.7681,0,1,24.444444,2
11992,5,17,6,1,24.07,0.0,57.37,11.1,3.84,25.64,84.8031,0,1,24.444444,2
11993,5,18,6,1,24.07,0.0,58.24,8.6,1.08,21.19,56.74,0,1,24.444444,2
11994,5,19,6,1,24.07,0.0,58.84,10.7,6.24,22.08,4.63256,0,1,24.444444,2
11995,5,20,6,1,24.07,0.0,60.07,9.0,2.4,18.25,0.0,0,1,24.444444,2
11996,5,21,6,1,24.06,0.0,62.45,7.5,1.68,15.54,0.0,0,1,24.444444,2
11997,5,22,6,1,24.04,0.0,65.0,7.1,1.08,14.29,0.0,0,1,24.444444,2
11998,5,23,6,1,24.01,0.0,66.85,5.4,2.52,11.38,0.0,0,1,24.444444,2
11999,5,24,6,1,24.02,0.0,67.79,7.3,1.92,14.41,0.0,0,1,24.444444,2
12000,5,1,7,1,23.94,0.0,70.37,3.2,0.12,9.25,0.0,0,1,24.444444,2
12001,5,2,7,1,23.89,0.0,73.22,3.3,0.84,9.2,0.0,0,1,24.444444,2
12002,5,3,7,1,23.85,0.0,74.58,3.4,0.36,8.98,0.0,0,1,24.444444,2
12003,5,4,7,1,23.84,0.0,75.47,3.4,0.12,9.19,0.0,0,1,24.444444,2
12004,5,5,7,1,23.95,0.0,74.85,6.9,1.08,14.33,0.0,0,1,24.444444,2
12005,5,6,7,1,23.9,0.0,75.42,3.1,3.24,10.1,0.0,0,1,24.444444,2
12006,5,7,7,1,23.98,0.0,74.9,6.3,5.88,18.53,66.7774,0,1,24.444444,2
12007,5,8,7,1,24.02,0.0,72.85,6.4,10.08,22.68,175.137,0,1,24.444444,2
12008,5,9,7,1,24.03,0.0,70.38,4.7,9.24,23.88,276.098,0,1,24.444444,2
12009,5,10,7,1,24.04,0.0,67.27,5.4,4.44,29.56,442.186,0,1,24.444444,2
12010,5,11,7,1,24.06,0.0,65.68,3.9,5.28,28.03,612.017,0,1,24.444444,2
12011,5,12,7,1,24.07,0.0,64.81,4.2,6.24,30.69,582.979,0,1,24.444444,2
12012,5,13,7,1,24.07,0.0,63.41,5.1,6.48,33.82,693.356,0,1,24.444444,2
12013,5,14,7,1,24.08,0.0,60.5,12.6,12.0,47.76,548.193,0,1,24.444444,2
12014,5,15,7,1,24.07,0.0,57.93,7.8,2.16,40.26,508.204,0,1,24.444444,2
12015,5,16,7,1,24.07,0.0,58.36,4.8,3.72,34.07,240.104,0,1,24.444444,2
12016,5,17,7,1,24.07,0.0,58.49,6.5,5.88,40.09,243.361,0,1,24.444444,2
12017,5,18,7,1,24.07,0.0,58.32,4.6,4.92,37.04,141.319,0,1,24.444444,2
12018,5,19,7,1,24.07,0.0,58.91,5.2,4.44,31.06,18.4955,0,1,24.444444,2
12019,5,20,7,1,24.07,0.0,60.23,5.8,4.32,29.01,0.0,0,1,24.444444,2
12020,5,21,7,1,24.07,0.0,60.57,9.8,3.24,34.1,0.0,0,1,24.444444,2
12021,5,22,7,1,24.07,0.0,61.05,8.1,1.08,29.68,0.0,0,1,24.444444,2
12022,5,23,7,1,24.07,0.0,63.12,3.9,0.84,21.63,0.0,0,1,24.444444,2
12023,5,24,7,1,24.07,0.0,65.55,4.5,2.76,22.16,0.0,0,1,24.444444,2
12024,5,1,1,1,24.07,0.0,67.19,4.9,0.36,22.29,0.0,0,1,24.444444,2
12025,5,2,1,1,24.07,0.0,67.34,8.0,1.2,27.1,0.0,0,1,24.444444,2
12026,5,3,1,1,24.07,0.0,68.41,3.4,0.24,18.04,0.0,0,1,24.444444,2
12027,5,4,1,1,24.06,0.0,70.6,3.7,0.48,18.58,0.0,0,1,24.444444,2
12028,5,5,1,1,24.07,0.0,70.95,5.8,0.48,21.83,0.0,0,1,24.444444,2
12029,5,6,1,1,24.06,0.0,71.49,3.2,4.32,17.55,0.0,0,1,24.444444,2
12030,5,7,1,1,24.05,0.0,71.57,3.7,9.24,22.03,71.4308,0,1,24.444444,2
12031,5,8,1,1,24.06,0.0,70.12,5.2,6.0,27.09,179.384,0,1,24.444444,2
12032,5,9,1,1,24.07,0.0,67.93,4.4,6.36,27.79,286.121,0,1,24.444444,2
12033,5,10,1,1,24.07,0.0,65.57,4.4,10.8,30.85,399.833,0,1,24.444444,2
12034,5,11,1,1,24.07,0.0,63.22,5.2,9.0,32.96,430.954,0,1,24.444444,2
12035,5,12,1,1,24.07,0.0,61.34,4.5,6.48,32.35,525.295,0,1,24.444444,2
12036,5,13,1,1,24.07,0.0,60.59,5.0,6.6,34.55,528.125,0,1,24.444444,2
12037,5,14,1,1,24.07,0.0,59.1,9.4,0.84,43.43,690.48,0,1,24.444444,2
12038,5,15,1,1,24.07,0.0,58.17,4.4,8.4,39.66,619.657,0,1,24.444444,2
12039,5,16,1,1,24.07,0.0,57.73,4.0,3.96,40.99,491.044,0,1,24.444444,2
12040,5,17,1,1,24.07,0.0,57.05,6.0,9.12,43.96,325.245,0,1,24.444444,2
12041,5,18,1,1,24.07,0.0,56.38,8.6,7.68,44.78,141.68,0,1,24.444444,2
12042,5,19,1,1,24.07,0.0,57.31,4.2,6.12,31.02,19.2057,0,1,24.444444,2
12043,5,20,1,1,24.07,0.0,58.64,8.0,2.04,33.52,0.0,0,1,24.444444,2
12044,5,21,1,1,24.07,0.0,59.85,5.0,1.32,27.46,0.0,0,1,24.444444,2
12045,5,22,1,1,24.07,0.0,61.52,5.4,2.52,26.89,0.0,0,1,24.444444,2
12046,5,23,1,1,24.07,0.0,63.3,4.2,1.2,23.47,0.0,0,1,24.444444,2
12047,5,24,1,1,24.07,0.0,64.62,5.5,0.24,24.54,0.0,0,1,24.444444,2
12048,5,1,2,1,24.07,0.0,66.38,3.6,1.2,19.91,0.0,0,1,24.444444,2
12049,5,2,2,1,24.07,0.0,67.91,4.9,0.84,21.27,0.0,0,1,24.444444,2
12050,5,3,2,1,24.07,0.0,68.94,3.2,0.48,17.3,0.0,0,1,24.444444,2
12051,5,4,2,1,24.07,0.0,69.7,5.0,0.36,19.92,0.0,0,1,24.444444,2
12052,5,5,2,1,24.07,0.0,69.57,6.2,1.8,21.18,0.0,0,1,24.444444,2
12053,5,6,2,1,24.06,0.0,69.66,3.8,3.48,20.68,0.0,0,1,24.444444,2
12054,5,7,2,1,24.06,0.0,68.77,4.5,19.56,27.75,64.6393,0,1,24.444444,2
12055,5,8,2,1,24.07,0.0,67.05,4.7,8.4,29.09,203.811,0,1,24.444444,2
12056,5,9,2,1,24.08,0.0,63.89,7.2,4.68,35.51,366.371,0,1,24.444444,2
12057,5,10,2,1,24.07,0.0,61.97,3.9,4.8,31.28,471.421,0,1,24.444444,2
12058,5,11,2,1,24.07,0.0,61.37,4.5,1.56,34.43,496.397,0,1,24.444444,2
12059,5,12,2,1,24.07,0.0,60.35,4.0,0.84,34.3,570.662,0,1,24.444444,2
12060,5,13,2,1,24.08,0.0,59.69,6.0,3.6,31.76,370.961,0,1,24.444444,2
12061,5,14,2,1,24.07,0.0,59.22,8.2,1.92,29.32,112.522,0,1,24.444444,2
12062,5,15,2,1,24.07,0.0,59.52,3.6,1.68,17.46,46.017,0,1,24.444444,2
12063,5,16,2,1,24.07,0.0,60.35,3.9,2.52,16.38,54.6284,0,1,24.444444,2
12064,5,17,2,1,24.07,0.0,60.65,7.9,2.88,22.58,77.3733,0,1,24.444444,2
12065,5,18,2,1,24.07,0.0,60.59,7.2,4.44,22.21,82.117,0,1,24.444444,2
12066,5,19,2,1,24.07,0.0,60.94,6.4,6.96,18.81,11.9061,0,1,24.444444,2
12067,5,20,2,1,24.07,0.0,61.78,8.2,11.04,19.62,0.0,0,1,24.444444,2
12068,5,21,2,1,24.07,0.0,62.66,7.4,8.52,17.15,0.0,0,1,24.444444,2
12069,5,22,2,1,24.07,0.0,63.33,7.7,1.56,16.47,0.0,0,1,24.444444,2
12070,5,23,2,1,24.03,0.0,64.39,5.3,1.2,11.8,0.0,0,1,24.444444,2
12071,5,24,2,1,24.01,0.0,65.42,5.0,1.08,11.1,0.0,0,1,24.444444,2
12072,5,1,3,1,23.96,0.0,67.22,3.6,0.48,9.24,0.0,0,1,24.444444,2
12073,5,2,3,1,23.95,0.0,69.04,4.4,0.36,10.39,0.0,0,1,24.444444,2
12074,5,3,3,1,23.95,0.0,70.13,4.8,0.24,10.87,0.0,0,1,24.444444,2
12075,5,4,3,1,23.92,0.0,71.18,4.0,0.24,9.7,0.0,0,1,24.444444,2
12076,5,5,3,1,23.88,0.0,71.99,3.6,1.68,9.14,0.0,0,1,24.444444,2
12077,5,6,3,1,23.94,0.0,70.95,5.6,9.96,15.89,0.0,0,1,24.444444,2
12078,5,7,3,1,23.99,0.0,68.31,7.1,18.6,25.09,64.0594,0,1,24.444444,2
12079,5,8,3,1,24.0,0.0,65.6,4.5,10.56,23.61,213.386,0,1,24.444444,2
12080,5,9,3,1,24.02,0.0,63.2,5.2,6.84,25.92,371.814,0,1,24.444444,2
12081,5,10,3,1,24.03,0.0,61.36,5.2,9.12,26.57,507.408,0,1,24.444444,2
12082,5,11,3,1,24.05,0.0,60.85,4.7,4.56,26.37,640.619,0,1,24.444444,2
12083,5,12,3,1,24.07,0.0,59.99,7.3,2.04,33.12,639.808,0,1,24.444444,2
12084,5,13,3,1,24.07,0.0,58.73,3.4,1.32,29.82,651.908,0,1,24.444444,2
12085,5,14,3,1,24.07,0.0,56.48,10.1,1.68,42.4,669.458,0,1,24.444444,2
12086,5,15,3,1,24.07,0.0,55.17,5.0,0.84,34.08,489.339,0,1,24.444444,2
12087,5,16,3,1,24.08,0.0,55.68,4.0,1.92,25.74,131.241,0,1,24.444444,2
12088,5,17,3,1,24.07,0.0,55.72,7.7,2.52,29.1,59.5543,0,1,24.444444,2
12089,5,18,3,1,24.07,0.0,56.04,5.4,4.92,26.48,49.0794,0,1,24.444444,2
12090,5,19,3,1,24.07,0.0,56.45,6.3,4.68,26.04,4.53322,0,1,24.444444,2
12091,5,20,3,1,24.07,0.0,56.34,8.9,3.48,27.68,0.0,0,1,24.444444,2
12092,5,21,3,1,24.07,0.0,56.38,8.5,5.88,25.43,0.0,0,1,24.444444,2
12093,5,22,3,1,24.07,0.0,57.0,9.5,1.68,25.46,0.0,0,1,24.444444,2
12094,5,23,3,1,24.07,0.0,58.63,5.2,0.6,17.46,0.0,0,1,24.444444,2
12095,5,24,3,1,24.07,0.0,60.89,5.2,0.48,16.4,0.0,0,1,24.444444,2
12096,5,1,4,1,24.06,0.0,62.84,4.6,0.72,14.4,0.0,0,1,24.444444,2
12097,5,2,4,1,24.04,0.0,64.94,4.6,0.36,13.53,0.0,0,1,24.444444,2
12098,5,3,4,1,24.0,0.0,67.9,3.1,0.6,10.86,0.0,0,1,24.444444,2
12099,5,4,4,1,23.99,0.0,70.14,3.7,0.36,11.41,0.0,0,1,24.444444,2
12100,5,5,4,1,23.95,0.0,71.8,3.0,3.72,10.04,0.0,0,1,24.444444,2
12101,5,6,4,1,23.97,0.0,72.07,3.8,11.16,15.96,0.0,0,1,24.444444,2
12102,5,7,4,1,24.04,0.01,69.22,8.7,9.72,31.9,63.6082,0,1,24.444444,2
12103,5,8,4,1,24.24,0.16,64.14,13.5,8.28,38.77,214.257,0,1,24.444444,2
12104,5,9,4,1,24.17,0.1,62.05,7.5,6.0,32.38,384.835,0,1,24.444444,2
12105,5,10,4,1,24.13,0.05,59.95,9.0,7.68,35.23,524.253,0,1,24.444444,2
12106,5,11,4,1,24.07,0.0,58.18,9.4,4.2,36.38,412.919,0,1,24.444444,2
12107,5,12,4,1,24.07,0.0,56.07,8.6,5.28,37.01,529.046,0,1,24.444444,2
12108,5,13,4,1,24.07,0.0,54.3,11.0,2.4,42.14,510.62,0,1,24.444444,2
12109,5,14,4,1,24.07,0.0,53.25,10.2,2.16,41.67,584.071,0,1,24.444444,2
12110,5,15,4,1,24.07,0.0,52.49,9.1,1.08,40.73,562.202,0,1,24.444444,2
12111,5,16,4,1,24.07,0.0,52.68,7.9,3.0,39.08,356.07,0,1,24.444444,2
12112,5,17,4,1,24.07,0.0,53.48,9.0,0.84,37.18,133.335,0,1,24.444444,2
12113,5,18,4,1,24.07,0.0,54.33,8.8,2.04,38.39,109.741,0,1,24.444444,2
12114,5,19,4,1,24.07,0.0,55.22,9.1,4.08,34.24,17.8289,0,1,24.444444,2
12115,5,20,4,1,24.07,0.0,56.34,9.7,5.64,31.3,0.0,0,1,24.444444,2
12116,5,21,4,1,24.07,0.0,57.33,8.1,2.4,27.61,0.0,0,1,24.444444,2
12117,5,22,4,1,24.07,0.0,58.3,9.7,4.2,28.61,0.0,0,1,24.444444,2
12118,5,23,4,1,24.07,0.0,59.65,7.7,1.44,24.2,0.0,0,1,24.444444,2
12119,5,24,4,1,24.07,0.0,60.83,8.7,0.24,25.07,0.0,0,1,24.444444,2
12120,5,1,5,1,24.06,0.0,62.97,2.9,0.72,14.36,0.0,0,1,24.444444,2
12121,5,2,5,1,24.07,0.0,64.11,7.7,0.0,21.1,0.0,0,1,24.444444,2
12122,5,3,5,1,24.07,0.0,63.64,9.4,0.36,22.27,0.0,0,1,24.444444,2
12123,5,4,5,1,24.05,0.0,64.76,4.8,1.08,13.95,0.0,0,1,24.444444,2
12124,5,5,5,1,24.07,0.0,65.5,9.8,2.28,22.06,0.0,0,1,24.444444,2
12125,5,6,5,1,24.07,0.0,64.19,10.2,6.48,26.82,0.0,0,1,24.444444,2
12126,5,7,5,1,24.07,0.0,62.62,10.4,21.36,33.6,63.3994,0,1,24.444444,2
12127,5,8,5,1,24.08,0.0,60.99,8.9,9.24,32.82,206.952,0,1,24.444444,2
12128,5,9,5,1,24.13,0.06,58.81,10.3,8.16,36.17,381.376,0,1,24.444444,2
12129,5,10,5,1,24.12,0.04,57.89,9.9,5.16,36.73,532.549,0,1,24.444444,2
12130,5,11,5,1,24.07,0.0,57.44,10.5,4.2,37.2,633.011,0,1,24.444444,2
12131,5,12,5,1,24.07,0.0,56.54,8.6,2.4,34.46,626.563,0,1,24.444444,2
12132,5,13,5,1,24.07,0.0,54.89,8.9,0.84,38.28,603.198,0,1,24.444444,2
12133,5,14,5,1,24.07,0.0,53.3,9.5,2.52,42.29,534.562,0,1,24.444444,2
12134,5,15,5,1,24.08,0.0,53.12,8.0,3.84,34.24,282.443,0,1,24.444444,2
12135,5,16,5,1,24.08,0.0,53.51,8.2,4.08,27.21,81.8898,0,1,24.444444,2
12136,5,17,5,1,24.07,0.0,53.85,9.2,3.0,25.58,44.2278,0,1,24.444444,2
12137,5,18,5,1,24.07,0.0,54.75,9.8,2.52,26.47,16.7908,0,1,24.444444,2
12138,5,19,5,1,24.07,0.0,56.02,9.2,4.68,24.2,0.0,0,1,24.444444,2
12139,5,20,5,1,24.07,0.0,57.55,9.5,5.04,23.32,0.0,0,1,24.444444,2
12140,5,21,5,1,24.07,0.0,57.39,14.4,2.28,29.68,0.0,0,1,24.444444,2
12141,5,22,5,1,24.07,0.0,57.86,9.9,1.56,21.07,0.0,0,1,24.444444,2
12142,5,23,5,1,24.07,0.0,59.06,10.0,0.96,20.75,0.0,0,1,24.444444,2
12143,5,24,5,1,24.07,0.0,59.36,12.7,2.16,24.92,0.0,0,1,24.444444,2
12144,5,1,6,1,24.04,0.0,61.56,5.1,0.0,12.52,0.0,0,1,24.444444,2
12145,5,2,6,1,24.01,0.0,64.76,4.8,0.48,11.24,0.0,0,1,24.444444,2
12146,5,3,6,1,23.91,0.0,66.86,3.1,0.12,8.56,0.0,0,1,24.444444,2
12147,5,4,6,1,23.92,0.0,67.54,4.9,0.48,10.09,0.0,0,1,24.444444,2
12148,5,5,6,1,23.89,0.0,67.41,4.5,0.48,8.8,0.0,0,1,24.444444,2
12149,5,6,6,1,23.85,0.0,66.68,4.8,6.6,8.41,0.0,0,1,24.444444,2
12150,5,7,6,1,23.94,0.0,64.56,8.2,6.12,11.89,48.6462,0,1,24.444444,2
12151,5,8,6,1,23.93,0.0,62.66,6.3,6.72,11.18,167.448,0,1,24.444444,2
12152,5,9,6,1,23.91,0.0,60.72,5.0,7.56,13.17,340.815,0,1,24.444444,2
12153,5,10,6,1,23.95,0.0,57.91,5.8,1.2,15.61,466.904,0,1,24.444444,2
12154,5,11,6,1,23.97,0.0,56.29,4.6,3.36,13.92,635.032,0,1,24.444444,2
12155,5,12,6,1,24.03,0.0,55.24,8.3,2.76,19.4,711.106,0,1,24.444444,2
12156,5,13,6,1,24.03,0.0,55.19,4.6,1.44,16.77,717.198,0,1,24.444444,2
12157,5,14,6,1,24.07,0.0,53.92,10.3,2.28,29.22,675.279,0,1,24.444444,2
12158,5,15,6,1,24.07,0.0,52.01,9.9,1.2,34.02,599.044,0,1,24.444444,2
12159,5,16,6,1,24.07,0.0,51.46,4.4,1.2,29.66,484.691,0,1,24.444444,2
12160,5,17,6,1,24.07,0.0,51.2,8.3,1.32,35.86,282.259,0,1,24.444444,2
12161,5,18,6,1,24.07,0.0,50.79,8.6,2.76,35.32,129.985,0,1,24.444444,2
12162,5,19,6,1,24.07,0.0,50.83,9.7,3.48,32.34,18.013,0,1,24.444444,2
12163,5,20,6,1,24.07,0.0,51.35,10.4,0.72,29.87,0.0,0,1,24.444444,2
12164,5,21,6,1,24.07,0.0,52.56,7.8,1.8,24.93,0.0,0,1,24.444444,2
12165,5,22,6,1,24.07,0.0,53.93,7.2,2.16,22.57,0.0,0,1,24.444444,2
12166,5,23,6,1,24.07,0.0,55.78,4.9,0.96,18.07,0.0,0,1,24.444444,2
12167,5,24,6,1,24.07,0.0,57.69,4.8,1.2,16.54,0.0,0,1,24.444444,2
12168,5,1,7,1,24.07,0.0,59.23,5.1,0.72,15.63,0.0,0,1,24.444444,2
12169,5,2,7,1,24.06,0.0,60.59,4.8,0.36,14.23,0.0,0,1,24.444444,2
12170,5,3,7,1,24.03,0.0,62.1,3.6,0.72,10.97,0.0,0,1,24.444444,2
12171,5,4,7,1,23.99,0.0,63.5,3.2,0.48,9.49,0.0,0,1,24.444444,2
12172,5,5,7,1,23.96,0.0,65.21,3.5,0.96,9.66,0.0,0,1,24.444444,2
12173,5,6,7,1,23.99,0.0,65.52,4.4,2.28,15.85,0.0,0,1,24.444444,2
12174,5,7,7,1,24.0,0.0,64.65,3.3,7.68,21.17,64.5661,0,1,24.444444,2
12175,5,8,7,1,24.02,0.0,62.73,4.0,4.68,24.97,214.969,0,1,24.444444,2
12176,5,9,7,1,24.04,0.0,59.98,5.1,11.64,27.93,390.307,0,1,24.444444,2
12177,5,10,7,1,24.05,0.0,57.9,3.9,12.72,26.44,540.67,0,1,24.444444,2
12178,5,11,7,1,24.06,0.0,56.63,3.6,3.84,26.26,539.734,0,1,24.444444,2
12179,5,12,7,1,24.07,0.0,54.97,6.3,5.76,31.19,453.404,0,1,24.444444,2
12180,5,13,7,1,24.07,0.0,53.98,7.5,3.12,33.42,336.316,0,1,24.444444,2
12181,5,14,7,1,24.07,0.0,53.38,10.3,9.12,40.46,394.891,0,1,24.444444,2
12182,5,15,7,1,24.07,0.0,53.39,6.0,5.16,36.53,524.423,0,1,24.444444,2
12183,5,16,7,1,24.07,0.0,53.55,4.4,2.52,33.01,348.506,0,1,24.444444,2
12184,5,17,7,1,24.07,0.0,53.84,6.9,9.6,35.71,215.574,0,1,24.444444,2
12185,5,18,7,1,24.07,0.0,54.83,4.6,4.32,31.48,78.8438,0,1,24.444444,2
12186,5,19,7,1,24.07,0.0,55.25,7.4,3.24,32.5,17.9235,0,1,24.444444,2
12187,5,20,7,1,24.07,0.0,56.16,5.8,3.6,27.08,0.0,0,1,24.444444,2
12188,5,21,7,1,24.07,0.0,56.82,9.6,5.52,31.67,0.0,0,1,24.444444,2
12189,5,22,7,1,24.07,0.0,57.5,8.7,1.44,28.63,0.0,0,1,24.444444,2
12190,5,23,7,1,24.07,0.0,59.38,4.0,1.68,19.89,0.0,0,1,24.444444,2
12191,5,24,7,1,24.07,0.0,61.43,4.9,0.6,19.58,0.0,0,1,24.444444,2
12192,5,1,1,1,24.07,0.0,63.44,3.3,3.96,15.75,0.0,0,1,24.444444,2
12193,5,2,1,1,24.07,0.0,64.23,8.1,0.24,23.5,0.0,0,1,24.444444,2
12194,5,3,1,1,24.06,0.0,65.6,3.2,0.84,14.75,0.0,0,1,24.444444,2
12195,5,4,1,1,24.05,0.0,68.21,3.6,0.48,15.25,0.0,0,1,24.444444,2
12196,5,5,1,1,24.05,0.0,69.39,5.0,1.2,17.24,0.0,0,1,24.444444,2
12197,5,6,1,1,24.05,0.0,69.67,4.2,3.24,19.15,0.0,0,1,24.444444,2
12198,5,7,1,1,24.05,0.0,69.0,3.8,9.96,22.79,73.3855,0,1,24.444444,2
12199,5,8,1,1,24.06,0.0,67.39,5.1,3.96,27.42,194.246,0,1,24.444444,2
12200,5,9,1,1,24.06,0.0,64.87,4.8,7.08,29.88,351.534,0,1,24.444444,2
12201,5,10,1,1,24.07,0.0,62.44,4.2,11.64,30.92,493.715,0,1,24.444444,2
12202,5,11,1,1,24.07,0.0,61.28,4.2,14.88,31.34,516.535,0,1,24.444444,2
12203,5,12,1,1,24.07,0.0,59.83,4.5,9.0,29.24,525.708,0,1,24.444444,2
12204,5,13,1,1,24.07,0.0,58.27,4.8,10.8,32.35,580.584,0,1,24.444444,2
12205,5,14,1,1,24.07,0.0,57.57,8.8,7.68,43.09,613.872,0,1,24.444444,2
12206,5,15,1,1,24.07,0.0,57.16,4.3,9.24,38.56,479.472,0,1,24.444444,2
12207,5,16,1,1,24.07,0.0,56.69,5.7,9.0,41.57,429.765,0,1,24.444444,2
12208,5,17,1,1,24.07,0.0,56.78,4.2,3.96,36.11,234.138,0,1,24.444444,2
12209,5,18,1,1,24.07,0.0,57.46,8.4,5.04,38.7,79.7982,0,1,24.444444,2
12210,5,19,1,1,24.07,0.0,58.74,5.2,3.0,30.91,12.2729,0,1,24.444444,2
12211,5,20,1,1,24.07,0.0,59.89,6.0,0.96,30.52,0.0,0,1,24.444444,2
12212,5,21,1,1,24.07,0.0,60.99,5.5,2.28,28.87,0.0,0,1,24.444444,2
12213,5,22,1,1,24.07,0.0,60.68,10.3,1.32,32.21,0.0,0,1,24.444444,2
12214,5,23,1,1,24.07,0.0,60.55,3.5,0.96,17.42,0.0,0,1,24.444444,2
12215,5,24,1,1,24.07,0.0,62.53,3.5,0.72,17.82,0.0,0,1,24.444444,2
12216,5,1,2,1,24.07,0.0,64.34,3.7,0.12,17.65,0.0,0,1,24.444444,2
12217,5,2,2,1,24.07,0.0,65.8,4.4,0.72,17.06,0.0,0,1,24.444444,2
12218,5,3,2,1,24.06,0.0,67.0,3.8,0.96,15.59,0.0,0,1,24.444444,2
12219,5,4,2,1,24.06,0.0,68.53,4.6,0.24,17.09,0.0,0,1,24.444444,2
12220,5,5,2,1,24.04,0.0,70.26,3.4,1.32,14.89,0.0,0,1,24.444444,2
12221,5,6,2,1,24.04,0.0,71.92,3.3,7.68,15.37,0.0,0,1,24.444444,2
12222,5,7,2,1,24.04,0.0,71.99,4.3,13.68,17.89,26.0947,0,1,24.444444,2
12223,5,8,2,1,24.05,0.0,70.95,4.2,14.16,21.01,157.342,0,1,24.444444,2
12224,5,9,2,1,24.05,0.0,69.8,4.3,9.12,26.26,265.978,0,1,24.444444,2
12225,5,10,2,1,24.07,0.0,68.21,4.0,12.96,30.03,427.318,0,1,24.444444,2
12226,5,11,2,1,24.07,0.0,65.95,7.4,6.6,36.96,624.039,0,1,24.444444,2
12227,5,12,2,1,24.07,0.0,64.93,3.8,2.88,28.01,531.718,0,1,24.444444,2
12228,5,13,2,1,24.07,0.0,64.42,4.5,3.12,22.74,222.331,0,1,24.444444,2
12229,5,14,2,1,24.07,0.0,61.89,9.9,1.44,27.86,144.024,0,1,24.444444,2
12230,5,15,2,1,24.07,0.0,60.36,4.8,3.12,18.81,278.539,0,1,24.444444,2
12231,5,16,2,1,24.07,0.0,61.06,4.4,2.52,16.23,75.435,0,1,24.444444,2
12232,5,17,2,1,24.06,0.0,62.65,3.8,6.84,14.62,55.8402,0,1,24.444444,2
12233,5,18,2,1,24.07,0.0,63.69,8.2,5.88,20.66,7.83806,0,1,24.444444,2
12234,5,19,2,1,24.07,0.0,63.58,9.3,3.72,21.17,0.0,0,1,24.444444,2
12235,5,20,2,1,24.07,0.0,63.42,7.8,6.6,17.16,0.0,0,1,24.444444,2
12236,5,21,2,1,24.07,0.0,63.52,8.9,3.48,18.43,0.0,0,1,24.444444,2
12237,5,22,2,1,24.06,0.0,64.23,7.1,0.6,15.88,0.0,0,1,24.444444,2
12238,5,23,2,1,24.05,0.0,65.94,6.1,1.08,14.37,0.0,0,1,24.444444,2
12239,5,24,2,1,24.01,0.0,69.36,3.5,1.68,11.37,0.0,0,1,24.444444,2
12240,5,1,3,1,24.01,0.0,72.08,4.5,0.48,13.18,0.0,0,1,24.444444,2
12241,5,2,3,1,23.98,0.0,73.46,3.5,0.72,11.96,0.0,0,1,24.444444,2
12242,5,3,3,1,23.96,0.0,75.47,3.6,0.36,11.63,0.0,0,1,24.444444,2
12243,5,4,3,1,23.84,0.0,75.19,3.4,1.68,7.82,0.0,0,1,24.444444,2
12244,5,5,3,1,23.72,0.0,73.04,3.3,1.68,6.05,0.0,0,1,24.444444,2
12245,5,6,3,1,23.7,0.0,70.17,3.7,7.8,6.21,0.0,0,1,24.444444,2
12246,5,7,3,1,23.73,0.0,68.0,4.4,22.92,7.5,52.0233,0,1,24.444444,2
12247,5,8,3,1,23.82,0.0,65.9,6.6,7.68,9.3,74.8577,0,1,24.444444,2
12248,5,9,3,1,23.89,0.0,64.12,6.7,8.52,11.71,193.397,0,1,24.444444,2
12249,5,10,3,1,23.95,0.0,62.07,6.0,12.0,16.08,420.552,0,1,24.444444,2
12250,5,11,3,1,23.99,0.0,60.18,4.0,4.2,16.81,530.45,0,1,24.444444,2
12251,5,12,3,1,24.02,0.0,59.24,5.0,5.04,20.55,574.059,0,1,24.444444,2
12252,5,13,3,1,24.04,0.0,57.98,3.9,0.84,22.2,564.131,0,1,24.444444,2
12253,5,14,3,1,24.07,0.0,55.54,9.9,0.84,34.76,553.139,0,1,24.444444,2
12254,5,15,3,1,24.07,0.0,54.35,3.4,1.92,29.15,488.199,0,1,24.444444,2
12255,5,16,3,1,24.07,0.0,54.05,4.3,5.52,33.88,450.603,0,1,24.444444,2
12256,5,17,3,1,24.07,0.0,53.25,7.7,1.32,39.24,306.149,0,1,24.444444,2
12257,5,18,3,1,24.07,0.0,53.54,5.6,3.48,32.66,105.291,0,1,24.444444,2
12258,5,19,3,1,24.07,0.0,54.4,6.0,12.12,29.87,18.3519,0,1,24.444444,2
12259,5,20,3,1,24.07,0.0,53.86,13.3,2.64,37.81,0.0,0,1,24.444444,2
12260,5,21,3,1,24.07,0.0,53.69,8.8,6.36,29.6,0.0,0,1,24.444444,2
12261,5,22,3,1,24.07,0.0,55.11,8.7,4.44,27.79,0.0,0,1,24.444444,2
12262,5,23,3,1,24.07,0.0,57.89,5.1,0.6,21.16,0.0,0,1,24.444444,2
12263,5,24,3,1,24.07,0.0,59.69,9.0,1.92,26.39,0.0,0,1,24.444444,2
12264,5,1,4,1,24.07,0.0,61.88,3.8,0.48,17.04,0.0,0,1,24.444444,2
12265,5,2,4,1,24.06,0.0,65.18,2.9,0.6,14.63,0.0,0,1,24.444444,2
12266,5,3,4,1,24.05,0.0,68.06,3.0,0.24,14.34,0.0,0,1,24.444444,2
12267,5,4,4,1,24.05,0.0,70.01,4.9,1.8,16.86,0.0,0,1,24.444444,2
12268,5,5,4,1,24.03,0.0,71.71,3.6,2.04,14.05,0.0,0,1,24.444444,2
12269,5,6,4,1,24.03,0.0,72.6,3.9,7.44,19.14,0.0,0,1,24.444444,2
12270,5,7,4,1,24.06,0.0,70.78,7.9,12.72,28.13,69.2728,0,1,24.444444,2
12271,5,8,4,1,24.07,0.0,67.43,9.8,8.04,32.99,189.483,0,1,24.444444,2
12272,5,9,4,1,24.07,0.0,65.05,6.8,1.44,29.73,303.047,0,1,24.444444,2
12273,5,10,4,1,24.07,0.0,63.21,10.3,7.44,34.41,275.311,0,1,24.444444,2
12274,5,11,4,1,24.07,0.0,62.06,8.6,3.72,24.44,60.8786,0,1,24.444444,2
12275,5,12,4,1,24.07,0.0,60.51,8.7,2.76,19.92,70.8221,0,1,24.444444,2
12276,5,13,4,1,24.07,0.0,58.55,8.8,1.32,20.97,156.821,0,1,24.444444,2
12277,5,14,4,1,24.07,0.0,56.8,9.8,1.8,24.58,230.005,0,1,24.444444,2
12278,5,15,4,1,24.07,0.0,55.54,9.7,1.32,25.74,300.713,0,1,24.444444,2
12279,5,16,4,1,24.07,0.0,53.56,14.2,0.48,34.54,297.168,0,1,24.444444,2
12280,5,17,4,1,24.07,0.0,52.3,9.1,2.04,32.31,335.578,0,1,24.444444,2
12281,5,18,4,1,24.07,0.0,52.1,9.2,2.16,30.86,126.187,0,1,24.444444,2
12282,5,19,4,1,24.07,0.0,52.55,9.5,7.8,26.76,19.6309,0,1,24.444444,2
12283,5,20,4,1,24.07,0.0,53.34,10.5,9.12,25.87,0.0,0,1,24.444444,2
12284,5,21,4,1,24.07,0.0,54.25,10.7,3.12,25.92,0.0,0,1,24.444444,2
12285,5,22,4,1,24.07,0.0,54.36,14.0,2.4,29.16,0.0,0,1,24.444444,2
12286,5,23,4,1,24.07,0.0,55.66,8.1,0.72,18.82,0.0,0,1,24.444444,2
12287,5,24,4,1,24.07,0.0,57.85,7.6,0.24,16.99,0.0,0,1,24.444444,2
12288,5,1,5,1,24.05,0.0,60.05,4.6,0.48,11.69,0.0,0,1,24.444444,2
12289,5,2,5,1,24.05,0.0,61.84,7.1,0.36,13.83,0.0,0,1,24.444444,2
12290,5,3,5,1,24.06,0.0,61.89,9.9,0.72,16.52,0.0,0,1,24.444444,2
12291,5,4,5,1,23.92,0.0,63.82,3.3,0.36,7.47,0.0,0,1,24.444444,2
12292,5,5,5,1,24.01,0.0,63.87,9.5,1.44,14.26,0.0,0,1,24.444444,2
12293,5,6,5,1,24.04,0.0,62.79,11.2,7.2,21.92,0.0,0,1,24.444444,2
12294,5,7,5,1,24.05,0.0,61.88,8.9,24.6,26.96,64.7452,0,1,24.444444,2
12295,5,8,5,1,24.06,0.0,60.74,8.6,13.68,29.68,214.498,0,1,24.444444,2
12296,5,9,5,1,24.07,0.0,59.02,8.9,3.24,31.12,347.935,0,1,24.444444,2
12297,5,10,5,1,24.07,0.0,56.74,8.4,4.08,31.04,501.568,0,1,24.444444,2
12298,5,11,5,1,24.07,0.0,55.81,10.8,7.08,34.04,625.539,0,1,24.444444,2
12299,5,12,5,1,24.07,0.0,56.67,8.1,3.24,32.1,684.047,0,1,24.444444,2
12300,5,13,5,1,24.07,0.0,56.58,8.9,1.32,37.75,656.14,0,1,24.444444,2
12301,5,14,5,1,24.07,0.0,54.98,10.4,2.04,42.85,650.977,0,1,24.444444,2
12302,5,15,5,1,24.07,0.0,53.14,9.2,1.92,44.39,588.064,0,1,24.444444,2
12303,5,16,5,1,24.07,0.0,51.64,8.2,2.64,45.19,472.137,0,1,24.444444,2
12304,5,17,5,1,24.09,0.01,50.81,8.8,3.96,46.67,322.699,0,1,24.444444,2
12305,5,18,5,1,24.09,0.01,50.26,10.5,2.4,47.12,146.959,0,1,24.444444,2
12306,5,19,5,1,24.08,0.0,50.8,9.3,2.88,39.69,20.3586,0,1,24.444444,2
12307,5,20,5,1,24.07,0.0,52.52,10.8,3.0,37.79,0.0,0,1,24.444444,2
12308,5,21,5,1,24.07,0.0,54.44,10.0,2.4,35.91,0.0,0,1,24.444444,2
12309,5,22,5,1,24.07,0.0,55.86,12.1,2.52,37.31,0.0,0,1,24.444444,2
12310,5,23,5,1,24.07,0.0,57.07,10.5,0.72,33.01,0.0,0,1,24.444444,2
12311,5,24,5,1,24.07,0.0,57.44,12.9,0.96,34.7,0.0,0,1,24.444444,2
12312,5,1,6,1,24.07,0.0,59.02,4.0,0.48,19.21,0.0,0,1,24.444444,2
12313,5,2,6,1,24.07,0.0,60.74,7.9,0.24,23.8,0.0,0,1,24.444444,2
12314,5,3,6,1,24.07,0.0,62.84,3.7,2.52,15.49,0.0,0,1,24.444444,2
12315,5,4,6,1,24.06,0.0,65.49,3.3,0.36,14.48,0.0,0,1,24.444444,2
12316,5,5,6,1,24.07,0.0,66.24,6.4,2.04,18.71,0.0,0,1,24.444444,2
12317,5,6,6,1,24.06,0.0,65.95,5.0,9.72,20.75,0.0,0,1,24.444444,2
12318,5,7,6,1,24.06,0.0,65.0,5.4,3.84,27.99,65.6064,0,1,24.444444,2
12319,5,8,6,1,24.1,0.03,63.02,7.3,8.16,33.18,214.63,0,1,24.444444,2
12320,5,9,6,1,24.1,0.02,61.21,5.3,4.44,31.41,386.794,0,1,24.444444,2
12321,5,10,6,1,24.08,0.0,59.56,6.1,6.24,32.39,530.717,0,1,24.444444,2
12322,5,11,6,1,24.07,0.0,59.21,4.6,1.44,29.91,499.964,0,1,24.444444,2
12323,5,12,6,1,24.07,0.0,59.04,7.6,0.72,35.38,658.561,0,1,24.444444,2
12324,5,13,6,1,24.07,0.0,57.91,5.8,0.84,33.91,597.139,0,1,24.444444,2
12325,5,14,6,1,24.07,0.0,56.05,9.4,2.28,39.86,498.671,0,1,24.444444,2
12326,5,15,6,1,24.07,0.0,54.1,11.0,0.84,41.49,333.635,0,1,24.444444,2
12327,5,16,6,1,24.07,0.0,52.98,7.8,1.2,40.05,424.172,0,1,24.444444,2
12328,5,17,6,1,24.07,0.0,52.07,12.0,1.56,44.53,267.054,0,1,24.444444,2
12329,5,18,6,1,24.07,0.0,52.42,8.2,1.8,36.02,110.96,0,1,24.444444,2
12330,5,19,6,1,24.07,0.0,53.33,10.1,7.8,34.94,19.4832,0,1,24.444444,2
12331,5,20,6,1,24.07,0.0,53.88,9.1,2.4,30.83,0.0,0,1,24.444444,2
12332,5,21,6,1,24.07,0.0,54.9,6.3,2.04,25.33,0.0,0,1,24.444444,2
12333,5,22,6,1,24.07,0.0,56.22,6.6,1.56,24.36,0.0,0,1,24.444444,2
12334,5,23,6,1,24.07,0.0,57.84,4.9,0.84,20.42,0.0,0,1,24.444444,2
12335,5,24,6,1,24.07,0.0,59.8,4.8,0.48,19.14,0.0,0,1,24.444444,2
12336,5,1,7,1,24.07,0.0,61.58,3.6,0.84,15.93,0.0,0,1,24.444444,2
12337,5,2,7,1,24.06,0.0,63.55,3.3,0.48,14.38,0.0,0,1,24.444444,2
12338,5,3,7,1,24.05,0.0,65.2,3.5,0.72,13.79,0.0,0,1,24.444444,2
12339,5,4,7,1,24.05,0.0,66.25,4.9,0.48,14.98,0.0,0,1,24.444444,2
12340,5,5,7,1,24.01,0.0,68.04,3.2,0.96,11.39,0.0,0,1,24.444444,2
12341,5,6,7,1,24.03,0.0,68.3,5.6,2.52,20.87,0.0,0,1,24.444444,2
12342,5,7,7,1,24.04,0.0,67.14,4.4,9.6,25.87,65.5504,0,1,24.444444,2
12343,5,8,7,1,24.04,0.0,64.81,4.8,5.4,28.78,212.143,0,1,24.444444,2
12344,5,9,7,1,24.06,0.0,61.85,5.3,8.64,30.32,378.582,0,1,24.444444,2
12345,5,10,7,1,24.06,0.0,59.86,4.4,10.68,28.51,511.191,0,1,24.444444,2
12346,5,11,7,1,24.07,0.0,58.06,6.5,2.28,32.53,493.369,0,1,24.444444,2
12347,5,12,7,1,24.07,0.0,56.48,6.0,9.0,30.87,608.156,0,1,24.444444,2
12348,5,13,7,1,24.07,0.0,55.78,5.6,10.44,31.82,506.343,0,1,24.444444,2
12349,5,14,7,1,24.07,0.0,54.31,10.0,13.44,41.18,547.782,0,1,24.444444,2
12350,5,15,7,1,24.07,0.0,53.88,6.5,5.04,32.52,295.938,0,1,24.444444,2
12351,5,16,7,1,24.07,0.0,53.67,4.8,9.24,34.37,453.314,0,1,24.444444,2
12352,5,17,7,1,24.08,0.0,54.16,5.8,7.68,34.48,274.152,0,1,24.444444,2
12353,5,18,7,1,24.07,0.0,54.97,4.3,4.44,31.45,131.949,0,1,24.444444,2
12354,5,19,7,1,24.07,0.0,56.13,4.8,2.52,28.57,21.3932,0,1,24.444444,2
12355,5,20,7,1,24.07,0.0,57.27,7.0,5.52,27.73,0.0,0,1,24.444444,2
12356,5,21,7,1,24.07,0.0,58.26,6.7,5.04,25.34,0.0,0,1,24.444444,2
12357,5,22,7,1,24.07,0.0,59.42,6.8,0.84,23.66,0.0,0,1,24.444444,2
12358,5,23,7,1,24.07,0.0,61.12,5.2,0.72,20.04,0.0,0,1,24.444444,2
12359,5,24,7,1,24.07,0.0,62.89,4.8,0.6,18.33,0.0,0,1,24.444444,2
12360,5,1,8,1,24.07,0.0,63.6,6.0,3.72,18.87,0.0,0,1,24.444444,2
12361,5,2,8,1,24.07,0.0,62.82,8.0,0.24,19.74,0.0,0,1,24.444444,2
12362,5,3,8,1,24.03,0.0,64.04,3.4,0.36,10.98,0.0,0,1,24.444444,2
12363,5,4,8,1,24.02,0.0,66.15,4.9,0.12,12.47,0.0,0,1,24.444444,2
12364,5,5,8,1,24.03,0.0,66.73,6.7,0.48,14.81,0.0,0,1,24.444444,2
12365,5,6,8,1,23.99,0.0,67.81,3.3,1.8,12.61,0.0,0,1,24.444444,2
12366,5,7,8,1,24.0,0.0,67.61,3.4,2.76,19.39,76.0033,0,1,24.444444,2
12367,5,8,8,1,24.03,0.0,65.7,4.4,4.56,26.01,208.579,0,1,24.444444,2
12368,5,9,8,1,24.04,0.0,63.34,4.4,7.08,25.94,341.71,0,1,24.444444,2
12369,5,10,8,1,24.05,0.0,62.01,3.8,16.8,25.68,352.828,0,1,24.444444,2
12370,5,11,8,1,24.07,0.0,60.12,5.2,11.64,28.3,593.016,0,1,24.444444,2
12371,5,12,8,1,24.07,0.0,58.33,4.8,5.64,29.61,598.71,0,1,24.444444,2
12372,5,13,8,1,24.07,0.0,56.72,4.5,8.64,27.31,441.242,0,1,24.444444,2
12373,5,14,8,1,24.07,0.0,55.56,9.6,2.28,31.7,308.699,0,1,24.444444,2
12374,5,15,8,1,24.08,0.0,55.31,4.3,10.08,20.11,91.2705,0,1,24.444444,2
12375,5,16,8,1,24.07,0.0,56.21,6.3,2.52,22.33,88.9586,0,1,24.444444,2
12376,5,17,8,1,24.07,0.0,57.26,4.3,6.24,20.88,180.791,0,1,24.444444,2
12377,5,18,8,1,24.07,0.0,57.47,8.8,4.08,27.53,94.0211,0,1,24.444444,2
12378,5,19,8,1,24.07,0.0,58.39,3.6,9.0,16.56,13.4923,0,1,24.444444,2
12379,5,20,8,1,24.07,0.0,58.91,8.3,3.96,21.72,0.0,0,1,24.444444,2
12380,5,21,8,1,24.07,0.0,59.73,6.2,1.8,16.82,0.0,0,1,24.444444,2
12381,5,22,8,1,24.07,0.0,61.17,7.6,0.72,17.88,0.0,0,1,24.444444,2
12382,5,23,8,1,24.07,0.0,62.02,7.7,2.16,17.08,0.0,0,1,24.444444,2
12383,5,24,8,1,24.04,0.0,63.77,4.6,0.24,11.79,0.0,0,1,24.444444,2
12384,6,1,2,1,24.02,0.0,65.75,5.0,1.56,11.86,0.0,0,1,24.444444,2
12385,6,2,2,1,23.97,0.0,67.71,3.8,0.36,9.57,0.0,0,1,24.444444,2
12386,6,3,2,1,23.9,0.0,69.71,3.3,0.12,8.47,0.0,0,1,24.444444,2
12387,6,4,2,1,23.86,0.0,70.89,3.5,2.4,8.5,0.0,0,1,24.444444,2
12388,6,5,2,1,23.93,0.0,70.65,6.2,1.08,11.28,0.0,0,1,24.444444,2
12389,6,6,2,1,23.97,0.0,70.07,6.4,6.36,14.35,0.0,0,1,24.444444,2
12390,6,7,2,1,23.98,0.0,69.02,4.2,24.96,19.05,73.1446,0,1,24.444444,2
12391,6,8,2,1,24.01,0.0,66.06,5.8,7.44,24.01,210.086,0,1,24.444444,2
12392,6,9,2,1,24.03,0.0,63.07,7.5,2.4,29.08,367.72,0,1,24.444444,2
12393,6,10,2,1,24.03,0.0,60.95,4.5,4.32,24.78,522.535,0,1,24.444444,2
12394,6,11,2,1,24.05,0.0,59.99,5.0,4.92,24.52,625.078,0,1,24.444444,2
12395,6,12,2,1,24.06,0.0,58.98,4.2,2.16,23.91,674.793,0,1,24.444444,2
12396,6,13,2,1,24.07,0.0,57.66,3.8,1.92,25.7,687.569,0,1,24.444444,2
12397,6,14,2,1,24.07,0.0,54.54,9.0,3.0,37.59,635.798,0,1,24.444444,2
12398,6,15,2,1,24.07,0.0,52.57,4.7,2.04,34.66,499.067,0,1,24.444444,2
12399,6,16,2,1,24.07,0.0,51.6,7.1,2.16,35.84,256.969,0,1,24.444444,2
12400,6,17,2,1,24.07,0.0,50.97,9.0,3.12,37.34,138.74,0,1,24.444444,2
12401,6,18,2,1,24.08,0.0,51.63,4.7,1.8,29.12,104.112,0,1,24.444444,2
12402,6,19,2,1,24.07,0.0,53.16,5.4,2.04,26.9,21.4038,0,1,24.444444,2
12403,6,20,2,1,24.07,0.0,54.35,7.8,7.68,27.22,0.0,0,1,24.444444,2
12404,6,21,2,1,24.07,0.0,56.32,4.9,5.04,21.55,0.0,0,1,24.444444,2
12405,6,22,2,1,24.07,0.0,58.24,6.3,2.04,22.55,0.0,0,1,24.444444,2
12406,6,23,2,1,24.07,0.0,60.04,4.6,2.04,17.82,0.0,0,1,24.444444,2
12407,6,24,2,1,24.07,0.0,61.87,5.0,0.24,17.28,0.0,0,1,24.444444,2
12408,6,1,3,1,24.06,0.0,63.55,3.9,0.72,13.97,0.0,0,1,24.444444,2
12409,6,2,3,1,24.03,0.0,65.19,3.5,0.12,11.88,0.0,0,1,24.444444,2
12410,6,3,3,1,24.01,0.0,66.9,3.7,0.36,11.42,0.0,0,1,24.444444,2
12411,6,4,3,1,24.01,0.0,67.85,4.8,0.48,12.28,0.0,0,1,24.444444,2
12412,6,5,3,1,23.96,0.0,68.87,3.7,1.44,9.75,0.0,0,1,24.444444,2
12413,6,6,3,1,23.96,0.0,69.02,3.9,1.32,14.94,0.0,0,1,24.444444,2
12414,6,7,3,1,24.0,0.0,67.44,4.7,32.88,23.92,66.835,0,1,24.444444,2
12415,6,8,3,1,24.03,0.0,64.78,6.0,13.2,28.61,217.158,0,1,24.444444,2
12416,6,9,3,1,24.03,0.0,63.05,3.7,6.0,26.3,391.133,0,1,24.444444,2
12417,6,10,3,1,24.03,0.0,62.38,3.2,4.8,26.23,542.492,0,1,24.444444,2
12418,6,11,3,1,24.05,0.0,61.67,3.8,0.96,26.3,642.953,0,1,24.444444,2
12419,6,12,3,1,24.07,0.0,59.49,4.3,3.12,27.34,695.651,0,1,24.444444,2
12420,6,13,3,1,24.07,0.0,56.42,3.7,8.16,27.59,687.564,0,1,24.444444,2
12421,6,14,3,1,24.07,0.0,53.03,9.8,8.16,39.35,678.802,0,1,24.444444,2
12422,6,15,3,1,24.07,0.0,50.49,3.9,1.44,34.51,601.078,0,1,24.444444,2
12423,6,16,3,1,24.07,0.0,47.22,4.4,0.96,36.75,477.36,0,1,24.444444,2
12424,6,17,3,1,24.07,0.0,44.7,9.3,2.52,42.99,326.419,0,1,24.444444,2
12425,6,18,3,1,24.08,0.0,43.98,5.4,4.68,36.43,153.082,0,1,24.444444,2
12426,6,19,3,1,24.08,0.0,44.64,5.8,4.2,31.76,23.6115,0,1,24.444444,2
12427,6,20,3,1,24.08,0.0,45.11,7.9,3.48,30.34,0.0,0,1,24.444444,2
12428,6,21,3,1,24.07,0.0,45.37,7.6,6.48,28.41,0.0,0,1,24.444444,2
12429,6,22,3,1,24.07,0.0,46.18,6.4,5.16,25.07,0.0,0,1,24.444444,2
12430,6,23,3,1,24.07,0.0,48.52,5.6,0.96,23.05,0.0,0,1,24.444444,2
12431,6,24,3,1,24.07,0.0,52.73,3.1,0.72,19.52,0.0,0,1,24.444444,2
12432,6,1,4,1,24.07,0.0,55.54,8.6,0.48,26.98,0.0,0,1,24.444444,2
12433,6,2,4,1,24.07,0.0,56.73,3.5,0.12,17.35,0.0,0,1,24.444444,2
12434,6,3,4,1,24.07,0.0,58.84,3.8,0.48,16.33,0.0,0,1,24.444444,2
12435,6,4,4,1,24.06,0.0,61.14,3.6,0.72,15.32,0.0,0,1,24.444444,2
12436,6,5,4,1,24.06,0.0,63.1,3.9,1.2,15.39,0.0,0,1,24.444444,2
12437,6,6,4,1,24.05,0.0,63.7,3.6,2.88,19.79,0.0,0,1,24.444444,2
12438,6,7,4,1,24.09,0.02,61.06,11.0,16.68,36.65,66.704,0,1,24.444444,2
12439,6,8,4,1,24.16,0.08,57.78,10.1,1.32,35.34,215.399,0,1,24.444444,2
12440,6,9,4,1,24.18,0.1,55.88,9.1,3.6,34.85,385.912,0,1,24.444444,2
12441,6,10,4,1,24.15,0.07,54.38,9.6,6.72,36.27,529.239,0,1,24.444444,2
12442,6,11,4,1,24.08,0.01,53.02,10.8,2.16,36.72,633.806,0,1,24.444444,2
12443,6,12,4,1,24.07,0.0,51.87,9.5,1.44,33.94,691.193,0,1,24.444444,2
12444,6,13,4,1,24.07,0.0,50.51,8.6,2.28,33.96,691.709,0,1,24.444444,2
12445,6,14,4,1,24.07,0.0,49.15,9.8,1.32,38.88,664.475,0,1,24.444444,2
12446,6,15,4,1,24.07,0.0,48.02,9.3,0.96,42.19,600.355,0,1,24.444444,2
12447,6,16,4,1,24.07,0.0,46.88,8.6,0.96,43.36,482.302,0,1,24.444444,2
12448,6,17,4,1,24.08,0.0,45.46,9.2,0.36,44.17,327.466,0,1,24.444444,2
12449,6,18,4,1,24.08,0.0,44.91,8.6,1.68,41.45,151.211,0,1,24.444444,2
12450,6,19,4,1,24.08,0.0,44.78,8.6,2.04,35.42,23.622,0,1,24.444444,2
12451,6,20,4,1,24.08,0.0,45.09,11.0,2.52,33.78,0.0,0,1,24.444444,2
12452,6,21,4,1,24.07,0.0,45.37,11.8,2.52,33.55,0.0,0,1,24.444444,2
12453,6,22,4,1,24.07,0.0,45.49,15.8,3.48,36.19,0.0,0,1,24.444444,2
12454,6,23,4,1,24.07,0.0,46.79,9.5,0.84,26.6,0.0,0,1,24.444444,2
12455,6,24,4,1,24.07,0.0,50.28,3.3,0.48,18.11,0.0,0,1,24.444444,2
12456,6,1,5,1,24.07,0.0,52.6,10.0,0.36,27.25,0.0,0,1,24.444444,2
12457,6,2,5,1,24.07,0.0,53.64,9.2,0.36,23.74,0.0,0,1,24.444444,2
12458,6,3,5,1,24.07,0.0,55.71,6.2,0.48,18.46,0.0,0,1,24.444444,2
12459,6,4,5,1,24.07,0.0,57.38,6.2,1.68,18.34,0.0,0,1,24.444444,2
12460,6,5,5,1,24.06,0.0,58.5,3.5,1.8,13.35,0.0,0,1,24.444444,2
12461,6,6,5,1,24.07,0.0,57.7,10.7,3.84,28.21,0.0,0,1,24.444444,2
12462,6,7,5,1,24.07,0.0,56.53,6.7,24.24,27.62,66.1469,0,1,24.444444,2
12463,6,8,5,1,24.07,0.0,55.69,4.9,3.24,27.74,213.213,0,1,24.444444,2
12464,6,9,5,1,24.14,0.07,54.41,9.2,5.16,34.58,365.04,0,1,24.444444,2
12465,6,10,5,1,24.09,0.01,53.26,4.3,1.32,29.2,493.794,0,1,24.444444,2
12466,6,11,5,1,24.07,0.0,52.66,9.8,2.4,35.67,614.622,0,1,24.444444,2
12467,6,12,5,1,24.07,0.0,52.59,10.7,2.52,37.79,680.583,0,1,24.444444,2
12468,6,13,5,1,24.07,0.0,52.07,9.2,3.84,38.23,666.418,0,1,24.444444,2
12469,6,14,5,1,24.07,0.0,50.79,9.9,2.04,42.48,628.133,0,1,24.444444,2
12470,6,15,5,1,24.07,0.0,49.45,8.0,1.8,43.29,585.953,0,1,24.444444,2
12471,6,16,5,1,24.08,0.01,48.56,8.5,4.56,46.13,475.039,0,1,24.444444,2
12472,6,17,5,1,24.12,0.05,48.08,9.5,1.8,47.34,325.794,0,1,24.444444,2
12473,6,18,5,1,24.08,0.01,48.71,9.1,1.92,45.39,154.181,0,1,24.444444,2
12474,6,19,5,1,24.08,0.0,50.05,11.3,2.76,42.6,23.9303,0,1,24.444444,2
12475,6,20,5,1,24.07,0.0,51.09,10.1,2.4,36.67,0.0,0,1,24.444444,2
12476,6,21,5,1,24.08,0.01,51.17,15.2,3.24,40.82,0.0,0,1,24.444444,2
12477,6,22,5,1,24.07,0.0,51.47,11.9,3.24,33.49,0.0,0,1,24.444444,2
12478,6,23,5,1,24.07,0.0,53.33,5.7,1.2,23.22,0.0,0,1,24.444444,2
12479,6,24,5,1,24.07,0.0,54.12,11.5,0.12,30.2,0.0,0,1,24.444444,2
12480,6,1,6,1,24.07,0.0,55.43,3.4,0.84,16.45,0.0,0,1,24.444444,2
12481,6,2,6,1,24.07,0.0,57.97,3.7,0.6,15.47,0.0,0,1,24.444444,2
12482,6,3,6,1,24.07,0.0,59.38,5.1,1.56,16.12,0.0,0,1,24.444444,2
12483,6,4,6,1,24.05,0.0,61.04,3.5,0.6,12.94,0.0,0,1,24.444444,2
12484,6,5,6,1,24.04,0.0,63.12,3.3,0.84,12.2,0.0,0,1,24.444444,2
12485,6,6,6,1,24.04,0.0,64.22,3.6,7.08,18.11,0.0,0,1,24.444444,2
12486,6,7,6,1,24.05,0.0,62.97,6.0,17.16,28.7,65.6415,0,1,24.444444,2
12487,6,8,6,1,24.06,0.0,61.09,5.0,6.84,29.25,211.614,0,1,24.444444,2
12488,6,9,6,1,24.06,0.0,59.41,4.6,1.56,29.87,366.954,0,1,24.444444,2
12489,6,10,6,1,24.07,0.0,57.55,5.8,3.72,31.85,519.744,0,1,24.444444,2
12490,6,11,6,1,24.07,0.0,56.78,4.6,0.72,29.64,603.183,0,1,24.444444,2
12491,6,12,6,1,24.07,0.0,55.41,3.9,1.56,29.11,673.266,0,1,24.444444,2
12492,6,13,6,1,24.07,0.0,53.21,8.7,9.24,37.17,673.796,0,1,24.444444,2
12493,6,14,6,1,24.07,0.0,51.39,8.7,2.52,40.43,658.573,0,1,24.444444,2
12494,6,15,6,1,24.07,0.0,50.13,4.8,1.08,39.29,589.606,0,1,24.444444,2
12495,6,16,6,1,24.07,0.0,49.27,4.6,1.2,41.63,480.622,0,1,24.444444,2
12496,6,17,6,1,24.2,0.12,48.38,11.7,1.56,49.45,324.584,0,1,24.444444,2
12497,6,18,6,1,24.11,0.04,48.4,9.0,1.2,46.49,153.29,0,1,24.444444,2
12498,6,19,6,1,24.08,0.0,49.45,5.9,1.2,37.01,23.7995,0,1,24.444444,2
12499,6,20,6,1,24.08,0.0,50.33,10.2,1.44,38.19,0.0,0,1,24.444444,2
12500,6,21,6,1,24.08,0.0,50.63,12.3,1.68,39.52,0.0,0,1,24.444444,2
12501,6,22,6,1,24.07,0.0,51.78,5.1,2.16,28.84,0.0,0,1,24.444444,2
12502,6,23,6,1,24.07,0.0,53.62,5.2,0.12,27.38,0.0,0,1,24.444444,2
12503,6,24,6,1,24.07,0.0,55.82,4.6,0.96,24.45,0.0,0,1,24.444444,2
12504,6,1,7,1,24.07,0.0,57.74,3.8,3.48,21.12,0.0,0,1,24.444444,2
12505,6,2,7,1,24.07,0.0,60.0,3.4,0.48,18.32,0.0,0,1,24.444444,2
12506,6,3,7,1,24.07,0.0,61.87,3.2,0.36,16.56,0.0,0,1,24.444444,2
12507,6,4,7,1,24.07,0.0,62.82,5.3,0.72,18.2,0.0,0,1,24.444444,2
12508,6,5,7,1,24.07,0.0,63.3,6.2,1.68,18.16,0.0,0,1,24.444444,2
12509,6,6,7,1,24.06,0.0,64.09,3.5,2.64,18.49,0.0,0,1,24.444444,2
12510,6,7,7,1,24.06,0.0,63.59,5.1,6.96,28.93,65.3317,0,1,24.444444,2
12511,6,8,7,1,24.08,0.01,61.91,3.9,4.08,30.22,211.267,0,1,24.444444,2
12512,6,9,7,1,24.2,0.13,58.13,8.6,4.2,36.47,380.469,0,1,24.444444,2
12513,6,10,7,1,24.1,0.03,55.02,5.0,5.88,31.8,517.638,0,1,24.444444,2
12514,6,11,7,1,24.07,0.0,53.11,5.4,3.72,30.57,618.453,0,1,24.444444,2
12515,6,12,7,1,24.07,0.0,52.33,4.2,4.32,28.99,672.922,0,1,24.444444,2
12516,6,13,7,1,24.07,0.0,51.51,6.4,1.92,33.64,687.187,0,1,24.444444,2
12517,6,14,7,1,24.07,0.0,49.93,12.5,8.28,45.15,659.354,0,1,24.444444,2
12518,6,15,7,1,24.07,0.0,49.18,5.6,2.76,40.26,578.472,0,1,24.444444,2
12519,6,16,7,1,24.07,0.0,48.82,4.2,2.76,41.06,478.524,0,1,24.444444,2
12520,6,17,7,1,24.07,0.0,48.83,3.7,1.2,41.67,322.933,0,1,24.444444,2
12521,6,18,7,1,24.07,0.0,49.0,5.7,0.84,43.07,151.378,0,1,24.444444,2
12522,6,19,7,1,24.07,0.0,49.56,4.6,1.68,36.21,23.7317,0,1,24.444444,2
12523,6,20,7,1,24.07,0.0,50.84,5.6,4.08,33.74,0.0,0,1,24.444444,2
12524,6,21,7,1,24.07,0.0,52.38,5.0,2.52,31.46,0.0,0,1,24.444444,2
12525,6,22,7,1,24.07,0.0,54.19,6.3,2.04,32.31,0.0,0,1,24.444444,2
12526,6,23,7,1,24.07,0.0,55.7,6.8,1.68,31.79,0.0,0,1,24.444444,2
12527,6,24,7,1,24.07,0.0,56.33,3.6,1.32,25.02,0.0,0,1,24.444444,2
12528,6,1,1,1,24.07,0.0,56.45,6.0,0.36,26.16,0.0,0,1,24.444444,2
12529,6,2,1,1,24.07,0.0,57.05,3.9,0.48,20.77,0.0,0,1,24.444444,2
12530,6,3,1,1,24.07,0.0,57.74,3.8,0.12,18.99,0.0,0,1,24.444444,2
12531,6,4,1,1,24.07,0.0,58.8,3.8,0.48,17.17,0.0,0,1,24.444444,2
12532,6,5,1,1,24.07,0.0,60.28,3.9,3.0,16.26,0.0,0,1,24.444444,2
12533,6,6,1,1,24.07,0.0,61.06,3.7,1.2,20.76,0.0,0,1,24.444444,2
12534,6,7,1,1,24.07,0.0,60.87,3.2,1.92,27.38,65.0302,0,1,24.444444,2
12535,6,8,1,1,24.12,0.04,60.14,5.1,2.52,32.77,208.698,0,1,24.444444,2
12536,6,9,1,1,24.18,0.1,58.31,5.8,3.6,34.48,369.68,0,1,24.444444,2
12537,6,10,1,1,24.12,0.04,57.2,3.9,11.64,33.1,505.673,0,1,24.444444,2
12538,6,11,1,1,24.07,0.0,56.84,5.7,5.52,34.92,621.2,0,1,24.444444,2
12539,6,12,1,1,24.07,0.0,56.47,5.8,10.2,33.59,671.588,0,1,24.444444,2
12540,6,13,1,1,24.07,0.0,55.47,6.1,2.88,35.47,687.095,0,1,24.444444,2
12541,6,14,1,1,24.07,0.0,54.32,11.2,4.56,45.85,672.304,0,1,24.444444,2
12542,6,15,1,1,24.07,0.0,53.67,5.5,5.52,41.3,587.491,0,1,24.444444,2
12543,6,16,1,1,24.07,0.0,54.11,4.6,3.6,40.0,282.1,0,1,24.444444,2
12544,6,17,1,1,24.07,0.0,54.39,6.3,2.88,46.03,311.501,0,1,24.444444,2
12545,6,18,1,1,24.07,0.0,53.94,3.7,2.88,41.12,155.73,0,1,24.444444,2
12546,6,19,1,1,24.07,0.0,54.01,5.3,2.16,36.92,24.8462,0,1,24.444444,2
12547,6,20,1,1,24.07,0.0,55.11,4.6,3.24,31.12,0.0,0,1,24.444444,2
12548,6,21,1,1,24.07,0.0,55.95,7.9,4.08,34.14,0.0,0,1,24.444444,2
12549,6,22,1,1,24.07,0.0,56.53,8.3,5.4,32.23,0.0,0,1,24.444444,2
12550,6,23,1,1,24.07,0.0,58.11,5.0,0.6,25.38,0.0,0,1,24.444444,2
12551,6,24,1,1,24.07,0.0,59.8,3.7,0.6,22.12,0.0,0,1,24.444444,2
12552,6,1,2,1,24.07,0.0,61.03,3.9,0.96,21.09,0.0,0,1,24.444444,2
12553,6,2,2,1,24.07,0.0,62.28,3.7,0.48,18.79,0.0,0,1,24.444444,2
12554,6,3,2,1,24.07,0.0,63.99,3.4,0.48,16.95,0.0,0,1,24.444444,2
12555,6,4,2,1,24.07,0.0,64.12,7.6,0.48,23.76,0.0,0,1,24.444444,2
12556,6,5,2,1,24.07,0.0,64.24,4.8,0.6,18.07,0.0,0,1,24.444444,2
12557,6,6,2,1,24.06,0.0,64.63,3.0,3.72,20.79,0.0,0,1,24.444444,2
12558,6,7,2,1,24.07,0.0,63.49,4.8,20.52,30.1,64.9773,0,1,24.444444,2
12559,6,8,2,1,24.08,0.01,61.69,5.1,5.04,31.4,208.39,0,1,24.444444,2
12560,6,9,2,1,24.08,0.0,60.13,8.1,6.84,34.87,235.475,0,1,24.444444,2
12561,6,10,2,1,24.08,0.0,59.18,4.8,1.2,33.33,517.427,0,1,24.444444,2
12562,6,11,2,1,24.07,0.0,58.45,3.9,3.24,31.02,608.287,0,1,24.444444,2
12563,6,12,2,1,24.07,0.0,57.66,4.2,1.2,31.23,645.015,0,1,24.444444,2
12564,6,13,2,1,24.07,0.0,56.94,4.7,2.88,32.93,353.558,0,1,24.444444,2
12565,6,14,2,1,24.07,0.0,55.66,9.7,0.72,40.57,278.371,0,1,24.444444,2
12566,6,15,2,1,24.07,0.0,55.27,3.9,2.28,30.45,171.251,0,1,24.444444,2
12567,6,16,2,1,24.07,0.0,55.01,5.6,0.96,34.02,185.004,0,1,24.444444,2
12568,6,17,2,1,24.07,0.0,55.29,4.1,1.32,31.26,173.453,0,1,24.444444,2
12569,6,18,2,1,24.07,0.0,55.92,3.9,2.28,30.08,101.817,0,1,24.444444,2
12570,6,19,2,1,24.07,0.0,56.52,4.7,3.96,28.25,23.1927,0,1,24.444444,2
12571,6,20,2,1,24.07,0.0,56.51,7.8,9.84,29.93,0.0,0,1,24.444444,2
12572,6,21,2,1,24.07,0.0,56.79,7.0,2.28,27.3,0.0,0,1,24.444444,2
12573,6,22,2,1,24.07,0.0,58.21,6.3,2.88,24.29,0.0,0,1,24.444444,2
12574,6,23,2,1,24.07,0.0,59.7,6.6,4.32,23.77,0.0,0,1,24.444444,2
12575,6,24,2,1,24.07,0.0,61.19,4.8,1.44,20.2,0.0,0,1,24.444444,2
12576,6,1,3,1,24.07,0.0,62.36,6.3,0.6,21.97,0.0,0,1,24.444444,2
12577,6,2,3,1,24.07,0.0,63.72,3.4,0.48,16.5,0.0,0,1,24.444444,2
12578,6,3,3,1,24.07,0.0,64.44,5.5,0.48,19.36,0.0,0,1,24.444444,2
12579,6,4,3,1,24.06,0.0,65.08,3.6,0.48,15.18,0.0,0,1,24.444444,2
12580,6,5,3,1,24.05,0.0,66.02,4.1,1.2,15.82,0.0,0,1,24.444444,2
12581,6,6,3,1,24.05,0.0,66.15,4.0,4.92,17.85,0.0,0,1,24.444444,2
12582,6,7,3,1,24.06,0.0,64.99,6.9,29.64,28.18,75.7317,0,1,24.444444,2
12583,6,8,3,1,24.07,0.0,63.35,5.9,8.28,28.02,198.318,0,1,24.444444,2
12584,6,9,3,1,24.07,0.0,62.35,4.4,3.12,23.42,235.12,0,1,24.444444,2
12585,6,10,3,1,24.06,0.0,62.4,3.4,2.76,16.14,78.1662,0,1,24.444444,2
12586,6,11,3,1,24.04,0.0,62.78,3.6,0.96,14.86,105.645,0,1,24.444444,2
12587,6,12,3,1,24.05,0.0,62.36,3.8,2.52,17.02,266.656,0,1,24.444444,2
12588,6,13,3,1,24.05,0.0,62.02,4.0,6.96,14.98,99.688,0,1,24.444444,2
12589,6,14,3,1,24.07,0.0,60.97,9.7,1.44,22.94,121.33,0,1,24.444444,2
12590,6,15,3,1,24.04,0.0,61.08,3.3,2.88,12.87,153.851,0,1,24.444444,2
12591,6,16,3,1,24.03,0.0,61.54,4.0,0.84,13.99,152.193,0,1,24.444444,2
12592,6,17,3,1,24.06,0.0,60.27,9.6,2.88,23.1,154.602,0,1,24.444444,2
12593,6,18,3,1,24.06,0.0,59.68,6.0,3.72,18.06,87.4988,0,1,24.444444,2
12594,6,19,3,1,24.05,0.0,60.41,4.3,4.2,14.83,25.5309,0,1,24.444444,2
12595,6,20,3,1,24.05,0.0,61.39,7.2,7.68,16.48,0.0,0,1,24.444444,2
12596,6,21,3,1,24.05,0.0,62.22,7.2,3.12,15.92,0.0,0,1,24.444444,2
12597,6,22,3,1,24.04,0.0,63.14,6.5,3.12,13.52,0.0,0,1,24.444444,2
12598,6,23,3,1,24.02,0.0,64.43,6.5,2.52,12.39,0.0,0,1,24.444444,2
12599,6,24,3,1,23.98,0.0,66.07,5.0,0.72,9.89,0.0,0,1,24.444444,2
12600,6,1,4,1,23.92,0.0,67.79,4.3,0.36,8.87,0.0,0,1,24.444444,2
12601,6,2,4,1,23.84,0.0,69.07,3.3,1.8,7.46,0.0,0,1,24.444444,2
12602,6,3,4,1,23.86,0.0,69.34,5.3,0.72,9.07,0.0,0,1,24.444444,2
12603,6,4,4,1,23.79,0.0,69.95,3.7,0.36,6.84,0.0,0,1,24.444444,2
12604,6,5,4,1,23.75,0.0,70.53,3.6,1.92,6.62,0.0,0,1,24.444444,2
12605,6,6,4,1,23.91,0.0,68.97,8.4,5.76,14.92,0.0,0,1,24.444444,2
12606,6,7,4,1,23.98,0.0,67.3,7.4,8.76,19.93,74.0524,0,1,24.444444,2
12607,6,8,4,1,24.02,0.0,64.52,10.0,8.88,28.03,206.092,0,1,24.444444,2
12608,6,9,4,1,24.04,0.0,61.45,9.1,4.8,29.08,334.617,0,1,24.444444,2
12609,6,10,4,1,24.06,0.0,59.18,9.4,5.28,31.6,470.303,0,1,24.444444,2
12610,6,11,4,1,24.07,0.0,57.24,9.2,1.68,31.31,600.251,0,1,24.444444,2
12611,6,12,4,1,24.07,0.0,56.0,8.7,5.4,31.43,649.887,0,1,24.444444,2
12612,6,13,4,1,24.07,0.0,54.54,8.7,9.36,33.36,635.315,0,1,24.444444,2
12613,6,14,4,1,24.07,0.0,53.31,9.4,5.52,39.51,652.957,0,1,24.444444,2
12614,6,15,4,1,24.07,0.0,52.2,9.1,2.76,44.29,586.064,0,1,24.444444,2
12615,6,16,4,1,24.07,0.0,50.59,8.6,0.84,46.0,463.649,0,1,24.444444,2
12616,6,17,4,1,24.08,0.0,49.51,8.5,1.2,45.64,306.81,0,1,24.444444,2
12617,6,18,4,1,24.08,0.0,49.11,8.8,2.16,42.85,133.152,0,1,24.444444,2
12618,6,19,4,1,24.08,0.0,49.55,9.4,2.28,38.03,17.6549,0,1,24.444444,2
12619,6,20,4,1,24.08,0.0,50.77,11.5,3.12,39.02,0.0,0,1,24.444444,2
12620,6,21,4,1,24.07,0.0,52.6,10.9,4.08,37.07,0.0,0,1,24.444444,2
12621,6,22,4,1,24.09,0.02,53.84,15.6,2.76,42.11,0.0,0,1,24.444444,2
12622,6,23,4,1,24.07,0.0,54.95,13.1,0.96,37.29,0.0,0,1,24.444444,2
12623,6,24,4,1,24.07,0.0,58.24,2.7,0.48,20.33,0.0,0,1,24.444444,2
12624,6,1,5,1,24.07,0.0,59.6,12.9,0.84,35.52,0.0,0,1,24.444444,2
12625,6,2,5,1,24.07,0.0,59.1,10.2,0.48,28.89,0.0,0,1,24.444444,2
12626,6,3,5,1,24.07,0.0,59.31,11.3,0.0,29.5,0.0,0,1,24.444444,2
12627,6,4,5,1,24.07,0.0,61.01,4.7,0.72,18.21,0.0,0,1,24.444444,2
12628,6,5,5,1,24.07,0.0,62.28,9.9,2.88,26.47,0.0,0,1,24.444444,2
12629,6,6,5,1,24.07,0.0,61.63,9.9,1.68,27.36,0.0,0,1,24.444444,2
12630,6,7,5,1,24.07,0.0,60.8,5.9,21.12,25.54,77.1862,0,1,24.444444,2
12631,6,8,5,1,24.07,0.0,59.8,5.4,4.8,29.27,204.449,0,1,24.444444,2
12632,6,9,5,1,24.07,0.0,58.24,9.2,8.88,36.31,326.823,0,1,24.444444,2
12633,6,10,5,1,24.07,0.0,57.42,4.6,2.76,29.73,410.652,0,1,24.444444,2
12634,6,11,5,1,24.07,0.0,56.78,8.7,3.24,36.77,346.2,0,1,24.444444,2
12635,6,12,5,1,24.07,0.0,56.05,8.9,6.48,37.89,577.518,0,1,24.444444,2
12636,6,13,5,1,24.07,0.0,55.82,8.4,3.72,38.14,667.638,0,1,24.444444,2
12637,6,14,5,1,24.07,0.0,55.06,10.0,2.16,38.81,424.485,0,1,24.444444,2
12638,6,15,5,1,24.07,0.0,54.48,8.1,2.16,32.09,193.232,0,1,24.444444,2
12639,6,16,5,1,24.07,0.0,54.3,8.8,1.2,32.84,161.082,0,1,24.444444,2
12640,6,17,5,1,24.07,0.0,54.14,10.7,1.44,40.37,259.308,0,1,24.444444,2
12641,6,18,5,1,24.07,0.0,54.22,9.4,2.4,38.01,135.205,0,1,24.444444,2
12642,6,19,5,1,24.07,0.0,55.33,9.1,1.8,31.35,1.2139,0,1,24.444444,2
12643,6,20,5,1,24.07,0.0,56.33,9.7,5.16,30.02,0.0,0,1,24.444444,2
12644,6,21,5,1,24.07,0.0,56.17,11.2,7.2,30.38,0.0,0,1,24.444444,2
12645,6,22,5,1,24.07,0.0,57.09,9.7,1.8,27.2,0.0,0,1,24.444444,2
12646,6,23,5,1,24.07,0.0,59.67,4.8,0.72,19.68,0.0,0,1,24.444444,2
12647,6,24,5,1,24.07,0.0,60.64,11.3,0.48,29.79,0.0,0,1,24.444444,2
12648,6,1,6,1,24.07,0.0,61.7,4.7,0.84,17.65,0.0,0,1,24.444444,2
12649,6,2,6,1,24.06,0.0,64.76,3.4,0.6,15.35,0.0,0,1,24.444444,2
12650,6,3,6,1,24.06,0.0,67.93,3.7,0.6,15.75,0.0,0,1,24.444444,2
12651,6,4,6,1,24.06,0.0,69.36,5.2,0.48,17.57,0.0,0,1,24.444444,2
12652,6,5,6,1,24.04,0.0,70.13,4.2,0.96,15.02,0.0,0,1,24.444444,2
12653,6,6,6,1,24.04,0.0,70.39,3.1,9.12,18.6,0.0,0,1,24.444444,2
12654,6,7,6,1,24.05,0.0,68.32,6.0,12.24,26.03,64.9198,0,1,24.444444,2
12655,6,8,6,1,24.04,0.0,67.78,4.9,6.72,20.38,61.9988,0,1,24.444444,2
12656,6,9,6,1,24.04,0.0,66.8,4.4,3.36,24.91,317.924,0,1,24.444444,2
12657,6,10,6,1,24.05,0.0,65.03,3.9,3.0,26.05,396.778,0,1,24.444444,2
12658,6,11,6,1,24.06,0.0,64.06,5.5,2.52,27.53,454.826,0,1,24.444444,2
12659,6,12,6,1,24.07,0.0,63.47,4.3,5.64,25.7,557.503,0,1,24.444444,2
12660,6,13,6,1,24.07,0.0,63.79,5.2,2.88,25.84,217.22,0,1,24.444444,2
12661,6,14,6,1,24.07,0.0,61.94,10.8,1.68,32.41,189.1,0,1,24.444444,2
12662,6,15,6,1,24.07,0.0,60.66,4.1,3.48,21.95,324.571,0,1,24.444444,2
12663,6,16,6,1,24.07,0.0,59.99,5.2,1.56,23.8,268.362,0,1,24.444444,2
12664,6,17,6,1,24.07,0.0,59.25,9.7,0.84,28.68,193.208,0,1,24.444444,2
12665,6,18,6,1,24.07,0.0,58.7,9.6,1.8,27.27,113.82,0,1,24.444444,2
12666,6,19,6,1,24.07,0.0,59.71,5.8,0.84,18.8,25.2816,0,1,24.444444,2
12667,6,20,6,1,24.07,0.0,60.02,13.0,1.56,27.75,0.0,0,1,24.444444,2
12668,6,21,6,1,24.07,0.0,59.24,12.4,0.96,25.59,0.0,0,1,24.444444,2
12669,6,22,6,1,24.06,0.0,61.01,6.0,1.92,14.42,0.0,0,1,24.444444,2
12670,6,23,6,1,24.04,0.0,64.18,5.0,0.84,12.74,0.0,0,1,24.444444,2
12671,6,24,6,1,24.03,0.0,66.18,5.3,1.2,13.2,0.0,0,1,24.444444,2
12672,6,1,7,1,23.99,0.0,67.88,3.3,0.84,10.55,0.0,0,1,24.444444,2
12673,6,2,7,1,24.01,0.0,69.95,5.1,0.0,13.96,0.0,0,1,24.444444,2
12674,6,3,7,1,24.0,0.0,73.23,3.1,0.12,12.55,0.0,0,1,24.444444,2
12675,6,4,7,1,24.02,0.0,74.4,5.2,0.48,17.1,0.0,0,1,24.444444,2
12676,6,5,7,1,24.01,0.0,76.13,3.8,1.8,14.98,0.0,0,1,24.444444,2
12677,6,6,7,1,24.02,0.0,76.07,5.0,1.2,23.79,0.0,0,1,24.444444,2
12678,6,7,7,1,24.04,0.0,73.23,6.5,2.76,33.51,64.1632,0,1,24.444444,2
12679,6,8,7,1,24.06,0.01,70.46,4.5,5.04,32.22,207.783,0,1,24.444444,2
12680,6,9,7,1,24.13,0.06,66.8,7.1,8.4,37.32,367.508,0,1,24.444444,2
12681,6,10,7,1,24.08,0.0,64.78,4.8,5.28,35.57,438.574,0,1,24.444444,2
12682,6,11,7,1,24.07,0.0,63.24,4.0,3.72,34.9,533.364,0,1,24.444444,2
12683,6,12,7,1,24.07,0.0,61.33,6.4,6.36,40.03,633.958,0,1,24.444444,2
12684,6,13,7,1,24.07,0.0,59.68,4.3,3.84,37.73,484.382,0,1,24.444444,2
12685,6,14,7,1,24.14,0.07,57.09,12.2,9.48,47.72,328.64,0,1,24.444444,2
12686,6,15,7,1,24.07,0.0,55.64,5.8,5.28,40.27,367.028,0,1,24.444444,2
12687,6,16,7,1,24.07,0.0,55.46,3.6,0.84,38.73,407.019,0,1,24.444444,2
12688,6,17,7,1,24.07,0.0,56.15,4.1,2.4,38.07,237.551,0,1,24.444444,2
12689,6,18,7,1,24.07,0.0,57.17,5.0,2.16,38.37,121.422,0,1,24.444444,2
12690,6,19,7,1,24.07,0.0,58.58,3.9,1.32,33.39,25.9138,0,1,24.444444,2
12691,6,20,7,1,24.07,0.0,60.06,5.0,2.16,31.09,0.0,0,1,24.444444,2
12692,6,21,7,1,24.07,0.0,61.17,4.4,4.2,28.83,0.0,0,1,24.444444,2
12693,6,22,7,1,24.07,0.0,61.67,7.3,1.56,31.89,0.0,0,1,24.444444,2
12694,6,23,7,1,24.07,0.0,61.5,8.6,1.44,32.18,0.0,0,1,24.444444,2
12695,6,24,7,1,24.07,0.0,62.36,5.9,0.72,26.18,0.0,0,1,24.444444,2
12696,6,1,1,1,24.07,0.0,63.36,7.7,0.48,28.34,0.0,0,1,24.444444,2
12697,6,2,1,1,24.07,0.0,64.88,3.9,0.72,20.53,0.0,0,1,24.444444,2
12698,6,3,1,1,24.07,0.0,66.89,3.5,0.48,18.28,0.0,0,1,24.444444,2
12699,6,4,1,1,24.07,0.0,66.23,6.5,1.68,21.97,0.0,0,1,24.444444,2
12700,6,5,1,1,24.07,0.0,64.84,8.5,1.92,24.61,0.0,0,1,24.444444,2
12701,6,6,1,1,24.07,0.0,65.46,4.6,3.48,23.4,0.0,0,1,24.444444,2
12702,6,7,1,1,24.07,0.0,66.05,3.8,1.56,26.85,66.6805,0,1,24.444444,2
12703,6,8,1,1,24.07,0.0,65.92,4.6,3.6,29.19,197.466,0,1,24.444444,2
12704,6,9,1,1,24.07,0.0,65.07,3.6,8.88,25.06,242.554,0,1,24.444444,2
12705,6,10,1,1,24.07,0.0,63.1,4.0,12.72,29.8,490.44,0,1,24.444444,2
12706,6,11,1,1,24.07,0.0,61.06,4.7,4.08,33.54,540.853,0,1,24.444444,2
12707,6,12,1,1,24.07,0.0,58.83,10.5,4.8,42.99,521.321,0,1,24.444444,2
12708,6,13,1,1,24.07,0.0,58.31,5.0,1.2,30.91,377.735,0,1,24.444444,2
12709,6,14,1,1,24.07,0.0,58.41,10.8,4.8,38.25,402.091,0,1,24.444444,2
12710,6,15,1,1,24.07,0.0,59.15,5.0,4.56,29.41,246.854,0,1,24.444444,2
12711,6,16,1,1,24.07,0.0,59.06,5.9,5.4,36.85,422.087,0,1,24.444444,2
12712,6,17,1,1,24.07,0.0,59.13,4.5,5.28,33.36,296.153,0,1,24.444444,2
12713,6,18,1,1,24.07,0.0,59.3,4.3,5.04,32.93,148.993,0,1,24.444444,2
12714,6,19,1,1,24.07,0.0,59.31,4.7,14.28,29.98,26.4156,0,1,24.444444,2
12715,6,20,1,1,24.07,0.0,60.52,5.0,9.84,25.52,0.0,0,1,24.444444,2
12716,6,21,1,1,24.07,0.0,60.86,8.3,2.52,29.15,0.0,0,1,24.444444,2
12717,6,22,1,1,24.07,0.0,61.85,6.0,1.08,23.81,0.0,0,1,24.444444,2
12718,6,23,1,1,24.07,0.0,63.79,5.0,1.08,21.62,0.0,0,1,24.444444,2
12719,6,24,1,1,24.07,0.0,65.52,4.3,0.84,19.95,0.0,0,1,24.444444,2
12720,6,1,2,1,24.07,0.0,66.41,6.1,0.6,22.31,0.0,0,1,24.444444,2
12721,6,2,2,1,24.07,0.0,67.13,4.8,1.32,18.96,0.0,0,1,24.444444,2
12722,6,3,2,1,24.06,0.0,68.69,3.5,0.36,16.02,0.0,0,1,24.444444,2
12723,6,4,2,1,24.06,0.0,69.84,4.7,0.36,17.95,0.0,0,1,24.444444,2
12724,6,5,2,1,24.05,0.0,71.27,3.1,2.88,15.5,0.0,0,1,24.444444,2
12725,6,6,2,1,24.05,0.0,71.66,3.2,2.28,22.61,0.0,0,1,24.444444,2
12726,6,7,2,1,24.06,0.0,69.37,4.9,24.12,32.63,63.3574,0,1,24.444444,2
12727,6,8,2,1,24.1,0.03,66.93,5.3,1.08,34.36,205.947,0,1,24.444444,2
12728,6,9,2,1,24.1,0.03,65.35,4.6,6.12,34.98,347.964,0,1,24.444444,2
12729,6,10,2,1,24.08,0.0,64.13,3.8,3.36,33.62,443.473,0,1,24.444444,2
12730,6,11,2,1,24.07,0.0,63.51,5.0,4.68,34.92,642.106,0,1,24.444444,2
12731,6,12,2,1,24.07,0.0,62.54,4.0,0.84,33.56,590.645,0,1,24.444444,2
12732,6,13,2,1,24.07,0.0,61.47,4.6,2.16,37.27,525.358,0,1,24.444444,2
12733,6,14,2,1,24.07,0.0,59.7,9.1,1.32,45.61,527.447,0,1,24.444444,2
12734,6,15,2,1,24.07,0.0,58.66,7.8,2.88,45.9,489.115,0,1,24.444444,2
12735,6,16,2,1,24.07,0.0,58.28,4.0,1.68,40.65,419.047,0,1,24.444444,2
12736,6,17,2,1,24.07,0.0,58.3,4.7,4.8,39.69,267.469,0,1,24.444444,2
12737,6,18,2,1,24.07,0.0,57.88,3.9,3.84,35.97,124.399,0,1,24.444444,2
12738,6,19,2,1,24.07,0.0,57.67,5.4,4.32,34.38,27.2399,0,1,24.444444,2
12739,6,20,2,1,24.07,0.0,57.67,7.8,4.56,34.26,0.0,0,1,24.444444,2
12740,6,21,2,1,24.07,0.0,57.81,7.1,3.36,31.51,0.0,0,1,24.444444,2
12741,6,22,2,1,24.07,0.0,58.57,6.2,2.52,28.62,0.0,0,1,24.444444,2
12742,6,23,2,1,24.07,0.0,60.02,4.9,2.16,25.47,0.0,0,1,24.444444,2
12743,6,24,2,1,24.07,0.0,61.51,4.8,1.32,24.34,0.0,0,1,24.444444,2
12744,6,1,3,1,24.07,0.0,63.56,3.6,0.84,21.45,0.0,0,1,24.444444,2
12745,6,2,3,1,24.07,0.0,65.18,6.4,0.36,25.71,0.0,0,1,24.444444,2
12746,6,3,3,1,24.07,0.0,66.36,5.5,0.36,23.66,0.0,0,1,24.444444,2
12747,6,4,3,1,24.07,0.0,67.7,3.6,0.6,19.82,0.0,0,1,24.444444,2
12748,6,5,3,1,24.07,0.0,69.0,4.1,2.04,20.53,0.0,0,1,24.444444,2
12749,6,6,3,1,24.07,0.0,69.22,4.9,3.72,27.49,0.0,0,1,24.444444,2
12750,6,7,3,1,24.08,0.0,67.91,4.5,31.44,33.39,63.2364,0,1,24.444444,2
12751,6,8,3,1,24.13,0.06,65.57,5.0,4.68,35.21,206.883,0,1,24.444444,2
12752,6,9,3,1,24.15,0.07,63.66,4.1,5.16,34.51,377.111,0,1,24.444444,2
12753,6,10,3,1,24.11,0.04,62.44,4.2,6.36,35.87,521.294,0,1,24.444444,2
12754,6,11,3,1,24.07,0.0,61.81,3.6,1.44,34.36,624.829,0,1,24.444444,2
12755,6,12,3,1,24.07,0.0,61.3,3.9,2.4,35.35,686.519,0,1,24.444444,2
12756,6,13,3,1,24.07,0.0,60.55,3.9,2.76,36.57,690.263,0,1,24.444444,2
12757,6,14,3,1,24.1,0.02,57.88,10.1,12.72,48.06,673.124,0,1,24.444444,2
12758,6,15,3,1,24.07,0.0,56.48,3.8,2.52,42.31,607.2,0,1,24.444444,2
12759,6,16,3,1,24.07,0.0,55.85,3.6,1.44,43.94,492.234,0,1,24.444444,2
12760,6,17,3,1,24.18,0.1,55.29,9.4,2.52,50.93,337.636,0,1,24.444444,2
12761,6,18,3,1,24.09,0.02,55.02,7.6,1.44,47.62,161.266,0,1,24.444444,2
12762,6,19,3,1,24.07,0.0,56.0,5.1,5.52,37.78,28.0878,0,1,24.444444,2
12763,6,20,3,1,24.07,0.0,57.62,7.3,6.84,36.73,0.0,0,1,24.444444,2
12764,6,21,3,1,24.07,0.0,58.65,7.6,7.56,35.66,0.0,0,1,24.444444,2
12765,6,22,3,1,24.08,0.01,58.61,13.5,1.32,42.07,0.0,0,1,24.444444,2
12766,6,23,3,1,24.07,0.0,59.87,5.3,0.84,27.45,0.0,0,1,24.444444,2
12767,6,24,3,1,24.07,0.0,62.77,3.5,2.64,23.64,0.0,0,1,24.444444,2
12768,6,1,4,1,24.07,0.0,64.44,4.9,0.36,25.36,0.0,0,1,24.444444,2
12769,6,2,4,1,24.07,0.0,66.07,3.2,0.84,20.79,0.0,0,1,24.444444,2
12770,6,3,4,1,24.07,0.0,67.39,4.9,0.36,22.64,0.0,0,1,24.444444,2
12771,6,4,4,1,24.07,0.0,68.56,3.5,0.72,19.23,0.0,0,1,24.444444,2
12772,6,5,4,1,24.07,0.0,69.95,3.6,0.72,18.94,0.0,0,1,24.444444,2
12773,6,6,4,1,24.07,0.0,68.33,10.2,6.96,36.42,0.0,0,1,24.444444,2
12774,6,7,4,1,24.11,0.03,65.86,8.5,10.92,38.14,63.0528,0,1,24.444444,2
12775,6,8,4,1,24.25,0.18,62.84,9.3,4.44,39.1,205.768,0,1,24.444444,2
12776,6,9,4,1,24.32,0.25,60.85,9.0,11.16,39.24,373.62,0,1,24.444444,2
12777,6,10,4,1,24.32,0.25,59.57,9.7,2.28,41.0,521.233,0,1,24.444444,2
12778,6,11,4,1,24.2,0.12,58.83,9.0,1.2,41.51,621.906,0,1,24.444444,2
12779,6,12,4,1,24.11,0.03,58.4,9.0,2.28,42.55,681.882,0,1,24.444444,2
12780,6,13,4,1,24.08,0.01,57.54,8.9,4.92,43.12,691.864,0,1,24.444444,2
12781,6,14,4,1,24.1,0.03,56.39,10.2,7.68,47.47,680.85,0,1,24.444444,2
12782,6,15,4,1,24.09,0.02,55.69,9.1,2.76,49.59,608.515,0,1,24.444444,2
12783,6,16,4,1,24.12,0.04,55.42,8.8,0.96,50.44,493.108,0,1,24.444444,2
12784,6,17,4,1,24.18,0.11,55.16,8.9,2.28,50.68,338.937,0,1,24.444444,2
12785,6,18,4,1,24.28,0.21,54.64,12.1,0.24,52.36,162.308,0,1,24.444444,2
12786,6,19,4,1,24.1,0.02,55.13,8.9,2.88,44.69,28.9026,0,1,24.444444,2
12787,6,20,4,1,24.08,0.01,55.75,10.5,3.36,41.16,0.0,0,1,24.444444,2
12788,6,21,4,1,24.08,0.01,56.08,12.6,2.88,41.69,0.0,0,1,24.444444,2
12789,6,22,4,1,24.1,0.03,56.32,15.2,2.28,43.21,0.0,0,1,24.444444,2
12790,6,23,4,1,24.07,0.0,57.72,9.9,0.96,34.11,0.0,0,1,24.444444,2
12791,6,24,4,1,24.07,0.0,61.06,2.6,0.36,21.55,0.0,0,1,24.444444,2
12792,6,1,5,1,24.07,0.0,62.18,11.8,3.24,35.87,0.0,0,1,24.444444,2
12793,6,2,5,1,24.07,0.0,61.37,10.3,0.48,31.02,0.0,0,1,24.444444,2
12794,6,3,5,1,24.07,0.0,61.33,12.2,0.24,32.78,0.0,0,1,24.444444,2
12795,6,4,5,1,24.07,0.0,63.53,3.5,0.24,17.71,0.0,0,1,24.444444,2
12796,6,5,5,1,24.07,0.0,66.86,3.9,2.4,18.63,0.0,0,1,24.444444,2
12797,6,6,5,1,24.07,0.0,66.26,11.7,4.92,36.18,0.0,0,1,24.444444,2
12798,6,7,5,1,24.07,0.0,65.42,5.0,28.8,29.09,35.9021,0,1,24.444444,2
12799,6,8,5,1,24.08,0.01,64.56,6.2,9.48,34.49,171.225,0,1,24.444444,2
12800,6,9,5,1,24.23,0.15,62.06,9.7,8.76,40.31,370.714,0,1,24.444444,2
12801,6,10,5,1,24.11,0.04,61.21,3.6,4.8,34.25,494.783,0,1,24.444444,2
12802,6,11,5,1,24.09,0.02,59.56,8.8,2.76,42.18,591.146,0,1,24.444444,2
12803,6,12,5,1,24.07,0.0,57.63,9.0,3.0,42.74,595.244,0,1,24.444444,2
12804,6,13,5,1,24.07,0.0,56.44,9.0,2.88,43.62,582.393,0,1,24.444444,2
12805,6,14,5,1,24.09,0.02,56.0,10.3,2.76,47.42,556.724,0,1,24.444444,2
12806,6,15,5,1,24.08,0.0,55.8,8.0,1.56,46.65,518.029,0,1,24.444444,2
12807,6,16,5,1,24.07,0.0,55.25,8.3,1.56,48.33,445.711,0,1,24.444444,2
12808,6,17,5,1,24.1,0.03,54.42,10.9,2.16,51.21,309.875,0,1,24.444444,2
12809,6,18,5,1,24.08,0.01,54.29,9.2,1.32,46.96,147.222,0,1,24.444444,2
12810,6,19,5,1,24.08,0.01,54.84,10.9,1.32,44.15,27.6683,0,1,24.444444,2
12811,6,20,5,1,24.08,0.0,55.78,12.2,3.12,41.47,0.0,0,1,24.444444,2
12812,6,21,5,1,24.08,0.01,56.25,13.9,1.2,42.4,0.0,0,1,24.444444,2
12813,6,22,5,1,24.07,0.0,57.14,11.1,2.04,36.49,0.0,0,1,24.444444,2
12814,6,23,5,1,24.07,0.0,59.45,5.5,0.72,26.17,0.0,0,1,24.444444,2
12815,6,24,5,1,24.07,0.0,60.92,10.0,0.6,32.32,0.0,0,1,24.444444,2
12816,6,1,6,1,24.07,0.0,63.19,3.6,1.08,20.87,0.0,0,1,24.444444,2
12817,6,2,6,1,24.07,0.0,66.12,3.4,0.36,19.98,0.0,0,1,24.444444,2
12818,6,3,6,1,24.07,0.0,68.02,3.5,0.6,19.06,0.0,0,1,24.444444,2
12819,6,4,6,1,24.06,0.0,69.53,3.0,0.6,17.14,0.0,0,1,24.444444,2
12820,6,5,6,1,24.06,0.0,70.41,3.7,2.52,17.9,0.0,0,1,24.444444,2
12821,6,6,6,1,24.06,0.0,70.59,3.2,11.52,22.45,0.0,0,1,24.444444,2
12822,6,7,6,1,24.07,0.0,68.8,4.8,18.48,32.2,63.4612,0,1,24.444444,2
12823,6,8,6,1,24.17,0.1,65.21,7.2,4.68,36.51,204.053,0,1,24.444444,2
12824,6,9,6,1,24.16,0.09,63.27,4.3,5.4,33.83,371.47,0,1,24.444444,2
12825,6,10,6,1,24.1,0.03,62.2,5.0,3.72,36.37,449.756,0,1,24.444444,2
12826,6,11,6,1,24.07,0.0,60.62,4.1,0.72,33.87,615.245,0,1,24.444444,2
12827,6,12,6,1,24.07,0.0,59.68,4.1,3.48,34.98,663.497,0,1,24.444444,2
12828,6,13,6,1,24.07,0.0,58.32,6.2,6.12,40.85,623.803,0,1,24.444444,2
12829,6,14,6,1,24.17,0.1,55.9,11.9,1.2,48.66,546.368,0,1,24.444444,2
12830,6,15,6,1,24.08,0.01,55.97,5.3,0.72,43.62,514.348,0,1,24.444444,2
12831,6,16,6,1,24.09,0.02,55.5,8.9,1.68,48.89,384.505,0,1,24.444444,2
12832,6,17,6,1,24.1,0.02,53.59,8.9,2.88,49.3,287.571,0,1,24.444444,2
12833,6,18,6,1,24.1,0.02,52.76,9.1,1.08,48.26,151.29,0,1,24.444444,2
12834,6,19,6,1,24.08,0.0,53.42,7.9,1.68,41.21,27.1397,0,1,24.444444,2
12835,6,20,6,1,24.07,0.0,54.54,9.7,4.44,39.22,0.0,0,1,24.444444,2
12836,6,21,6,1,24.07,0.0,55.25,10.0,1.56,37.65,0.0,0,1,24.444444,2
12837,6,22,6,1,24.07,0.0,56.77,5.8,0.72,29.23,0.0,0,1,24.444444,2
12838,6,23,6,1,24.07,0.0,58.94,6.3,1.56,28.58,0.0,0,1,24.444444,2
12839,6,24,6,1,24.07,0.0,60.97,4.2,0.72,24.13,0.0,0,1,24.444444,2
12840,6,1,7,1,24.07,0.0,63.24,3.3,3.6,21.3,0.0,0,1,24.444444,2
12841,6,2,7,1,24.07,0.0,63.07,9.1,0.12,29.64,0.0,0,1,24.444444,2
12842,6,3,7,1,24.07,0.0,63.24,4.8,0.72,20.47,0.0,0,1,24.444444,2
12843,6,4,7,1,24.07,0.0,65.34,3.1,0.12,16.46,0.0,0,1,24.444444,2
12844,6,5,7,1,24.07,0.0,66.67,5.4,0.72,20.12,0.0,0,1,24.444444,2
12845,6,6,7,1,24.07,0.0,67.08,4.1,2.88,22.91,0.0,0,1,24.444444,2
12846,6,7,7,1,24.07,0.0,66.67,4.5,8.28,29.3,64.7494,0,1,24.444444,2
12847,6,8,7,1,24.07,0.0,65.17,4.3,3.6,30.47,195.2,0,1,24.444444,2
12848,6,9,7,1,24.08,0.01,63.48,4.0,6.96,32.66,369.76,0,1,24.444444,2
12849,6,10,7,1,24.07,0.0,62.16,4.6,6.48,34.92,426.086,0,1,24.444444,2
12850,6,11,7,1,24.07,0.0,60.64,5.7,3.84,38.61,474.05,0,1,24.444444,2
12851,6,12,7,1,24.07,0.0,59.2,4.4,4.44,37.4,456.709,0,1,24.444444,2
12852,6,13,7,1,24.07,0.0,57.58,6.1,8.28,40.25,440.601,0,1,24.444444,2
12853,6,14,7,1,24.15,0.08,54.87,12.2,9.84,48.0,503.119,0,1,24.444444,2
12854,6,15,7,1,24.08,0.0,53.83,5.4,2.52,42.44,479.537,0,1,24.444444,2
12855,6,16,7,1,24.07,0.0,53.89,4.4,2.64,41.56,358.29,0,1,24.444444,2
12856,6,17,7,1,24.07,0.0,54.66,3.9,1.56,42.48,256.729,0,1,24.444444,2
12857,6,18,7,1,24.07,0.0,54.81,3.9,1.68,43.58,161.276,0,1,24.444444,2
12858,6,19,7,1,24.07,0.0,54.76,3.9,2.28,37.12,29.1015,0,1,24.444444,2
12859,6,20,7,1,24.07,0.0,55.22,4.9,3.72,32.95,0.0,0,1,24.444444,2
12860,6,21,7,1,24.07,0.0,55.79,6.5,3.72,33.68,0.0,0,1,24.444444,2
12861,6,22,7,1,24.07,0.0,57.3,5.3,3.0,30.41,0.0,0,1,24.444444,2
12862,6,23,7,1,24.07,0.0,58.97,5.3,4.2,29.52,0.0,0,1,24.444444,2
12863,6,24,7,1,24.07,0.0,60.21,6.9,0.84,30.68,0.0,0,1,24.444444,2
12864,6,1,1,1,24.07,0.0,62.44,3.7,0.6,24.17,0.0,0,1,24.444444,2
12865,6,2,1,1,24.07,0.0,64.49,5.1,0.48,25.01,0.0,0,1,24.444444,2
12866,6,3,1,1,24.07,0.0,66.28,3.6,1.08,21.43,0.0,0,1,24.444444,2
12867,6,4,1,1,24.07,0.0,67.68,4.8,0.72,22.69,0.0,0,1,24.444444,2
12868,6,5,1,1,24.07,0.0,68.32,4.6,2.4,21.17,0.0,0,1,24.444444,2
12869,6,6,1,1,24.07,0.0,69.0,3.7,1.56,23.84,0.0,0,1,24.444444,2
12870,6,7,1,1,24.09,0.01,67.74,5.7,4.92,34.51,62.2554,0,1,24.444444,2
12871,6,8,1,1,24.16,0.08,65.53,5.2,3.0,34.97,199.734,0,1,24.444444,2
12872,6,9,1,1,24.2,0.12,62.92,4.4,3.24,34.76,349.142,0,1,24.444444,2
12873,6,10,1,1,24.15,0.08,60.41,4.3,12.96,35.06,479.311,0,1,24.444444,2
12874,6,11,1,1,24.08,0.0,58.94,4.1,4.32,34.42,597.773,0,1,24.444444,2
12875,6,12,1,1,24.07,0.0,58.63,3.8,4.2,33.5,607.003,0,1,24.444444,2
12876,6,13,1,1,24.07,0.0,57.89,5.7,4.68,38.67,657.132,0,1,24.444444,2
12877,6,14,1,1,24.16,0.08,55.98,10.8,3.6,48.31,642.596,0,1,24.444444,2
12878,6,15,1,1,24.22,0.15,53.5,11.0,5.76,50.89,575.708,0,1,24.444444,2
12879,6,16,1,1,24.1,0.03,52.1,4.3,3.0,46.37,476.448,0,1,24.444444,2
12880,6,17,1,1,24.22,0.14,50.04,8.9,2.4,49.43,318.507,0,1,24.444444,2
12881,6,18,1,1,24.1,0.03,51.17,4.6,4.8,44.35,141.502,0,1,24.444444,2
12882,6,19,1,1,24.08,0.01,53.24,4.1,7.44,38.96,27.2362,0,1,24.444444,2
12883,6,20,1,1,24.08,0.0,56.29,5.8,12.48,38.13,0.0,0,1,24.444444,2
12884,6,21,1,1,24.07,0.0,58.16,5.5,3.48,36.43,0.0,0,1,24.444444,2
12885,6,22,1,1,24.07,0.0,59.7,5.5,1.08,34.77,0.0,0,1,24.444444,2
12886,6,23,1,1,24.07,0.0,61.2,3.6,0.96,29.62,0.0,0,1,24.444444,2
12887,6,24,1,1,24.07,0.0,62.04,3.5,1.2,26.72,0.0,0,1,24.444444,2
12888,6,1,2,1,24.07,0.0,62.19,5.3,0.6,27.39,0.0,0,1,24.444444,2
12889,6,2,2,1,24.07,0.0,62.81,3.9,0.36,22.46,0.0,0,1,24.444444,2
12890,6,3,2,1,24.07,0.0,64.2,4.7,0.24,21.85,0.0,0,1,24.444444,2
12891,6,4,2,1,24.07,0.0,66.02,3.2,0.24,17.85,0.0,0,1,24.444444,2
12892,6,5,2,1,24.07,0.0,67.55,4.9,1.92,20.02,0.0,0,1,24.444444,2
12893,6,6,2,1,24.07,0.0,67.46,5.4,3.6,26.17,0.0,0,1,24.444444,2
12894,6,7,2,1,24.08,0.0,66.21,4.3,11.4,31.44,61.7639,0,1,24.444444,2
12895,6,8,2,1,24.16,0.08,63.79,5.9,3.36,35.23,200.571,0,1,24.444444,2
12896,6,9,2,1,24.22,0.15,61.42,5.9,7.56,35.91,361.518,0,1,24.444444,2
12897,6,10,2,1,24.17,0.09,60.46,4.5,2.76,35.83,502.955,0,1,24.444444,2
12898,6,11,2,1,24.09,0.01,60.41,4.4,3.36,36.11,587.415,0,1,24.444444,2
12899,6,12,2,1,24.07,0.0,59.7,4.2,2.76,35.59,653.29,0,1,24.444444,2
12900,6,13,2,1,24.07,0.0,59.24,3.9,1.92,35.88,573.754,0,1,24.444444,2
12901,6,14,2,1,24.08,0.0,57.22,10.7,2.76,42.86,219.86,0,1,24.444444,2
12902,6,15,2,1,24.07,0.0,55.56,4.5,3.0,32.24,190.241,0,1,24.444444,2
12903,6,16,2,1,24.07,0.0,55.76,5.5,1.8,39.27,347.366,0,1,24.444444,2
12904,6,17,2,1,24.07,0.0,56.22,3.5,3.72,39.54,279.973,0,1,24.444444,2
12905,6,18,2,1,24.07,0.0,56.6,4.3,4.32,39.7,144.611,0,1,24.444444,2
12906,6,19,2,1,24.07,0.0,57.22,5.9,1.92,36.5,28.7887,0,1,24.444444,2
12907,6,20,2,1,24.07,0.0,57.63,8.0,5.76,35.18,0.0,0,1,24.444444,2
12908,6,21,2,1,24.07,0.0,58.17,7.1,2.16,32.75,0.0,0,1,24.444444,2
12909,6,22,2,1,24.07,0.0,58.39,7.6,1.44,32.0,0.0,0,1,24.444444,2
12910,6,23,2,1,24.07,0.0,58.5,4.9,1.68,26.19,0.0,0,1,24.444444,2
12911,6,24,2,1,24.07,0.0,60.42,3.7,0.24,22.9,0.0,0,1,24.444444,2
12912,6,1,3,1,24.07,0.0,62.32,3.5,0.6,21.12,0.0,0,1,24.444444,2
12913,6,2,3,1,24.07,0.0,63.46,3.8,0.12,20.38,0.0,0,1,24.444444,2
12914,6,3,3,1,24.07,0.0,65.69,3.3,0.48,18.96,0.0,0,1,24.444444,2
12915,6,4,3,1,24.07,0.0,67.72,3.7,0.24,18.84,0.0,0,1,24.444444,2
12916,6,5,3,1,24.07,0.0,69.3,4.0,1.08,19.18,0.0,0,1,24.444444,2
12917,6,6,3,1,24.07,0.0,69.56,5.6,6.36,25.94,0.0,0,1,24.444444,2
12918,6,7,3,1,24.07,0.0,68.79,4.1,25.92,30.8,70.425,0,1,24.444444,2
12919,6,8,3,1,24.1,0.02,66.67,4.2,8.88,35.21,197.317,0,1,24.444444,2
12920,6,9,3,1,24.18,0.1,63.88,4.3,7.56,35.7,361.371,0,1,24.444444,2
12921,6,10,3,1,24.13,0.06,61.94,3.9,1.08,35.77,494.413,0,1,24.444444,2
12922,6,11,3,1,24.08,0.0,61.56,4.0,1.32,35.99,588.448,0,1,24.444444,2
12923,6,12,3,1,24.07,0.0,61.3,3.8,2.88,36.86,653.72,0,1,24.444444,2
12924,6,13,3,1,24.07,0.0,60.76,4.3,3.36,40.05,532.886,0,1,24.444444,2
12925,6,14,3,1,24.08,0.0,58.6,9.9,3.0,43.04,250.669,0,1,24.444444,2
12926,6,15,3,1,24.07,0.0,56.77,4.2,5.88,34.23,293.342,0,1,24.444444,2
12927,6,16,3,1,24.07,0.0,56.38,3.5,0.36,37.36,329.198,0,1,24.444444,2
12928,6,17,3,1,24.07,0.0,56.0,9.0,2.64,45.67,246.057,0,1,24.444444,2
12929,6,18,3,1,24.07,0.0,56.26,4.6,3.36,37.19,127.475,0,1,24.444444,2
12930,6,19,3,1,24.07,0.0,56.39,5.4,8.52,33.44,27.9964,0,1,24.444444,2
12931,6,20,3,1,24.07,0.0,56.13,8.7,7.08,33.47,0.0,0,1,24.444444,2
12932,6,21,3,1,24.07,0.0,56.16,6.9,1.2,28.82,0.0,0,1,24.444444,2
12933,6,22,3,1,24.07,0.0,56.31,6.7,6.0,26.96,0.0,0,1,24.444444,2
12934,6,23,3,1,24.07,0.0,56.46,5.4,0.84,23.32,0.0,0,1,24.444444,2
12935,6,24,3,1,24.07,0.0,57.63,3.6,0.48,19.2,0.0,0,1,24.444444,2
12936,6,1,4,1,24.07,0.0,59.19,3.8,0.24,17.61,0.0,0,1,24.444444,2
12937,6,2,4,1,24.07,0.0,62.05,3.0,0.24,15.36,0.0,0,1,24.444444,2
12938,6,3,4,1,24.06,0.0,64.91,3.8,0.72,16.16,0.0,0,1,24.444444,2
12939,6,4,4,1,24.06,0.0,66.83,4.0,0.36,16.17,0.0,0,1,24.444444,2
12940,6,5,4,1,24.05,0.0,68.21,3.6,2.16,15.17,0.0,0,1,24.444444,2
12941,6,6,4,1,24.07,0.0,66.61,10.9,4.08,32.78,0.0,0,1,24.444444,2
12942,6,7,4,1,24.07,0.0,64.28,8.4,9.6,32.86,63.6887,0,1,24.444444,2
12943,6,8,4,1,24.07,0.0,61.41,10.2,5.28,33.1,154.544,0,1,24.444444,2
12944,6,9,4,1,24.07,0.0,58.91,9.6,6.0,33.9,252.614,0,1,24.444444,2
12945,6,10,4,1,24.07,0.0,57.54,8.8,2.64,36.28,433.935,0,1,24.444444,2
12946,6,11,4,1,24.07,0.0,57.52,9.1,3.36,37.28,389.328,0,1,24.444444,2
12947,6,12,4,1,24.07,0.0,57.8,8.6,1.08,35.61,176.817,0,1,24.444444,2
12948,6,13,4,1,24.07,0.0,57.53,9.9,6.12,41.45,435.447,0,1,24.444444,2
12949,6,14,4,1,24.07,0.0,56.71,9.8,4.92,45.1,480.197,0,1,24.444444,2
12950,6,15,4,1,24.07,0.0,55.62,9.3,0.48,45.58,504.214,0,1,24.444444,2
12951,6,16,4,1,24.07,0.0,54.72,8.6,0.84,41.34,261.949,0,1,24.444444,2
12952,6,17,4,1,24.07,0.0,53.55,10.2,3.48,40.82,90.878,0,1,24.444444,2
12953,6,18,4,1,24.07,0.0,52.83,9.0,1.56,40.28,79.6876,0,1,24.444444,2
12954,6,19,4,1,24.07,0.0,53.42,9.3,2.52,37.93,25.6455,0,1,24.444444,2
12955,6,20,4,1,24.07,0.0,54.11,11.1,3.48,37.14,0.0,0,1,24.444444,2
12956,6,21,4,1,24.07,0.0,54.79,11.1,5.04,34.91,0.0,0,1,24.444444,2
12957,6,22,4,1,24.07,0.0,55.09,13.7,1.68,36.51,0.0,0,1,24.444444,2
12958,6,23,4,1,24.07,0.0,56.23,11.1,0.96,31.72,0.0,0,1,24.444444,2
12959,6,24,4,1,24.07,0.0,59.73,3.6,0.72,20.09,0.0,0,1,24.444444,2
12960,6,1,5,1,24.07,0.0,61.16,10.5,0.84,30.56,0.0,0,1,24.444444,2
12961,6,2,5,1,24.07,0.0,59.6,12.3,0.36,30.32,0.0,0,1,24.444444,2
12962,6,3,5,1,24.07,0.0,58.85,11.0,0.36,26.17,0.0,0,1,24.444444,2
12963,6,4,5,1,24.07,0.0,60.7,4.5,6.36,14.99,0.0,0,1,24.444444,2
12964,6,5,5,1,24.05,0.0,63.86,4.5,2.88,14.33,0.0,0,1,24.444444,2
12965,6,6,5,1,24.07,0.0,64.5,8.9,3.96,26.5,0.0,0,1,24.444444,2
12966,6,7,5,1,24.07,0.0,63.54,6.8,21.6,29.48,60.9746,0,1,24.444444,2
12967,6,8,5,1,24.07,0.0,62.51,4.5,7.68,25.38,186.276,0,1,24.444444,2
12968,6,9,5,1,24.07,0.0,61.07,9.6,9.24,32.39,221.019,0,1,24.444444,2
12969,6,10,5,1,24.07,0.0,60.45,4.1,1.92,25.7,238.536,0,1,24.444444,2
12970,6,11,5,1,24.07,0.0,58.97,8.5,7.2,36.74,438.634,0,1,24.444444,2
12971,6,12,5,1,24.07,0.0,56.53,11.3,3.72,41.96,495.953,0,1,24.444444,2
12972,6,13,5,1,24.07,0.0,55.27,9.4,5.52,38.97,357.965,0,1,24.444444,2
12973,6,14,5,1,24.07,0.0,54.99,9.9,1.44,37.53,278.155,0,1,24.444444,2
12974,6,15,5,1,24.07,0.0,55.61,8.2,0.72,33.09,232.435,0,1,24.444444,2
12975,6,16,5,1,24.07,0.0,55.77,8.1,0.72,33.08,241.192,0,1,24.444444,2
12976,6,17,5,1,24.07,0.0,55.12,9.1,4.68,36.39,232.119,0,1,24.444444,2
12977,6,18,5,1,24.07,0.0,54.84,8.5,2.28,36.14,135.669,0,1,24.444444,2
12978,6,19,5,1,24.07,0.0,54.51,10.4,1.44,34.59,29.5313,0,1,24.444444,2
12979,6,20,5,1,24.07,0.0,54.76,12.2,6.96,32.46,0.0,0,1,24.444444,2
12980,6,21,5,1,24.07,0.0,55.45,11.1,3.84,29.53,0.0,0,1,24.444444,2
12981,6,22,5,1,24.07,0.0,56.03,11.8,3.72,29.29,0.0,0,1,24.444444,2
12982,6,23,5,1,24.07,0.0,57.32,7.2,1.32,21.3,0.0,0,1,24.444444,2
12983,6,24,5,1,24.07,0.0,58.15,11.8,0.24,27.58,0.0,0,1,24.444444,2
12984,6,1,6,1,24.06,0.0,60.81,3.7,0.48,14.14,0.0,0,1,24.444444,2
12985,6,2,6,1,24.04,0.0,64.61,3.0,0.36,12.49,0.0,0,1,24.444444,2
12986,6,3,6,1,24.04,0.0,66.62,4.9,0.6,14.64,0.0,0,1,24.444444,2
12987,6,4,6,1,24.03,0.0,67.88,4.8,0.72,13.85,0.0,0,1,24.444444,2
12988,6,5,6,1,24.01,0.0,69.04,3.4,0.72,11.48,0.0,0,1,24.444444,2
12989,6,6,6,1,24.01,0.0,69.52,3.4,4.08,17.0,0.0,0,1,24.444444,2
12990,6,7,6,1,24.03,0.0,68.26,4.1,11.52,25.74,60.4893,0,1,24.444444,2
12991,6,8,6,1,24.03,0.0,66.37,3.9,3.96,27.16,196.942,0,1,24.444444,2
12992,6,9,6,1,24.05,0.0,64.87,4.9,1.44,30.76,345.717,0,1,24.444444,2
12993,6,10,6,1,24.06,0.0,63.58,4.0,1.56,31.74,483.333,0,1,24.444444,2
12994,6,11,6,1,24.07,0.0,62.44,3.9,1.68,32.36,488.015,0,1,24.444444,2
12995,6,12,6,1,24.07,0.0,61.48,4.4,1.56,30.59,362.797,0,1,24.444444,2
12996,6,13,6,1,24.07,0.0,59.27,9.3,3.96,36.09,250.864,0,1,24.444444,2
12997,6,14,6,1,24.08,0.0,57.14,12.7,2.88,46.53,527.341,0,1,24.444444,2
12998,6,15,6,1,24.07,0.0,56.53,4.7,0.96,39.55,527.283,0,1,24.444444,2
12999,6,16,6,1,24.07,0.0,56.35,4.4,3.96,41.65,434.302,0,1,24.444444,2
13000,6,17,6,1,24.07,0.0,55.63,8.9,3.0,49.18,307.115,0,1,24.444444,2
13001,6,18,6,1,24.08,0.01,54.78,9.8,2.16,48.85,161.037,0,1,24.444444,2
13002,6,19,6,1,24.07,0.0,55.46,6.5,1.44,39.01,30.5317,0,1,24.444444,2
13003,6,20,6,1,24.07,0.0,56.1,11.0,1.32,40.81,0.0,0,1,24.444444,2
13004,6,21,6,1,24.07,0.0,56.74,9.1,1.8,36.04,0.0,0,1,24.444444,2
13005,6,22,6,1,24.07,0.0,57.95,7.2,2.4,31.24,0.0,0,1,24.444444,2
13006,6,23,6,1,24.07,0.0,60.13,5.8,0.84,27.92,0.0,0,1,24.444444,2
13007,6,24,6,1,24.07,0.0,62.2,4.5,0.48,24.93,0.0,0,1,24.444444,2
13008,6,1,7,1,24.07,0.0,64.1,3.6,1.08,22.6,0.0,0,1,24.444444,2
13009,6,2,7,1,24.07,0.0,65.68,3.6,0.48,21.75,0.0,0,1,24.444444,2
13010,6,3,7,1,24.07,0.0,66.08,6.5,0.24,25.96,0.0,0,1,24.444444,2
13011,6,4,7,1,24.07,0.0,67.2,3.6,0.36,19.89,0.0,0,1,24.444444,2
13012,6,5,7,1,24.07,0.0,68.76,5.2,1.08,22.28,0.0,0,1,24.444444,2
13013,6,6,7,1,24.07,0.0,69.22,3.4,1.32,23.9,0.0,0,1,24.444444,2
13014,6,7,7,1,24.08,0.01,67.39,5.7,5.88,34.56,60.092,0,1,24.444444,2
13015,6,8,7,1,24.14,0.07,64.98,5.4,10.68,35.5,197.915,0,1,24.444444,2
13016,6,9,7,1,24.24,0.17,62.81,6.4,5.52,37.99,367.061,0,1,24.444444,2
13017,6,10,7,1,24.19,0.11,61.58,4.1,5.64,37.05,510.457,0,1,24.444444,2
13018,6,11,7,1,24.09,0.01,60.66,4.7,3.84,38.34,443.469,0,1,24.444444,2
13019,6,12,7,1,24.07,0.0,59.47,4.5,6.12,37.98,535.189,0,1,24.444444,2
13020,6,13,7,1,24.07,0.0,58.76,4.6,5.52,34.97,416.493,0,1,24.444444,2
13021,6,14,7,1,24.12,0.04,57.48,14.0,8.88,48.26,309.54,0,1,24.444444,2
13022,6,15,7,1,24.08,0.0,57.26,3.7,0.84,39.69,518.512,0,1,24.444444,2
13023,6,16,7,1,24.07,0.0,56.43,5.2,3.84,44.25,476.557,0,1,24.444444,2
13024,6,17,7,1,24.07,0.0,55.91,6.1,1.2,40.7,320.031,0,1,24.444444,2
13025,6,18,7,1,24.07,0.0,56.41,3.8,7.44,36.61,149.787,0,1,24.444444,2
13026,6,19,7,1,24.07,0.0,57.18,4.5,4.2,33.55,29.8184,0,1,24.444444,2
13027,6,20,7,1,24.07,0.0,57.98,6.6,1.44,30.66,0.0,0,1,24.444444,2
13028,6,21,7,1,24.07,0.0,59.21,4.7,6.84,22.6,0.0,0,1,24.444444,2
13029,6,22,7,1,24.07,0.0,60.51,5.5,2.16,19.97,0.0,0,1,24.444444,2
13030,6,23,7,1,24.07,0.0,61.6,6.9,0.72,21.21,0.0,0,1,24.444444,2
13031,6,24,7,1,24.07,0.0,63.09,5.1,0.96,17.36,0.0,0,1,24.444444,2
13032,6,1,1,1,24.06,0.0,64.68,4.7,0.96,16.09,0.0,0,1,24.444444,2
13033,6,2,1,1,24.07,0.0,65.94,6.2,0.36,17.91,0.0,0,1,24.444444,2
13034,6,3,1,1,24.06,0.0,66.99,6.3,0.48,16.93,0.0,0,1,24.444444,2
13035,6,4,1,1,24.04,0.0,68.26,5.1,0.36,14.32,0.0,0,1,24.444444,2
13036,6,5,1,1,24.05,0.0,68.59,7.1,5.16,17.03,0.0,0,1,24.444444,2
13037,6,6,1,1,24.02,0.0,69.4,4.4,0.84,12.51,0.0,0,1,24.444444,2
13038,6,7,1,1,23.98,0.0,71.48,3.2,2.88,10.55,14.3249,0,1,24.444444,2
13039,6,8,1,1,23.98,0.0,71.63,4.9,6.0,12.32,72.4553,0,1,24.444444,2
13040,6,9,1,1,23.97,0.0,71.08,3.4,6.12,13.05,172.726,0,1,24.444444,2
13041,6,10,1,1,24.01,0.0,69.74,4.2,12.72,19.99,327.181,0,1,24.444444,2
13042,6,11,1,1,24.03,0.0,67.68,3.9,6.84,21.69,323.082,0,1,24.444444,2
13043,6,12,1,1,24.05,0.0,65.44,6.9,7.68,28.03,338.969,0,1,24.444444,2
13044,6,13,1,1,24.06,0.0,63.78,4.1,0.96,24.62,451.783,0,1,24.444444,2
13045,6,14,1,1,24.07,0.0,61.47,11.2,1.8,33.68,303.037,0,1,24.444444,2
13046,6,15,1,1,24.07,0.0,60.93,4.4,5.88,20.63,237.981,0,1,24.444444,2
13047,6,16,1,1,24.07,0.0,60.79,7.8,3.12,24.57,87.3383,0,1,24.444444,2
13048,6,17,1,1,24.07,0.0,60.52,5.6,7.32,21.49,100.078,0,1,24.444444,2
13049,6,18,1,1,24.07,0.0,61.36,3.6,4.32,20.22,97.0185,0,1,24.444444,2
13050,6,19,1,1,24.07,0.0,62.41,4.6,2.16,20.71,26.1263,0,1,24.444444,2
13051,6,20,1,1,24.07,0.0,63.65,4.5,12.72,18.52,0.0,0,1,24.444444,2
13052,6,21,1,1,24.07,0.0,64.69,5.3,2.16,18.84,0.0,0,1,24.444444,2
13053,6,22,1,1,24.07,0.0,65.48,6.2,1.08,18.99,0.0,0,1,24.444444,2
13054,6,23,1,1,24.05,0.0,67.22,3.5,1.44,13.52,0.0,0,1,24.444444,2
13055,6,24,1,1,24.05,0.0,68.94,5.0,0.48,15.34,0.0,0,1,24.444444,2
13056,6,1,2,1,24.04,0.0,69.83,5.3,0.24,15.11,0.0,0,1,24.444444,2
13057,6,2,2,1,23.99,0.0,71.44,3.0,0.12,10.78,0.0,0,1,24.444444,2
13058,6,3,2,1,23.98,0.0,73.26,3.4,0.36,11.68,0.0,0,1,24.444444,2
13059,6,4,2,1,24.02,0.0,73.25,6.5,0.6,16.76,0.0,0,1,24.444444,2
13060,6,5,2,1,24.01,0.0,73.31,5.3,3.12,13.93,0.0,0,1,24.444444,2
13061,6,6,2,1,24.03,0.0,72.99,6.4,3.84,19.69,0.0,0,1,24.444444,2
13062,6,7,2,1,24.04,0.0,72.3,5.5,17.04,23.93,70.3857,0,1,24.444444,2
13063,6,8,2,1,24.03,0.0,71.56,3.6,9.72,25.59,189.765,0,1,24.444444,2
13064,6,9,2,1,24.05,0.01,69.21,5.2,7.44,33.64,368.315,0,1,24.444444,2
13065,6,10,2,1,24.08,0.01,65.39,7.1,5.64,37.4,479.586,0,1,24.444444,2
13066,6,11,2,1,24.07,0.0,62.88,4.7,2.88,32.94,616.88,0,1,24.444444,2
13067,6,12,2,1,24.07,0.0,61.76,4.4,1.68,32.85,667.875,0,1,24.444444,2
13068,6,13,2,1,24.07,0.0,60.93,4.5,1.08,35.15,607.139,0,1,24.444444,2
13069,6,14,2,1,24.08,0.01,57.83,10.3,1.56,47.15,560.286,0,1,24.444444,2
13070,6,15,2,1,24.07,0.0,55.73,4.5,1.08,40.13,473.611,0,1,24.444444,2
13071,6,16,2,1,24.07,0.0,55.14,5.8,1.92,39.78,318.937,0,1,24.444444,2
13072,6,17,2,1,24.07,0.0,54.52,7.6,3.6,41.5,185.9,0,1,24.444444,2
13073,6,18,2,1,24.07,0.0,54.76,3.9,1.92,39.17,150.159,0,1,24.444444,2
13074,6,19,2,1,24.07,0.0,55.17,5.0,1.8,36.86,30.8865,0,1,24.444444,2
13075,6,20,2,1,24.07,0.0,55.5,7.5,7.08,35.72,0.0,0,1,24.444444,2
13076,6,21,2,1,24.07,0.0,56.3,5.3,2.16,30.94,0.0,0,1,24.444444,2
13077,6,22,2,1,24.07,0.0,57.57,6.8,6.48,31.23,0.0,0,1,24.444444,2
13078,6,23,2,1,24.07,0.0,59.85,4.5,2.16,26.6,0.0,0,1,24.444444,2
13079,6,24,2,1,24.07,0.0,61.94,6.1,1.44,28.03,0.0,0,1,24.444444,2
13080,6,1,3,1,24.07,0.0,64.09,3.6,0.48,23.04,0.0,0,1,24.444444,2
13081,6,2,3,1,24.07,0.0,64.82,5.2,1.68,24.33,0.0,0,1,24.444444,2
13082,6,3,3,1,24.07,0.0,64.43,3.5,0.6,19.64,0.0,0,1,24.444444,2
13083,6,4,3,1,24.07,0.0,65.2,4.1,3.12,19.66,0.0,0,1,24.444444,2
13084,6,5,3,1,24.07,0.0,66.49,5.7,0.84,22.27,0.0,0,1,24.444444,2
13085,6,6,3,1,24.07,0.0,67.72,4.0,1.8,24.65,0.0,0,1,24.444444,2
13086,6,7,3,1,24.07,0.0,67.13,4.1,28.68,31.21,59.8428,0,1,24.444444,2
13087,6,8,3,1,24.1,0.03,65.72,4.1,10.32,33.44,196.738,0,1,24.444444,2
13088,6,9,3,1,24.19,0.12,64.35,4.8,2.52,36.19,364.139,0,1,24.444444,2
13089,6,10,3,1,24.17,0.09,63.08,4.2,4.44,36.69,512.174,0,1,24.444444,2
13090,6,11,3,1,24.08,0.01,61.72,3.8,1.68,35.87,617.726,0,1,24.444444,2
13091,6,12,3,1,24.07,0.0,59.69,4.2,3.0,34.96,665.372,0,1,24.444444,2
13092,6,13,3,1,24.07,0.0,58.28,4.2,3.12,35.72,677.197,0,1,24.444444,2
13093,6,14,3,1,24.08,0.01,56.43,9.8,3.6,46.57,680.511,0,1,24.444444,2
13094,6,15,3,1,24.07,0.0,55.18,3.1,4.08,36.39,380.027,0,1,24.444444,2
13095,6,16,3,1,24.07,0.0,54.71,3.9,2.16,31.5,89.3983,0,1,24.444444,2
13096,6,17,3,1,24.07,0.0,55.1,9.2,1.56,38.01,111.238,0,1,24.444444,2
13097,6,18,3,1,24.07,0.0,55.41,6.5,5.52,33.31,96.299,0,1,24.444444,2
13098,6,19,3,1,24.07,0.0,56.04,4.8,3.6,26.68,0.0,0,1,24.444444,2
13099,6,20,3,1,24.07,0.0,55.95,7.8,11.76,28.73,0.0,0,1,24.444444,2
13100,6,21,3,1,24.07,0.0,55.94,7.0,1.32,25.29,0.0,0,1,24.444444,2
13101,6,22,3,1,24.07,0.0,56.32,9.9,3.6,28.16,0.0,0,1,24.444444,2
13102,6,23,3,1,24.07,0.0,57.27,5.6,1.2,19.85,0.0,0,1,24.444444,2
13103,6,24,3,1,24.07,0.0,58.76,5.2,0.36,17.82,0.0,0,1,24.444444,2
13104,7,1,4,1,24.07,0.0,59.17,9.5,0.36,23.7,0.0,0,1,24.444444,2
13105,7,2,4,1,24.07,0.0,60.2,5.7,0.36,17.04,0.0,0,1,24.444444,2
13106,7,3,4,1,24.07,0.0,62.71,5.0,0.24,15.89,0.0,0,1,24.444444,2
13107,7,4,4,1,24.06,0.0,64.12,5.2,0.48,15.62,0.0,0,1,24.444444,2
13108,7,5,4,1,24.03,0.0,65.38,3.4,1.08,11.48,0.0,0,1,24.444444,2
13109,7,6,4,1,24.06,0.0,64.72,8.4,3.96,22.51,0.0,0,1,24.444444,2
13110,7,7,4,1,24.07,0.0,62.63,8.4,8.64,29.91,61.5415,0,1,24.444444,2
13111,7,8,4,1,24.07,0.0,60.76,6.5,9.48,29.96,191.345,0,1,24.444444,2
13112,7,9,4,1,24.07,0.0,59.73,6.0,1.8,30.55,330.731,0,1,24.444444,2
13113,7,10,4,1,24.07,0.0,58.69,9.8,4.56,38.32,390.307,0,1,24.444444,2
13114,7,11,4,1,24.07,0.0,58.48,9.0,3.0,34.79,573.602,0,1,24.444444,2
13115,7,12,4,1,24.07,0.0,59.11,8.4,18.24,35.83,460.794,0,1,24.444444,2
13116,7,13,4,1,24.07,0.0,59.46,7.6,2.04,30.22,168.332,0,1,24.444444,2
13117,7,14,4,1,24.07,0.0,59.35,8.4,1.08,28.23,167.492,0,1,24.444444,2
13118,7,15,4,1,24.07,0.0,58.76,8.9,1.68,30.94,236.889,0,1,24.444444,2
13119,7,16,4,1,24.07,0.0,58.42,8.1,2.4,30.68,234.686,0,1,24.444444,2
13120,7,17,4,1,24.07,0.0,58.86,9.0,1.92,32.59,233.121,0,1,24.444444,2
13121,7,18,4,1,24.07,0.0,59.66,8.4,3.72,28.23,75.4732,0,1,24.444444,2
13122,7,19,4,1,24.07,0.0,60.45,9.0,6.12,26.53,2.12994,0,1,24.444444,2
13123,7,20,4,1,24.07,0.0,61.36,10.7,1.92,28.5,0.0,0,1,24.444444,2
13124,7,21,4,1,24.07,0.0,62.4,9.7,2.76,26.71,0.0,0,1,24.444444,2
13125,7,22,4,1,24.07,0.0,63.45,8.9,2.16,25.17,0.0,0,1,24.444444,2
13126,7,23,4,1,24.07,0.0,65.09,5.5,0.96,18.84,0.0,0,1,24.444444,2
13127,7,24,4,1,24.07,0.0,65.89,9.1,0.6,25.13,0.0,0,1,24.444444,2
13128,7,1,5,1,24.07,0.0,64.65,11.2,0.6,27.71,0.0,0,1,24.444444,2
13129,7,2,5,1,24.06,0.0,64.85,5.2,0.24,15.74,0.0,0,1,24.444444,2
13130,7,3,5,1,24.05,0.0,66.03,5.2,0.12,15.16,0.0,0,1,24.444444,2
13131,7,4,5,1,24.04,0.0,66.92,3.9,0.72,12.95,0.0,0,1,24.444444,2
13132,7,5,5,1,24.03,0.0,68.15,3.8,0.72,13.11,0.0,0,1,24.444444,2
13133,7,6,5,1,24.07,0.0,66.06,12.5,4.08,29.13,0.0,0,1,24.444444,2
13134,7,7,5,1,24.06,0.0,65.35,4.5,13.32,19.47,65.5675,0,1,24.444444,2
13135,7,8,5,1,24.07,0.0,64.8,10.9,1.44,32.78,175.038,0,1,24.444444,2
13136,7,9,5,1,24.07,0.0,65.05,5.7,7.8,25.04,193.779,0,1,24.444444,2
13137,7,10,5,1,24.07,0.0,65.64,5.0,3.84,27.59,210.293,0,1,24.444444,2
13138,7,11,5,1,24.07,0.0,63.65,8.5,4.08,38.67,397.12,0,1,24.444444,2
13139,7,12,5,1,24.07,0.0,60.84,7.2,1.2,37.4,491.262,0,1,24.444444,2
13140,7,13,5,1,24.07,0.0,58.87,9.3,1.68,42.8,513.694,0,1,24.444444,2
13141,7,14,5,1,24.07,0.0,56.64,9.2,0.72,44.98,553.177,0,1,24.444444,2
13142,7,15,5,1,24.08,0.0,56.03,9.3,3.48,48.1,521.764,0,1,24.444444,2
13143,7,16,5,1,24.07,0.0,55.57,7.2,6.0,46.62,410.571,0,1,24.444444,2
13144,7,17,5,1,24.11,0.04,54.83,8.9,2.28,49.88,324.785,0,1,24.444444,2
13145,7,18,5,1,24.12,0.04,54.3,9.7,1.32,49.6,168.805,0,1,24.444444,2
13146,7,19,5,1,24.08,0.0,54.2,9.1,1.44,42.97,31.3949,0,1,24.444444,2
13147,7,20,5,1,24.07,0.0,54.75,9.2,10.2,37.26,0.0,0,1,24.444444,2
13148,7,21,5,1,24.08,0.0,55.04,13.1,4.44,41.18,0.0,0,1,24.444444,2
13149,7,22,5,1,24.07,0.0,56.26,9.6,3.72,34.56,0.0,0,1,24.444444,2
13150,7,23,5,1,24.07,0.0,58.9,5.4,0.48,27.08,0.0,0,1,24.444444,2
13151,7,24,5,1,24.07,0.0,60.41,9.4,1.08,32.18,0.0,0,1,24.444444,2
13152,7,1,6,1,24.07,0.0,62.24,3.8,0.6,22.19,0.0,0,1,24.444444,2
13153,7,2,6,1,24.07,0.0,65.14,3.5,0.6,21.47,0.0,0,1,24.444444,2
13154,7,3,6,1,24.07,0.0,67.14,3.2,3.96,19.78,0.0,0,1,24.444444,2
13155,7,4,6,1,24.07,0.0,68.4,4.4,0.72,20.99,0.0,0,1,24.444444,2
13156,7,5,6,1,24.07,0.0,69.33,3.7,2.52,19.14,0.0,0,1,24.444444,2
13157,7,6,6,1,24.07,0.0,69.46,3.7,10.8,24.27,0.0,0,1,24.444444,2
13158,7,7,6,1,24.1,0.02,67.34,7.8,12.36,37.43,58.3569,0,1,24.444444,2
13159,7,8,6,1,24.17,0.09,65.34,5.5,4.92,35.47,195.21,0,1,24.444444,2
13160,7,9,6,1,24.27,0.2,63.81,6.6,3.84,38.21,359.313,0,1,24.444444,2
13161,7,10,6,1,24.26,0.19,61.71,5.2,4.2,38.08,502.407,0,1,24.444444,2
13162,7,11,6,1,24.28,0.2,58.68,10.3,3.24,44.83,545.735,0,1,24.444444,2
13163,7,12,6,1,24.14,0.07,57.2,6.6,2.4,41.43,560.368,0,1,24.444444,2
13164,7,13,6,1,24.1,0.02,57.14,5.4,5.64,42.35,493.121,0,1,24.444444,2
13165,7,14,6,1,24.27,0.19,56.15,9.8,3.36,48.3,474.884,0,1,24.444444,2
13166,7,15,6,1,24.37,0.3,54.21,10.0,3.36,50.25,512.77,0,1,24.444444,2
13167,7,16,6,1,24.21,0.13,53.71,5.7,2.4,47.69,356.153,0,1,24.444444,2
13168,7,17,6,1,24.2,0.13,54.04,7.9,1.44,50.86,304.615,0,1,24.444444,2
13169,7,18,6,1,24.29,0.22,54.02,11.0,11.04,51.94,147.851,0,1,24.444444,2
13170,7,19,6,1,24.12,0.05,55.65,6.2,2.64,44.32,30.7966,0,1,24.444444,2
13171,7,20,6,1,24.09,0.01,56.98,8.8,8.04,41.9,0.0,0,1,24.444444,2
13172,7,21,6,1,24.11,0.04,56.88,12.8,3.72,44.64,0.0,0,1,24.444444,2
13173,7,22,6,1,24.08,0.0,57.42,8.0,1.32,35.0,0.0,0,1,24.444444,2
13174,7,23,6,1,24.07,0.0,58.47,9.2,0.84,34.62,0.0,0,1,24.444444,2
13175,7,24,6,1,24.07,0.0,60.04,4.8,0.6,25.89,0.0,0,1,24.444444,2
13176,7,1,8,1,24.07,0.0,62.21,4.6,0.24,24.13,0.0,0,1,24.444444,2
13177,7,2,8,1,24.07,0.0,64.34,3.1,0.48,20.37,0.0,0,1,24.444444,2
13178,7,3,8,1,24.07,0.0,66.1,3.8,0.6,20.42,0.0,0,1,24.444444,2
13179,7,4,8,1,24.07,0.0,67.53,3.1,0.36,18.57,0.0,0,1,24.444444,2
13180,7,5,8,1,24.07,0.0,68.29,4.9,0.24,21.44,0.0,0,1,24.444444,2
13181,7,6,8,1,24.07,0.0,68.23,5.5,2.04,24.16,0.0,0,1,24.444444,2
13182,7,7,8,1,24.07,0.0,67.59,3.8,3.72,27.89,63.6335,0,1,24.444444,2
13183,7,8,8,1,24.07,0.0,66.42,4.1,5.28,31.09,183.334,0,1,24.444444,2
13184,7,9,8,1,24.15,0.08,64.17,6.2,2.64,37.59,358.367,0,1,24.444444,2
13185,7,10,8,1,24.19,0.11,61.3,6.3,8.88,38.66,502.097,0,1,24.444444,2
13186,7,11,8,1,24.09,0.02,59.71,4.6,3.72,37.22,605.482,0,1,24.444444,2
13187,7,12,8,1,24.07,0.0,58.76,5.0,2.88,38.56,628.656,0,1,24.444444,2
13188,7,13,8,1,24.07,0.0,57.72,4.6,4.92,39.45,455.098,0,1,24.444444,2
13189,7,14,8,1,24.18,0.1,55.75,12.2,9.84,48.18,444.487,0,1,24.444444,2
13190,7,15,8,1,24.08,0.0,55.28,4.6,1.92,37.23,315.977,0,1,24.444444,2
13191,7,16,8,1,24.07,0.0,55.74,5.2,5.16,36.7,250.777,0,1,24.444444,2
13192,7,17,8,1,24.07,0.0,55.88,4.1,2.64,34.72,215.546,0,1,24.444444,2
13193,7,18,8,1,24.07,0.0,56.58,4.8,4.68,34.19,100.441,0,1,24.444444,2
13194,7,19,8,1,24.07,0.0,57.57,3.6,5.76,29.67,27.7286,0,1,24.444444,2
13195,7,20,8,1,24.07,0.0,58.83,4.0,1.32,26.14,0.0,0,1,24.444444,2
13196,7,21,8,1,24.07,0.0,59.38,5.8,2.4,26.74,0.0,0,1,24.444444,2
13197,7,22,8,1,24.07,0.0,59.16,7.2,1.68,26.71,0.0,0,1,24.444444,2
13198,7,23,8,1,24.07,0.0,59.14,7.0,0.84,24.69,0.0,0,1,24.444444,2
13199,7,24,8,1,24.07,0.0,60.25,4.7,0.72,20.47,0.0,0,1,24.444444,2
13200,7,1,1,1,24.07,0.0,61.61,6.5,0.6,23.22,0.0,0,1,24.444444,2
13201,7,2,1,1,24.07,0.0,63.74,3.6,0.72,18.37,0.0,0,1,24.444444,2
13202,7,3,1,1,24.07,0.0,66.14,3.9,0.36,18.7,0.0,0,1,24.444444,2
13203,7,4,1,1,24.07,0.0,67.18,6.1,1.08,21.77,0.0,0,1,24.444444,2
13204,7,5,1,1,24.07,0.0,68.54,4.7,1.32,19.3,0.0,0,1,24.444444,2
13205,7,6,1,1,24.07,0.0,69.44,6.5,0.96,23.47,0.0,0,1,24.444444,2
13206,7,7,1,1,24.07,0.0,70.16,4.2,5.52,21.15,41.5574,0,1,24.444444,2
13207,7,8,1,1,24.07,0.0,69.98,4.1,5.88,24.43,148.153,0,1,24.444444,2
13208,7,9,1,1,24.07,0.0,68.81,3.7,5.28,27.62,245.628,0,1,24.444444,2
13209,7,10,1,1,24.07,0.0,66.35,4.4,6.24,32.19,307.359,0,1,24.444444,2
13210,7,11,1,1,24.07,0.0,63.55,4.5,14.4,34.27,412.21,0,1,24.444444,2
13211,7,12,1,1,24.07,0.0,61.16,5.4,12.6,36.63,584.094,0,1,24.444444,2
13212,7,13,1,1,24.07,0.0,59.67,6.7,5.76,39.04,670.816,0,1,24.444444,2
13213,7,14,1,1,24.07,0.0,58.72,4.4,11.16,39.67,631.804,0,1,24.444444,2
13214,7,15,1,1,24.08,0.0,57.79,5.9,3.24,40.42,560.196,0,1,24.444444,2
13215,7,16,1,1,24.07,0.0,57.36,4.7,1.92,39.23,382.648,0,1,24.444444,2
13216,7,17,1,1,24.07,0.0,58.77,6.0,4.68,30.75,84.4295,0,1,24.444444,2
13217,7,18,1,1,24.07,0.0,60.6,5.3,9.84,24.11,24.7798,0,1,24.444444,2
13218,7,19,1,1,24.07,0.0,61.85,4.1,2.4,20.27,8.6618,0,1,24.444444,2
13219,7,20,1,1,24.07,0.0,62.32,5.9,6.12,20.51,0.0,0,1,24.444444,2
13220,7,21,1,1,24.07,0.0,60.65,10.2,2.88,26.23,0.0,0,1,24.444444,2
13221,7,22,1,1,24.07,0.0,59.7,5.8,2.28,16.8,0.0,0,1,24.444444,2
13222,7,23,1,1,24.04,0.0,61.49,3.2,0.96,11.55,0.0,0,1,24.444444,2
13223,7,24,1,1,24.02,0.0,63.46,3.5,0.24,11.2,0.0,0,1,24.444444,2
13224,7,1,2,1,24.05,0.0,64.16,7.0,0.48,16.58,0.0,0,1,24.444444,2
13225,7,2,2,1,24.03,0.0,65.51,4.5,0.72,12.69,0.0,0,1,24.444444,2
13226,7,3,2,1,24.02,0.0,67.11,5.0,0.48,13.24,0.0,0,1,24.444444,2
13227,7,4,2,1,24.02,0.0,68.16,4.9,0.6,13.22,0.0,0,1,24.444444,2
13228,7,5,2,1,24.04,0.0,68.35,7.0,2.16,16.66,0.0,0,1,24.444444,2
13229,7,6,2,1,24.02,0.0,69.31,4.9,3.0,13.78,0.0,0,1,24.444444,2
13230,7,7,2,1,24.04,0.0,69.79,6.0,14.76,18.03,47.2791,0,1,24.444444,2
13231,7,8,2,1,24.03,0.0,69.13,4.4,14.88,19.19,149.142,0,1,24.444444,2
13232,7,9,2,1,24.05,0.0,67.44,6.0,2.52,27.24,270.117,0,1,24.444444,2
13233,7,10,2,1,24.07,0.0,65.02,7.3,4.56,34.07,417.783,0,1,24.444444,2
13234,7,11,2,1,24.07,0.0,64.04,4.5,0.84,32.2,496.27,0,1,24.444444,2
13235,7,12,2,1,24.07,0.0,63.05,4.0,3.6,33.6,577.405,0,1,24.444444,2
13236,7,13,2,1,24.07,0.0,61.63,5.9,2.88,39.94,555.924,0,1,24.444444,2
13237,7,14,2,1,24.08,0.01,59.51,8.8,1.92,47.13,522.227,0,1,24.444444,2
13238,7,15,2,1,24.07,0.0,58.03,5.9,5.76,43.86,430.806,0,1,24.444444,2
13239,7,16,2,1,24.07,0.0,57.53,4.1,1.68,42.61,372.897,0,1,24.444444,2
13240,7,17,2,1,24.07,0.0,57.09,4.0,5.04,43.63,285.918,0,1,24.444444,2
13241,7,18,2,1,24.07,0.0,56.76,5.0,2.64,45.16,158.207,0,1,24.444444,2
13242,7,19,2,1,24.07,0.0,57.03,5.8,2.88,41.57,31.5086,0,1,24.444444,2
13243,7,20,2,1,24.07,0.0,57.64,6.1,6.96,36.04,0.0,0,1,24.444444,2
13244,7,21,2,1,24.07,0.0,58.74,6.2,3.72,34.14,0.0,0,1,24.444444,2
13245,7,22,2,1,24.07,0.0,60.14,9.0,1.2,36.84,0.0,0,1,24.444444,2
13246,7,23,2,1,24.07,0.0,61.4,5.7,2.28,30.03,0.0,0,1,24.444444,2
13247,7,24,2,1,24.07,0.0,62.39,8.8,0.6,34.14,0.0,0,1,24.444444,2
13248,7,1,3,1,24.07,0.0,64.06,4.5,0.36,25.91,0.0,0,1,24.444444,2
13249,7,2,3,1,24.07,0.0,66.59,3.3,0.24,22.88,0.0,0,1,24.444444,2
13250,7,3,3,1,24.07,0.0,68.74,3.2,0.24,21.96,0.0,0,1,24.444444,2
13251,7,4,3,1,24.07,0.0,69.72,4.7,0.48,24.08,0.0,0,1,24.444444,2
13252,7,5,3,1,24.07,0.0,70.69,3.1,3.6,20.07,0.0,0,1,24.444444,2
13253,7,6,3,1,24.07,0.0,71.02,3.9,4.2,26.35,0.0,0,1,24.444444,2
13254,7,7,3,1,24.08,0.01,69.46,4.6,25.08,34.32,56.7844,0,1,24.444444,2
13255,7,8,3,1,24.13,0.06,66.94,3.6,4.44,34.46,191.899,0,1,24.444444,2
13256,7,9,3,1,24.21,0.13,64.77,3.7,3.6,35.96,361.19,0,1,24.444444,2
13257,7,10,3,1,24.2,0.13,62.96,4.2,7.32,37.62,504.258,0,1,24.444444,2
13258,7,11,3,1,24.11,0.04,61.57,5.0,4.08,39.16,617.373,0,1,24.444444,2
13259,7,12,3,1,24.07,0.0,60.82,4.4,5.28,38.12,681.675,0,1,24.444444,2
13260,7,13,3,1,24.07,0.0,60.49,3.8,1.8,38.31,692.185,0,1,24.444444,2
13261,7,14,3,1,24.17,0.1,59.04,9.8,3.0,48.98,660.429,0,1,24.444444,2
13262,7,15,3,1,24.08,0.01,58.29,3.7,0.84,46.5,608.867,0,1,24.444444,2
13263,7,16,3,1,24.08,0.01,57.5,4.1,12.0,47.82,495.628,0,1,24.444444,2
13264,7,17,3,1,24.07,0.0,56.65,3.7,3.6,45.99,306.381,0,1,24.444444,2
13265,7,18,3,1,24.07,0.0,56.9,5.2,1.92,47.03,157.153,0,1,24.444444,2
13266,7,19,3,1,24.07,0.0,57.52,5.2,0.6,41.24,29.6843,0,1,24.444444,2
13267,7,20,3,1,24.07,0.0,58.39,6.4,2.64,37.63,0.0,0,1,24.444444,2
13268,7,21,3,1,24.07,0.0,59.1,6.8,1.68,36.32,0.0,0,1,24.444444,2
13269,7,22,3,1,24.09,0.01,59.01,12.7,1.68,43.1,0.0,0,1,24.444444,2
13270,7,23,3,1,24.07,0.0,60.05,5.4,1.56,30.14,0.0,0,1,24.444444,2
13271,7,24,3,1,24.07,0.0,62.08,5.6,1.32,29.41,0.0,0,1,24.444444,2
13272,7,1,4,1,24.07,0.0,63.66,5.2,0.48,27.12,0.0,0,1,24.444444,2
13273,7,2,4,1,24.07,0.0,66.08,2.8,0.24,21.6,0.0,0,1,24.444444,2
13274,7,3,4,1,24.07,0.0,66.74,7.5,0.12,28.96,0.0,0,1,24.444444,2
13275,7,4,4,1,24.07,0.0,67.31,4.2,1.92,21.85,0.0,0,1,24.444444,2
13276,7,5,4,1,24.07,0.0,68.1,6.7,1.68,26.08,0.0,0,1,24.444444,2
13277,7,6,4,1,24.07,0.0,67.8,5.3,3.72,27.75,0.0,0,1,24.444444,2
13278,7,7,4,1,24.13,0.05,65.88,9.2,8.4,40.18,56.4983,0,1,24.444444,2
13279,7,8,4,1,24.27,0.2,63.46,7.7,8.64,38.65,192.424,0,1,24.444444,2
13280,7,9,4,1,24.34,0.26,62.08,6.2,2.4,37.92,360.363,0,1,24.444444,2
13281,7,10,4,1,24.42,0.34,60.0,10.2,3.6,43.45,509.449,0,1,24.444444,2
13282,7,11,4,1,24.32,0.25,58.64,9.0,1.2,42.9,608.687,0,1,24.444444,2
13283,7,12,4,1,24.17,0.1,56.92,7.6,1.68,41.4,619.093,0,1,24.444444,2
13284,7,13,4,1,24.11,0.04,55.4,7.4,2.76,42.24,639.306,0,1,24.444444,2
13285,7,14,4,1,24.09,0.02,54.45,8.2,2.64,43.3,488.283,0,1,24.444444,2
13286,7,15,4,1,24.07,0.0,52.67,8.9,1.68,43.3,483.685,0,1,24.444444,2
13287,7,16,4,1,24.07,0.0,52.12,9.3,2.28,47.68,407.928,0,1,24.444444,2
13288,7,17,4,1,24.08,0.0,52.29,8.0,0.96,44.8,340.514,0,1,24.444444,2
13289,7,18,4,1,24.08,0.0,52.89,9.0,2.04,45.5,169.791,0,1,24.444444,2
13290,7,19,4,1,24.07,0.0,53.68,7.7,8.16,40.18,31.6405,0,1,24.444444,2
13291,7,20,4,1,24.07,0.0,54.91,10.3,4.32,37.85,0.0,0,1,24.444444,2
13292,7,21,4,1,24.07,0.0,55.94,12.1,5.04,38.48,0.0,0,1,24.444444,2
13293,7,22,4,1,24.07,0.0,57.55,8.0,2.52,30.7,0.0,0,1,24.444444,2
13294,7,23,4,1,24.07,0.0,60.18,5.5,0.96,25.92,0.0,0,1,24.444444,2
13295,7,24,4,1,24.07,0.0,61.24,9.2,0.6,30.33,0.0,0,1,24.444444,2
13296,7,1,5,1,24.07,0.0,60.5,13.3,0.96,34.81,0.0,0,1,24.444444,2
13297,7,2,5,1,24.07,0.0,62.04,3.6,0.6,17.87,0.0,0,1,24.444444,2
13298,7,3,5,1,24.07,0.0,64.76,5.2,0.12,19.96,0.0,0,1,24.444444,2
13299,7,4,5,1,24.07,0.0,64.52,10.7,0.72,28.67,0.0,0,1,24.444444,2
13300,7,5,5,1,24.06,0.0,65.45,3.8,0.72,15.91,0.0,0,1,24.444444,2
13301,7,6,5,1,24.07,0.0,65.53,10.2,4.8,31.55,0.0,0,1,24.444444,2
13302,7,7,5,1,24.07,0.0,64.32,4.9,20.16,29.46,56.4181,0,1,24.444444,2
13303,7,8,5,1,24.2,0.13,61.86,8.9,5.76,36.98,189.191,0,1,24.444444,2
13304,7,9,5,1,24.36,0.29,58.37,10.9,6.96,39.51,341.226,0,1,24.444444,2
13305,7,10,5,1,24.3,0.23,56.66,8.5,0.96,37.6,478.439,0,1,24.444444,2
13306,7,11,5,1,24.19,0.11,56.59,9.4,3.72,40.15,607.343,0,1,24.444444,2
13307,7,12,5,1,24.08,0.0,57.38,6.6,3.96,38.08,667.543,0,1,24.444444,2
13308,7,13,5,1,24.08,0.01,57.14,8.9,2.28,43.34,683.728,0,1,24.444444,2
13309,7,14,5,1,24.09,0.02,55.98,9.9,2.04,45.54,495.902,0,1,24.444444,2
13310,7,15,5,1,24.08,0.0,54.82,9.1,0.72,40.75,254.466,0,1,24.444444,2
13311,7,16,5,1,24.07,0.0,54.61,7.8,1.56,42.77,441.33,0,1,24.444444,2
13312,7,17,5,1,24.07,0.0,54.84,8.8,3.48,45.3,239.942,0,1,24.444444,2
13313,7,18,5,1,24.08,0.01,55.18,9.2,2.28,44.38,109.89,0,1,24.444444,2
13314,7,19,5,1,24.08,0.01,54.89,10.5,1.8,43.29,28.8634,0,1,24.444444,2
13315,7,20,5,1,24.07,0.0,54.98,9.1,8.4,36.17,0.0,0,1,24.444444,2
13316,7,21,5,1,24.07,0.0,55.25,11.0,6.84,37.35,0.0,0,1,24.444444,2
13317,7,22,5,1,24.07,0.0,56.04,11.0,4.56,35.85,0.0,0,1,24.444444,2
13318,7,23,5,1,24.07,0.0,58.35,5.1,0.72,25.77,0.0,0,1,24.444444,2
13319,7,24,5,1,24.07,0.0,59.02,11.3,0.36,34.05,0.0,0,1,24.444444,2
13320,7,1,6,1,24.07,0.0,59.67,5.6,0.96,23.35,0.0,0,1,24.444444,2
13321,7,2,6,1,24.07,0.0,61.34,4.1,0.48,19.86,0.0,0,1,24.444444,2
13322,7,3,6,1,24.07,0.0,63.59,4.9,0.96,20.29,0.0,0,1,24.444444,2
13323,7,4,6,1,24.07,0.0,66.13,3.4,1.2,17.46,0.0,0,1,24.444444,2
13324,7,5,6,1,24.06,0.0,68.38,3.5,1.8,17.22,0.0,0,1,24.444444,2
13325,7,6,6,1,24.05,0.0,69.25,3.1,3.48,20.54,0.0,0,1,24.444444,2
13326,7,7,6,1,24.1,0.03,67.04,8.5,10.32,37.1,55.2674,0,1,24.444444,2
13327,7,8,6,1,24.21,0.13,64.12,6.4,10.68,35.59,183.976,0,1,24.444444,2
13328,7,9,6,1,24.32,0.25,61.03,8.8,7.92,38.49,353.166,0,1,24.444444,2
13329,7,10,6,1,24.23,0.15,60.1,5.7,3.48,36.18,490.36,0,1,24.444444,2
13330,7,11,6,1,24.11,0.03,59.3,9.2,8.28,38.47,587.412,0,1,24.444444,2
13331,7,12,6,1,24.07,0.0,58.39,7.2,1.44,35.03,516.454,0,1,24.444444,2
13332,7,13,6,1,24.07,0.0,58.43,4.7,10.44,31.14,233.24,0,1,24.444444,2
13333,7,14,6,1,24.07,0.0,57.85,9.4,3.36,41.56,515.352,0,1,24.444444,2
13334,7,15,6,1,24.09,0.01,56.66,12.6,5.88,47.92,395.146,0,1,24.444444,2
13335,7,16,6,1,24.07,0.0,56.64,4.1,6.84,36.22,375.366,0,1,24.444444,2
13336,7,17,6,1,24.07,0.0,56.15,10.5,2.52,42.98,277.237,0,1,24.444444,2
13337,7,18,6,1,24.07,0.0,55.7,9.3,2.88,42.41,168.853,0,1,24.444444,2
13338,7,19,6,1,24.07,0.0,56.38,5.5,1.32,34.1,30.9524,0,1,24.444444,2
13339,7,20,6,1,24.07,0.0,57.63,8.5,9.36,33.08,0.0,0,1,24.444444,2
13340,7,21,6,1,24.09,0.02,57.53,16.3,2.28,41.56,0.0,0,1,24.444444,2
13341,7,22,6,1,24.07,0.0,59.15,5.5,1.8,23.93,0.0,0,1,24.444444,2
13342,7,23,6,1,24.07,0.0,60.38,10.9,1.32,32.59,0.0,0,1,24.444444,2
13343,7,24,6,1,24.07,0.0,61.94,4.3,0.6,20.69,0.0,0,1,24.444444,2
13344,7,1,7,1,24.07,0.0,64.33,4.8,0.6,20.92,0.0,0,1,24.444444,2
13345,7,2,7,1,24.07,0.0,66.45,3.3,0.36,17.51,0.0,0,1,24.444444,2
13346,7,3,7,1,24.06,0.0,68.28,3.0,1.08,16.11,0.0,0,1,24.444444,2
13347,7,4,7,1,24.05,0.0,69.66,3.4,0.36,15.51,0.0,0,1,24.444444,2
13348,7,5,7,1,24.06,0.0,69.96,6.5,0.84,19.82,0.0,0,1,24.444444,2
13349,7,6,7,1,24.05,0.0,69.62,3.9,2.52,18.86,0.0,0,1,24.444444,2
13350,7,7,7,1,24.08,0.01,67.56,7.9,5.52,33.95,55.3035,0,1,24.444444,2
13351,7,8,7,1,24.15,0.08,64.79,5.5,6.24,33.44,184.541,0,1,24.444444,2
13352,7,9,7,1,24.2,0.12,62.32,5.5,12.84,34.48,354.636,0,1,24.444444,2
13353,7,10,7,1,24.16,0.09,61.37,4.6,7.56,34.7,470.916,0,1,24.444444,2
13354,7,11,7,1,24.08,0.01,60.61,4.7,3.24,35.27,595.894,0,1,24.444444,2
13355,7,12,7,1,24.07,0.0,60.15,5.8,4.2,37.03,664.427,0,1,24.444444,2
13356,7,13,7,1,24.07,0.0,59.17,5.9,4.32,39.38,671.219,0,1,24.444444,2
13357,7,14,7,1,24.15,0.07,56.63,10.3,12.84,47.97,649.175,0,1,24.444444,2
13358,7,15,7,1,24.09,0.01,54.52,5.6,2.52,46.34,587.674,0,1,24.444444,2
13359,7,16,7,1,24.09,0.02,52.73,5.2,3.72,47.19,473.773,0,1,24.444444,2
13360,7,17,7,1,24.12,0.05,52.33,5.8,1.2,47.91,325.329,0,1,24.444444,2
13361,7,18,7,1,24.09,0.02,53.87,5.8,3.96,47.65,157.686,0,1,24.444444,2
13362,7,19,7,1,24.08,0.0,56.16,4.4,9.6,41.85,31.004,0,1,24.444444,2
13363,7,20,7,1,24.07,0.0,57.47,3.5,2.04,34.59,0.0,0,1,24.444444,2
13364,7,21,7,1,24.07,0.0,58.13,6.4,1.68,36.83,0.0,0,1,24.444444,2
13365,7,22,7,1,24.07,0.0,59.46,3.8,1.68,30.6,0.0,0,1,24.444444,2
13366,7,23,7,1,24.07,0.0,61.17,5.3,1.32,31.19,0.0,0,1,24.444444,2
13367,7,24,7,1,24.07,0.0,62.01,6.2,0.72,31.03,0.0,0,1,24.444444,2
13368,7,1,1,1,24.07,0.0,62.35,7.7,1.08,31.5,0.0,0,1,24.444444,2
13369,7,2,1,1,24.07,0.0,63.86,3.3,1.08,21.73,0.0,0,1,24.444444,2
13370,7,3,1,1,24.07,0.0,66.03,3.3,0.12,20.12,0.0,0,1,24.444444,2
13371,7,4,1,1,24.07,0.0,67.25,3.7,0.36,19.61,0.0,0,1,24.444444,2
13372,7,5,1,1,24.07,0.0,68.07,3.5,1.08,18.35,0.0,0,1,24.444444,2
13373,7,6,1,1,24.07,0.0,67.92,4.8,3.36,24.65,0.0,0,1,24.444444,2
13374,7,7,1,1,24.08,0.0,67.27,3.8,1.08,30.98,55.1647,0,1,24.444444,2
13375,7,8,1,1,24.14,0.07,65.9,4.7,6.72,35.06,188.879,0,1,24.444444,2
13376,7,9,1,1,24.19,0.11,64.49,4.2,3.36,35.12,357.249,0,1,24.444444,2
13377,7,10,1,1,24.16,0.09,63.1,4.1,11.16,36.48,499.039,0,1,24.444444,2
13378,7,11,1,1,24.14,0.06,60.86,8.5,3.72,42.09,590.71,0,1,24.444444,2
13379,7,12,1,1,24.08,0.0,59.52,5.6,4.68,37.4,652.423,0,1,24.444444,2
13380,7,13,1,1,24.07,0.0,58.37,4.4,5.4,36.95,616.457,0,1,24.444444,2
13381,7,14,1,1,24.07,0.0,56.65,5.1,9.0,41.86,635.598,0,1,24.444444,2
13382,7,15,1,1,24.08,0.0,54.3,5.7,1.8,46.7,567.902,0,1,24.444444,2
13383,7,16,1,1,24.1,0.02,52.74,4.3,3.12,46.46,475.591,0,1,24.444444,2
13384,7,17,1,1,24.21,0.13,51.98,6.1,1.8,48.28,329.735,0,1,24.444444,2
13385,7,18,1,1,24.11,0.03,52.49,4.6,5.28,46.03,147.274,0,1,24.444444,2
13386,7,19,1,1,24.08,0.01,53.19,4.4,5.04,40.27,26.5644,0,1,24.444444,2
13387,7,20,1,1,24.08,0.01,54.0,7.4,2.4,40.44,0.0,0,1,24.444444,2
13388,7,21,1,1,24.08,0.0,55.14,6.9,2.52,38.39,0.0,0,1,24.444444,2
13389,7,22,1,1,24.07,0.0,57.1,5.5,1.68,34.67,0.0,0,1,24.444444,2
13390,7,23,1,1,24.07,0.0,58.98,5.4,2.4,33.45,0.0,0,1,24.444444,2
13391,7,24,1,1,24.07,0.0,60.85,3.5,0.24,28.37,0.0,0,1,24.444444,2
13392,7,1,2,1,24.07,0.0,61.79,7.7,0.48,32.99,0.0,0,1,24.444444,2
13393,7,2,2,1,24.07,0.0,62.82,3.4,0.12,23.75,0.0,0,1,24.444444,2
13394,7,3,2,1,24.07,0.0,64.01,4.9,0.36,25.02,0.0,0,1,24.444444,2
13395,7,4,2,1,24.07,0.0,64.91,4.6,1.44,22.97,0.0,0,1,24.444444,2
13396,7,5,2,1,24.07,0.0,65.54,6.6,1.44,25.34,0.0,0,1,24.444444,2
13397,7,6,2,1,24.07,0.0,65.31,6.7,5.52,29.31,0.0,0,1,24.444444,2
13398,7,7,2,1,24.08,0.0,64.79,4.3,6.72,31.93,54.4942,0,1,24.444444,2
13399,7,8,2,1,24.12,0.05,64.23,4.2,5.28,34.45,188.351,0,1,24.444444,2
13400,7,9,2,1,24.28,0.21,62.55,7.2,2.28,39.33,355.174,0,1,24.444444,2
13401,7,10,2,1,24.26,0.18,61.72,5.0,6.48,37.99,499.131,0,1,24.444444,2
13402,7,11,2,1,24.15,0.08,61.06,5.8,2.64,39.99,594.841,0,1,24.444444,2
13403,7,12,2,1,24.08,0.0,60.14,4.3,2.28,37.84,654.022,0,1,24.444444,2
13404,7,13,2,1,24.07,0.0,58.68,3.8,0.84,37.5,655.398,0,1,24.444444,2
13405,7,14,2,1,24.12,0.04,56.49,9.2,3.0,47.22,634.557,0,1,24.444444,2
13406,7,15,2,1,24.09,0.01,54.78,6.2,1.44,47.4,552.773,0,1,24.444444,2
13407,7,16,2,1,24.11,0.03,54.16,5.8,0.96,48.43,413.749,0,1,24.444444,2
13408,7,17,2,1,24.1,0.02,54.49,4.3,2.88,46.11,267.421,0,1,24.444444,2
13409,7,18,2,1,24.08,0.01,55.43,4.8,1.8,46.21,150.478,0,1,24.444444,2
13410,7,19,2,1,24.11,0.04,55.39,9.5,1.2,47.01,29.4347,0,1,24.444444,2
13411,7,20,2,1,24.15,0.08,55.25,12.5,2.64,45.84,0.0,0,1,24.444444,2
13412,7,21,2,1,24.1,0.03,55.92,8.4,3.0,39.36,0.0,0,1,24.444444,2
13413,7,22,2,1,24.09,0.02,56.74,10.8,0.72,40.84,0.0,0,1,24.444444,2
13414,7,23,2,1,24.07,0.0,58.42,6.7,0.6,33.18,0.0,0,1,24.444444,2
13415,7,24,2,1,24.07,0.0,59.82,7.5,0.36,32.8,0.0,0,1,24.444444,2
13416,7,1,3,1,24.07,0.0,61.21,4.8,0.48,26.17,0.0,0,1,24.444444,2
13417,7,2,3,1,24.07,0.0,62.85,4.5,0.48,23.83,0.0,0,1,24.444444,2
13418,7,3,3,1,24.07,0.0,64.61,3.3,0.24,20.61,0.0,0,1,24.444444,2
13419,7,4,3,1,24.07,0.0,66.31,2.8,0.6,18.43,0.0,0,1,24.444444,2
13420,7,5,3,1,24.07,0.0,66.95,4.4,2.4,19.73,0.0,0,1,24.444444,2
13421,7,6,3,1,24.07,0.0,67.07,3.7,3.6,22.52,0.0,0,1,24.444444,2
13422,7,7,3,1,24.07,0.0,65.92,4.3,24.96,30.71,54.484,0,1,24.444444,2
13423,7,8,3,1,24.12,0.05,63.55,5.4,6.48,34.71,187.961,0,1,24.444444,2
13424,7,9,3,1,24.15,0.08,62.11,3.8,3.36,34.14,358.536,0,1,24.444444,2
13425,7,10,3,1,24.14,0.06,60.99,3.9,10.56,35.39,495.911,0,1,24.444444,2
13426,7,11,3,1,24.08,0.0,59.48,3.9,4.2,34.76,589.891,0,1,24.444444,2
13427,7,12,3,1,24.07,0.0,58.46,3.6,1.44,33.59,658.856,0,1,24.444444,2
13428,7,13,3,1,24.07,0.0,57.66,4.6,2.52,36.57,670.107,0,1,24.444444,2
13429,7,14,3,1,24.08,0.01,55.69,9.5,1.32,46.54,648.343,0,1,24.444444,2
13430,7,15,3,1,24.07,0.0,54.33,3.2,2.16,42.21,587.311,0,1,24.444444,2
13431,7,16,3,1,24.07,0.0,53.98,3.6,5.88,45.35,400.731,0,1,24.444444,2
13432,7,17,3,1,24.1,0.03,54.38,4.1,0.96,47.87,329.95,0,1,24.444444,2
13433,7,18,3,1,24.09,0.01,55.14,3.5,2.52,46.39,157.965,0,1,24.444444,2
13434,7,19,3,1,24.09,0.01,54.64,6.2,2.4,43.17,26.8932,0,1,24.444444,2
13435,7,20,3,1,24.08,0.01,54.99,7.3,4.08,40.47,0.0,0,1,24.444444,2
13436,7,21,3,1,24.08,0.0,55.81,7.5,1.44,39.09,0.0,0,1,24.444444,2
13437,7,22,3,1,24.07,0.0,57.08,7.1,1.2,36.19,0.0,0,1,24.444444,2
13438,7,23,3,1,24.07,0.0,58.59,5.0,0.48,30.88,0.0,0,1,24.444444,2
13439,7,24,3,1,24.07,0.0,59.3,7.4,0.6,32.6,0.0,0,1,24.444444,2
13440,7,1,4,1,24.07,0.0,60.46,3.8,0.72,24.82,0.0,0,1,24.444444,2
13441,7,2,4,1,24.07,0.0,62.04,5.0,0.48,25.24,0.0,0,1,24.444444,2
13442,7,3,4,1,24.07,0.0,62.82,6.7,0.72,26.42,0.0,0,1,24.444444,2
13443,7,4,4,1,24.07,0.0,63.44,5.6,0.72,22.35,0.0,0,1,24.444444,2
13444,7,5,4,1,24.07,0.0,65.1,3.2,1.44,17.03,0.0,0,1,24.444444,2
13445,7,6,4,1,24.07,0.0,65.55,6.3,4.44,26.54,0.0,0,1,24.444444,2
13446,7,7,4,1,24.09,0.02,64.05,8.0,7.32,36.19,54.3731,0,1,24.444444,2
13447,7,8,4,1,24.15,0.07,62.6,5.5,10.08,34.6,188.07,0,1,24.444444,2
13448,7,9,4,1,24.28,0.2,60.76,7.7,5.4,38.04,358.22,0,1,24.444444,2
13449,7,10,4,1,24.35,0.27,59.28,9.6,2.88,41.69,496.287,0,1,24.444444,2
13450,7,11,4,1,24.22,0.14,58.48,7.8,1.32,40.32,606.307,0,1,24.444444,2
13451,7,12,4,1,24.09,0.01,58.24,7.1,4.68,40.52,669.719,0,1,24.444444,2
13452,7,13,4,1,24.07,0.0,57.23,7.1,5.28,42.28,680.484,0,1,24.444444,2
13453,7,14,4,1,24.1,0.03,55.63,8.6,2.88,46.43,651.356,0,1,24.444444,2
13454,7,15,4,1,24.15,0.08,53.8,9.2,1.56,49.93,585.319,0,1,24.444444,2
13455,7,16,4,1,24.25,0.18,52.38,8.2,1.32,49.71,479.668,0,1,24.444444,2
13456,7,17,4,1,24.41,0.33,51.56,8.8,3.6,50.14,337.81,0,1,24.444444,2
13457,7,18,4,1,24.43,0.35,52.35,9.1,2.52,50.8,168.57,0,1,24.444444,2
13458,7,19,4,1,24.26,0.19,54.17,9.6,6.0,49.67,30.0633,0,1,24.444444,2
13459,7,20,4,1,24.2,0.12,54.87,10.5,3.36,46.15,0.0,0,1,24.444444,2
13460,7,21,4,1,24.17,0.09,55.63,10.7,2.04,45.05,0.0,0,1,24.444444,2
13461,7,22,4,1,24.11,0.04,57.01,8.4,2.28,40.37,0.0,0,1,24.444444,2
13462,7,23,4,1,24.07,0.0,58.43,5.4,1.92,33.82,0.0,0,1,24.444444,2
13463,7,24,4,1,24.08,0.0,58.69,11.1,0.36,39.64,0.0,0,1,24.444444,2
13464,7,1,5,1,24.08,0.0,58.7,12.6,2.04,40.05,0.0,0,1,24.444444,2
13465,7,2,5,1,24.07,0.0,59.95,11.0,0.84,36.19,0.0,0,1,24.444444,2
13466,7,3,5,1,24.07,0.0,62.77,4.8,0.12,24.9,0.0,0,1,24.444444,2
13467,7,4,5,1,24.07,0.0,63.62,10.9,2.4,34.39,0.0,0,1,24.444444,2
13468,7,5,5,1,24.07,0.0,64.25,5.8,1.8,24.36,0.0,0,1,24.444444,2
13469,7,6,5,1,24.07,0.0,63.59,12.6,3.36,39.83,0.0,0,1,24.444444,2
13470,7,7,5,1,24.08,0.0,62.83,5.7,3.48,33.93,53.3707,0,1,24.444444,2
13471,7,8,5,1,24.25,0.18,61.43,9.1,3.48,39.87,186.395,0,1,24.444444,2
13472,7,9,5,1,24.5,0.42,59.03,12.1,3.84,43.77,354.952,0,1,24.444444,2
13473,7,10,5,1,24.35,0.27,59.1,4.8,6.12,37.1,492.754,0,1,24.444444,2
13474,7,11,5,1,24.29,0.21,58.64,9.4,1.56,43.06,600.038,0,1,24.444444,2
13475,7,12,5,1,24.17,0.1,58.14,7.8,1.08,42.41,665.309,0,1,24.444444,2
13476,7,13,5,1,24.18,0.11,57.17,8.9,1.2,44.63,670.304,0,1,24.444444,2
13477,7,14,5,1,24.28,0.21,55.17,10.1,1.68,47.71,645.8,0,1,24.444444,2
13478,7,15,5,1,24.33,0.25,53.84,9.1,3.24,49.97,569.516,0,1,24.444444,2
13479,7,16,5,1,24.41,0.34,52.87,8.1,8.4,50.11,472.165,0,1,24.444444,2
13480,7,17,5,1,24.5,0.42,52.52,8.6,1.2,50.53,309.865,0,1,24.444444,2
13481,7,18,5,1,24.52,0.45,53.0,9.0,3.72,51.23,155.67,0,1,24.444444,2
13482,7,19,5,1,24.38,0.31,53.98,10.8,1.44,50.62,27.65,0,1,24.444444,2
13483,7,20,5,1,24.23,0.16,55.7,8.5,12.0,45.4,0.0,0,1,24.444444,2
13484,7,21,5,1,24.37,0.3,55.74,15.4,3.6,49.91,0.0,0,1,24.444444,2
13485,7,22,5,1,24.21,0.14,56.24,10.4,1.2,43.82,0.0,0,1,24.444444,2
13486,7,23,5,1,24.09,0.01,57.74,5.1,0.84,34.54,0.0,0,1,24.444444,2
13487,7,24,5,1,24.11,0.04,57.92,12.5,0.0,42.42,0.0,0,1,24.444444,2
13488,7,1,6,1,24.07,0.0,59.19,4.5,2.76,28.16,0.0,0,1,24.444444,2
13489,7,2,6,1,24.07,0.0,61.82,3.0,0.48,24.09,0.0,0,1,24.444444,2
13490,7,3,6,1,24.07,0.0,63.95,3.4,0.72,22.73,0.0,0,1,24.444444,2
13491,7,4,6,1,24.07,0.0,65.36,3.6,0.84,21.94,0.0,0,1,24.444444,2
13492,7,5,6,1,24.07,0.0,66.8,3.5,9.96,21.35,0.0,0,1,24.444444,2
13493,7,6,6,1,24.07,0.0,67.24,3.9,9.72,25.59,0.0,0,1,24.444444,2
13494,7,7,6,1,24.12,0.05,65.32,8.5,17.88,39.7,53.0557,0,1,24.444444,2
13495,7,8,6,1,24.23,0.16,63.57,6.1,10.68,37.43,183.905,0,1,24.444444,2
13496,7,9,6,1,24.32,0.24,62.45,5.8,10.44,38.03,351.667,0,1,24.444444,2
13497,7,10,6,1,24.35,0.27,61.16,7.7,4.56,40.96,493.34,0,1,24.444444,2
13498,7,11,6,1,24.29,0.21,59.71,9.4,6.24,43.74,592.809,0,1,24.444444,2
13499,7,12,6,1,24.16,0.08,58.92,6.7,3.6,41.92,652.25,0,1,24.444444,2
13500,7,13,6,1,24.09,0.02,58.14,6.5,3.72,42.07,625.762,0,1,24.444444,2
13501,7,14,6,1,24.21,0.14,56.77,10.5,1.92,48.24,578.37,0,1,24.444444,2
13502,7,15,6,1,24.24,0.16,55.9,9.2,3.48,47.97,359.476,0,1,24.444444,2
13503,7,16,6,1,24.09,0.01,56.36,3.9,3.6,37.74,256.741,0,1,24.444444,2
13504,7,17,6,1,24.08,0.0,55.9,10.3,0.96,43.68,183.41,0,1,24.444444,2
13505,7,18,6,1,24.08,0.01,54.56,10.9,6.24,45.52,144.936,0,1,24.444444,2
13506,7,19,6,1,24.07,0.0,55.23,5.9,2.28,35.22,29.2691,0,1,24.444444,2
13507,7,20,6,1,24.07,0.0,56.1,10.2,4.44,36.25,0.0,0,1,24.444444,2
13508,7,21,6,1,24.07,0.0,56.58,12.4,4.56,37.74,0.0,0,1,24.444444,2
13509,7,22,6,1,24.07,0.0,56.86,13.8,0.72,38.24,0.0,0,1,24.444444,2
13510,7,23,6,1,24.07,0.0,58.42,8.5,0.96,29.44,0.0,0,1,24.444444,2
13511,7,24,6,1,24.07,0.0,61.69,4.5,0.0,22.96,0.0,0,1,24.444444,2
13512,7,1,7,1,24.07,0.0,64.99,3.4,0.36,21.25,0.0,0,1,24.444444,2
13513,7,2,7,1,24.07,0.0,67.75,3.1,0.36,19.74,0.0,0,1,24.444444,2
13514,7,3,7,1,24.07,0.0,69.71,3.6,0.0,19.43,0.0,0,1,24.444444,2
13515,7,4,7,1,24.06,0.0,70.91,3.5,0.48,18.71,0.0,0,1,24.444444,2
13516,7,5,7,1,24.06,0.0,71.79,3.8,1.8,18.9,0.0,0,1,24.444444,2
13517,7,6,7,1,24.07,0.0,72.12,5.0,2.04,25.16,0.0,0,1,24.444444,2
13518,7,7,7,1,24.08,0.01,70.56,5.9,5.4,35.23,52.2916,0,1,24.444444,2
13519,7,8,7,1,24.15,0.08,68.4,4.3,3.72,34.89,183.629,0,1,24.444444,2
13520,7,9,7,1,24.29,0.21,65.48,6.4,6.84,38.85,349.629,0,1,24.444444,2
13521,7,10,7,1,24.3,0.22,63.7,5.7,1.8,39.53,490.521,0,1,24.444444,2
13522,7,11,7,1,24.2,0.12,62.67,5.7,4.2,40.65,592.117,0,1,24.444444,2
13523,7,12,7,1,24.13,0.06,61.45,7.5,2.88,44.0,656.785,0,1,24.444444,2
13524,7,13,7,1,24.1,0.02,60.09,5.2,4.32,42.62,667.329,0,1,24.444444,2
13525,7,14,7,1,24.35,0.27,57.6,10.9,4.08,49.63,655.481,0,1,24.444444,2
13526,7,15,7,1,24.32,0.24,55.9,7.3,4.44,50.12,586.654,0,1,24.444444,2
13527,7,16,7,1,24.7,0.62,52.5,11.6,1.08,50.32,473.153,0,1,24.444444,2
13528,7,17,7,1,24.32,0.24,52.52,6.1,2.64,47.15,125.632,0,1,24.444444,2
13529,7,18,7,1,24.41,0.34,51.46,12.2,1.8,47.25,20.1061,0,1,24.444444,2
13530,7,19,7,1,24.21,0.14,52.6,6.4,4.8,41.93,4.94906,0,1,24.444444,2
13531,7,20,7,1,24.1,0.03,55.02,4.6,1.32,38.07,0.0,0,1,24.444444,2
13532,7,21,7,1,24.07,0.0,58.31,4.4,5.28,36.29,0.0,0,1,24.444444,2
13533,7,22,7,1,24.08,0.0,59.34,7.8,2.16,38.72,0.0,0,1,24.444444,2
13534,7,23,7,1,24.07,0.0,60.04,6.7,1.68,34.79,0.0,0,1,24.444444,2
13535,7,24,7,1,24.07,0.0,60.56,6.5,0.48,31.81,0.0,0,1,24.444444,2
13536,7,1,1,1,24.07,0.0,61.12,7.3,0.6,30.71,0.0,0,1,24.444444,2
13537,7,2,1,1,24.07,0.0,62.99,3.1,0.0,22.43,0.0,0,1,24.444444,2
13538,7,3,1,1,24.07,0.0,65.01,5.0,0.72,25.32,0.0,0,1,24.444444,2
13539,7,4,1,1,24.07,0.0,66.64,3.7,0.84,22.42,0.0,0,1,24.444444,2
13540,7,5,1,1,24.07,0.0,67.99,4.8,0.48,23.44,0.0,0,1,24.444444,2
13541,7,6,1,1,24.07,0.0,68.97,3.6,1.56,24.54,0.0,0,1,24.444444,2
13542,7,7,1,1,24.08,0.0,68.18,3.8,2.76,33.03,52.2339,0,1,24.444444,2
13543,7,8,1,1,24.16,0.09,66.11,4.1,2.4,35.79,183.834,0,1,24.444444,2
13544,7,9,1,1,24.26,0.19,64.32,4.0,2.88,37.11,351.828,0,1,24.444444,2
13545,7,10,1,1,24.29,0.21,62.63,4.7,14.88,39.1,494.987,0,1,24.444444,2
13546,7,11,1,1,24.24,0.16,60.95,6.8,5.52,42.46,600.753,0,1,24.444444,2
13547,7,12,1,1,24.11,0.04,60.21,4.3,14.4,40.91,664.172,0,1,24.444444,2
13548,7,13,1,1,24.12,0.05,59.7,5.4,6.96,43.66,669.495,0,1,24.444444,2
13549,7,14,1,1,24.12,0.04,58.64,4.2,4.8,45.2,648.926,0,1,24.444444,2
13550,7,15,1,1,24.13,0.06,56.75,5.0,5.88,49.06,582.576,0,1,24.444444,2
13551,7,16,1,1,24.23,0.16,54.67,4.9,4.8,49.14,461.166,0,1,24.444444,2
13552,7,17,1,1,24.21,0.13,53.56,5.0,4.56,48.46,264.551,0,1,24.444444,2
13553,7,18,1,1,24.13,0.06,53.08,4.4,2.88,43.79,103.238,0,1,24.444444,2
13554,7,19,1,1,24.14,0.07,53.02,7.8,3.12,43.66,19.5862,0,1,24.444444,2
13555,7,20,1,1,24.1,0.02,53.8,7.0,2.88,38.62,0.0,0,1,24.444444,2
13556,7,21,1,1,24.14,0.06,54.67,13.9,2.64,43.76,0.0,0,1,24.444444,2
13557,7,22,1,1,24.08,0.0,56.09,9.9,1.68,35.9,0.0,0,1,24.444444,2
13558,7,23,1,1,24.07,0.0,59.05,3.5,0.96,24.96,0.0,0,1,24.444444,2
13559,7,24,1,1,24.07,0.0,62.62,3.8,0.36,25.09,0.0,0,1,24.444444,2
13560,7,1,2,1,24.07,0.0,64.45,6.2,0.6,28.6,0.0,0,1,24.444444,2
13561,7,2,2,1,24.07,0.0,65.28,4.6,3.0,23.89,0.0,0,1,24.444444,2
13562,7,3,2,1,24.07,0.0,65.82,6.8,0.36,26.61,0.0,0,1,24.444444,2
13563,7,4,2,1,24.07,0.0,67.78,3.3,1.32,20.35,0.0,0,1,24.444444,2
13564,7,5,2,1,24.07,0.0,70.13,5.7,0.96,25.73,0.0,0,1,24.444444,2
13565,7,6,2,1,24.07,0.0,71.07,3.6,3.6,25.4,0.0,0,1,24.444444,2
13566,7,7,2,1,24.11,0.04,68.98,7.7,9.96,39.31,51.4164,0,1,24.444444,2
13567,7,8,2,1,24.2,0.12,66.47,5.2,7.56,36.3,181.039,0,1,24.444444,2
13568,7,9,2,1,24.31,0.23,64.89,6.9,3.24,39.9,348.008,0,1,24.444444,2
13569,7,10,2,1,24.15,0.08,64.23,6.6,6.0,40.59,275.027,0,1,24.444444,2
13570,7,11,2,1,24.09,0.02,62.47,8.4,3.36,43.3,364.951,0,1,24.444444,2
13571,7,12,2,1,24.07,0.0,61.47,4.6,3.6,37.22,454.551,0,1,24.444444,2
13572,7,13,2,1,24.07,0.0,61.56,4.3,3.36,33.78,197.456,0,1,24.444444,2
13573,7,14,2,1,24.07,0.0,61.0,8.9,2.76,40.58,184.577,0,1,24.444444,2
13574,7,15,2,1,24.07,0.0,61.0,4.5,2.76,34.93,232.901,0,1,24.444444,2
13575,7,16,2,1,24.07,0.0,61.12,5.6,1.68,37.54,222.386,0,1,24.444444,2
13576,7,17,2,1,24.07,0.0,60.43,7.4,4.8,41.41,217.142,0,1,24.444444,2
13577,7,18,2,1,24.07,0.0,59.76,5.7,3.36,37.88,129.621,0,1,24.444444,2
13578,7,19,2,1,24.07,0.0,59.98,5.2,2.64,32.74,24.9255,0,1,24.444444,2
13579,7,20,2,1,24.07,0.0,60.42,6.1,1.92,30.88,0.0,0,1,24.444444,2
13580,7,21,2,1,24.07,0.0,60.5,7.9,1.44,32.6,0.0,0,1,24.444444,2
13581,7,22,2,1,24.07,0.0,60.54,9.1,2.76,33.38,0.0,0,1,24.444444,2
13582,7,23,2,1,24.07,0.0,62.16,5.1,0.96,26.26,0.0,0,1,24.444444,2
13583,7,24,2,1,24.07,0.0,64.48,5.7,1.44,26.82,0.0,0,1,24.444444,2
13584,7,1,3,1,24.07,0.0,66.71,3.6,0.6,22.53,0.0,0,1,24.444444,2
13585,7,2,3,1,24.07,0.0,68.13,5.1,0.36,24.93,0.0,0,1,24.444444,2
13586,7,3,3,1,24.07,0.0,69.26,4.6,0.0,23.55,0.0,0,1,24.444444,2
13587,7,4,3,1,24.07,0.0,70.3,4.8,0.6,23.54,0.0,0,1,24.444444,2
13588,7,5,3,1,24.07,0.0,71.39,3.6,0.84,20.44,0.0,0,1,24.444444,2
13589,7,6,3,1,24.07,0.0,71.61,4.7,3.36,24.91,0.0,0,1,24.444444,2
13590,7,7,3,1,24.08,0.0,70.2,4.7,15.36,32.78,54.1742,0,1,24.444444,2
13591,7,8,3,1,24.13,0.06,68.25,3.5,6.36,33.6,181.617,0,1,24.444444,2
13592,7,9,3,1,24.21,0.14,65.9,4.3,2.76,35.65,352.23,0,1,24.444444,2
13593,7,10,3,1,24.2,0.12,64.18,4.2,6.0,36.91,487.369,0,1,24.444444,2
13594,7,11,3,1,24.12,0.04,62.48,5.0,4.56,38.75,594.606,0,1,24.444444,2
13595,7,12,3,1,24.07,0.0,60.67,4.5,2.28,38.22,551.114,0,1,24.444444,2
13596,7,13,3,1,24.07,0.0,59.3,3.5,2.16,36.98,679.221,0,1,24.444444,2
13597,7,14,3,1,24.12,0.04,58.26,9.9,3.0,47.62,462.619,0,1,24.444444,2
13598,7,15,3,1,24.08,0.0,58.03,3.8,3.24,39.46,428.502,0,1,24.444444,2
13599,7,16,3,1,24.07,0.0,58.02,4.0,6.12,39.82,428.792,0,1,24.444444,2
13600,7,17,3,1,24.07,0.0,58.14,3.3,2.52,39.04,332.947,0,1,24.444444,2
13601,7,18,3,1,24.07,0.0,58.46,4.9,0.84,41.51,159.225,0,1,24.444444,2
13602,7,19,3,1,24.08,0.0,58.02,9.7,3.72,43.31,27.9427,0,1,24.444444,2
13603,7,20,3,1,24.07,0.0,59.13,6.0,11.4,32.43,0.0,0,1,24.444444,2
13604,7,21,3,1,24.07,0.0,60.81,7.0,1.56,32.46,0.0,0,1,24.444444,2
13605,7,22,3,1,24.07,0.0,62.42,6.2,1.56,29.64,0.0,0,1,24.444444,2
13606,7,23,3,1,24.07,0.0,63.95,6.0,0.72,27.94,0.0,0,1,24.444444,2
13607,7,24,3,1,24.07,0.0,65.75,4.7,0.36,24.93,0.0,0,1,24.444444,2
13608,7,1,4,1,24.07,0.0,67.5,3.7,0.36,22.64,0.0,0,1,24.444444,2
13609,7,2,4,1,24.07,0.0,68.35,5.2,0.84,24.41,0.0,0,1,24.444444,2
13610,7,3,4,1,24.07,0.0,68.79,4.4,1.08,20.66,0.0,0,1,24.444444,2
13611,7,4,4,1,24.07,0.0,69.78,3.8,0.6,18.7,0.0,0,1,24.444444,2
13612,7,5,4,1,24.06,0.0,71.21,4.1,0.84,18.95,0.0,0,1,24.444444,2
13613,7,6,4,1,24.07,0.0,71.12,6.4,1.8,26.96,0.0,0,1,24.444444,2
13614,7,7,4,1,24.1,0.02,68.97,8.0,12.0,37.54,51.4197,0,1,24.444444,2
13615,7,8,4,1,24.21,0.13,65.88,7.2,5.16,37.48,180.89,0,1,24.444444,2
13616,7,9,4,1,24.16,0.09,64.23,6.0,1.32,37.0,331.065,0,1,24.444444,2
13617,7,10,4,1,24.14,0.06,62.08,11.0,4.2,44.68,351.634,0,1,24.444444,2
13618,7,11,4,1,24.08,0.01,60.72,8.4,7.08,37.8,298.984,0,1,24.444444,2
13619,7,12,4,1,24.07,0.0,60.25,7.4,13.56,38.96,476.329,0,1,24.444444,2
13620,7,13,4,1,24.07,0.0,59.76,7.6,7.56,39.07,407.528,0,1,24.444444,2
13621,7,14,4,1,24.07,0.0,59.42,9.9,3.96,38.05,205.418,0,1,24.444444,2
13622,7,15,4,1,24.07,0.0,58.88,9.1,2.28,36.33,142.197,0,1,24.444444,2
13623,7,16,4,1,24.07,0.0,58.32,8.5,1.08,40.48,281.948,0,1,24.444444,2
13624,7,17,4,1,24.07,0.0,57.9,8.4,2.16,42.65,323.526,0,1,24.444444,2
13625,7,18,4,1,24.07,0.0,57.63,8.8,2.52,43.76,164.121,0,1,24.444444,2
13626,7,19,4,1,24.07,0.0,56.79,8.9,6.72,40.02,26.8349,0,1,24.444444,2
13627,7,20,4,1,24.07,0.0,56.76,9.9,5.64,36.24,0.0,0,1,24.444444,2
13628,7,21,4,1,24.11,0.03,56.44,15.7,2.28,42.76,0.0,0,1,24.444444,2
13629,7,22,4,1,24.07,0.0,57.22,12.3,1.68,36.62,0.0,0,1,24.444444,2
13630,7,23,4,1,24.07,0.0,60.24,5.4,0.84,25.47,0.0,0,1,24.444444,2
13631,7,24,4,1,24.07,0.0,61.95,9.1,1.2,31.15,0.0,0,1,24.444444,2
13632,7,1,5,1,24.07,0.0,62.07,9.5,0.6,30.95,0.0,0,1,24.444444,2
13633,7,2,5,1,24.07,0.0,62.44,9.9,0.24,30.66,0.0,0,1,24.444444,2
13634,7,3,5,1,24.07,0.0,63.69,7.5,0.12,25.77,0.0,0,1,24.444444,2
13635,7,4,5,1,24.07,0.0,66.61,3.7,2.4,19.32,0.0,0,1,24.444444,2
13636,7,5,5,1,24.07,0.0,69.14,4.1,1.44,19.58,0.0,0,1,24.444444,2
13637,7,6,5,1,24.07,0.0,67.42,11.1,2.64,35.35,0.0,0,1,24.444444,2
13638,7,7,5,1,24.08,0.0,65.85,4.6,14.52,30.65,50.6323,0,1,24.444444,2
13639,7,8,5,1,24.25,0.17,63.72,9.5,4.2,40.07,181.195,0,1,24.444444,2
13640,7,9,5,1,24.44,0.36,61.06,10.1,5.88,41.31,352.324,0,1,24.444444,2
13641,7,10,5,1,24.36,0.28,59.93,6.5,2.4,38.49,495.118,0,1,24.444444,2
13642,7,11,5,1,24.31,0.24,58.3,9.6,4.08,42.97,601.189,0,1,24.444444,2
13643,7,12,5,1,24.14,0.06,56.41,6.7,0.48,40.27,654.897,0,1,24.444444,2
13644,7,13,5,1,24.18,0.1,53.92,10.2,2.76,44.08,674.376,0,1,24.444444,2
13645,7,14,5,1,24.22,0.15,52.61,9.9,2.4,46.38,656.77,0,1,24.444444,2
13646,7,15,5,1,24.25,0.17,52.1,9.2,1.8,49.38,597.581,0,1,24.444444,2
13647,7,16,5,1,24.13,0.05,52.38,4.1,1.32,47.51,433.323,0,1,24.444444,2
13648,7,17,5,1,24.38,0.31,51.92,8.3,0.96,50.27,341.848,0,1,24.444444,2
13649,7,18,5,1,24.46,0.38,52.13,9.4,2.52,50.95,166.014,0,1,24.444444,2
13650,7,19,5,1,24.3,0.23,53.56,10.3,2.76,49.97,27.66,0,1,24.444444,2
13651,7,20,5,1,24.18,0.11,54.87,8.9,3.72,44.56,0.0,0,1,24.444444,2
13652,7,21,5,1,24.28,0.2,54.7,15.2,1.92,48.5,0.0,0,1,24.444444,2
13653,7,22,5,1,24.17,0.09,55.15,11.0,2.76,42.36,0.0,0,1,24.444444,2
13654,7,23,5,1,24.08,0.0,57.37,5.1,0.96,32.09,0.0,0,1,24.444444,2
13655,7,24,5,1,24.12,0.04,57.92,14.3,0.72,43.25,0.0,0,1,24.444444,2
13656,7,1,6,1,24.07,0.0,59.83,3.4,2.4,24.95,0.0,0,1,24.444444,2
13657,7,2,6,1,24.07,0.0,62.63,5.0,0.84,26.33,0.0,0,1,24.444444,2
13658,7,3,6,1,24.07,0.0,64.67,4.8,0.48,24.94,0.0,0,1,24.444444,2
13659,7,4,6,1,24.07,0.0,66.85,3.5,0.6,21.05,0.0,0,1,24.444444,2
13660,7,5,6,1,24.07,0.0,68.51,3.3,0.96,19.3,0.0,0,1,24.444444,2
13661,7,6,6,1,24.07,0.0,68.89,5.2,5.88,26.1,0.0,0,1,24.444444,2
13662,7,7,6,1,24.08,0.01,67.26,7.1,13.32,36.41,53.6409,0,1,24.444444,2
13663,7,8,6,1,24.22,0.15,64.23,7.8,10.68,38.74,183.626,0,1,24.444444,2
13664,7,9,6,1,24.38,0.3,61.9,8.6,5.88,40.79,357.802,0,1,24.444444,2
13665,7,10,6,1,24.38,0.31,60.69,7.1,1.8,40.39,500.033,0,1,24.444444,2
13666,7,11,6,1,24.32,0.25,59.0,9.3,5.64,43.28,600.053,0,1,24.444444,2
13667,7,12,6,1,24.13,0.05,58.48,4.2,1.92,39.03,676.505,0,1,24.444444,2
13668,7,13,6,1,24.14,0.07,57.3,8.3,2.64,44.21,674.318,0,1,24.444444,2
13669,7,14,6,1,24.29,0.22,54.99,10.5,1.56,48.04,664.806,0,1,24.444444,2
13670,7,15,6,1,24.36,0.29,53.32,9.3,2.04,49.96,594.804,0,1,24.444444,2
13671,7,16,6,1,24.18,0.11,52.22,4.2,2.16,48.19,483.834,0,1,24.444444,2
13672,7,17,6,1,24.54,0.46,50.83,10.9,5.04,50.49,340.359,0,1,24.444444,2
13673,7,18,6,1,24.68,0.61,50.78,11.5,6.12,51.0,164.147,0,1,24.444444,2
13674,7,19,6,1,24.22,0.15,52.46,6.0,5.4,46.88,26.7117,0,1,24.444444,2
13675,7,20,6,1,24.12,0.05,53.13,8.1,5.52,43.15,0.0,0,1,24.444444,2
13676,7,21,6,1,24.11,0.03,54.29,8.3,3.96,41.36,0.0,0,1,24.444444,2
13677,7,22,6,1,24.1,0.03,56.29,9.9,1.8,41.83,0.0,0,1,24.444444,2
13678,7,23,6,1,24.08,0.01,57.91,8.6,1.92,38.33,0.0,0,1,24.444444,2
13679,7,24,6,1,24.07,0.0,59.95,4.7,1.44,30.66,0.0,0,1,24.444444,2
13680,7,1,7,1,24.07,0.0,62.68,3.4,0.6,27.13,0.0,0,1,24.444444,2
13681,7,2,7,1,24.07,0.0,65.15,2.9,0.48,24.64,0.0,0,1,24.444444,2
13682,7,3,7,1,24.07,0.0,66.38,4.8,0.48,26.32,0.0,0,1,24.444444,2
13683,7,4,7,1,24.07,0.0,67.57,3.2,0.36,22.67,0.0,0,1,24.444444,2
13684,7,5,7,1,24.07,0.0,69.05,4.7,1.56,25.34,0.0,0,1,24.444444,2
13685,7,6,7,1,24.07,0.0,70.19,3.6,6.24,26.14,0.0,0,1,24.444444,2
13686,7,7,7,1,24.07,0.0,69.33,4.1,6.6,33.67,50.6254,0,1,24.444444,2
13687,7,8,7,1,24.07,0.0,67.78,4.1,5.16,33.63,153.667,0,1,24.444444,2
13688,7,9,7,1,24.19,0.11,64.74,6.7,13.8,39.77,333.067,0,1,24.444444,2
13689,7,10,7,1,24.19,0.12,62.87,3.7,5.04,37.39,501.657,0,1,24.444444,2
13690,7,11,7,1,24.18,0.11,61.15,7.2,5.64,42.8,598.266,0,1,24.444444,2
13691,7,12,7,1,24.11,0.03,59.86,7.1,3.36,43.05,653.255,0,1,24.444444,2
13692,7,13,7,1,24.1,0.03,58.7,6.8,9.96,43.83,675.139,0,1,24.444444,2
13693,7,14,7,1,24.54,0.47,55.61,14.2,11.04,50.56,654.348,0,1,24.444444,2
13694,7,15,7,1,24.39,0.31,55.12,6.9,4.2,49.81,546.817,0,1,24.444444,2
13695,7,16,7,1,24.24,0.16,54.87,4.4,7.2,48.81,435.224,0,1,24.444444,2
13696,7,17,7,1,24.15,0.08,55.17,4.9,2.4,44.51,130.336,0,1,24.444444,2
13697,7,18,7,1,24.09,0.02,56.93,5.1,1.56,39.91,40.0109,0,1,24.444444,2
13698,7,19,7,1,24.07,0.0,58.16,5.1,5.76,36.23,10.6989,0,1,24.444444,2
13699,7,20,7,1,24.07,0.0,58.14,6.4,3.24,34.8,0.0,0,1,24.444444,2
13700,7,21,7,1,24.07,0.0,58.82,6.2,1.92,32.0,0.0,0,1,24.444444,2
13701,7,22,7,1,24.07,0.0,60.2,4.7,2.52,27.52,0.0,0,1,24.444444,2
13702,7,23,7,1,24.07,0.0,60.93,6.4,1.56,28.3,0.0,0,1,24.444444,2
13703,7,24,7,1,24.07,0.0,61.54,4.6,0.96,23.69,0.0,0,1,24.444444,2
13704,7,1,1,1,24.07,0.0,62.23,6.2,0.48,24.87,0.0,0,1,24.444444,2
13705,7,2,1,1,24.07,0.0,64.11,3.3,0.12,18.39,0.0,0,1,24.444444,2
13706,7,3,1,1,24.07,0.0,66.44,4.6,0.24,19.41,0.0,0,1,24.444444,2
13707,7,4,1,1,24.06,0.0,67.89,3.4,0.48,16.03,0.0,0,1,24.444444,2
13708,7,5,1,1,24.06,0.0,68.82,3.6,0.84,15.84,0.0,0,1,24.444444,2
13709,7,6,1,1,24.06,0.0,68.61,4.8,1.68,22.1,0.0,0,1,24.444444,2
13710,7,7,1,1,24.06,0.0,67.15,4.1,4.2,28.64,50.7541,0,1,24.444444,2
13711,7,8,1,1,24.09,0.03,65.02,4.4,3.48,31.89,181.168,0,1,24.444444,2
13712,7,9,1,1,24.15,0.08,63.0,4.1,3.84,33.3,351.822,0,1,24.444444,2
13713,7,10,1,1,24.15,0.07,61.25,4.2,3.36,35.04,492.691,0,1,24.444444,2
13714,7,11,1,1,24.09,0.01,60.32,4.4,1.56,35.59,595.802,0,1,24.444444,2
13715,7,12,1,1,24.07,0.0,59.0,8.7,18.0,41.95,652.992,0,1,24.444444,2
13716,7,13,1,1,24.07,0.0,57.85,5.3,5.64,38.56,681.356,0,1,24.444444,2
13717,7,14,1,1,24.07,0.0,57.61,4.5,5.4,40.96,674.242,0,1,24.444444,2
13718,7,15,1,1,24.08,0.0,57.02,4.2,3.0,45.53,549.613,0,1,24.444444,2
13719,7,16,1,1,24.08,0.0,56.15,5.1,3.24,45.58,402.161,0,1,24.444444,2
13720,7,17,1,1,24.07,0.0,55.01,4.1,5.88,44.92,338.228,0,1,24.444444,2
13721,7,18,1,1,24.07,0.0,53.68,4.0,3.0,42.57,145.693,0,1,24.444444,2
13722,7,19,1,1,24.07,0.0,54.29,5.1,3.36,39.48,26.7896,0,1,24.444444,2
13723,7,20,1,1,24.07,0.0,55.18,7.0,3.0,37.39,0.0,0,1,24.444444,2
13724,7,21,1,1,24.07,0.0,56.06,9.6,3.6,39.84,0.0,0,1,24.444444,2
13725,7,22,1,1,24.07,0.0,57.82,6.2,2.28,33.88,0.0,0,1,24.444444,2
13726,7,23,1,1,24.07,0.0,59.5,6.0,0.72,32.27,0.0,0,1,24.444444,2
13727,7,24,1,1,24.07,0.0,60.68,6.7,0.12,30.9,0.0,0,1,24.444444,2
13728,7,1,2,1,24.07,0.0,62.41,4.7,0.12,26.58,0.0,0,1,24.444444,2
13729,7,2,2,1,24.07,0.0,64.49,3.3,0.36,23.34,0.0,0,1,24.444444,2
13730,7,3,2,1,24.07,0.0,64.38,7.7,0.36,29.43,0.0,0,1,24.444444,2
13731,7,4,2,1,24.07,0.0,63.96,6.2,0.72,24.96,0.0,0,1,24.444444,2
13732,7,5,2,1,24.07,0.0,65.71,3.2,2.16,19.02,0.0,0,1,24.444444,2
13733,7,6,2,1,24.07,0.0,66.86,4.7,1.8,25.08,0.0,0,1,24.444444,2
13734,7,7,2,1,24.09,0.01,65.59,5.1,16.8,33.99,49.3846,0,1,24.444444,2
13735,7,8,2,1,24.24,0.16,63.07,6.0,6.24,36.7,180.196,0,1,24.444444,2
13736,7,9,2,1,24.38,0.31,60.66,7.2,3.84,38.91,351.598,0,1,24.444444,2
13737,7,10,2,1,24.36,0.28,59.37,4.9,5.76,37.92,499.761,0,1,24.444444,2
13738,7,11,2,1,24.26,0.18,58.74,5.8,3.0,40.23,604.45,0,1,24.444444,2
13739,7,12,2,1,24.09,0.02,57.66,3.7,4.44,36.37,613.399,0,1,24.444444,2
13740,7,13,2,1,24.07,0.0,56.01,4.7,2.4,37.89,687.168,0,1,24.444444,2
13741,7,14,2,1,24.18,0.11,54.25,10.2,4.08,47.42,667.53,0,1,24.444444,2
13742,7,15,2,1,24.09,0.02,53.32,4.5,3.12,45.54,598.637,0,1,24.444444,2
13743,7,16,2,1,24.08,0.01,52.97,4.4,3.12,46.19,416.566,0,1,24.444444,2
13744,7,17,2,1,24.08,0.0,53.35,3.8,5.04,45.99,302.818,0,1,24.444444,2
13745,7,18,2,1,24.09,0.01,54.13,5.6,4.08,48.24,167.053,0,1,24.444444,2
13746,7,19,2,1,24.08,0.01,54.72,5.9,2.52,43.1,26.8532,0,1,24.444444,2
13747,7,20,2,1,24.08,0.0,55.54,7.3,1.92,39.96,0.0,0,1,24.444444,2
13748,7,21,2,1,24.07,0.0,56.3,7.4,2.16,37.53,0.0,0,1,24.444444,2
13749,7,22,2,1,24.07,0.0,56.87,8.7,2.76,37.32,0.0,0,1,24.444444,2
13750,7,23,2,1,24.07,0.0,58.48,5.6,0.48,31.07,0.0,0,1,24.444444,2
13751,7,24,2,1,24.07,0.0,59.74,7.3,0.72,32.36,0.0,0,1,24.444444,2
13752,7,1,3,1,24.07,0.0,60.74,6.0,0.36,27.83,0.0,0,1,24.444444,2
13753,7,2,3,1,24.07,0.0,61.31,8.3,0.36,29.36,0.0,0,1,24.444444,2
13754,7,3,3,1,24.07,0.0,62.91,3.7,0.6,20.71,0.0,0,1,24.444444,2
13755,7,4,3,1,24.07,0.0,64.55,6.2,0.72,24.42,0.0,0,1,24.444444,2
13756,7,5,3,1,24.07,0.0,65.16,6.5,1.92,24.21,0.0,0,1,24.444444,2
13757,7,6,3,1,24.07,0.0,66.05,4.4,3.48,23.2,0.0,0,1,24.444444,2
13758,7,7,3,1,24.08,0.0,65.55,4.5,21.12,31.33,48.7358,0,1,24.444444,2
13759,7,8,3,1,24.18,0.1,63.48,5.4,4.44,34.91,176.082,0,1,24.444444,2
13760,7,9,3,1,24.26,0.18,61.65,4.5,3.0,35.13,347.818,0,1,24.444444,2
13761,7,10,3,1,24.25,0.18,60.44,4.0,10.56,36.14,466.183,0,1,24.444444,2
13762,7,11,3,1,24.14,0.07,59.63,4.3,3.96,37.31,587.641,0,1,24.444444,2
13763,7,12,3,1,24.07,0.0,58.38,4.0,4.08,37.15,661.154,0,1,24.444444,2
13764,7,13,3,1,24.07,0.0,55.69,3.7,3.0,37.47,652.024,0,1,24.444444,2
13765,7,14,3,1,24.15,0.07,52.72,9.8,0.72,46.43,630.141,0,1,24.444444,2
13766,7,15,3,1,24.08,0.0,51.67,4.1,1.92,44.08,555.464,0,1,24.444444,2
13767,7,16,3,1,24.09,0.02,51.47,3.9,3.96,46.2,484.301,0,1,24.444444,2
13768,7,17,3,1,24.18,0.1,51.2,5.2,3.12,47.5,325.176,0,1,24.444444,2
13769,7,18,3,1,24.12,0.05,52.08,3.5,2.64,46.35,163.406,0,1,24.444444,2
13770,7,19,3,1,24.22,0.14,52.73,10.8,5.76,49.26,25.8203,0,1,24.444444,2
13771,7,20,3,1,24.14,0.06,54.09,8.3,6.84,43.2,0.0,0,1,24.444444,2
13772,7,21,3,1,24.1,0.02,55.37,6.9,2.16,39.67,0.0,0,1,24.444444,2
13773,7,22,3,1,24.19,0.11,55.12,14.0,3.24,46.57,0.0,0,1,24.444444,2
13774,7,23,3,1,24.09,0.01,56.58,6.5,0.6,35.7,0.0,0,1,24.444444,2
13775,7,24,3,1,24.08,0.0,57.75,10.5,1.08,39.08,0.0,0,1,24.444444,2
13776,7,1,4,1,24.07,0.0,59.64,3.9,0.36,27.22,0.0,0,1,24.444444,2
13777,7,2,4,1,24.07,0.0,62.04,3.6,0.6,25.14,0.0,0,1,24.444444,2
13778,7,3,4,1,24.07,0.0,63.79,3.7,0.24,23.5,0.0,0,1,24.444444,2
13779,7,4,4,1,24.07,0.0,65.5,3.4,0.0,21.69,0.0,0,1,24.444444,2
13780,7,5,4,1,24.07,0.0,66.74,3.4,0.48,20.61,0.0,0,1,24.444444,2
13781,7,6,4,1,24.07,0.0,66.63,6.4,2.76,28.09,0.0,0,1,24.444444,2
13782,7,7,4,1,24.07,0.0,64.76,9.1,7.8,38.29,45.4926,0,1,24.444444,2
13783,7,8,4,1,24.12,0.05,62.25,11.4,12.12,42.73,169.761,0,1,24.444444,2
13784,7,9,4,1,24.2,0.13,60.59,6.9,1.8,38.61,339.482,0,1,24.444444,2
13785,7,10,4,1,24.34,0.27,59.31,9.6,10.08,42.66,494.083,0,1,24.444444,2
13786,7,11,4,1,24.27,0.2,58.71,8.8,1.08,43.04,601.242,0,1,24.444444,2
13787,7,12,4,1,24.2,0.12,58.27,8.5,3.96,44.21,669.184,0,1,24.444444,2
13788,7,13,4,1,24.15,0.07,57.23,6.5,2.04,43.19,667.178,0,1,24.444444,2
13789,7,14,4,1,24.23,0.16,55.14,8.4,1.92,46.99,643.369,0,1,24.444444,2
13790,7,15,4,1,24.51,0.44,52.29,10.2,1.56,49.35,574.391,0,1,24.444444,2
13791,7,16,4,1,24.54,0.46,51.98,8.0,2.4,49.78,460.107,0,1,24.444444,2
13792,7,17,4,1,24.46,0.38,53.52,8.5,1.08,50.12,223.559,0,1,24.444444,2
13793,7,18,4,1,24.27,0.2,54.22,9.5,3.24,45.08,11.2398,0,1,24.444444,2
13794,7,19,4,1,24.15,0.08,54.66,8.6,5.76,42.37,0.0,0,1,24.444444,2
13795,7,20,4,1,24.14,0.07,55.21,12.6,2.76,43.32,0.0,0,1,24.444444,2
13796,7,21,4,1,24.08,0.0,56.48,10.1,3.12,35.91,0.0,0,1,24.444444,2
13797,7,22,4,1,24.07,0.0,58.24,8.6,2.76,31.95,0.0,0,1,24.444444,2
13798,7,23,4,1,24.07,0.0,59.5,6.6,2.28,26.88,0.0,0,1,24.444444,2
13799,7,24,4,1,24.07,0.0,61.52,7.4,0.24,27.14,0.0,0,1,24.444444,2
13800,7,1,5,1,24.07,0.0,62.62,9.5,0.72,29.52,0.0,0,1,24.444444,2
13801,7,2,5,1,24.07,0.0,64.91,3.7,0.12,18.63,0.0,0,1,24.444444,2
13802,7,3,5,1,24.07,0.0,67.65,4.6,0.6,20.11,0.0,0,1,24.444444,2
13803,7,4,5,1,24.07,0.0,69.63,3.8,0.12,18.15,0.0,0,1,24.444444,2
13804,7,5,5,1,24.06,0.0,71.14,3.4,0.84,17.0,0.0,0,1,24.444444,2
13805,7,6,5,1,24.07,0.0,69.39,11.4,1.92,35.34,0.0,0,1,24.444444,2
13806,7,7,5,1,24.07,0.0,67.02,8.9,10.44,35.92,47.6078,0,1,24.444444,2
13807,7,8,5,1,24.12,0.05,64.7,9.3,8.88,38.32,177.902,0,1,24.444444,2
13808,7,9,5,1,24.08,0.01,64.06,4.5,3.6,32.21,289.359,0,1,24.444444,2
13809,7,10,5,1,24.07,0.0,62.54,6.8,3.0,38.08,382.468,0,1,24.444444,2
13810,7,11,5,1,24.08,0.01,60.84,8.9,2.64,43.35,422.564,0,1,24.444444,2
13811,7,12,5,1,24.08,0.0,59.54,7.0,2.16,40.52,614.25,0,1,24.444444,2
13812,7,13,5,1,24.21,0.13,57.45,11.0,0.24,46.8,594.09,0,1,24.444444,2
13813,7,14,5,1,24.22,0.15,55.49,9.4,1.92,46.59,570.967,0,1,24.444444,2
13814,7,15,5,1,24.34,0.26,53.99,12.1,3.0,50.0,505.067,0,1,24.444444,2
13815,7,16,5,1,24.11,0.04,54.66,7.9,0.96,39.8,143.045,0,1,24.444444,2
13816,7,17,5,1,24.07,0.0,55.36,10.0,1.68,38.47,115.357,0,1,24.444444,2
13817,7,18,5,1,24.07,0.0,55.77,9.6,3.36,37.81,71.3934,0,1,24.444444,2
13818,7,19,5,1,24.07,0.0,56.95,9.2,1.32,34.83,11.6255,0,1,24.444444,2
13819,7,20,5,1,24.07,0.0,58.4,10.7,5.4,35.44,0.0,0,1,24.444444,2
13820,7,21,5,1,24.07,0.0,59.52,10.5,3.0,34.9,0.0,0,1,24.444444,2
13821,7,22,5,1,24.07,0.0,60.88,7.4,2.04,29.57,0.0,0,1,24.444444,2
13822,7,23,5,1,24.07,0.0,62.63,6.3,0.84,26.78,0.0,0,1,24.444444,2
13823,7,24,5,1,24.07,0.0,62.27,11.0,0.72,32.94,0.0,0,1,24.444444,2
13824,7,1,6,1,24.07,0.0,62.82,4.1,0.48,20.33,0.0,0,1,24.444444,2
13825,7,2,6,1,24.07,0.0,64.52,5.0,5.28,21.86,0.0,0,1,24.444444,2
13826,7,3,6,1,24.07,0.0,66.14,3.5,0.72,19.06,0.0,0,1,24.444444,2
13827,7,4,6,1,24.07,0.0,67.72,3.3,0.6,18.73,0.0,0,1,24.444444,2
13828,7,5,6,1,24.07,0.0,69.05,3.3,2.04,19.1,0.0,0,1,24.444444,2
13829,7,6,6,1,24.07,0.0,68.64,4.3,12.72,24.15,0.0,0,1,24.444444,2
13830,7,7,6,1,24.08,0.0,65.59,6.9,12.96,34.8,47.6687,0,1,24.444444,2
13831,7,8,6,1,24.17,0.09,62.05,8.2,10.44,36.85,179.205,0,1,24.444444,2
13832,7,9,6,1,24.19,0.12,59.47,6.3,7.56,34.95,355.968,0,1,24.444444,2
13833,7,10,6,1,24.14,0.07,58.18,5.6,5.04,34.82,498.946,0,1,24.444444,2
13834,7,11,6,1,24.09,0.01,57.3,8.0,7.8,38.05,604.758,0,1,24.444444,2
13835,7,12,6,1,24.07,0.0,57.29,4.5,1.08,33.43,677.651,0,1,24.444444,2
13836,7,13,6,1,24.07,0.0,57.08,5.4,4.68,37.53,684.852,0,1,24.444444,2
13837,7,14,6,1,24.2,0.12,54.77,12.0,4.08,48.09,664.022,0,1,24.444444,2
13838,7,15,6,1,24.22,0.14,53.74,10.1,7.08,50.13,607.663,0,1,24.444444,2
13839,7,16,6,1,24.14,0.06,53.8,4.9,2.04,47.96,490.268,0,1,24.444444,2
13840,7,17,6,1,24.37,0.3,53.11,9.6,5.16,50.78,341.332,0,1,24.444444,2
13841,7,18,6,1,24.49,0.41,53.35,11.1,9.0,51.54,148.208,0,1,24.444444,2
13842,7,19,6,1,24.23,0.16,54.62,7.6,1.68,47.9,23.3398,0,1,24.444444,2
13843,7,20,6,1,24.16,0.09,54.86,8.8,4.08,44.38,0.0,0,1,24.444444,2
13844,7,21,6,1,24.1,0.03,54.8,6.5,2.16,39.37,0.0,0,1,24.444444,2
13845,7,22,6,1,24.09,0.02,53.28,9.9,1.08,40.67,0.0,0,1,24.444444,2
13846,7,23,6,1,24.1,0.03,51.13,12.7,0.72,40.93,0.0,0,1,24.444444,2
13847,7,24,6,1,24.07,0.0,51.25,4.6,0.48,28.15,0.0,0,1,24.444444,2
13848,8,1,7,1,24.07,0.0,51.9,5.3,0.48,27.37,0.0,0,1,24.444444,2
13849,8,2,7,1,24.07,0.0,52.35,3.5,0.6,22.74,0.0,0,1,24.444444,2
13850,8,3,7,1,24.07,0.0,53.42,3.7,0.12,21.39,0.0,0,1,24.444444,2
13851,8,4,7,1,24.07,0.0,54.97,3.6,0.36,20.13,0.0,0,1,24.444444,2
13852,8,5,7,1,24.07,0.0,56.78,3.3,0.72,19.09,0.0,0,1,24.444444,2
13853,8,6,7,1,24.07,0.0,57.63,3.8,2.52,22.33,0.0,0,1,24.444444,2
13854,8,7,7,1,24.07,0.0,56.45,3.7,3.72,27.65,48.597,0,1,24.444444,2
13855,8,8,7,1,24.09,0.01,54.73,5.9,4.08,32.33,182.968,0,1,24.444444,2
13856,8,9,7,1,24.13,0.05,53.38,6.1,4.32,33.19,359.826,0,1,24.444444,2
13857,8,10,7,1,24.09,0.02,53.45,4.9,4.68,32.58,511.495,0,1,24.444444,2
13858,8,11,7,1,24.07,0.0,54.12,4.7,5.88,31.79,600.472,0,1,24.444444,2
13859,8,12,7,1,24.07,0.0,54.64,4.6,4.68,31.69,686.979,0,1,24.444444,2
13860,8,13,7,1,24.07,0.0,54.75,5.4,4.8,35.45,709.026,0,1,24.444444,2
13861,8,14,7,1,24.09,0.02,53.49,10.9,1.32,46.57,684.277,0,1,24.444444,2
13862,8,15,7,1,24.07,0.0,52.41,4.1,4.68,41.38,613.463,0,1,24.444444,2
13863,8,16,7,1,24.16,0.08,51.19,9.2,2.64,49.16,496.831,0,1,24.444444,2
13864,8,17,7,1,24.13,0.06,50.82,4.1,3.6,44.95,346.364,0,1,24.444444,2
13865,8,18,7,1,24.09,0.02,50.74,4.2,0.96,44.42,165.88,0,1,24.444444,2
13866,8,19,7,1,24.09,0.02,50.08,9.2,3.12,44.28,24.2268,0,1,24.444444,2
13867,8,20,7,1,24.08,0.0,50.34,4.2,4.92,32.89,0.0,0,1,24.444444,2
13868,8,21,7,1,24.07,0.0,50.34,6.3,1.32,33.09,0.0,0,1,24.444444,2
13869,8,22,7,1,24.07,0.0,49.51,9.3,1.68,34.09,0.0,0,1,24.444444,2
13870,8,23,7,1,24.07,0.0,49.81,5.0,1.08,25.85,0.0,0,1,24.444444,2
13871,8,24,7,1,24.07,0.0,50.5,5.2,1.2,24.62,0.0,0,1,24.444444,2
13872,8,1,1,1,24.07,0.0,51.88,3.4,1.08,20.29,0.0,0,1,24.444444,2
13873,8,2,1,1,24.07,0.0,54.07,3.6,0.84,18.27,0.0,0,1,24.444444,2
13874,8,3,1,1,24.07,0.0,57.2,3.7,0.36,16.38,0.0,0,1,24.444444,2
13875,8,4,1,1,24.07,0.0,59.85,4.8,0.48,16.52,0.0,0,1,24.444444,2
13876,8,5,1,1,24.06,0.0,61.55,3.1,0.48,14.1,0.0,0,1,24.444444,2
13877,8,6,1,1,24.06,0.0,62.76,3.4,0.96,17.86,0.0,0,1,24.444444,2
13878,8,7,1,1,24.06,0.0,61.97,4.3,9.12,27.29,48.4449,0,1,24.444444,2
13879,8,8,1,1,24.08,0.01,60.02,3.8,5.16,30.18,181.667,0,1,24.444444,2
13880,8,9,1,1,24.15,0.07,57.43,5.1,6.48,32.75,354.17,0,1,24.444444,2
13881,8,10,1,1,24.13,0.06,54.51,4.5,11.16,32.84,493.239,0,1,24.444444,2
13882,8,11,1,1,24.11,0.03,52.25,9.1,4.32,38.3,612.124,0,1,24.444444,2
13883,8,12,1,1,24.07,0.0,50.85,5.7,2.52,33.91,674.253,0,1,24.444444,2
13884,8,13,1,1,24.07,0.0,49.1,5.0,1.8,34.04,685.945,0,1,24.444444,2
13885,8,14,1,1,24.07,0.0,47.41,8.3,4.32,40.68,651.902,0,1,24.444444,2
13886,8,15,1,1,24.07,0.0,46.37,4.2,3.84,39.65,604.931,0,1,24.444444,2
13887,8,16,1,1,24.08,0.0,45.85,4.8,0.96,43.29,492.459,0,1,24.444444,2
13888,8,17,1,1,24.09,0.02,45.61,4.4,2.76,43.74,339.095,0,1,24.444444,2
13889,8,18,1,1,24.29,0.22,45.81,12.3,4.2,49.45,162.134,0,1,24.444444,2
13890,8,19,1,1,24.11,0.03,47.48,7.7,1.8,42.57,22.5114,0,1,24.444444,2
13891,8,20,1,1,24.08,0.0,48.81,6.6,3.24,36.59,0.0,0,1,24.444444,2
13892,8,21,1,1,24.07,0.0,50.06,7.0,1.32,35.17,0.0,0,1,24.444444,2
13893,8,22,1,1,24.07,0.0,52.62,7.5,1.2,34.35,0.0,0,1,24.444444,2
13894,8,23,1,1,24.07,0.0,56.86,6.2,2.28,32.19,0.0,0,1,24.444444,2
13895,8,24,1,1,24.07,0.0,60.4,5.2,0.48,30.2,0.0,0,1,24.444444,2
13896,8,1,2,1,24.07,0.0,63.02,3.3,2.04,25.97,0.0,0,1,24.444444,2
13897,8,2,2,1,24.07,0.0,65.22,3.4,0.48,24.28,0.0,0,1,24.444444,2
13898,8,3,2,1,24.07,0.0,66.86,3.7,0.6,22.5,0.0,0,1,24.444444,2
13899,8,4,2,1,24.07,0.0,67.81,3.5,0.36,20.6,0.0,0,1,24.444444,2
13900,8,5,2,1,24.07,0.0,68.36,3.6,0.96,19.96,0.0,0,1,24.444444,2
13901,8,6,2,1,24.07,0.0,68.4,4.8,4.68,24.36,0.0,0,1,24.444444,2
13902,8,7,2,1,24.08,0.0,67.24,4.1,14.52,31.2,46.9678,0,1,24.444444,2
13903,8,8,2,1,24.17,0.09,65.02,5.0,6.36,35.1,178.668,0,1,24.444444,2
13904,8,9,2,1,24.36,0.28,61.47,8.7,3.6,40.13,352.32,0,1,24.444444,2
13905,8,10,2,1,24.3,0.22,59.18,4.6,4.44,36.54,492.926,0,1,24.444444,2
13906,8,11,2,1,24.19,0.11,57.53,4.9,4.08,38.31,601.247,0,1,24.444444,2
13907,8,12,2,1,24.08,0.01,55.86,3.9,2.64,37.39,667.085,0,1,24.444444,2
13908,8,13,2,1,24.07,0.0,54.15,5.7,4.2,40.04,620.803,0,1,24.444444,2
13909,8,14,2,1,24.26,0.19,53.49,12.3,0.84,47.41,286.647,0,1,24.444444,2
13910,8,15,2,1,24.2,0.13,54.51,9.3,2.4,48.78,455.763,0,1,24.444444,2
13911,8,16,2,1,24.08,0.0,54.29,4.3,2.76,44.83,495.616,0,1,24.444444,2
13912,8,17,2,1,24.08,0.01,53.49,7.8,1.92,48.24,296.958,0,1,24.444444,2
13913,8,18,2,1,24.07,0.0,54.16,4.2,3.0,40.05,122.942,0,1,24.444444,2
13914,8,19,2,1,24.08,0.0,54.25,9.5,2.52,42.15,20.3605,0,1,24.444444,2
13915,8,20,2,1,24.07,0.0,54.79,7.7,2.04,35.15,0.0,0,1,24.444444,2
13916,8,21,2,1,24.07,0.0,55.61,10.0,1.56,36.89,0.0,0,1,24.444444,2
13917,8,22,2,1,24.07,0.0,56.44,9.6,3.84,34.12,0.0,0,1,24.444444,2
13918,8,23,2,1,24.07,0.0,58.12,5.1,0.72,25.85,0.0,0,1,24.444444,2
13919,8,24,2,1,24.07,0.0,60.4,4.9,0.6,24.84,0.0,0,1,24.444444,2
13920,8,1,3,1,24.07,0.0,61.84,6.2,0.6,25.92,0.0,0,1,24.444444,2
13921,8,2,3,1,24.07,0.0,63.87,3.2,0.48,19.91,0.0,0,1,24.444444,2
13922,8,3,3,1,24.07,0.0,66.11,3.9,0.6,20.61,0.0,0,1,24.444444,2
13923,8,4,3,1,24.07,0.0,67.77,3.7,0.48,19.72,0.0,0,1,24.444444,2
13924,8,5,3,1,24.07,0.0,69.21,4.3,1.44,20.91,0.0,0,1,24.444444,2
13925,8,6,3,1,24.07,0.0,70.02,3.9,1.68,23.03,0.0,0,1,24.444444,2
13926,8,7,3,1,24.08,0.01,68.56,6.6,14.64,35.31,47.0593,0,1,24.444444,2
13927,8,8,3,1,24.11,0.04,66.54,5.7,5.04,34.46,180.274,0,1,24.444444,2
13928,8,9,3,1,24.07,0.0,65.35,5.6,3.12,31.76,233.445,0,1,24.444444,2
13929,8,10,3,1,24.07,0.0,64.24,3.7,2.76,31.25,402.207,0,1,24.444444,2
13930,8,11,3,1,24.07,0.0,62.93,6.7,4.68,37.09,610.284,0,1,24.444444,2
13931,8,12,3,1,24.07,0.0,62.78,3.5,2.04,30.49,678.819,0,1,24.444444,2
13932,8,13,3,1,24.07,0.0,62.23,9.2,0.6,43.52,560.495,0,1,24.444444,2
13933,8,14,3,1,24.08,0.01,60.49,9.6,1.56,47.08,395.476,0,1,24.444444,2
13934,8,15,3,1,24.09,0.02,59.04,10.0,1.8,48.45,371.185,0,1,24.444444,2
13935,8,16,3,1,24.07,0.0,58.25,4.0,1.44,44.02,497.635,0,1,24.444444,2
13936,8,17,3,1,24.07,0.0,58.54,3.5,3.84,44.64,318.197,0,1,24.444444,2
13937,8,18,3,1,24.07,0.0,59.08,3.9,3.36,42.5,133.437,0,1,24.444444,2
13938,8,19,3,1,24.07,0.0,59.56,5.9,2.52,40.02,20.3688,0,1,24.444444,2
13939,8,20,3,1,24.07,0.0,60.39,7.2,3.84,37.89,0.0,0,1,24.444444,2
13940,8,21,3,1,24.07,0.0,60.69,8.3,2.64,37.3,0.0,0,1,24.444444,2
13941,8,22,3,1,24.07,0.0,60.74,7.3,1.44,33.18,0.0,0,1,24.444444,2
13942,8,23,3,1,24.07,0.0,61.22,5.2,0.96,27.95,0.0,0,1,24.444444,2
13943,8,24,3,1,24.07,0.0,62.21,3.7,0.0,23.75,0.0,0,1,24.444444,2
13944,8,1,4,1,24.07,0.0,63.47,3.2,0.48,21.71,0.0,0,1,24.444444,2
13945,8,2,4,1,24.07,0.0,65.23,3.3,0.48,21.15,0.0,0,1,24.444444,2
13946,8,3,4,1,24.07,0.0,67.58,3.3,0.12,20.86,0.0,0,1,24.444444,2
13947,8,4,4,1,24.07,0.0,69.84,3.4,0.6,20.98,0.0,0,1,24.444444,2
13948,8,5,4,1,24.07,0.0,71.23,3.6,0.36,20.82,0.0,0,1,24.444444,2
13949,8,6,4,1,24.07,0.0,71.64,3.8,3.48,23.49,0.0,0,1,24.444444,2
13950,8,7,4,1,24.14,0.06,68.63,10.9,15.36,42.59,46.2819,0,1,24.444444,2
13951,8,8,4,1,24.25,0.17,65.38,7.3,6.96,37.84,176.212,0,1,24.444444,2
13952,8,9,4,1,24.37,0.3,62.65,7.8,6.72,39.36,349.478,0,1,24.444444,2
13953,8,10,4,1,24.26,0.19,61.97,3.3,2.76,36.01,496.214,0,1,24.444444,2
13954,8,11,4,1,24.12,0.05,61.54,3.6,0.96,36.84,440.342,0,1,24.444444,2
13955,8,12,4,1,24.13,0.05,59.89,7.2,6.6,43.71,424.859,0,1,24.444444,2
13956,8,13,4,1,24.13,0.05,57.78,9.2,1.92,44.58,462.223,0,1,24.444444,2
13957,8,14,4,1,24.08,0.0,56.06,9.9,2.16,44.79,502.257,0,1,24.444444,2
13958,8,15,4,1,24.07,0.0,55.32,9.3,1.44,45.45,434.533,0,1,24.444444,2
13959,8,16,4,1,24.08,0.0,55.04,7.9,1.2,46.82,478.753,0,1,24.444444,2
13960,8,17,4,1,24.08,0.01,54.88,9.1,1.2,46.16,338.695,0,1,24.444444,2
13961,8,18,4,1,24.07,0.0,55.05,9.2,2.16,45.43,157.487,0,1,24.444444,2
13962,8,19,4,1,24.07,0.0,55.18,8.9,2.16,40.55,21.5516,0,1,24.444444,2
13963,8,20,4,1,24.08,0.01,55.45,13.3,3.84,41.7,0.0,0,1,24.444444,2
13964,8,21,4,1,24.08,0.0,55.95,13.8,1.8,40.37,0.0,0,1,24.444444,2
13965,8,22,4,1,24.07,0.0,57.99,10.4,1.32,34.24,0.0,0,1,24.444444,2
13966,8,23,4,1,24.07,0.0,61.66,5.8,0.6,27.4,0.0,0,1,24.444444,2
13967,8,24,4,1,24.07,0.0,64.75,4.7,0.48,25.73,0.0,0,1,24.444444,2
13968,8,1,5,1,24.07,0.0,64.82,9.6,0.72,33.47,0.0,0,1,24.444444,2
13969,8,2,5,1,24.07,0.0,63.94,9.8,1.32,31.73,0.0,0,1,24.444444,2
13970,8,3,5,1,24.07,0.0,64.06,9.9,0.0,30.59,0.0,0,1,24.444444,2
13971,8,4,5,1,24.07,0.0,63.58,12.6,4.32,34.23,0.0,0,1,24.444444,2
13972,8,5,5,1,24.07,0.0,65.58,3.8,0.96,18.81,0.0,0,1,24.444444,2
13973,8,6,5,1,24.07,0.0,68.43,3.9,1.08,22.66,0.0,0,1,24.444444,2
13974,8,7,5,1,24.1,0.03,67.1,9.0,14.76,38.91,45.6013,0,1,24.444444,2
13975,8,8,5,1,24.22,0.14,64.55,7.0,13.8,37.15,177.398,0,1,24.444444,2
13976,8,9,5,1,24.53,0.46,60.71,13.6,3.72,45.46,355.095,0,1,24.444444,2
13977,8,10,5,1,24.35,0.27,60.17,4.2,2.76,36.43,500.298,0,1,24.444444,2
13978,8,11,5,1,24.3,0.22,59.35,8.7,6.72,42.88,609.732,0,1,24.444444,2
13979,8,12,5,1,24.15,0.08,57.82,7.1,2.28,41.28,654.482,0,1,24.444444,2
13980,8,13,5,1,24.19,0.12,56.75,9.8,1.08,45.09,697.984,0,1,24.444444,2
13981,8,14,5,1,24.29,0.21,55.35,10.0,2.64,47.66,618.25,0,1,24.444444,2
13982,8,15,5,1,24.36,0.28,53.41,10.8,5.04,48.91,395.085,0,1,24.444444,2
13983,8,16,5,1,24.32,0.24,53.17,9.3,0.84,49.94,354.531,0,1,24.444444,2
13984,8,17,5,1,24.45,0.37,52.78,8.9,1.08,50.83,339.212,0,1,24.444444,2
13985,8,18,5,1,24.37,0.3,52.97,8.5,1.68,50.88,156.535,0,1,24.444444,2
13986,8,19,5,1,24.22,0.15,53.63,9.7,2.28,47.99,20.4709,0,1,24.444444,2
13987,8,20,5,1,24.13,0.05,54.43,8.4,2.88,42.11,0.0,0,1,24.444444,2
13988,8,21,5,1,24.1,0.03,55.31,9.4,1.44,40.92,0.0,0,1,24.444444,2
13989,8,22,5,1,24.09,0.02,56.77,10.5,0.96,40.59,0.0,0,1,24.444444,2
13990,8,23,5,1,24.08,0.01,58.33,10.1,0.84,38.33,0.0,0,1,24.444444,2
13991,8,24,5,1,24.07,0.0,59.32,9.8,1.92,35.97,0.0,0,1,24.444444,2
13992,8,1,6,1,24.07,0.0,60.8,5.7,0.48,27.67,0.0,0,1,24.444444,2
13993,8,2,6,1,24.07,0.0,63.54,3.4,0.48,22.81,0.0,0,1,24.444444,2
13994,8,3,6,1,24.07,0.0,66.31,3.5,0.0,22.93,0.0,0,1,24.444444,2
13995,8,4,6,1,24.07,0.0,68.17,3.5,0.6,22.53,0.0,0,1,24.444444,2
13996,8,5,6,1,24.07,0.0,69.47,3.4,0.6,21.57,0.0,0,1,24.444444,2
13997,8,6,6,1,24.07,0.0,70.41,3.3,6.84,23.19,0.0,0,1,24.444444,2
13998,8,7,6,1,24.09,0.02,68.51,8.0,16.8,38.53,45.7439,0,1,24.444444,2
13999,8,8,6,1,24.24,0.17,66.02,7.7,12.12,38.99,176.714,0,1,24.444444,2
14000,8,9,6,1,24.41,0.33,63.7,8.0,7.68,40.76,354.665,0,1,24.444444,2
14001,8,10,6,1,24.36,0.28,62.08,5.7,3.12,39.15,505.198,0,1,24.444444,2
14002,8,11,6,1,24.19,0.12,60.77,4.6,3.12,38.82,608.934,0,1,24.444444,2
14003,8,12,6,1,24.18,0.1,59.09,8.4,0.72,44.2,671.212,0,1,24.444444,2
14004,8,13,6,1,24.2,0.12,57.54,7.9,3.72,44.48,677.839,0,1,24.444444,2
14005,8,14,6,1,24.34,0.27,54.98,10.4,1.08,48.01,652.686,0,1,24.444444,2
14006,8,15,6,1,24.44,0.36,52.84,9.6,3.36,49.67,586.53,0,1,24.444444,2
14007,8,16,6,1,24.51,0.43,52.28,8.1,1.08,49.69,465.196,0,1,24.444444,2
14008,8,17,6,1,24.54,0.46,52.0,8.6,2.16,50.04,270.268,0,1,24.444444,2
14009,8,18,6,1,24.48,0.41,51.89,9.0,1.2,50.33,128.415,0,1,24.444444,2
14010,8,19,6,1,24.35,0.28,52.64,9.5,2.76,47.97,17.9393,0,1,24.444444,2
14011,8,20,6,1,24.27,0.19,54.37,9.0,1.44,45.37,0.0,0,1,24.444444,2
14012,8,21,6,1,24.26,0.19,55.86,10.9,1.44,46.11,0.0,0,1,24.444444,2
14013,8,22,6,1,24.19,0.12,57.43,10.2,0.96,44.2,0.0,0,1,24.444444,2
14014,8,23,6,1,24.09,0.02,59.75,5.7,0.72,36.63,0.0,0,1,24.444444,2
14015,8,24,6,1,24.07,0.0,61.89,4.9,0.96,33.25,0.0,0,1,24.444444,2
14016,8,1,7,1,24.07,0.0,63.69,4.8,0.6,31.32,0.0,0,1,24.444444,2
14017,8,2,7,1,24.07,0.0,65.12,3.7,0.48,26.95,0.0,0,1,24.444444,2
14018,8,3,7,1,24.07,0.0,66.39,4.9,0.0,26.83,0.0,0,1,24.444444,2
14019,8,4,7,1,24.07,0.0,67.5,3.9,0.24,24.11,0.0,0,1,24.444444,2
14020,8,5,7,1,24.07,0.0,69.2,3.3,4.2,22.61,0.0,0,1,24.444444,2
14021,8,6,7,1,24.07,0.0,70.3,3.5,2.16,24.68,0.0,0,1,24.444444,2
14022,8,7,7,1,24.08,0.0,69.41,3.7,5.28,32.66,45.7112,0,1,24.444444,2
14023,8,8,7,1,24.18,0.1,66.97,5.1,7.2,37.02,177.098,0,1,24.444444,2
14024,8,9,7,1,24.3,0.23,64.09,6.3,4.44,39.71,350.168,0,1,24.444444,2
14025,8,10,7,1,24.26,0.19,62.14,5.2,5.4,40.21,464.12,0,1,24.444444,2
14026,8,11,7,1,24.19,0.12,60.77,4.8,5.16,40.73,612.658,0,1,24.444444,2
14027,8,12,7,1,24.13,0.05,59.99,5.2,2.4,42.35,626.859,0,1,24.444444,2
14028,8,13,7,1,24.16,0.08,58.15,7.3,2.76,44.61,673.457,0,1,24.444444,2
14029,8,14,7,1,24.32,0.25,55.78,10.6,6.72,48.37,641.661,0,1,24.444444,2
14030,8,15,7,1,24.14,0.07,55.13,4.6,7.8,47.6,589.351,0,1,24.444444,2
14031,8,16,7,1,24.16,0.09,54.29,4.3,1.2,48.5,475.395,0,1,24.444444,2
14032,8,17,7,1,24.21,0.14,53.92,4.7,5.16,48.89,319.656,0,1,24.444444,2
14033,8,18,7,1,24.12,0.04,54.62,4.2,3.84,47.06,131.036,0,1,24.444444,2
14034,8,19,7,1,24.1,0.03,55.15,5.9,3.0,43.8,16.995,0,1,24.444444,2
14035,8,20,7,1,24.08,0.01,56.34,5.2,1.68,39.64,0.0,0,1,24.444444,2
14036,8,21,7,1,24.08,0.01,57.51,7.1,0.96,41.06,0.0,0,1,24.444444,2
14037,8,22,7,1,24.08,0.01,59.21,8.7,1.2,41.35,0.0,0,1,24.444444,2
14038,8,23,7,1,24.07,0.0,59.66,4.8,3.24,30.01,0.0,0,1,24.444444,2
14039,8,24,7,1,24.07,0.0,59.56,3.3,1.8,24.14,0.0,0,1,24.444444,2
14040,8,1,1,1,24.07,0.0,60.46,3.2,2.4,22.78,0.0,0,1,24.444444,2
14041,8,2,1,1,24.07,0.0,62.68,3.6,1.56,23.45,0.0,0,1,24.444444,2
14042,8,3,1,1,24.07,0.0,65.56,3.9,0.48,24.54,0.0,0,1,24.444444,2
14043,8,4,1,1,24.07,0.0,67.82,3.8,0.24,24.31,0.0,0,1,24.444444,2
14044,8,5,1,1,24.07,0.0,69.18,3.9,0.24,24.02,0.0,0,1,24.444444,2
14045,8,6,1,1,24.07,0.0,70.07,3.9,0.96,25.37,0.0,0,1,24.444444,2
14046,8,7,1,1,24.07,0.0,69.14,4.0,2.52,32.8,46.4816,0,1,24.444444,2
14047,8,8,1,1,24.11,0.03,67.06,4.9,2.88,36.34,174.431,0,1,24.444444,2
14048,8,9,1,1,24.07,0.0,65.61,3.7,5.88,34.75,287.073,0,1,24.444444,2
14049,8,10,1,1,24.07,0.0,64.19,4.1,12.0,37.01,347.544,0,1,24.444444,2
14050,8,11,1,1,24.1,0.03,62.05,8.0,8.28,44.5,487.721,0,1,24.444444,2
14051,8,12,1,1,24.08,0.0,61.11,4.1,2.88,40.82,653.27,0,1,24.444444,2
14052,8,13,1,1,24.09,0.02,60.49,4.0,2.88,44.17,611.883,0,1,24.444444,2
14053,8,14,1,1,24.28,0.21,58.57,8.7,3.48,49.88,550.356,0,1,24.444444,2
14054,8,15,1,1,24.16,0.09,58.0,3.9,1.92,49.08,580.435,0,1,24.444444,2
14055,8,16,1,1,24.29,0.22,57.05,4.2,10.8,49.62,479.238,0,1,24.444444,2
14056,8,17,1,1,24.47,0.39,56.67,5.5,2.16,50.4,316.775,0,1,24.444444,2
14057,8,18,1,1,24.68,0.61,56.34,10.1,4.92,52.0,143.814,0,1,24.444444,2
14058,8,19,1,1,24.28,0.2,57.85,6.5,2.28,48.45,19.353,0,1,24.444444,2
14059,8,20,1,1,24.2,0.12,57.78,9.0,0.84,46.28,0.0,0,1,24.444444,2
14060,8,21,1,1,24.14,0.07,58.19,6.6,0.96,42.85,0.0,0,1,24.444444,2
14061,8,22,1,1,24.1,0.02,60.08,4.7,1.2,38.96,0.0,0,1,24.444444,2
14062,8,23,1,1,24.08,0.01,61.15,5.8,2.52,37.97,0.0,0,1,24.444444,2
14063,8,24,1,1,24.07,0.0,60.87,5.0,0.48,33.2,0.0,0,1,24.444444,2
14064,8,1,2,1,24.07,0.0,63.25,3.9,2.4,30.43,0.0,0,1,24.444444,2
14065,8,2,2,1,24.07,0.0,66.03,4.8,0.24,30.95,0.0,0,1,24.444444,2
14066,8,3,2,1,24.07,0.0,67.85,3.4,0.36,26.6,0.0,0,1,24.444444,2
14067,8,4,2,1,24.07,0.0,69.7,3.1,0.0,24.51,0.0,0,1,24.444444,2
14068,8,5,2,1,24.07,0.0,70.61,4.8,0.96,26.77,0.0,0,1,24.444444,2
14069,8,6,2,1,24.07,0.0,71.01,4.1,3.12,27.13,0.0,0,1,24.444444,2
14070,8,7,2,1,24.1,0.02,69.88,4.6,25.08,36.22,44.7013,0,1,24.444444,2
14071,8,8,2,1,24.29,0.21,67.78,4.7,9.72,37.93,172.501,0,1,24.444444,2
14072,8,9,2,1,24.44,0.36,65.81,4.7,6.84,39.24,349.36,0,1,24.444444,2
14073,8,10,2,1,24.46,0.39,64.69,5.1,4.44,41.89,500.259,0,1,24.444444,2
14074,8,11,2,1,24.38,0.3,63.73,4.5,5.28,43.35,614.219,0,1,24.444444,2
14075,8,12,2,1,24.28,0.2,61.9,4.3,3.12,43.8,664.345,0,1,24.444444,2
14076,8,13,2,1,24.32,0.25,58.49,6.5,1.8,45.28,665.102,0,1,24.444444,2
14077,8,14,2,1,24.56,0.49,54.86,11.1,1.08,49.64,656.332,0,1,24.444444,2
14078,8,15,2,1,24.75,0.67,52.53,9.5,0.72,50.0,599.901,0,1,24.444444,2
14079,8,16,2,1,24.6,0.52,52.22,4.7,0.84,49.5,461.17,0,1,24.444444,2
14080,8,17,2,1,24.5,0.42,52.86,5.3,2.64,50.15,264.139,0,1,24.444444,2
14081,8,18,2,1,24.38,0.31,55.7,4.3,1.08,50.66,144.267,0,1,24.444444,2
14082,8,19,2,1,24.38,0.31,57.07,9.3,5.04,50.2,17.8497,0,1,24.444444,2
14083,8,20,2,1,24.28,0.21,57.89,8.4,2.64,46.55,0.0,0,1,24.444444,2
14084,8,21,2,1,24.25,0.18,58.09,9.8,2.4,46.32,0.0,0,1,24.444444,2
14085,8,22,2,1,24.18,0.1,58.5,9.3,0.84,43.73,0.0,0,1,24.444444,2
14086,8,23,2,1,24.09,0.02,59.88,5.3,0.84,36.08,0.0,0,1,24.444444,2
14087,8,24,2,1,24.07,0.0,61.53,5.5,1.08,34.63,0.0,0,1,24.444444,2
14088,8,1,3,1,24.07,0.0,62.78,3.9,0.24,30.05,0.0,0,1,24.444444,2
14089,8,2,3,1,24.07,0.0,64.34,3.5,0.36,27.4,0.0,0,1,24.444444,2
14090,8,3,3,1,24.07,0.0,65.25,3.5,0.12,25.79,0.0,0,1,24.444444,2
14091,8,4,3,1,24.07,0.0,66.43,3.7,0.0,24.59,0.0,0,1,24.444444,2
14092,8,5,3,1,24.07,0.0,67.92,3.5,1.2,22.9,0.0,0,1,24.444444,2
14093,8,6,3,1,24.07,0.0,68.8,4.0,2.4,26.03,0.0,0,1,24.444444,2
14094,8,7,3,1,24.08,0.0,67.78,5.1,18.48,35.56,44.27,0,1,24.444444,2
14095,8,8,3,1,24.09,0.02,66.45,4.0,6.48,35.64,169.928,0,1,24.444444,2
14096,8,9,3,1,24.21,0.14,64.7,5.7,3.48,39.51,339.393,0,1,24.444444,2
14097,8,10,3,1,24.2,0.13,63.85,3.6,1.8,39.76,457.79,0,1,24.444444,2
14098,8,11,3,1,24.16,0.08,62.94,3.9,0.84,41.67,535.216,0,1,24.444444,2
14099,8,12,3,1,24.11,0.04,61.02,4.0,1.32,42.52,591.8,0,1,24.444444,2
14100,8,13,3,1,24.33,0.26,57.84,10.1,2.64,48.51,633.546,0,1,24.444444,2
14101,8,14,3,1,24.41,0.34,56.59,10.1,4.08,50.19,606.634,0,1,24.444444,2
14102,8,15,3,1,24.35,0.27,54.22,8.9,3.36,50.9,541.962,0,1,24.444444,2
14103,8,16,3,1,24.14,0.06,52.8,3.4,1.8,46.71,384.948,0,1,24.444444,2
14104,8,17,3,1,24.09,0.01,51.34,3.9,3.12,46.29,296.022,0,1,24.444444,2
14105,8,18,3,1,24.08,0.0,50.7,3.4,3.48,41.17,124.056,0,1,24.444444,2
14106,8,19,3,1,24.07,0.0,51.18,5.3,1.8,37.39,14.2283,0,1,24.444444,2
14107,8,20,3,1,24.07,0.0,52.27,8.1,2.04,38.57,0.0,0,1,24.444444,2
14108,8,21,3,1,24.07,0.0,53.33,7.9,2.04,37.5,0.0,0,1,24.444444,2
14109,8,22,3,1,24.07,0.0,54.68,7.9,4.08,36.03,0.0,0,1,24.444444,2
14110,8,23,3,1,24.07,0.0,56.78,4.8,0.6,30.13,0.0,0,1,24.444444,2
14111,8,24,3,1,24.07,0.0,58.22,3.6,0.36,26.94,0.0,0,1,24.444444,2
14112,8,1,4,1,24.07,0.0,59.93,3.3,0.36,24.87,0.0,0,1,24.444444,2
14113,8,2,4,1,24.07,0.0,62.5,2.8,0.36,22.1,0.0,0,1,24.444444,2
14114,8,3,4,1,24.07,0.0,64.85,3.4,0.0,21.64,0.0,0,1,24.444444,2
14115,8,4,4,1,24.07,0.0,66.56,3.2,0.72,20.18,0.0,0,1,24.444444,2
14116,8,5,4,1,24.07,0.0,67.59,3.6,0.96,20.35,0.0,0,1,24.444444,2
14117,8,6,4,1,24.07,0.0,68.11,3.5,5.04,21.41,0.0,0,1,24.444444,2
14118,8,7,4,1,24.1,0.03,65.96,11.1,12.36,41.9,47.9841,0,1,24.444444,2
14119,8,8,4,1,24.1,0.02,63.69,7.6,2.64,37.82,164.508,0,1,24.444444,2
14120,8,9,4,1,24.19,0.12,61.48,7.5,4.8,38.95,335.234,0,1,24.444444,2
14121,8,10,4,1,24.14,0.07,61.4,3.6,5.16,36.48,462.522,0,1,24.444444,2
14122,8,11,4,1,24.1,0.02,61.32,4.2,1.68,38.73,601.41,0,1,24.444444,2
14123,8,12,4,1,24.09,0.02,59.7,7.1,4.68,42.97,652.476,0,1,24.444444,2
14124,8,13,4,1,24.17,0.09,57.48,8.9,4.56,45.58,681.898,0,1,24.444444,2
14125,8,14,4,1,24.32,0.25,55.5,9.7,0.84,48.72,655.154,0,1,24.444444,2
14126,8,15,4,1,24.41,0.33,54.04,9.0,1.44,50.08,530.259,0,1,24.444444,2
14127,8,16,4,1,24.31,0.24,53.41,7.6,0.84,49.54,331.37,0,1,24.444444,2
14128,8,17,4,1,24.32,0.25,52.85,9.1,2.04,50.08,254.09,0,1,24.444444,2
14129,8,18,4,1,24.25,0.17,53.38,9.4,3.84,45.47,35.5028,0,1,24.444444,2
14130,8,19,4,1,24.17,0.09,54.4,10.5,2.76,43.76,1.9751,0,1,24.444444,2
14131,8,20,4,1,24.12,0.04,55.47,9.2,1.2,40.78,0.0,0,1,24.444444,2
14132,8,21,4,1,24.12,0.04,56.32,11.4,1.8,42.14,0.0,0,1,24.444444,2
14133,8,22,4,1,24.09,0.01,57.22,9.7,3.96,37.75,0.0,0,1,24.444444,2
14134,8,23,4,1,24.07,0.0,58.68,7.3,0.84,32.24,0.0,0,1,24.444444,2
14135,8,24,4,1,24.07,0.0,60.68,4.7,0.96,26.8,0.0,0,1,24.444444,2
14136,8,1,5,1,24.07,0.0,61.16,9.8,0.48,33.53,0.0,0,1,24.444444,2
14137,8,2,5,1,24.07,0.0,60.12,11.0,2.64,34.21,0.0,0,1,24.444444,2
14138,8,3,5,1,24.07,0.0,60.53,3.5,0.48,21.51,0.0,0,1,24.444444,2
14139,8,4,5,1,24.07,0.0,60.36,9.5,0.0,30.11,0.0,0,1,24.444444,2
14140,8,5,5,1,24.07,0.0,60.9,4.4,3.72,20.42,0.0,0,1,24.444444,2
14141,8,6,5,1,24.07,0.0,61.22,10.8,1.92,33.27,0.0,0,1,24.444444,2
14142,8,7,5,1,24.09,0.01,60.01,7.9,23.64,35.32,43.6069,0,1,24.444444,2
14143,8,8,5,1,24.23,0.15,58.48,8.0,5.52,36.94,176.384,0,1,24.444444,2
14144,8,9,5,1,24.38,0.3,57.46,7.3,4.44,37.44,350.686,0,1,24.444444,2
14145,8,10,5,1,24.37,0.3,58.02,5.8,5.28,38.22,507.476,0,1,24.444444,2
14146,8,11,5,1,24.34,0.27,58.6,8.8,5.4,43.65,615.509,0,1,24.444444,2
14147,8,12,5,1,24.28,0.21,58.51,8.3,0.36,44.59,677.443,0,1,24.444444,2
14148,8,13,5,1,24.33,0.25,57.16,8.9,2.64,45.74,678.723,0,1,24.444444,2
14149,8,14,5,1,24.4,0.32,54.33,9.6,2.16,48.24,662.511,0,1,24.444444,2
14150,8,15,5,1,24.47,0.39,51.92,9.2,2.4,49.9,595.173,0,1,24.444444,2
14151,8,16,5,1,24.54,0.47,50.13,8.1,1.44,49.6,479.034,0,1,24.444444,2
14152,8,17,5,1,24.62,0.55,48.77,9.2,0.72,49.85,329.001,0,1,24.444444,2
14153,8,18,5,1,24.45,0.38,49.5,9.3,2.88,49.93,115.819,0,1,24.444444,2
14154,8,19,5,1,24.26,0.19,49.62,10.2,0.96,46.63,11.7275,0,1,24.444444,2
14155,8,20,5,1,24.19,0.11,51.08,9.5,1.8,43.35,0.0,0,1,24.444444,2
14156,8,21,5,1,24.13,0.06,53.42,8.5,3.0,41.48,0.0,0,1,24.444444,2
14157,8,22,5,1,24.12,0.05,55.48,10.0,1.2,41.99,0.0,0,1,24.444444,2
14158,8,23,5,1,24.11,0.04,56.3,11.0,1.32,41.17,0.0,0,1,24.444444,2
14159,8,24,5,1,24.11,0.03,56.59,12.8,0.12,41.36,0.0,0,1,24.444444,2
14160,8,1,6,1,24.07,0.0,58.9,4.2,0.72,27.3,0.0,0,1,24.444444,2
14161,8,2,6,1,24.07,0.0,62.1,4.6,0.36,27.09,0.0,0,1,24.444444,2
14162,8,3,6,1,24.07,0.0,63.95,4.4,0.48,25.7,0.0,0,1,24.444444,2
14163,8,4,6,1,24.07,0.0,65.61,3.3,0.48,23.14,0.0,0,1,24.444444,2
14164,8,5,6,1,24.07,0.0,67.19,3.2,0.96,22.68,0.0,0,1,24.444444,2
14165,8,6,6,1,24.07,0.0,67.67,4.6,7.08,27.06,0.0,0,1,24.444444,2
14166,8,7,6,1,24.14,0.06,65.69,8.9,11.76,40.88,43.5654,0,1,24.444444,2
14167,8,8,6,1,24.28,0.21,63.42,5.9,6.48,37.36,177.112,0,1,24.444444,2
14168,8,9,6,1,24.45,0.37,60.44,8.4,6.24,40.56,354.442,0,1,24.444444,2
14169,8,10,6,1,24.4,0.32,58.77,4.6,2.4,37.83,507.827,0,1,24.444444,2
14170,8,11,6,1,24.24,0.16,58.05,3.6,1.68,38.29,621.825,0,1,24.444444,2
14171,8,12,6,1,24.17,0.1,55.15,7.5,1.32,42.44,673.927,0,1,24.444444,2
14172,8,13,6,1,24.17,0.1,52.24,7.5,2.76,42.67,698.347,0,1,24.444444,2
14173,8,14,6,1,24.21,0.13,49.51,10.1,1.92,45.83,617.315,0,1,24.444444,2
14174,8,15,6,1,24.19,0.11,47.06,9.8,3.0,48.07,600.013,0,1,24.444444,2
14175,8,16,6,1,24.19,0.11,46.22,8.3,2.76,48.18,502.089,0,1,24.444444,2
14176,8,17,6,1,24.3,0.23,46.64,9.5,0.96,49.19,337.478,0,1,24.444444,2
14177,8,18,6,1,24.24,0.16,47.36,9.0,0.84,48.58,148.586,0,1,24.444444,2
14178,8,19,6,1,24.12,0.04,48.09,10.6,2.64,44.45,15.8183,0,1,24.444444,2
14179,8,20,6,1,24.09,0.02,48.89,9.4,1.32,39.09,0.0,0,1,24.444444,2
14180,8,21,6,1,24.08,0.0,49.71,9.8,1.56,37.55,0.0,0,1,24.444444,2
14181,8,22,6,1,24.07,0.0,50.71,8.5,2.4,33.78,0.0,0,1,24.444444,2
14182,8,23,6,1,24.07,0.0,52.02,4.9,1.2,26.86,0.0,0,1,24.444444,2
14183,8,24,6,1,24.07,0.0,53.06,8.1,0.84,28.7,0.0,0,1,24.444444,2
14184,8,1,7,1,24.07,0.0,54.95,3.3,2.16,19.92,0.0,0,1,24.444444,2
14185,8,2,7,1,24.07,0.0,57.03,4.6,0.6,21.92,0.0,0,1,24.444444,2
14186,8,3,7,1,24.07,0.0,58.24,3.6,0.24,18.92,0.0,0,1,24.444444,2
14187,8,4,7,1,24.07,0.0,59.69,3.4,0.24,17.27,0.0,0,1,24.444444,2
14188,8,5,7,1,24.07,0.0,61.72,3.4,3.24,17.5,0.0,0,1,24.444444,2
14189,8,6,7,1,24.07,0.0,64.69,3.5,0.96,21.09,0.0,0,1,24.444444,2
14190,8,7,7,1,24.08,0.0,64.54,5.6,10.44,32.93,43.9174,0,1,24.444444,2
14191,8,8,7,1,24.15,0.07,62.26,4.7,5.4,34.15,178.746,0,1,24.444444,2
14192,8,9,7,1,24.2,0.13,59.72,3.8,1.56,33.99,362.077,0,1,24.444444,2
14193,8,10,7,1,24.2,0.12,57.36,5.2,1.8,36.62,513.471,0,1,24.444444,2
14194,8,11,7,1,24.1,0.02,55.46,4.3,2.16,35.97,602.919,0,1,24.444444,2
14195,8,12,7,1,24.07,0.0,54.39,4.8,2.28,36.71,696.666,0,1,24.444444,2
14196,8,13,7,1,24.08,0.01,53.71,6.5,1.8,42.03,669.229,0,1,24.444444,2
14197,8,14,7,1,24.17,0.1,52.97,10.6,3.84,47.88,631.181,0,1,24.444444,2
14198,8,15,7,1,24.08,0.0,53.58,4.3,3.36,44.54,610.042,0,1,24.444444,2
14199,8,16,7,1,24.09,0.01,53.4,4.4,2.4,46.21,496.895,0,1,24.444444,2
14200,8,17,7,1,24.09,0.02,53.05,4.6,2.28,45.43,334.401,0,1,24.444444,2
14201,8,18,7,1,24.08,0.01,52.98,8.3,3.0,47.07,147.998,0,1,24.444444,2
14202,8,19,7,1,24.07,0.0,53.91,6.2,1.56,37.3,15.1448,0,1,24.444444,2
14203,8,20,7,1,24.07,0.0,55.27,4.5,2.76,31.52,0.0,0,1,24.444444,2
14204,8,21,7,1,24.07,0.0,56.06,6.5,1.92,32.72,0.0,0,1,24.444444,2
14205,8,22,7,1,24.07,0.0,56.07,11.3,1.56,38.13,0.0,0,1,24.444444,2
14206,8,23,7,1,24.07,0.0,57.57,5.7,1.08,28.21,0.0,0,1,24.444444,2
14207,8,24,7,1,24.07,0.0,60.01,4.6,0.96,25.37,0.0,0,1,24.444444,2
14208,8,1,1,1,24.07,0.0,61.98,3.7,0.6,22.78,0.0,0,1,24.444444,2
14209,8,2,1,1,24.07,0.0,63.68,3.3,0.48,20.19,0.0,0,1,24.444444,2
14210,8,3,1,1,24.07,0.0,65.18,3.4,0.36,19.35,0.0,0,1,24.444444,2
14211,8,4,1,1,24.07,0.0,66.31,3.7,0.24,19.78,0.0,0,1,24.444444,2
14212,8,5,1,1,24.07,0.0,67.32,3.8,0.6,19.22,0.0,0,1,24.444444,2
14213,8,6,1,1,24.07,0.0,68.5,3.8,2.16,19.6,0.0,0,1,24.444444,2
14214,8,7,1,1,24.07,0.0,68.59,3.7,1.32,21.97,42.3204,0,1,24.444444,2
14215,8,8,1,1,24.07,0.0,67.41,3.9,2.04,25.51,156.798,0,1,24.444444,2
14216,8,9,1,1,24.07,0.0,65.27,5.0,5.16,30.08,264.04,0,1,24.444444,2
14217,8,10,1,1,24.07,0.0,63.27,4.0,6.6,31.12,333.745,0,1,24.444444,2
14218,8,11,1,1,24.07,0.0,61.0,8.8,7.8,40.67,408.458,0,1,24.444444,2
14219,8,12,1,1,24.07,0.0,59.61,5.3,1.44,30.87,455.713,0,1,24.444444,2
14220,8,13,1,1,24.07,0.0,59.44,4.4,4.08,28.12,215.942,0,1,24.444444,2
14221,8,14,1,1,24.07,0.0,58.51,9.4,3.0,33.75,251.715,0,1,24.444444,2
14222,8,15,1,1,24.07,0.0,58.77,4.2,4.8,20.65,163.806,0,1,24.444444,2
14223,8,16,1,1,24.07,0.0,59.75,4.5,5.76,21.12,127.607,0,1,24.444444,2
14224,8,17,1,1,24.07,0.0,61.51,4.3,3.96,21.76,89.5008,0,1,24.444444,2
14225,8,18,1,1,24.07,0.0,61.41,12.4,3.36,36.07,78.0726,0,1,24.444444,2
14226,8,19,1,1,24.07,0.0,61.17,6.8,1.44,23.74,7.94512,0,1,24.444444,2
14227,8,20,1,1,24.07,0.0,62.35,9.4,2.4,27.28,0.0,0,1,24.444444,2
14228,8,21,1,1,24.07,0.0,63.38,7.2,1.32,23.72,0.0,0,1,24.444444,2
14229,8,22,1,1,24.07,0.0,65.18,4.6,1.68,18.28,0.0,0,1,24.444444,2
14230,8,23,1,1,24.07,0.0,66.34,6.4,1.56,20.96,0.0,0,1,24.444444,2
14231,8,24,1,1,24.07,0.0,67.59,4.7,0.48,18.0,0.0,0,1,24.444444,2
14232,8,1,2,1,24.07,0.0,68.83,5.0,4.32,18.73,0.0,0,1,24.444444,2
14233,8,2,2,1,24.05,0.0,70.44,3.4,0.48,15.61,0.0,0,1,24.444444,2
14234,8,3,2,1,24.04,0.0,72.14,3.7,0.0,14.6,0.0,0,1,24.444444,2
14235,8,4,2,1,24.01,0.0,73.08,3.3,0.48,12.88,0.0,0,1,24.444444,2
14236,8,5,2,1,24.02,0.0,73.28,5.0,0.6,15.38,0.0,0,1,24.444444,2
14237,8,6,2,1,24.01,0.0,73.44,4.0,5.64,13.61,0.0,0,1,24.444444,2
14238,8,7,2,1,24.01,0.0,73.43,4.0,15.0,14.92,36.3933,0,1,24.444444,2
14239,8,8,2,1,24.02,0.0,72.56,4.5,4.44,17.93,106.427,0,1,24.444444,2
14240,8,9,2,1,24.04,0.0,70.2,7.0,11.4,25.58,201.258,0,1,24.444444,2
14241,8,10,2,1,24.06,0.0,67.19,6.5,4.08,29.5,409.177,0,1,24.444444,2
14242,8,11,2,1,24.07,0.0,65.18,4.6,4.08,29.38,532.711,0,1,24.444444,2
14243,8,12,2,1,24.07,0.0,64.34,4.7,3.24,31.9,585.628,0,1,24.444444,2
14244,8,13,2,1,24.07,0.0,62.24,6.4,1.2,37.05,667.683,0,1,24.444444,2
14245,8,14,2,1,24.08,0.01,59.76,10.3,1.44,47.48,632.437,0,1,24.444444,2
14246,8,15,2,1,24.08,0.01,57.93,9.7,1.44,48.7,541.161,0,1,24.444444,2
14247,8,16,2,1,24.07,0.0,57.58,7.6,1.2,44.84,378.688,0,1,24.444444,2
14248,8,17,2,1,24.07,0.0,58.33,4.3,1.56,39.05,244.564,0,1,24.444444,2
14249,8,18,2,1,24.07,0.0,59.04,4.9,2.28,39.76,128.773,0,1,24.444444,2
14250,8,19,2,1,24.07,0.0,58.84,9.4,1.56,40.84,10.8543,0,1,24.444444,2
14251,8,20,2,1,24.07,0.0,59.21,7.9,3.24,35.71,0.0,0,1,24.444444,2
14252,8,21,2,1,24.07,0.0,59.77,9.7,1.44,37.25,0.0,0,1,24.444444,2
14253,8,22,2,1,24.07,0.0,60.52,9.0,5.16,34.1,0.0,0,1,24.444444,2
14254,8,23,2,1,24.07,0.0,61.7,5.4,0.72,26.02,0.0,0,1,24.444444,2
14255,8,24,2,1,24.07,0.0,63.0,6.4,0.12,26.47,0.0,0,1,24.444444,2
14256,8,1,3,1,24.07,0.0,64.95,3.7,0.48,20.91,0.0,0,1,24.444444,2
14257,8,2,3,1,24.07,0.0,67.58,3.6,0.24,20.46,0.0,0,1,24.444444,2
14258,8,3,3,1,24.07,0.0,70.16,3.4,0.36,19.98,0.0,0,1,24.444444,2
14259,8,4,3,1,24.07,0.0,71.74,3.7,0.24,20.11,0.0,0,1,24.444444,2
14260,8,5,3,1,24.06,0.0,72.53,3.5,0.48,19.37,0.0,0,1,24.444444,2
14261,8,6,3,1,24.07,0.0,71.65,7.1,2.4,26.38,0.0,0,1,24.444444,2
14262,8,7,3,1,24.07,0.0,70.17,6.6,12.12,25.93,21.0663,0,1,24.444444,2
14263,8,8,3,1,24.07,0.0,69.62,4.4,6.48,25.86,110.967,0,1,24.444444,2
14264,8,9,3,1,24.11,0.04,67.46,5.4,4.2,35.56,345.475,0,1,24.444444,2
14265,8,10,3,1,24.12,0.04,64.33,4.2,5.64,35.87,499.568,0,1,24.444444,2
14266,8,11,3,1,24.09,0.02,62.4,7.2,2.52,42.47,532.384,0,1,24.444444,2
14267,8,12,3,1,24.07,0.0,60.68,3.6,0.48,36.69,512.294,0,1,24.444444,2
14268,8,13,3,1,24.07,0.0,59.64,9.0,1.68,38.53,279.729,0,1,24.444444,2
14269,8,14,3,1,24.07,0.0,58.75,12.7,2.16,41.16,134.322,0,1,24.444444,2
14270,8,15,3,1,24.07,0.0,57.86,10.1,1.32,37.7,211.912,0,1,24.444444,2
14271,8,16,3,1,24.07,0.0,58.41,3.8,3.24,26.14,135.575,0,1,24.444444,2
14272,8,17,3,1,24.07,0.0,59.35,8.9,1.08,32.85,74.0667,0,1,24.444444,2
14273,8,18,3,1,24.07,0.0,60.34,4.1,6.0,24.64,37.064,0,1,24.444444,2
14274,8,19,3,1,24.07,0.0,62.0,6.2,1.68,26.41,1.30069,0,1,24.444444,2
14275,8,20,3,1,24.07,0.0,63.32,7.5,1.8,27.01,0.0,0,1,24.444444,2
14276,8,21,3,1,24.07,0.0,64.06,7.7,1.68,26.32,0.0,0,1,24.444444,2
14277,8,22,3,1,24.07,0.0,64.97,7.6,1.92,24.76,0.0,0,1,24.444444,2
14278,8,23,3,1,24.07,0.0,66.19,5.6,1.08,20.31,0.0,0,1,24.444444,2
14279,8,24,3,1,24.06,0.0,68.26,3.4,0.24,16.2,0.0,0,1,24.444444,2
14280,8,1,4,1,24.05,0.0,70.68,3.2,0.72,15.74,0.0,0,1,24.444444,2
14281,8,2,4,1,24.05,0.0,72.2,4.5,0.6,17.93,0.0,0,1,24.444444,2
14282,8,3,4,1,24.05,0.0,73.77,3.4,0.48,16.11,0.0,0,1,24.444444,2
14283,8,4,4,1,24.04,0.0,75.48,3.0,0.36,15.65,0.0,0,1,24.444444,2
14284,8,5,4,1,24.03,0.0,76.76,3.4,1.32,16.61,0.0,0,1,24.444444,2
14285,8,6,4,1,24.03,0.0,77.33,3.2,4.08,17.35,0.0,0,1,24.444444,2
14286,8,7,4,1,24.06,0.0,75.0,8.1,7.2,30.9,42.9002,0,1,24.444444,2
14287,8,8,4,1,24.07,0.0,71.86,8.4,1.68,32.12,116.16,0,1,24.444444,2
14288,8,9,4,1,24.07,0.0,69.82,7.3,2.4,30.1,154.464,0,1,24.444444,2
14289,8,10,4,1,24.07,0.0,69.61,4.6,3.12,24.12,93.0319,0,1,24.444444,2
14290,8,11,4,1,24.07,0.0,70.26,3.6,1.08,20.96,105.075,0,1,24.444444,2
14291,8,12,4,1,24.07,0.0,69.6,7.0,0.6,24.21,84.5633,0,1,24.444444,2
14292,8,13,4,1,24.07,0.0,67.36,8.7,1.92,25.33,110.768,0,1,24.444444,2
14293,8,14,4,1,24.07,0.0,65.05,10.0,0.84,29.82,260.802,0,1,24.444444,2
14294,8,15,4,1,24.07,0.0,61.97,9.7,2.28,31.91,301.656,0,1,24.444444,2
14295,8,16,4,1,24.07,0.0,59.9,7.6,1.68,30.34,316.51,0,1,24.444444,2
14296,8,17,4,1,24.07,0.0,59.42,9.2,1.2,31.95,255.692,0,1,24.444444,2
14297,8,18,4,1,24.07,0.0,59.57,9.2,1.8,31.13,87.5588,0,1,24.444444,2
14298,8,19,4,1,24.07,0.0,59.55,9.8,2.76,29.95,4.73084,0,1,24.444444,2
14299,8,20,4,1,24.07,0.0,59.95,8.9,4.44,26.75,0.0,0,1,24.444444,2
14300,8,21,4,1,24.07,0.0,60.89,8.1,0.96,25.03,0.0,0,1,24.444444,2
14301,8,22,4,1,24.07,0.0,61.35,11.2,1.92,29.26,0.0,0,1,24.444444,2
14302,8,23,4,1,24.07,0.0,63.35,5.5,0.72,19.3,0.0,0,1,24.444444,2
14303,8,24,4,1,24.07,0.0,66.62,4.3,1.2,17.43,0.0,0,1,24.444444,2
14304,8,1,5,1,24.07,0.0,66.67,11.1,0.36,29.48,0.0,0,1,24.444444,2
14305,8,2,5,1,24.07,0.0,65.82,9.3,1.92,25.43,0.0,0,1,24.444444,2
14306,8,3,5,1,24.06,0.0,68.82,3.5,0.24,15.75,0.0,0,1,24.444444,2
14307,8,4,5,1,24.05,0.0,72.24,3.5,0.72,16.86,0.0,0,1,24.444444,2
14308,8,5,5,1,24.05,0.0,74.38,3.3,1.08,17.04,0.0,0,1,24.444444,2
14309,8,6,5,1,24.07,0.0,70.89,14.1,6.48,37.9,0.0,0,1,24.444444,2
14310,8,7,5,1,24.07,0.0,68.74,8.4,15.24,26.99,34.3535,0,1,24.444444,2
14311,8,8,5,1,24.07,0.0,68.05,8.4,13.8,30.65,140.524,0,1,24.444444,2
14312,8,9,5,1,24.07,0.0,66.83,7.7,14.04,33.8,236.023,0,1,24.444444,2
14313,8,10,5,1,24.07,0.0,66.16,5.9,6.12,29.77,309.359,0,1,24.444444,2
14314,8,11,5,1,24.07,0.0,64.78,8.6,4.68,31.76,232.398,0,1,24.444444,2
14315,8,12,5,1,24.07,0.0,62.78,7.7,4.92,31.35,427.847,0,1,24.444444,2
14316,8,13,5,1,24.07,0.0,61.12,9.2,1.56,37.35,666.387,0,1,24.444444,2
14317,8,14,5,1,24.07,0.0,59.32,10.1,0.96,42.52,527.915,0,1,24.444444,2
14318,8,15,5,1,24.07,0.0,57.94,9.2,0.84,43.43,535.509,0,1,24.444444,2
14319,8,16,5,1,24.08,0.01,57.08,7.9,2.64,45.11,474.134,0,1,24.444444,2
14320,8,17,5,1,24.08,0.0,56.35,9.7,0.48,44.88,305.814,0,1,24.444444,2
14321,8,18,5,1,24.07,0.0,55.89,9.2,2.4,42.24,130.615,0,1,24.444444,2
14322,8,19,5,1,24.07,0.0,55.99,9.8,3.36,38.91,7.04726,0,1,24.444444,2
14323,8,20,5,1,24.07,0.0,56.79,9.7,1.44,35.87,0.0,0,1,24.444444,2
14324,8,21,5,1,24.07,0.0,57.79,9.8,1.2,34.8,0.0,0,1,24.444444,2
14325,8,22,5,1,24.07,0.0,58.99,9.2,1.68,32.16,0.0,0,1,24.444444,2
14326,8,23,5,1,24.07,0.0,59.98,11.9,1.32,34.45,0.0,0,1,24.444444,2
14327,8,24,5,1,24.07,0.0,60.33,11.4,1.08,32.66,0.0,0,1,24.444444,2
14328,8,1,6,1,24.07,0.0,63.12,4.1,0.48,20.78,0.0,0,1,24.444444,2
14329,8,2,6,1,24.07,0.0,67.38,2.8,0.48,18.56,0.0,0,1,24.444444,2
14330,8,3,6,1,24.07,0.0,70.09,3.5,0.0,19.54,0.0,0,1,24.444444,2
14331,8,4,6,1,24.07,0.0,71.62,4.1,0.24,20.23,0.0,0,1,24.444444,2
14332,8,5,6,1,24.06,0.0,72.89,3.5,1.08,18.9,0.0,0,1,24.444444,2
14333,8,6,6,1,24.06,0.0,73.7,3.8,3.6,22.07,0.0,0,1,24.444444,2
14334,8,7,6,1,24.07,0.0,72.26,4.8,7.92,32.25,41.5709,0,1,24.444444,2
14335,8,8,6,1,24.19,0.12,68.12,10.3,7.08,41.88,165.28,0,1,24.444444,2
14336,8,9,6,1,24.21,0.13,64.64,6.5,11.4,37.49,338.207,0,1,24.444444,2
14337,8,10,6,1,24.1,0.03,62.56,4.9,1.56,36.49,376.335,0,1,24.444444,2
14338,8,11,6,1,24.08,0.01,60.41,3.9,1.68,37.07,557.026,0,1,24.444444,2
14339,8,12,6,1,24.09,0.01,58.13,7.2,1.44,42.65,578.557,0,1,24.444444,2
14340,8,13,6,1,24.13,0.05,56.25,9.1,1.08,45.41,553.653,0,1,24.444444,2
14341,8,14,6,1,24.12,0.04,55.6,11.3,4.8,45.27,261.227,0,1,24.444444,2
14342,8,15,6,1,24.08,0.0,56.27,9.5,2.88,38.98,154.625,0,1,24.444444,2
14343,8,16,6,1,24.07,0.0,56.37,10.4,1.68,40.24,201.892,0,1,24.444444,2
14344,8,17,6,1,24.07,0.0,56.14,10.0,0.96,38.59,124.759,0,1,24.444444,2
14345,8,18,6,1,24.07,0.0,56.42,8.8,2.04,35.29,40.072,0,1,24.444444,2
14346,8,19,6,1,24.07,0.0,57.54,8.8,2.88,33.65,0.0,0,1,24.444444,2
14347,8,20,6,1,24.07,0.0,58.21,8.5,1.8,31.81,0.0,0,1,24.444444,2
14348,8,21,6,1,24.07,0.0,58.45,10.1,1.8,32.79,0.0,0,1,24.444444,2
14349,8,22,6,1,24.07,0.0,59.16,7.9,2.28,27.64,0.0,0,1,24.444444,2
14350,8,23,6,1,24.07,0.0,60.87,4.9,3.0,21.78,0.0,0,1,24.444444,2
14351,8,24,6,1,24.07,0.0,62.76,5.8,1.08,22.47,0.0,0,1,24.444444,2
14352,8,1,7,1,24.07,0.0,65.35,3.3,0.48,17.91,0.0,0,1,24.444444,2
14353,8,2,7,1,24.07,0.0,68.0,3.5,0.84,17.45,0.0,0,1,24.444444,2
14354,8,3,7,1,24.07,0.0,69.5,4.6,0.72,18.73,0.0,0,1,24.444444,2
14355,8,4,7,1,24.07,0.0,69.81,5.5,0.48,19.11,0.0,0,1,24.444444,2
14356,8,5,7,1,24.06,0.0,70.4,4.5,0.96,16.4,0.0,0,1,24.444444,2
14357,8,6,7,1,24.05,0.0,71.36,3.8,1.32,16.95,0.0,0,1,24.444444,2
14358,8,7,7,1,24.05,0.0,70.79,3.8,2.16,26.12,42.0061,0,1,24.444444,2
14359,8,8,7,1,24.09,0.03,69.16,4.4,9.84,31.7,174.556,0,1,24.444444,2
14360,8,9,7,1,24.14,0.08,67.4,3.8,6.96,33.08,352.751,0,1,24.444444,2
14361,8,10,7,1,24.18,0.11,65.73,5.5,6.84,37.22,495.89,0,1,24.444444,2
14362,8,11,7,1,24.09,0.02,64.16,4.1,2.88,36.1,550.806,0,1,24.444444,2
14363,8,12,7,1,24.08,0.0,63.05,4.8,5.76,33.15,670.358,0,1,24.444444,2
14364,8,13,7,1,24.07,0.0,61.79,5.8,1.56,34.76,439.105,0,1,24.444444,2
14365,8,14,7,1,24.07,0.0,60.18,11.2,2.88,40.23,151.708,0,1,24.444444,2
14366,8,15,7,1,24.07,0.0,60.06,3.9,2.04,29.76,233.277,0,1,24.444444,2
14367,8,16,7,1,24.07,0.0,60.34,4.1,1.2,35.23,334.428,0,1,24.444444,2
14368,8,17,7,1,24.07,0.0,59.94,4.8,1.44,34.75,295.782,0,1,24.444444,2
14369,8,18,7,1,24.07,0.0,60.58,3.5,3.48,30.85,112.136,0,1,24.444444,2
14370,8,19,7,1,24.07,0.0,60.77,6.3,2.16,31.06,5.40565,0,1,24.444444,2
14371,8,20,7,1,24.07,0.0,61.7,5.5,3.48,26.94,0.0,0,1,24.444444,2
14372,8,21,7,1,24.07,0.0,63.12,5.8,1.8,26.65,0.0,0,1,24.444444,2
14373,8,22,7,1,24.07,0.0,64.48,5.8,0.72,25.53,0.0,0,1,24.444444,2
14374,8,23,7,1,24.07,0.0,65.42,5.2,1.8,23.3,0.0,0,1,24.444444,2
14375,8,24,7,1,24.07,0.0,66.54,5.1,1.32,22.22,0.0,0,1,24.444444,2
14376,8,1,1,1,24.07,0.0,68.47,3.5,0.72,18.55,0.0,0,1,24.444444,2
14377,8,2,1,1,24.06,0.0,70.28,3.4,0.36,17.69,0.0,0,1,24.444444,2
14378,8,3,1,1,24.07,0.0,71.21,5.1,0.24,20.03,0.0,0,1,24.444444,2
14379,8,4,1,1,24.06,0.0,72.05,3.6,0.36,16.7,0.0,0,1,24.444444,2
14380,8,5,1,1,24.05,0.0,72.78,4.0,0.36,16.92,0.0,0,1,24.444444,2
14381,8,6,1,1,24.04,0.0,73.39,3.6,0.72,17.37,0.0,0,1,24.444444,2
14382,8,7,1,1,24.05,0.0,72.5,4.0,1.8,27.36,42.0588,0,1,24.444444,2
14383,8,8,1,1,24.1,0.04,70.21,4.4,3.24,32.67,175.146,0,1,24.444444,2
14384,8,9,1,1,24.16,0.09,67.79,4.2,3.48,33.94,356.333,0,1,24.444444,2
14385,8,10,1,1,24.15,0.08,66.49,4.2,7.8,35.73,503.279,0,1,24.444444,2
14386,8,11,1,1,24.15,0.08,64.41,9.0,8.4,44.13,621.972,0,1,24.444444,2
14387,8,12,1,1,24.08,0.01,61.78,5.5,5.76,39.41,678.616,0,1,24.444444,2
14388,8,13,1,1,24.07,0.0,58.98,4.4,1.92,38.43,698.761,0,1,24.444444,2
14389,8,14,1,1,24.21,0.14,56.18,10.8,6.48,48.73,667.628,0,1,24.444444,2
14390,8,15,1,1,24.1,0.02,54.47,4.7,3.48,46.58,596.223,0,1,24.444444,2
14391,8,16,1,1,24.12,0.05,53.04,4.7,1.92,47.18,472.993,0,1,24.444444,2
14392,8,17,1,1,24.14,0.07,52.56,4.1,6.48,46.25,315.628,0,1,24.444444,2
14393,8,18,1,1,24.23,0.15,52.3,10.3,4.08,50.19,129.897,0,1,24.444444,2
14394,8,19,1,1,24.09,0.02,53.35,6.9,1.68,41.38,5.65379,0,1,24.444444,2
14395,8,20,1,1,24.08,0.0,54.16,7.0,3.48,38.6,0.0,0,1,24.444444,2
14396,8,21,1,1,24.07,0.0,56.09,5.3,1.56,34.89,0.0,0,1,24.444444,2
14397,8,22,1,1,24.07,0.0,60.12,4.9,1.44,33.59,0.0,0,1,24.444444,2
14398,8,23,1,1,24.07,0.0,62.5,4.4,0.72,31.3,0.0,0,1,24.444444,2
14399,8,24,1,1,24.07,0.0,64.05,4.5,0.48,29.22,0.0,0,1,24.444444,2
14400,8,1,2,1,24.07,0.0,64.24,6.4,0.84,30.42,0.0,0,1,24.444444,2
14401,8,2,2,1,24.07,0.0,65.01,3.8,0.36,24.27,0.0,0,1,24.444444,2
14402,8,3,2,1,24.07,0.0,66.59,4.8,0.0,24.58,0.0,0,1,24.444444,2
14403,8,4,2,1,24.07,0.0,68.05,3.5,0.24,21.42,0.0,0,1,24.444444,2
14404,8,5,2,1,24.07,0.0,69.61,3.6,0.6,21.1,0.0,0,1,24.444444,2
14405,8,6,2,1,24.07,0.0,70.31,4.3,3.12,23.13,0.0,0,1,24.444444,2
14406,8,7,2,1,24.08,0.01,68.85,7.0,23.4,35.41,41.4185,0,1,24.444444,2
14407,8,8,2,1,24.16,0.08,67.28,4.9,5.52,34.77,175.187,0,1,24.444444,2
14408,8,9,2,1,24.32,0.24,65.01,7.8,4.08,39.48,353.781,0,1,24.444444,2
14409,8,10,2,1,24.26,0.18,63.64,4.2,4.08,36.72,502.541,0,1,24.444444,2
14410,8,11,2,1,24.14,0.07,62.7,4.4,1.56,38.97,616.031,0,1,24.444444,2
14411,8,12,2,1,24.08,0.01,61.89,4.2,2.52,39.97,670.956,0,1,24.444444,2
14412,8,13,2,1,24.13,0.06,60.01,6.3,2.04,44.59,697.699,0,1,24.444444,2
14413,8,14,2,1,24.38,0.31,57.24,10.3,1.08,49.78,676.914,0,1,24.444444,2
14414,8,15,2,1,24.53,0.45,55.02,9.6,1.32,50.71,591.288,0,1,24.444444,2
14415,8,16,2,1,24.38,0.3,54.87,4.1,0.84,49.43,479.564,0,1,24.444444,2
14416,8,17,2,1,24.37,0.3,54.57,3.7,3.0,49.16,316.048,0,1,24.444444,2
14417,8,18,2,1,24.25,0.18,54.74,4.3,1.32,48.8,127.974,0,1,24.444444,2
14418,8,19,2,1,24.22,0.14,54.49,9.1,3.12,47.72,4.79439,0,1,24.444444,2
14419,8,20,2,1,24.18,0.11,54.57,8.9,1.68,44.74,0.0,0,1,24.444444,2
14420,8,21,2,1,24.17,0.09,55.28,10.1,1.92,44.45,0.0,0,1,24.444444,2
14421,8,22,2,1,24.14,0.07,56.82,9.8,1.2,42.99,0.0,0,1,24.444444,2
14422,8,23,2,1,24.08,0.01,58.35,4.9,1.08,35.35,0.0,0,1,24.444444,2
14423,8,24,2,1,24.07,0.0,60.04,4.8,0.48,33.89,0.0,0,1,24.444444,2
14424,8,1,3,1,24.07,0.0,60.51,4.5,0.36,30.88,0.0,0,1,24.444444,2
14425,8,2,3,1,24.07,0.0,60.35,5.2,0.36,29.4,0.0,0,1,24.444444,2
14426,8,3,3,1,24.07,0.0,59.84,3.4,0.48,24.73,0.0,0,1,24.444444,2
14427,8,4,3,1,24.07,0.0,59.62,4.0,0.12,23.4,0.0,0,1,24.444444,2
14428,8,5,3,1,24.07,0.0,60.13,4.8,0.84,22.74,0.0,0,1,24.444444,2
14429,8,6,3,1,24.07,0.0,60.89,3.6,2.52,21.1,0.0,0,1,24.444444,2
14430,8,7,3,1,24.07,0.0,59.58,7.0,12.12,31.94,42.582,0,1,24.444444,2
14431,8,8,3,1,24.07,0.0,57.21,4.2,3.0,29.33,180.552,0,1,24.444444,2
14432,8,9,3,1,24.08,0.0,55.29,5.1,4.68,31.26,369.063,0,1,24.444444,2
14433,8,10,3,1,24.07,0.0,53.47,3.8,6.72,29.16,524.935,0,1,24.444444,2
14434,8,11,3,1,24.07,0.0,52.61,4.4,2.64,28.6,632.931,0,1,24.444444,2
14435,8,12,3,1,24.07,0.0,52.02,3.8,2.64,27.11,696.101,0,1,24.444444,2
14436,8,13,3,1,24.07,0.0,50.61,9.5,1.2,36.32,711.335,0,1,24.444444,2
14437,8,14,3,1,24.07,0.0,48.97,9.8,1.56,39.42,686.745,0,1,24.444444,2
14438,8,15,3,1,24.07,0.0,47.73,9.1,1.44,42.05,610.939,0,1,24.444444,2
14439,8,16,3,1,24.07,0.0,46.93,4.3,1.8,38.44,488.77,0,1,24.444444,2
14440,8,17,3,1,24.08,0.0,45.93,8.7,1.68,44.1,326.886,0,1,24.444444,2
14441,8,18,3,1,24.08,0.0,44.88,4.4,1.44,35.31,133.652,0,1,24.444444,2
14442,8,19,3,1,24.08,0.0,44.42,6.6,1.32,30.88,5.709,0,1,24.444444,2
14443,8,20,3,1,24.07,0.0,44.5,7.6,1.68,29.21,0.0,0,1,24.444444,2
14444,8,21,3,1,24.07,0.0,44.88,7.9,3.72,28.25,0.0,0,1,24.444444,2
14445,8,22,3,1,24.07,0.0,44.85,7.3,2.76,26.09,0.0,0,1,24.444444,2
14446,8,23,3,1,24.07,0.0,44.38,5.3,0.72,21.74,0.0,0,1,24.444444,2
14447,8,24,3,1,24.07,0.0,44.93,3.8,0.24,18.23,0.0,0,1,24.444444,2
14448,8,1,4,1,24.07,0.0,46.37,3.3,0.24,16.24,0.0,0,1,24.444444,2
14449,8,2,4,1,24.07,0.0,47.94,3.2,0.24,14.54,0.0,0,1,24.444444,2
14450,8,3,4,1,24.07,0.0,48.72,3.8,0.24,13.87,0.0,0,1,24.444444,2
14451,8,4,4,1,24.06,0.0,49.49,3.4,0.48,12.45,0.0,0,1,24.444444,2
14452,8,5,4,1,24.05,0.0,50.37,3.2,0.6,11.51,0.0,0,1,24.444444,2
14453,8,6,4,1,24.05,0.0,50.91,4.2,5.88,13.29,0.0,0,1,24.444444,2
14454,8,7,4,1,24.06,0.0,50.38,7.9,9.48,23.6,44.7566,0,1,24.444444,2
14455,8,8,4,1,24.07,0.0,49.39,7.9,3.36,26.87,190.967,0,1,24.444444,2
14456,8,9,4,1,24.08,0.0,48.57,7.5,2.64,27.99,388.885,0,1,24.444444,2
14457,8,10,4,1,24.08,0.0,47.52,5.5,2.04,25.84,556.166,0,1,24.444444,2
14458,8,11,4,1,24.07,0.0,46.61,7.4,1.92,27.11,673.364,0,1,24.444444,2
14459,8,12,4,1,24.08,0.0,45.72,7.7,1.2,26.97,729.703,0,1,24.444444,2
14460,8,13,4,1,24.07,0.0,44.61,9.7,3.72,30.75,755.28,0,1,24.444444,2
14461,8,14,4,1,24.07,0.0,43.14,8.6,0.84,32.66,719.242,0,1,24.444444,2
14462,8,15,4,1,24.07,0.0,41.74,9.1,1.2,36.74,631.439,0,1,24.444444,2
14463,8,16,4,1,24.07,0.0,40.98,7.6,1.32,36.99,508.285,0,1,24.444444,2
14464,8,17,4,1,24.08,0.0,40.86,8.8,1.44,38.71,334.806,0,1,24.444444,2
14465,8,18,4,1,24.08,0.0,41.23,8.9,4.68,35.74,137.16,0,1,24.444444,2
14466,8,19,4,1,24.08,0.0,42.13,9.3,3.0,29.97,5.78104,0,1,24.444444,2
14467,8,20,4,1,24.08,0.0,42.75,9.5,2.76,28.22,0.0,0,1,24.444444,2
14468,8,21,4,1,24.07,0.0,43.01,10.7,1.2,28.97,0.0,0,1,24.444444,2
14469,8,22,4,1,24.07,0.0,42.98,11.8,1.44,28.54,0.0,0,1,24.444444,2
14470,8,23,4,1,24.07,0.0,43.65,6.8,0.36,21.05,0.0,0,1,24.444444,2
14471,8,24,4,1,24.07,0.0,44.49,3.6,0.48,16.42,0.0,0,1,24.444444,2
14472,8,1,5,1,24.07,0.0,45.27,4.9,0.12,16.51,0.0,0,1,24.444444,2
14473,8,2,5,1,24.07,0.0,46.19,11.2,0.48,23.13,0.0,0,1,24.444444,2
14474,8,3,5,1,24.06,0.0,47.79,3.1,0.24,11.68,0.0,0,1,24.444444,2
14475,8,4,5,1,24.07,0.0,49.47,9.7,2.64,19.24,0.0,0,1,24.444444,2
14476,8,5,5,1,24.04,0.0,51.32,3.8,1.2,10.41,0.0,0,1,24.444444,2
14477,8,6,5,1,24.07,0.0,51.28,13.1,3.48,23.39,0.0,0,1,24.444444,2
14478,8,7,5,1,24.07,0.0,50.64,8.3,17.4,22.53,44.2275,0,1,24.444444,2
14479,8,8,5,1,24.07,0.0,50.06,8.0,7.2,25.42,191.251,0,1,24.444444,2
14480,8,9,5,1,24.08,0.0,48.95,11.1,3.12,31.18,387.492,0,1,24.444444,2
14481,8,10,5,1,24.07,0.0,48.44,6.3,1.32,26.09,549.649,0,1,24.444444,2
14482,8,11,5,1,24.08,0.0,47.72,8.4,3.24,28.02,664.56,0,1,24.444444,2
14483,8,12,5,1,24.07,0.0,46.8,7.5,4.92,26.55,734.564,0,1,24.444444,2
14484,8,13,5,1,24.07,0.0,45.87,8.9,4.08,29.72,737.737,0,1,24.444444,2
14485,8,14,5,1,24.07,0.0,44.89,10.1,0.72,34.39,708.951,0,1,24.444444,2
14486,8,15,5,1,24.07,0.0,43.69,10.2,1.68,38.46,622.637,0,1,24.444444,2
14487,8,16,5,1,24.07,0.0,42.88,9.4,2.28,39.84,499.199,0,1,24.444444,2
14488,8,17,5,1,24.08,0.0,42.71,8.6,5.64,39.8,331.365,0,1,24.444444,2
14489,8,18,5,1,24.08,0.0,43.13,9.5,1.2,38.48,132.313,0,1,24.444444,2
14490,8,19,5,1,24.08,0.0,43.46,10.7,1.68,33.5,4.89234,0,1,24.444444,2
14491,8,20,5,1,24.08,0.0,43.81,10.0,2.76,30.16,0.0,0,1,24.444444,2
14492,8,21,5,1,24.07,0.0,44.19,11.2,1.8,30.04,0.0,0,1,24.444444,2
14493,8,22,5,1,24.07,0.0,45.11,11.3,1.32,28.35,0.0,0,1,24.444444,2
14494,8,23,5,1,24.07,0.0,47.16,8.8,2.16,23.72,0.0,0,1,24.444444,2
14495,8,24,5,1,24.07,0.0,48.67,9.7,1.08,22.71,0.0,0,1,24.444444,2
14496,8,1,6,1,24.07,0.0,51.25,3.9,0.24,13.24,0.0,0,1,24.444444,2
14497,8,2,6,1,24.05,0.0,53.57,2.9,0.48,10.91,0.0,0,1,24.444444,2
14498,8,3,6,1,24.04,0.0,54.85,4.7,0.0,11.34,0.0,0,1,24.444444,2
14499,8,4,6,1,24.0,0.0,56.72,3.7,2.64,9.36,0.0,0,1,24.444444,2
14500,8,5,6,1,23.99,0.0,58.62,3.6,0.84,9.31,0.0,0,1,24.444444,2
14501,8,6,6,1,23.96,0.0,59.69,3.3,5.64,10.13,0.0,0,1,24.444444,2
14502,8,7,6,1,23.99,0.0,59.61,4.3,14.04,18.8,43.2206,0,1,24.444444,2
14503,8,8,6,1,24.04,0.0,57.91,7.9,8.76,28.46,185.487,0,1,24.444444,2
14504,8,9,6,1,24.06,0.01,56.18,7.7,8.52,30.15,374.466,0,1,24.444444,2
14505,8,10,6,1,24.06,0.0,55.1,5.4,3.24,28.1,532.727,0,1,24.444444,2
14506,8,11,6,1,24.07,0.0,54.73,4.8,7.44,27.2,650.133,0,1,24.444444,2
14507,8,12,6,1,24.07,0.0,54.01,6.8,1.44,30.95,712.015,0,1,24.444444,2
14508,8,13,6,1,24.07,0.0,52.52,8.0,3.24,34.99,724.506,0,1,24.444444,2
14509,8,14,6,1,24.07,0.0,50.08,11.0,1.2,42.19,688.795,0,1,24.444444,2
14510,8,15,6,1,24.07,0.0,48.42,10.5,3.72,45.04,615.719,0,1,24.444444,2
14511,8,16,6,1,24.08,0.01,48.31,7.9,2.88,44.49,493.587,0,1,24.444444,2
14512,8,17,6,1,24.11,0.03,48.12,8.7,3.96,45.7,324.633,0,1,24.444444,2
14513,8,18,6,1,24.08,0.0,47.66,9.3,1.32,43.48,128.144,0,1,24.444444,2
14514,8,19,6,1,24.07,0.0,47.54,9.7,4.32,36.85,4.04737,0,1,24.444444,2
14515,8,20,6,1,24.07,0.0,47.59,8.2,1.2,31.77,0.0,0,1,24.444444,2
14516,8,21,6,1,24.07,0.0,47.63,10.6,0.6,33.02,0.0,0,1,24.444444,2
14517,8,22,6,1,24.07,0.0,48.47,7.8,0.96,27.45,0.0,0,1,24.444444,2
14518,8,23,6,1,24.07,0.0,50.48,6.2,0.96,24.06,0.0,0,1,24.444444,2
14519,8,24,6,1,24.07,0.0,52.38,4.6,1.08,20.71,0.0,0,1,24.444444,2
14520,8,1,7,1,24.07,0.0,54.42,3.8,0.96,18.59,0.0,0,1,24.444444,2
14521,8,2,7,1,24.07,0.0,56.71,3.4,1.56,17.08,0.0,0,1,24.444444,2
14522,8,3,7,1,24.07,0.0,59.26,3.4,0.36,16.4,0.0,0,1,24.444444,2
14523,8,4,7,1,24.07,0.0,60.86,5.1,1.08,17.76,0.0,0,1,24.444444,2
14524,8,5,7,1,24.07,0.0,61.96,5.4,0.48,17.55,0.0,0,1,24.444444,2
14525,8,6,7,1,24.06,0.0,63.36,3.7,1.32,16.41,0.0,0,1,24.444444,2
14526,8,7,7,1,24.06,0.0,62.73,4.9,10.32,25.35,42.4387,0,1,24.444444,2
14527,8,8,7,1,24.07,0.01,60.11,5.3,3.6,29.26,183.779,0,1,24.444444,2
14528,8,9,7,1,24.1,0.02,57.14,5.1,4.08,30.45,372.313,0,1,24.444444,2
14529,8,10,7,1,24.09,0.01,54.53,5.2,5.88,32.03,529.414,0,1,24.444444,2
14530,8,11,7,1,24.07,0.0,53.52,4.1,6.48,30.98,586.998,0,1,24.444444,2
14531,8,12,7,1,24.07,0.0,52.56,4.2,6.48,32.12,652.773,0,1,24.444444,2
14532,8,13,7,1,24.07,0.0,51.56,4.2,1.32,34.13,465.384,0,1,24.444444,2
14533,8,14,7,1,24.08,0.0,49.81,10.3,21.0,43.89,521.258,0,1,24.444444,2
14534,8,15,7,1,24.07,0.0,48.44,8.2,4.44,43.85,595.125,0,1,24.444444,2
14535,8,16,7,1,24.07,0.0,48.45,4.2,4.2,38.19,331.669,0,1,24.444444,2
14536,8,17,7,1,24.08,0.0,48.44,8.1,2.16,45.12,323.53,0,1,24.444444,2
14537,8,18,7,1,24.07,0.0,48.71,9.2,3.48,43.88,125.515,0,1,24.444444,2
14538,8,19,7,1,24.07,0.0,50.08,5.3,1.32,32.17,3.25068,0,1,24.444444,2
14539,8,20,7,1,24.07,0.0,51.7,4.8,4.08,30.02,0.0,0,1,24.444444,2
14540,8,21,7,1,24.07,0.0,52.94,5.2,1.2,28.84,0.0,0,1,24.444444,2
14541,8,22,7,1,24.07,0.0,54.29,5.3,2.52,26.28,0.0,0,1,24.444444,2
14542,8,23,7,1,24.07,0.0,55.61,5.2,1.44,24.23,0.0,0,1,24.444444,2
14543,8,24,7,1,24.07,0.0,55.94,7.0,0.48,25.09,0.0,0,1,24.444444,2
14544,8,1,1,1,24.07,0.0,56.72,3.7,0.48,17.68,0.0,0,1,24.444444,2
14545,8,2,1,1,24.07,0.0,58.49,3.4,0.24,15.65,0.0,0,1,24.444444,2
14546,8,3,1,1,24.07,0.0,59.89,3.6,0.48,14.64,0.0,0,1,24.444444,2
14547,8,4,1,1,24.05,0.0,60.79,3.1,0.84,12.87,0.0,0,1,24.444444,2
14548,8,5,1,1,24.04,0.0,61.61,4.1,0.12,13.32,0.0,0,1,24.444444,2
14549,8,6,1,1,24.03,0.0,62.26,4.4,1.56,13.59,0.0,0,1,24.444444,2
14550,8,7,1,1,24.03,0.0,61.87,4.0,4.92,20.56,41.8882,0,1,24.444444,2
14551,8,8,1,1,24.04,0.0,60.75,4.2,4.08,26.4,182.121,0,1,24.444444,2
14552,8,9,1,1,24.06,0.01,59.34,4.1,5.64,29.2,368.971,0,1,24.444444,2
14553,8,10,1,1,24.07,0.0,58.12,3.8,12.72,30.22,525.515,0,1,24.444444,2
14554,8,11,1,1,24.08,0.0,56.1,8.1,1.8,36.22,632.448,0,1,24.444444,2
14555,8,12,1,1,24.07,0.0,54.21,4.7,3.0,32.21,687.587,0,1,24.444444,2
14556,8,13,1,1,24.07,0.0,52.67,4.6,1.44,34.87,662.739,0,1,24.444444,2
14557,8,14,1,1,24.18,0.11,49.87,13.4,2.16,47.61,585.597,0,1,24.444444,2
14558,8,15,1,1,24.08,0.01,49.08,4.5,5.88,39.61,485.374,0,1,24.444444,2
14559,8,16,1,1,24.07,0.0,48.92,3.8,3.0,39.04,351.493,0,1,24.444444,2
14560,8,17,1,1,24.08,0.0,49.31,5.3,6.24,42.81,295.119,0,1,24.444444,2
14561,8,18,1,1,24.08,0.01,49.78,9.5,2.52,45.42,120.897,0,1,24.444444,2
14562,8,19,1,1,24.07,0.0,50.39,6.8,2.64,34.64,2.45189,0,1,24.444444,2
14563,8,20,1,1,24.07,0.0,51.22,6.2,1.8,31.91,0.0,0,1,24.444444,2
14564,8,21,1,1,24.07,0.0,51.62,8.3,1.08,33.02,0.0,0,1,24.444444,2
14565,8,22,1,1,24.07,0.0,52.5,8.1,1.92,30.71,0.0,0,1,24.444444,2
14566,8,23,1,1,24.07,0.0,54.29,4.8,3.12,24.33,0.0,0,1,24.444444,2
14567,8,24,1,1,24.07,0.0,55.92,4.6,0.12,22.04,0.0,0,1,24.444444,2
14568,8,1,2,1,24.07,0.0,57.11,6.4,0.24,23.15,0.0,0,1,24.444444,2
14569,8,2,2,1,24.07,0.0,58.25,4.9,0.6,19.15,0.0,0,1,24.444444,2
14570,8,3,2,1,24.07,0.0,60.13,3.5,0.12,15.48,0.0,0,1,24.444444,2
14571,8,4,2,1,24.06,0.0,62.12,3.6,0.36,14.76,0.0,0,1,24.444444,2
14572,8,5,2,1,24.05,0.0,63.74,3.6,0.84,14.05,0.0,0,1,24.444444,2
14573,8,6,2,1,24.04,0.0,65.14,3.8,7.32,15.37,0.0,0,1,24.444444,2
14574,8,7,2,1,24.06,0.0,64.61,6.2,14.76,26.97,40.9524,0,1,24.444444,2
14575,8,8,2,1,24.06,0.0,63.21,4.7,5.4,29.28,174.427,0,1,24.444444,2
14576,8,9,2,1,24.13,0.05,61.02,6.1,2.28,33.5,356.757,0,1,24.444444,2
14577,8,10,2,1,24.11,0.03,59.52,4.6,3.24,33.23,520.662,0,1,24.444444,2
14578,8,11,2,1,24.08,0.0,58.61,4.5,1.2,33.86,629.924,0,1,24.444444,2
14579,8,12,2,1,24.07,0.0,57.06,4.3,3.96,35.54,662.61,0,1,24.444444,2
14580,8,13,2,1,24.07,0.0,54.2,5.8,4.08,38.81,697.396,0,1,24.444444,2
14581,8,14,2,1,24.14,0.06,50.51,10.5,2.04,45.96,652.8,0,1,24.444444,2
14582,8,15,2,1,24.42,0.35,47.31,15.6,2.4,50.05,576.449,0,1,24.444444,2
14583,8,16,2,1,24.16,0.08,47.5,4.1,2.76,44.58,474.027,0,1,24.444444,2
14584,8,17,2,1,24.09,0.01,48.15,4.2,3.0,42.73,284.344,0,1,24.444444,2
14585,8,18,2,1,24.08,0.0,49.38,5.4,3.12,39.84,76.4024,0,1,24.444444,2
14586,8,19,2,1,24.08,0.01,50.24,9.8,5.16,40.32,1.13764,0,1,24.444444,2
14587,8,20,2,1,24.07,0.0,51.59,8.4,1.56,36.19,0.0,0,1,24.444444,2
14588,8,21,2,1,24.07,0.0,52.9,10.6,1.2,37.39,0.0,0,1,24.444444,2
14589,8,22,2,1,24.07,0.0,54.01,9.3,2.76,32.91,0.0,0,1,24.444444,2
14590,8,23,2,1,24.07,0.0,55.88,5.1,1.44,24.89,0.0,0,1,24.444444,2
14591,8,24,2,1,24.07,0.0,57.87,5.3,0.6,23.97,0.0,0,1,24.444444,2
14592,9,1,3,1,24.07,0.0,59.73,3.6,0.48,19.34,0.0,0,1,24.444444,2
14593,9,2,3,1,24.07,0.0,61.83,4.0,0.36,18.22,0.0,0,1,24.444444,2
14594,9,3,3,1,24.07,0.0,63.72,3.3,0.6,16.33,0.0,0,1,24.444444,2
14595,9,4,3,1,24.07,0.0,64.36,5.8,0.48,20.13,0.0,0,1,24.444444,2
14596,9,5,3,1,24.06,0.0,64.54,3.8,0.84,15.56,0.0,0,1,24.444444,2
14597,9,6,3,1,24.06,0.0,64.6,5.7,5.76,19.44,0.0,0,1,24.444444,2
14598,9,7,3,1,24.07,0.0,63.03,8.0,20.28,30.54,41.0172,0,1,24.444444,2
14599,9,8,3,1,24.15,0.08,60.65,8.8,6.84,34.44,180.105,0,1,24.444444,2
14600,9,9,3,1,24.19,0.11,58.55,5.6,3.72,32.44,349.361,0,1,24.444444,2
14601,9,10,3,1,24.14,0.06,56.88,3.8,6.48,32.62,498.449,0,1,24.444444,2
14602,9,11,3,1,24.08,0.01,55.8,3.9,1.08,34.41,578.304,0,1,24.444444,2
14603,9,12,3,1,24.07,0.0,54.46,5.9,0.72,38.2,611.321,0,1,24.444444,2
14604,9,13,3,1,24.07,0.0,53.51,5.7,4.2,39.37,666.34,0,1,24.444444,2
14605,9,14,3,1,24.12,0.05,52.62,8.4,0.96,45.6,560.579,0,1,24.444444,2
14606,9,15,3,1,24.13,0.06,51.54,9.2,2.04,46.72,392.124,0,1,24.444444,2
14607,9,16,3,1,24.1,0.02,50.26,8.7,1.68,47.23,370.216,0,1,24.444444,2
14608,9,17,3,1,24.1,0.02,49.88,9.0,2.88,47.23,273.16,0,1,24.444444,2
14609,9,18,3,1,24.08,0.01,51.34,7.8,4.2,41.68,62.0985,0,1,24.444444,2
14610,9,19,3,1,24.09,0.01,53.02,9.8,0.84,41.11,0.0,0,1,24.444444,2
14611,9,20,3,1,24.08,0.0,54.24,8.6,3.72,37.88,0.0,0,1,24.444444,2
14612,9,21,3,1,24.07,0.0,55.66,8.4,5.16,35.76,0.0,0,1,24.444444,2
14613,9,22,3,1,24.07,0.0,56.6,9.6,1.32,35.37,0.0,0,1,24.444444,2
14614,9,23,3,1,24.07,0.0,57.72,7.4,0.6,30.47,0.0,0,1,24.444444,2
14615,9,24,3,1,24.07,0.0,59.78,4.0,0.24,24.1,0.0,0,1,24.444444,2
14616,9,1,4,1,24.07,0.0,59.94,10.3,0.48,32.9,0.0,0,1,24.444444,2
14617,9,2,4,1,24.07,0.0,59.63,7.8,0.6,27.42,0.0,0,1,24.444444,2
14618,9,3,4,1,24.07,0.0,59.93,8.9,0.6,28.26,0.0,0,1,24.444444,2
14619,9,4,4,1,24.07,0.0,59.24,11.2,0.6,30.69,0.0,0,1,24.444444,2
14620,9,5,4,1,24.07,0.0,59.31,8.9,0.84,25.86,0.0,0,1,24.444444,2
14621,9,6,4,1,24.07,0.0,60.15,9.2,4.8,27.33,0.0,0,1,24.444444,2
14622,9,7,4,1,24.07,0.0,60.8,8.9,7.08,29.61,36.2845,0,1,24.444444,2
14623,9,8,4,1,24.07,0.0,60.58,10.5,7.2,33.18,94.9158,0,1,24.444444,2
14624,9,9,4,1,24.07,0.0,59.65,9.3,6.48,36.63,306.532,0,1,24.444444,2
14625,9,10,4,1,24.07,0.0,58.45,11.7,5.64,39.9,348.031,0,1,24.444444,2
14626,9,11,4,1,24.07,0.0,58.47,9.3,2.64,31.95,120.615,0,1,24.444444,2
14627,9,12,4,1,24.07,0.0,59.17,7.5,1.44,27.89,139.627,0,1,24.444444,2
14628,9,13,4,1,24.07,0.0,59.97,6.9,0.48,27.35,191.166,0,1,24.444444,2
14629,9,14,4,1,24.07,0.0,59.88,8.6,1.08,30.76,167.217,0,1,24.444444,2
14630,9,15,4,1,24.07,0.0,58.58,9.1,1.56,33.26,224.785,0,1,24.444444,2
14631,9,16,4,1,24.07,0.0,57.34,7.8,2.04,32.11,265.783,0,1,24.444444,2
14632,9,17,4,1,24.07,0.0,56.99,8.9,2.04,31.56,136.046,0,1,24.444444,2
14633,9,18,4,1,24.07,0.0,57.1,8.8,4.92,30.04,40.3747,0,1,24.444444,2
14634,9,19,4,1,24.07,0.0,56.96,10.4,4.2,30.31,0.0,0,1,24.444444,2
14635,9,20,4,1,24.07,0.0,57.06,11.7,1.8,30.95,0.0,0,1,24.444444,2
14636,9,21,4,1,24.07,0.0,57.35,11.9,1.08,30.6,0.0,0,1,24.444444,2
14637,9,22,4,1,24.07,0.0,58.1,9.5,1.32,26.11,0.0,0,1,24.444444,2
14638,9,23,4,1,24.07,0.0,58.6,11.5,1.92,28.57,0.0,0,1,24.444444,2
14639,9,24,4,1,24.07,0.0,59.48,8.0,0.36,22.05,0.0,0,1,24.444444,2
14640,9,1,8,1,24.07,0.0,60.57,9.4,0.72,23.57,0.0,0,1,24.444444,2
14641,9,2,8,1,24.07,0.0,60.96,9.9,0.84,23.8,0.0,0,1,24.444444,2
14642,9,3,8,1,24.07,0.0,61.48,9.4,0.72,22.26,0.0,0,1,24.444444,2
14643,9,4,8,1,24.07,0.0,61.95,9.8,0.72,22.46,0.0,0,1,24.444444,2
14644,9,5,8,1,24.07,0.0,62.57,9.1,0.84,21.1,0.0,0,1,24.444444,2
14645,9,6,8,1,24.07,0.0,63.31,9.2,0.84,23.08,0.0,0,1,24.444444,2
14646,9,7,8,1,24.07,0.0,62.99,10.3,14.4,30.3,38.9849,0,1,24.444444,2
14647,9,8,8,1,24.07,0.0,62.45,10.0,11.4,30.86,134.859,0,1,24.444444,2
14648,9,9,8,1,24.07,0.0,61.57,10.3,3.12,34.26,279.447,0,1,24.444444,2
14649,9,10,8,1,24.07,0.0,61.46,10.1,2.64,30.63,174.529,0,1,24.444444,2
14650,9,11,8,1,24.07,0.0,60.86,9.6,1.2,31.41,210.797,0,1,24.444444,2
14651,9,12,8,1,24.07,0.0,60.18,6.9,6.36,30.79,292.51,0,1,24.444444,2
14652,9,13,8,1,24.07,0.0,59.44,7.2,1.08,33.62,348.392,0,1,24.444444,2
14653,9,14,8,1,24.07,0.0,58.41,10.0,2.04,40.93,460.449,0,1,24.444444,2
14654,9,15,8,1,24.07,0.0,57.53,9.3,5.04,41.22,432.073,0,1,24.444444,2
14655,9,16,8,1,24.07,0.0,57.34,8.0,0.96,38.22,324.513,0,1,24.444444,2
14656,9,17,8,1,24.07,0.0,57.32,8.0,3.72,37.04,197.337,0,1,24.444444,2
14657,9,18,8,1,24.07,0.0,56.91,12.8,5.64,42.99,76.6276,0,1,24.444444,2
14658,9,19,8,1,24.07,0.0,57.21,12.1,4.08,38.01,0.0,0,1,24.444444,2
14659,9,20,8,1,24.07,0.0,58.33,9.2,4.44,32.66,0.0,0,1,24.444444,2
14660,9,21,8,1,24.09,0.02,57.95,16.6,2.88,42.82,0.0,0,1,24.444444,2
14661,9,22,8,1,24.08,0.01,57.19,16.2,3.12,40.36,0.0,0,1,24.444444,2
14662,9,23,8,1,24.07,0.0,57.9,12.1,1.44,32.76,0.0,0,1,24.444444,2
14663,9,24,8,1,24.07,0.0,59.2,10.6,0.36,29.58,0.0,0,1,24.444444,2
14664,9,1,6,1,24.07,0.0,60.78,7.3,0.0,23.43,0.0,0,1,24.444444,2
14665,9,2,6,1,24.07,0.0,63.28,4.5,0.96,17.57,0.0,0,1,24.444444,2
14666,9,3,6,1,24.06,0.0,65.99,3.3,0.0,15.32,0.0,0,1,24.444444,2
14667,9,4,6,1,24.05,0.0,68.53,3.0,0.6,15.13,0.0,0,1,24.444444,2
14668,9,5,6,1,24.07,0.0,67.66,9.5,0.24,26.36,0.0,0,1,24.444444,2
14669,9,6,6,1,24.07,0.0,66.1,9.2,9.84,26.52,0.0,0,1,24.444444,2
14670,9,7,6,1,24.07,0.0,65.14,8.2,10.8,31.67,38.9629,0,1,24.444444,2
14671,9,8,6,1,24.2,0.12,63.08,11.0,4.44,38.05,175.509,0,1,24.444444,2
14672,9,9,6,1,24.35,0.28,60.72,10.8,3.72,39.26,345.039,0,1,24.444444,2
14673,9,10,6,1,24.41,0.34,58.74,12.1,6.0,42.73,512.308,0,1,24.444444,2
14674,9,11,6,1,24.45,0.37,57.19,15.7,4.8,47.06,595.469,0,1,24.444444,2
14675,9,12,6,1,24.17,0.09,56.77,9.4,2.16,41.12,425.701,0,1,24.444444,2
14676,9,13,6,1,24.12,0.05,55.58,8.2,5.52,41.08,677.464,0,1,24.444444,2
14677,9,14,6,1,24.13,0.05,54.93,10.3,2.52,45.33,618.042,0,1,24.444444,2
14678,9,15,6,1,24.08,0.01,54.06,11.4,3.72,46.44,436.951,0,1,24.444444,2
14679,9,16,6,1,24.07,0.0,53.05,8.2,2.76,43.66,417.58,0,1,24.444444,2
14680,9,17,6,1,24.07,0.0,52.61,9.2,6.24,44.6,288.612,0,1,24.444444,2
14681,9,18,6,1,24.07,0.0,53.38,8.6,2.4,40.0,88.2226,0,1,24.444444,2
14682,9,19,6,1,24.07,0.0,55.08,8.7,1.44,35.51,0.0,0,1,24.444444,2
14683,9,20,6,1,24.08,0.0,55.8,13.4,2.28,40.69,0.0,0,1,24.444444,2
14684,9,21,6,1,24.07,0.0,56.21,12.4,1.8,37.52,0.0,0,1,24.444444,2
14685,9,22,6,1,24.08,0.0,56.19,15.7,6.24,40.45,0.0,0,1,24.444444,2
14686,9,23,6,1,24.07,0.0,57.66,9.3,0.48,29.44,0.0,0,1,24.444444,2
14687,9,24,6,1,24.07,0.0,60.39,4.2,0.24,20.89,0.0,0,1,24.444444,2
14688,9,1,7,1,24.07,0.0,62.38,9.0,0.48,27.84,0.0,0,1,24.444444,2
14689,9,2,7,1,24.07,0.0,64.28,3.2,0.36,16.53,0.0,0,1,24.444444,2
14690,9,3,7,1,24.06,0.0,67.2,3.5,0.24,16.51,0.0,0,1,24.444444,2
14691,9,4,7,1,24.06,0.0,69.51,3.6,0.36,16.23,0.0,0,1,24.444444,2
14692,9,5,7,1,24.06,0.0,70.33,5.8,0.48,20.08,0.0,0,1,24.444444,2
14693,9,6,7,1,24.06,0.0,70.76,5.1,5.16,18.92,0.0,0,1,24.444444,2
14694,9,7,7,1,24.06,0.0,71.45,5.1,12.24,20.46,9.3615,0,1,24.444444,2
14695,9,8,7,1,24.05,0.0,71.17,3.6,9.0,22.85,145.931,0,1,24.444444,2
14696,9,9,7,1,24.07,0.0,68.55,9.1,15.12,35.28,249.561,0,1,24.444444,2
14697,9,10,7,1,24.07,0.0,66.13,4.9,2.04,31.83,354.422,0,1,24.444444,2
14698,9,11,7,1,24.07,0.0,64.64,4.2,8.88,33.66,625.662,0,1,24.444444,2
14699,9,12,7,1,24.07,0.0,62.09,6.5,3.36,38.15,669.619,0,1,24.444444,2
14700,9,13,7,1,24.13,0.05,57.74,10.5,3.48,44.68,687.075,0,1,24.444444,2
14701,9,14,7,1,24.15,0.08,54.3,9.8,11.4,46.57,642.479,0,1,24.444444,2
14702,9,15,7,1,24.23,0.15,52.55,10.5,9.36,49.59,570.923,0,1,24.444444,2
14703,9,16,7,1,24.37,0.3,51.63,11.1,4.32,50.15,459.11,0,1,24.444444,2
14704,9,17,7,1,24.22,0.15,52.34,8.2,2.76,48.69,262.467,0,1,24.444444,2
14705,9,18,7,1,24.61,0.53,51.94,19.7,3.48,53.17,87.0897,0,1,24.444444,2
14706,9,19,7,1,24.21,0.13,54.11,9.0,2.76,43.67,0.0,0,1,24.444444,2
14707,9,20,7,1,24.1,0.02,55.82,6.7,2.64,37.64,0.0,0,1,24.444444,2
14708,9,21,7,1,24.08,0.0,57.08,7.0,1.2,35.37,0.0,0,1,24.444444,2
14709,9,22,7,1,24.08,0.0,57.03,11.0,0.84,37.68,0.0,0,1,24.444444,2
14710,9,23,7,1,24.07,0.0,57.94,4.9,2.76,25.33,0.0,0,1,24.444444,2
14711,9,24,7,1,24.07,0.0,59.99,4.0,0.6,22.32,0.0,0,1,24.444444,2
14712,9,1,1,1,24.07,0.0,60.8,9.1,1.08,29.47,0.0,0,1,24.444444,2
14713,9,2,1,1,24.07,0.0,60.82,9.6,0.36,28.61,0.0,0,1,24.444444,2
14714,9,3,1,1,24.07,0.0,60.84,8.9,0.24,25.45,0.0,0,1,24.444444,2
14715,9,4,1,1,24.07,0.0,61.16,9.1,0.12,23.82,0.0,0,1,24.444444,2
14716,9,5,1,1,24.06,0.0,63.09,3.9,0.12,14.44,0.0,0,1,24.444444,2
14717,9,6,1,1,24.07,0.0,63.97,9.1,3.12,23.74,0.0,0,1,24.444444,2
14718,9,7,1,1,24.06,0.0,64.31,3.9,1.92,20.07,36.7425,0,1,24.444444,2
14719,9,8,1,1,24.06,0.0,64.22,4.6,3.48,28.57,175.324,0,1,24.444444,2
14720,9,9,1,1,24.09,0.02,62.92,4.4,9.72,31.59,359.898,0,1,24.444444,2
14721,9,10,1,1,24.1,0.02,61.49,4.6,18.12,33.83,509.053,0,1,24.444444,2
14722,9,11,1,1,24.11,0.04,59.46,10.3,8.88,42.21,611.088,0,1,24.444444,2
14723,9,12,1,1,24.08,0.0,58.72,4.6,7.2,35.18,664.714,0,1,24.444444,2
14724,9,13,1,1,24.07,0.0,58.8,4.7,2.64,38.66,691.646,0,1,24.444444,2
14725,9,14,1,1,24.16,0.08,57.11,9.2,7.92,47.88,615.404,0,1,24.444444,2
14726,9,15,1,1,24.21,0.13,55.03,10.5,7.2,48.03,314.707,0,1,24.444444,2
14727,9,16,1,1,24.1,0.02,54.79,4.3,1.08,40.78,241.452,0,1,24.444444,2
14728,9,17,1,1,24.23,0.15,53.17,13.4,1.32,46.84,85.9198,0,1,24.444444,2
14729,9,18,1,1,24.11,0.03,53.52,9.5,4.56,39.56,0.0,0,1,24.444444,2
14730,9,19,1,1,24.08,0.01,53.63,10.9,4.2,38.19,0.0,0,1,24.444444,2
14731,9,20,1,1,24.07,0.0,53.68,11.1,2.52,36.14,0.0,0,1,24.444444,2
14732,9,21,1,1,24.07,0.0,53.88,10.5,1.56,33.75,0.0,0,1,24.444444,2
14733,9,22,1,1,24.07,0.0,53.91,11.2,2.04,32.95,0.0,0,1,24.444444,2
14734,9,23,1,1,24.07,0.0,55.4,6.9,0.6,25.13,0.0,0,1,24.444444,2
14735,9,24,1,1,24.07,0.0,57.75,6.5,1.8,24.2,0.0,0,1,24.444444,2
14736,9,1,2,1,24.07,0.0,60.76,3.4,0.36,18.87,0.0,0,1,24.444444,2
14737,9,2,2,1,24.07,0.0,64.2,3.5,0.48,18.5,0.0,0,1,24.444444,2
14738,9,3,2,1,24.07,0.0,66.48,3.7,0.6,17.59,0.0,0,1,24.444444,2
14739,9,4,2,1,24.06,0.0,68.22,3.4,0.6,16.57,0.0,0,1,24.444444,2
14740,9,5,2,1,24.06,0.0,69.46,3.7,1.08,17.25,0.0,0,1,24.444444,2
14741,9,6,2,1,24.05,0.0,70.38,3.9,1.92,18.68,0.0,0,1,24.444444,2
14742,9,7,2,1,24.07,0.0,68.97,6.7,6.6,31.12,39.365,0,1,24.444444,2
14743,9,8,2,1,24.14,0.06,66.12,7.1,5.04,34.81,177.667,0,1,24.444444,2
14744,9,9,2,1,24.22,0.15,63.63,6.7,16.08,36.22,365.462,0,1,24.444444,2
14745,9,10,2,1,24.17,0.1,62.32,4.3,8.04,35.57,523.062,0,1,24.444444,2
14746,9,11,2,1,24.18,0.11,60.27,10.1,1.56,43.9,642.984,0,1,24.444444,2
14747,9,12,2,1,24.14,0.06,59.05,7.7,5.28,41.74,700.933,0,1,24.444444,2
14748,9,13,2,1,24.19,0.12,56.92,9.5,3.24,44.59,705.649,0,1,24.444444,2
14749,9,14,2,1,24.2,0.13,54.45,8.8,1.56,46.49,672.263,0,1,24.444444,2
14750,9,15,2,1,24.2,0.13,52.21,9.6,2.52,49.36,592.213,0,1,24.444444,2
14751,9,16,2,1,24.23,0.16,51.0,11.2,2.52,50.3,471.431,0,1,24.444444,2
14752,9,17,2,1,24.15,0.07,50.97,8.9,1.32,47.83,294.909,0,1,24.444444,2
14753,9,18,2,1,24.12,0.04,51.62,11.4,3.84,47.94,100.392,0,1,24.444444,2
14754,9,19,2,1,24.09,0.02,52.81,10.5,4.32,40.64,0.0,0,1,24.444444,2
14755,9,20,2,1,24.08,0.01,53.61,10.7,3.12,38.98,0.0,0,1,24.444444,2
14756,9,21,2,1,24.08,0.0,54.44,10.9,1.32,37.81,0.0,0,1,24.444444,2
14757,9,22,2,1,24.08,0.0,54.85,13.2,1.92,39.01,0.0,0,1,24.444444,2
14758,9,23,2,1,24.07,0.0,55.94,7.7,0.72,28.93,0.0,0,1,24.444444,2
14759,9,24,2,1,24.07,0.0,57.55,7.8,0.6,27.3,0.0,0,1,24.444444,2
14760,9,1,3,1,24.07,0.0,59.06,4.1,0.36,20.22,0.0,0,1,24.444444,2
14761,9,2,3,1,24.07,0.0,61.06,5.8,0.48,22.03,0.0,0,1,24.444444,2
14762,9,3,3,1,24.07,0.0,63.3,3.0,0.48,16.52,0.0,0,1,24.444444,2
14763,9,4,3,1,24.07,0.0,65.14,5.0,0.72,18.63,0.0,0,1,24.444444,2
14764,9,5,3,1,24.07,0.0,66.15,5.3,1.32,18.24,0.0,0,1,24.444444,2
14765,9,6,3,1,24.07,0.0,66.78,5.8,3.36,19.24,0.0,0,1,24.444444,2
14766,9,7,3,1,24.07,0.0,65.85,7.4,21.24,29.19,39.0662,0,1,24.444444,2
14767,9,8,3,1,24.16,0.09,63.4,9.3,6.12,35.93,177.36,0,1,24.444444,2
14768,9,9,3,1,24.25,0.18,60.65,8.2,2.28,36.05,360.592,0,1,24.444444,2
14769,9,10,3,1,24.14,0.06,59.74,3.6,2.28,32.54,509.842,0,1,24.444444,2
14770,9,11,3,1,24.13,0.05,57.87,9.3,3.12,41.11,616.146,0,1,24.444444,2
14771,9,12,3,1,24.08,0.01,56.08,6.0,0.84,37.3,666.38,0,1,24.444444,2
14772,9,13,3,1,24.07,0.0,54.89,6.4,5.4,38.32,725.194,0,1,24.444444,2
14773,9,14,3,1,24.08,0.0,53.54,7.9,1.32,43.36,643.675,0,1,24.444444,2
14774,9,15,3,1,24.08,0.01,51.6,9.2,0.72,45.17,369.545,0,1,24.444444,2
14775,9,16,3,1,24.08,0.0,51.04,8.5,1.68,44.38,283.212,0,1,24.444444,2
14776,9,17,3,1,24.08,0.01,51.17,9.3,1.8,46.7,244.553,0,1,24.444444,2
14777,9,18,3,1,24.08,0.0,51.8,8.8,5.28,43.85,97.9508,0,1,24.444444,2
14778,9,19,3,1,24.08,0.0,52.77,10.4,2.16,39.52,0.0,0,1,24.444444,2
14779,9,20,3,1,24.07,0.0,53.41,11.2,3.96,38.45,0.0,0,1,24.444444,2
14780,9,21,3,1,24.07,0.0,54.03,10.6,3.48,36.3,0.0,0,1,24.444444,2
14781,9,22,3,1,24.07,0.0,54.83,11.6,1.2,36.31,0.0,0,1,24.444444,2
14782,9,23,3,1,24.07,0.0,56.66,7.2,4.32,28.13,0.0,0,1,24.444444,2
14783,9,24,3,1,24.07,0.0,58.78,7.4,1.08,27.49,0.0,0,1,24.444444,2
14784,9,1,4,1,24.07,0.0,59.72,9.1,0.24,29.18,0.0,0,1,24.444444,2
14785,9,2,4,1,24.07,0.0,60.36,7.5,0.24,24.81,0.0,0,1,24.444444,2
14786,9,3,4,1,24.07,0.0,61.03,8.2,4.44,24.48,0.0,0,1,24.444444,2
14787,9,4,4,1,24.07,0.0,61.36,8.4,0.48,23.1,0.0,0,1,24.444444,2
14788,9,5,4,1,24.07,0.0,61.69,9.1,1.2,23.76,0.0,0,1,24.444444,2
14789,9,6,4,1,24.07,0.0,61.86,10.4,6.48,26.65,0.0,0,1,24.444444,2
14790,9,7,4,1,24.07,0.0,61.46,8.6,7.2,30.81,38.8786,0,1,24.444444,2
14791,9,8,4,1,24.17,0.09,60.09,10.0,9.6,36.13,176.93,0,1,24.444444,2
14792,9,9,4,1,24.26,0.18,58.69,8.4,7.08,36.06,358.491,0,1,24.444444,2
14793,9,10,4,1,24.28,0.2,57.41,9.5,7.08,39.41,505.797,0,1,24.444444,2
14794,9,11,4,1,24.14,0.07,56.34,9.2,2.88,39.74,408.381,0,1,24.444444,2
14795,9,12,4,1,24.08,0.01,55.49,9.4,1.92,38.68,299.232,0,1,24.444444,2
14796,9,13,4,1,24.07,0.0,55.13,7.4,1.56,33.23,172.723,0,1,24.444444,2
14797,9,14,4,1,24.07,0.0,54.33,8.2,2.64,36.24,291.899,0,1,24.444444,2
14798,9,15,4,1,24.07,0.0,53.63,9.2,1.44,38.36,349.812,0,1,24.444444,2
14799,9,16,4,1,24.07,0.0,53.67,7.9,0.72,35.46,225.616,0,1,24.444444,2
14800,9,17,4,1,24.07,0.0,54.37,8.0,1.32,35.67,172.396,0,1,24.444444,2
14801,9,18,4,1,24.07,0.0,54.69,10.0,2.52,37.13,55.1081,0,1,24.444444,2
14802,9,19,4,1,24.07,0.0,54.78,10.3,2.88,34.33,0.0,0,1,24.444444,2
14803,9,20,4,1,24.07,0.0,54.98,11.8,2.52,34.66,0.0,0,1,24.444444,2
14804,9,21,4,1,24.07,0.0,55.61,11.6,1.68,33.15,0.0,0,1,24.444444,2
14805,9,22,4,1,24.07,0.0,57.19,9.2,2.4,28.62,0.0,0,1,24.444444,2
14806,9,23,4,1,24.07,0.0,58.4,11.6,0.72,31.13,0.0,0,1,24.444444,2
14807,9,24,4,1,24.07,0.0,59.89,7.0,0.6,23.01,0.0,0,1,24.444444,2
14808,9,1,5,1,24.07,0.0,61.05,10.6,2.76,28.39,0.0,0,1,24.444444,2
14809,9,2,5,1,24.07,0.0,61.63,9.8,0.12,25.58,0.0,0,1,24.444444,2
14810,9,3,5,1,24.07,0.0,61.84,11.6,0.24,28.28,0.0,0,1,24.444444,2
14811,9,4,5,1,24.07,0.0,62.15,11.4,0.24,27.78,0.0,0,1,24.444444,2
14812,9,5,5,1,24.07,0.0,63.11,9.4,0.84,23.68,0.0,0,1,24.444444,2
14813,9,6,5,1,24.07,0.0,63.89,10.5,3.96,25.74,0.0,0,1,24.444444,2
14814,9,7,5,1,24.07,0.0,63.83,7.8,6.84,26.31,38.7391,0,1,24.444444,2
14815,9,8,5,1,24.07,0.0,62.66,10.1,8.4,32.82,171.953,0,1,24.444444,2
14816,9,9,5,1,24.07,0.0,61.73,9.6,10.68,31.14,234.804,0,1,24.444444,2
14817,9,10,5,1,24.07,0.0,61.57,9.3,4.92,29.87,353.196,0,1,24.444444,2
14818,9,11,5,1,24.07,0.0,62.15,8.3,2.28,22.21,84.4027,0,1,24.444444,2
14819,9,12,5,1,24.07,0.0,62.33,10.1,0.6,26.06,163.597,0,1,24.444444,2
14820,9,13,5,1,24.07,0.0,61.73,7.2,1.2,25.86,434.345,0,1,24.444444,2
14821,9,14,5,1,24.07,0.0,60.46,9.6,0.84,31.77,359.739,0,1,24.444444,2
14822,9,15,5,1,24.07,0.0,58.96,9.1,1.56,32.48,262.346,0,1,24.444444,2
14823,9,16,5,1,24.07,0.0,57.51,8.0,1.08,33.75,347.104,0,1,24.444444,2
14824,9,17,5,1,24.07,0.0,56.93,8.6,2.04,30.31,137.818,0,1,24.444444,2
14825,9,18,5,1,24.07,0.0,57.51,8.6,2.16,28.9,23.397,0,1,24.444444,2
14826,9,19,5,1,24.07,0.0,58.25,10.6,2.88,30.88,0.0,0,1,24.444444,2
14827,9,20,5,1,24.07,0.0,59.01,11.6,5.16,31.09,0.0,0,1,24.444444,2
14828,9,21,5,1,24.07,0.0,59.25,12.5,4.44,30.78,0.0,0,1,24.444444,2
14829,9,22,5,1,24.07,0.0,58.9,10.6,4.08,25.9,0.0,0,1,24.444444,2
14830,9,23,5,1,24.07,0.0,59.16,10.1,1.2,24.01,0.0,0,1,24.444444,2
14831,9,24,5,1,24.07,0.0,59.06,12.1,0.48,26.69,0.0,0,1,24.444444,2
14832,9,1,6,1,24.07,0.0,59.94,7.5,0.36,18.94,0.0,0,1,24.444444,2
14833,9,2,6,1,24.07,0.0,62.55,5.7,0.0,15.98,0.0,0,1,24.444444,2
14834,9,3,6,1,24.04,0.0,65.36,3.7,0.48,13.06,0.0,0,1,24.444444,2
14835,9,4,6,1,24.03,0.0,67.95,3.7,0.36,13.09,0.0,0,1,24.444444,2
14836,9,5,6,1,24.06,0.0,67.91,9.0,0.36,20.42,0.0,0,1,24.444444,2
14837,9,6,6,1,24.06,0.0,66.14,10.4,10.56,20.94,0.0,0,1,24.444444,2
14838,9,7,6,1,24.05,0.0,65.86,7.8,16.56,15.79,8.62906,0,1,24.444444,2
14839,9,8,6,1,24.06,0.0,65.54,10.5,22.08,20.0,61.6746,0,1,24.444444,2
14840,9,9,6,1,24.06,0.0,65.01,9.3,3.48,19.25,110.364,0,1,24.444444,2
14841,9,10,6,1,24.07,0.0,63.9,11.7,5.04,23.75,172.455,0,1,24.444444,2
14842,9,11,6,1,24.07,0.0,63.47,10.0,2.04,20.2,80.3462,0,1,24.444444,2
14843,9,12,6,1,24.07,0.0,63.47,9.4,3.48,19.0,87.2925,0,1,24.444444,2
14844,9,13,6,1,24.06,0.0,64.3,7.5,8.76,16.21,100.219,0,1,24.444444,2
14845,9,14,6,1,24.06,0.0,64.47,9.0,1.8,19.95,144.967,0,1,24.444444,2
14846,9,15,6,1,24.07,0.0,64.01,10.7,2.28,23.04,125.157,0,1,24.444444,2
14847,9,16,6,1,24.07,0.0,63.31,10.9,1.08,24.68,139.617,0,1,24.444444,2
14848,9,17,6,1,24.07,0.0,62.21,13.0,3.12,28.6,109.789,0,1,24.444444,2
14849,9,18,6,1,24.07,0.0,62.32,8.5,3.24,20.4,4.54923,0,1,24.444444,2
14850,9,19,6,1,24.07,0.0,63.18,8.9,3.0,20.69,0.0,0,1,24.444444,2
14851,9,20,6,1,24.07,0.0,63.78,8.3,2.4,19.06,0.0,0,1,24.444444,2
14852,9,21,6,1,24.07,0.0,63.59,10.8,2.04,23.16,0.0,0,1,24.444444,2
14853,9,22,6,1,24.07,0.0,62.1,14.1,2.88,28.16,0.0,0,1,24.444444,2
14854,9,23,6,1,24.07,0.0,60.66,14.0,0.96,26.51,0.0,0,1,24.444444,2
14855,9,24,6,1,24.03,0.0,63.1,4.2,0.84,11.1,0.0,0,1,24.444444,2
14856,9,1,7,1,24.07,0.0,63.66,10.4,0.24,20.91,0.0,0,1,24.444444,2
14857,9,2,7,1,24.0,0.0,65.67,3.2,0.36,9.88,0.0,0,1,24.444444,2
14858,9,3,7,1,23.97,0.0,69.31,3.3,0.48,10.24,0.0,0,1,24.444444,2
14859,9,4,7,1,23.99,0.0,71.12,5.2,0.48,12.91,0.0,0,1,24.444444,2
14860,9,5,7,1,23.95,0.0,72.6,3.5,0.72,10.46,0.0,0,1,24.444444,2
14861,9,6,7,1,23.95,0.0,73.38,4.0,3.48,11.16,0.0,0,1,24.444444,2
14862,9,7,7,1,23.99,0.0,72.49,5.9,6.24,14.96,16.2802,0,1,24.444444,2
14863,9,8,7,1,23.98,0.0,71.3,4.2,9.84,14.27,135.889,0,1,24.444444,2
14864,9,9,7,1,24.01,0.0,68.9,5.5,13.2,18.02,204.841,0,1,24.444444,2
14865,9,10,7,1,24.04,0.0,65.13,7.1,2.16,24.66,378.716,0,1,24.444444,2
14866,9,11,7,1,24.05,0.0,62.05,5.6,2.88,24.39,497.955,0,1,24.444444,2
14867,9,12,7,1,24.07,0.0,59.53,7.0,5.4,28.87,574.544,0,1,24.444444,2
14868,9,13,7,1,24.07,0.0,57.08,11.1,3.24,37.21,577.696,0,1,24.444444,2
14869,9,14,7,1,24.07,0.0,54.03,9.4,10.68,36.34,566.807,0,1,24.444444,2
14870,9,15,7,1,24.07,0.0,50.99,11.9,6.48,41.42,526.62,0,1,24.444444,2
14871,9,16,7,1,24.07,0.0,48.03,15.0,5.64,44.89,376.805,0,1,24.444444,2
14872,9,17,7,1,24.07,0.0,46.18,9.2,2.52,36.08,236.985,0,1,24.444444,2
14873,9,18,7,1,24.07,0.0,45.07,10.5,7.08,35.41,94.5386,0,1,24.444444,2
14874,9,19,7,1,24.08,0.0,44.65,8.6,3.48,27.22,0.0,0,1,24.444444,2
14875,9,20,7,1,24.07,0.0,44.95,5.6,0.6,21.34,0.0,0,1,24.444444,2
14876,9,21,7,1,24.07,0.0,45.14,7.1,2.88,21.77,0.0,0,1,24.444444,2
14877,9,22,7,1,24.07,0.0,44.53,11.7,2.64,25.67,0.0,0,1,24.444444,2
14878,9,23,7,1,24.07,0.0,44.56,5.5,2.4,16.01,0.0,0,1,24.444444,2
14879,9,24,7,1,24.06,0.0,45.04,3.4,0.84,11.81,0.0,0,1,24.444444,2
14880,9,1,1,1,24.07,0.0,44.25,9.0,4.44,16.88,0.0,0,1,24.444444,2
14881,9,2,1,1,24.07,0.0,43.33,9.1,0.6,14.85,0.0,0,1,24.444444,2
14882,9,3,1,1,24.07,0.0,42.98,9.5,0.84,13.49,0.0,0,1,24.444444,2
14883,9,4,1,1,24.06,0.0,42.7,9.6,0.48,12.09,0.0,0,1,24.444444,2
14884,9,5,1,1,23.86,0.0,43.56,3.3,4.32,5.21,0.0,0,1,24.444444,2
14885,9,6,1,1,23.98,0.0,43.6,9.3,2.16,9.86,0.0,0,1,24.444444,2
14886,9,7,1,1,23.9,0.0,44.18,4.1,3.36,9.91,41.8155,0,1,24.444444,2
14887,9,8,1,1,23.85,0.0,44.48,3.9,4.8,13.24,197.229,0,1,24.444444,2
14888,9,9,1,1,23.86,0.0,44.14,3.8,6.36,15.09,402.021,0,1,24.444444,2
14889,9,10,1,1,23.95,0.0,43.53,5.8,16.44,17.27,575.689,0,1,24.444444,2
14890,9,11,1,1,24.04,0.0,42.65,9.7,9.96,21.06,690.799,0,1,24.444444,2
14891,9,12,1,1,24.06,0.0,41.64,5.1,5.4,16.63,745.422,0,1,24.444444,2
14892,9,13,1,1,24.07,0.0,40.83,4.9,3.12,17.87,779.298,0,1,24.444444,2
14893,9,14,1,1,24.07,0.0,39.6,9.2,4.92,25.96,726.565,0,1,24.444444,2
14894,9,15,1,1,24.07,0.0,38.5,9.4,3.48,29.54,630.239,0,1,24.444444,2
14895,9,16,1,1,24.08,0.0,37.89,6.6,5.52,28.11,493.037,0,1,24.444444,2
14896,9,17,1,1,24.08,0.0,37.72,9.9,0.96,31.59,307.003,0,1,24.444444,2
14897,9,18,1,1,24.08,0.0,37.84,10.3,6.0,28.83,95.9563,0,1,24.444444,2
14898,9,19,1,1,24.08,0.0,37.96,13.1,4.68,26.42,0.0,0,1,24.444444,2
14899,9,20,1,1,24.08,0.0,38.34,13.2,2.04,24.37,0.0,0,1,24.444444,2
14900,9,21,1,1,24.08,0.0,39.07,14.4,2.28,24.18,0.0,0,1,24.444444,2
14901,9,22,1,1,24.07,0.0,40.15,12.9,2.4,20.94,0.0,0,1,24.444444,2
14902,9,23,1,1,24.07,0.0,41.84,6.7,0.96,11.28,0.0,0,1,24.444444,2
14903,9,24,1,1,23.94,0.0,44.18,3.8,0.84,6.81,0.0,0,1,24.444444,2
14904,9,1,2,1,23.82,0.0,46.25,3.5,0.48,5.43,0.0,0,1,24.444444,2
14905,9,2,2,1,23.67,0.0,48.13,3.4,0.12,4.13,0.0,0,1,24.444444,2
14906,9,3,2,1,23.56,0.0,49.91,3.4,0.12,3.49,0.0,0,1,24.444444,2
14907,9,4,2,1,23.54,0.0,51.14,3.3,0.36,3.51,0.0,0,1,24.444444,2
14908,9,5,2,1,23.53,0.0,51.84,3.3,1.2,3.46,0.0,0,1,24.444444,2
14909,9,6,2,1,23.72,0.0,51.73,9.3,1.68,8.19,0.0,0,1,24.444444,2
14910,9,7,2,1,23.82,0.0,51.4,7.6,7.32,12.33,40.8396,0,1,24.444444,2
14911,9,8,2,1,23.83,0.0,50.89,6.0,8.16,15.77,191.873,0,1,24.444444,2
14912,9,9,2,1,23.89,0.0,49.92,6.5,8.4,18.76,388.5,0,1,24.444444,2
14913,9,10,2,1,24.02,0.0,49.46,10.1,5.52,24.82,557.374,0,1,24.444444,2
14914,9,11,2,1,24.07,0.0,49.31,11.5,4.44,27.78,662.63,0,1,24.444444,2
14915,9,12,2,1,24.07,0.0,49.94,3.9,4.68,19.89,714.317,0,1,24.444444,2
14916,9,13,2,1,24.07,0.0,50.25,6.2,5.4,26.18,727.711,0,1,24.444444,2
14917,9,14,2,1,24.07,0.0,49.53,8.3,4.56,33.37,678.154,0,1,24.444444,2
14918,9,15,2,1,24.07,0.0,48.73,10.0,2.76,39.9,621.72,0,1,24.444444,2
14919,9,16,2,1,24.08,0.0,47.95,13.6,1.44,45.63,458.837,0,1,24.444444,2
14920,9,17,2,1,24.07,0.0,47.32,9.2,1.2,38.0,231.197,0,1,24.444444,2
14921,9,18,2,1,24.07,0.0,47.55,9.6,2.28,36.14,82.7833,0,1,24.444444,2
14922,9,19,2,1,24.07,0.0,47.72,14.0,3.6,36.38,0.0,0,1,24.444444,2
14923,9,20,2,1,24.07,0.0,48.57,9.4,5.64,28.69,0.0,0,1,24.444444,2
14924,9,21,2,1,24.07,0.0,49.85,10.4,1.32,29.13,0.0,0,1,24.444444,2
14925,9,22,2,1,24.07,0.0,50.29,14.2,4.56,33.03,0.0,0,1,24.444444,2
14926,9,23,2,1,24.07,0.0,50.8,9.9,1.56,25.86,0.0,0,1,24.444444,2
14927,9,24,2,1,24.07,0.0,52.68,3.8,0.48,16.33,0.0,0,1,24.444444,2
14928,9,1,3,1,24.07,0.0,54.72,4.2,0.36,16.35,0.0,0,1,24.444444,2
14929,9,2,3,1,24.07,0.0,55.8,4.0,0.72,15.07,0.0,0,1,24.444444,2
14930,9,3,3,1,24.06,0.0,56.5,3.8,0.6,13.45,0.0,0,1,24.444444,2
14931,9,4,3,1,24.05,0.0,57.52,3.8,3.24,12.47,0.0,0,1,24.444444,2
14932,9,5,3,1,24.05,0.0,58.35,5.2,1.2,14.11,0.0,0,1,24.444444,2
14933,9,6,3,1,24.02,0.0,59.54,3.0,1.92,11.11,0.0,0,1,24.444444,2
14934,9,7,3,1,24.05,0.0,59.42,8.3,21.48,22.05,37.1275,0,1,24.444444,2
14935,9,8,3,1,24.07,0.0,58.2,8.9,6.36,24.59,152.208,0,1,24.444444,2
14936,9,9,3,1,24.07,0.0,57.58,8.3,6.0,26.78,287.137,0,1,24.444444,2
14937,9,10,3,1,24.07,0.0,58.46,4.0,4.2,24.45,374.319,0,1,24.444444,2
14938,9,11,3,1,24.07,0.0,58.65,8.2,1.92,34.31,468.606,0,1,24.444444,2
14939,9,12,3,1,24.07,0.0,57.89,3.2,0.72,27.42,497.05,0,1,24.444444,2
14940,9,13,3,1,24.07,0.0,56.72,5.8,4.32,33.61,591.842,0,1,24.444444,2
14941,9,14,3,1,24.07,0.0,55.28,8.3,0.6,40.06,646.96,0,1,24.444444,2
14942,9,15,3,1,24.07,0.0,53.77,9.2,0.96,44.23,593.183,0,1,24.444444,2
14943,9,16,3,1,24.07,0.0,52.67,8.8,0.96,44.55,458.072,0,1,24.444444,2
14944,9,17,3,1,24.07,0.0,52.36,8.2,1.32,42.3,278.535,0,1,24.444444,2
14945,9,18,3,1,24.07,0.0,53.15,8.1,5.52,37.77,77.3114,0,1,24.444444,2
14946,9,19,3,1,24.07,0.0,53.92,9.0,2.28,33.71,0.0,0,1,24.444444,2
14947,9,20,3,1,24.07,0.0,53.7,8.1,5.16,30.46,0.0,0,1,24.444444,2
14948,9,21,3,1,24.07,0.0,52.9,9.1,1.8,29.75,0.0,0,1,24.444444,2
14949,9,22,3,1,24.07,0.0,52.59,9.7,1.08,28.33,0.0,0,1,24.444444,2
14950,9,23,3,1,24.07,0.0,53.99,5.9,0.72,21.63,0.0,0,1,24.444444,2
14951,9,24,3,1,24.07,0.0,56.69,4.1,0.72,18.31,0.0,0,1,24.444444,2
14952,9,1,4,1,24.07,0.0,58.71,10.5,0.36,27.45,0.0,0,1,24.444444,2
14953,9,2,4,1,24.07,0.0,60.27,7.3,0.36,21.46,0.0,0,1,24.444444,2
14954,9,3,4,1,24.07,0.0,62.24,8.6,0.24,23.36,0.0,0,1,24.444444,2
14955,9,4,4,1,24.07,0.0,63.89,8.4,0.24,22.74,0.0,0,1,24.444444,2
14956,9,5,4,1,24.07,0.0,64.53,10.8,0.96,26.59,0.0,0,1,24.444444,2
14957,9,6,4,1,24.07,0.0,64.99,9.4,7.44,23.96,0.0,0,1,24.444444,2
14958,9,7,4,1,24.07,0.0,64.07,10.6,8.4,32.44,40.2598,0,1,24.444444,2
14959,9,8,4,1,24.1,0.03,62.23,9.7,11.16,34.23,180.916,0,1,24.444444,2
14960,9,9,4,1,24.16,0.09,59.95,9.2,3.24,35.45,368.739,0,1,24.444444,2
14961,9,10,4,1,24.17,0.1,58.62,8.9,9.72,37.67,521.783,0,1,24.444444,2
14962,9,11,4,1,24.12,0.04,57.63,9.5,1.2,39.71,633.213,0,1,24.444444,2
14963,9,12,4,1,24.09,0.02,56.57,9.9,6.36,40.44,701.813,0,1,24.444444,2
14964,9,13,4,1,24.07,0.0,55.48,7.4,2.28,38.47,722.935,0,1,24.444444,2
14965,9,14,4,1,24.08,0.01,54.81,8.5,1.44,44.4,687.298,0,1,24.444444,2
14966,9,15,4,1,24.1,0.02,53.09,9.1,1.56,48.22,594.191,0,1,24.444444,2
14967,9,16,4,1,24.1,0.03,50.95,7.9,2.04,46.31,450.306,0,1,24.444444,2
14968,9,17,4,1,24.09,0.02,50.21,8.2,3.96,45.19,274.8,0,1,24.444444,2
14969,9,18,4,1,24.07,0.0,50.81,9.6,4.2,42.59,74.7372,0,1,24.444444,2
14970,9,19,4,1,24.07,0.0,51.66,9.6,5.64,36.89,0.0,0,1,24.444444,2
14971,9,20,4,1,24.07,0.0,52.45,11.0,4.44,37.0,0.0,0,1,24.444444,2
14972,9,21,4,1,24.11,0.04,52.44,17.2,3.6,43.02,0.0,0,1,24.444444,2
14973,9,22,4,1,24.07,0.0,53.09,10.6,3.24,32.0,0.0,0,1,24.444444,2
14974,9,23,4,1,24.07,0.0,53.84,11.9,0.96,32.48,0.0,0,1,24.444444,2
14975,9,24,4,1,24.07,0.0,55.0,9.0,0.24,26.84,0.0,0,1,24.444444,2
14976,9,1,5,1,24.07,0.0,56.48,9.2,0.6,25.89,0.0,0,1,24.444444,2
14977,9,2,5,1,24.07,0.0,58.52,9.6,0.48,25.64,0.0,0,1,24.444444,2
14978,9,3,5,1,24.07,0.0,59.24,12.5,0.48,29.43,0.0,0,1,24.444444,2
14979,9,4,5,1,24.07,0.0,59.81,11.0,0.6,26.2,0.0,0,1,24.444444,2
14980,9,5,5,1,24.07,0.0,61.65,9.1,1.2,23.19,0.0,0,1,24.444444,2
14981,9,6,5,1,24.07,0.0,63.48,9.8,2.76,25.21,0.0,0,1,24.444444,2
14982,9,7,5,1,24.07,0.0,63.45,8.8,20.16,29.5,40.3607,0,1,24.444444,2
14983,9,8,5,1,24.09,0.02,62.2,9.9,13.44,33.98,181.832,0,1,24.444444,2
14984,9,9,5,1,24.14,0.06,60.86,9.4,7.08,35.09,374.278,0,1,24.444444,2
14985,9,10,5,1,24.15,0.07,59.61,10.1,4.68,38.4,533.61,0,1,24.444444,2
14986,9,11,5,1,24.09,0.01,58.97,8.5,1.68,36.99,638.177,0,1,24.444444,2
14987,9,12,5,1,24.07,0.0,58.4,7.7,3.96,37.1,709.778,0,1,24.444444,2
14988,9,13,5,1,24.08,0.01,56.73,9.3,2.4,41.42,716.874,0,1,24.444444,2
14989,9,14,5,1,24.1,0.02,53.75,10.3,1.68,45.2,680.841,0,1,24.444444,2
14990,9,15,5,1,24.08,0.01,51.34,8.8,0.96,45.88,599.891,0,1,24.444444,2
14991,9,16,5,1,24.08,0.0,49.41,7.6,0.96,44.4,457.817,0,1,24.444444,2
14992,9,17,5,1,24.12,0.05,47.92,11.8,3.72,47.63,274.578,0,1,24.444444,2
14993,9,18,5,1,24.08,0.0,48.05,10.4,3.96,41.83,74.4735,0,1,24.444444,2
14994,9,19,5,1,24.08,0.0,48.44,12.6,2.28,38.89,0.0,0,1,24.444444,2
14995,9,20,5,1,24.07,0.0,48.78,12.4,3.0,36.87,0.0,0,1,24.444444,2
14996,9,21,5,1,24.07,0.0,49.38,10.9,1.08,33.4,0.0,0,1,24.444444,2
14997,9,22,5,1,24.07,0.0,50.23,10.2,1.08,30.0,0.0,0,1,24.444444,2
14998,9,23,5,1,24.07,0.0,51.29,9.4,0.6,26.5,0.0,0,1,24.444444,2
14999,9,24,5,1,24.07,0.0,52.02,11.4,0.24,26.84,0.0,0,1,24.444444,2
15000,9,1,6,1,24.07,0.0,53.75,8.2,0.36,21.0,0.0,0,1,24.444444,2
15001,9,2,6,1,24.07,0.0,56.44,5.7,0.36,15.7,0.0,0,1,24.444444,2
15002,9,3,6,1,24.06,0.0,59.5,4.4,0.12,13.36,0.0,0,1,24.444444,2
15003,9,4,6,1,24.05,0.0,61.75,4.1,0.0,13.12,0.0,0,1,24.444444,2
15004,9,5,6,1,24.07,0.0,61.25,9.2,0.36,19.87,0.0,0,1,24.444444,2
15005,9,6,6,1,24.07,0.0,60.08,9.3,5.04,19.23,0.0,0,1,24.444444,2
15006,9,7,6,1,24.06,0.0,59.29,8.0,13.44,23.7,39.6709,0,1,24.444444,2
15007,9,8,6,1,24.09,0.02,58.11,10.3,8.76,31.85,183.273,0,1,24.444444,2
15008,9,9,6,1,24.17,0.1,56.25,10.9,4.56,35.61,370.774,0,1,24.444444,2
15009,9,10,6,1,24.17,0.1,55.04,9.6,5.4,37.01,530.002,0,1,24.444444,2
15010,9,11,6,1,24.16,0.08,53.72,11.0,3.72,39.89,631.428,0,1,24.444444,2
15011,9,12,6,1,24.16,0.08,51.85,9.3,1.56,39.07,695.505,0,1,24.444444,2
15012,9,13,6,1,24.14,0.06,49.79,7.3,4.08,37.99,708.011,0,1,24.444444,2
15013,9,14,6,1,24.16,0.08,47.65,9.4,3.72,43.17,678.888,0,1,24.444444,2
15014,9,15,6,1,24.18,0.11,46.29,9.9,3.96,46.53,584.473,0,1,24.444444,2
15015,9,16,6,1,24.22,0.15,45.58,10.9,0.84,47.98,454.285,0,1,24.444444,2
15016,9,17,6,1,24.24,0.17,45.26,12.3,6.0,48.22,270.658,0,1,24.444444,2
15017,9,18,6,1,24.13,0.06,45.65,11.9,3.96,44.22,70.6949,0,1,24.444444,2
15018,9,19,6,1,24.08,0.0,46.63,8.4,2.4,34.52,0.0,0,1,24.444444,2
15019,9,20,6,1,24.07,0.0,47.55,8.9,1.8,32.77,0.0,0,1,24.444444,2
15020,9,21,6,1,24.07,0.0,48.48,11.9,1.68,34.85,0.0,0,1,24.444444,2
15021,9,22,6,1,24.07,0.0,49.69,12.3,3.36,33.72,0.0,0,1,24.444444,2
15022,9,23,6,1,24.07,0.0,50.94,11.6,1.08,30.74,0.0,0,1,24.444444,2
15023,9,24,6,1,24.07,0.0,52.96,4.1,1.08,18.58,0.0,0,1,24.444444,2
15024,9,1,7,1,24.07,0.0,54.96,4.5,0.6,18.09,0.0,0,1,24.444444,2
15025,9,2,7,1,24.07,0.0,57.07,3.9,0.24,15.52,0.0,0,1,24.444444,2
15026,9,3,7,1,24.05,0.0,59.12,3.1,0.24,12.44,0.0,0,1,24.444444,2
15027,9,4,7,1,24.04,0.0,61.45,4.1,1.32,12.77,0.0,0,1,24.444444,2
15028,9,5,7,1,24.03,0.0,63.26,5.0,0.96,13.32,0.0,0,1,24.444444,2
15029,9,6,7,1,24.02,0.0,65.1,4.4,1.8,12.59,0.0,0,1,24.444444,2
15030,9,7,7,1,24.01,0.0,65.75,3.0,8.76,19.03,39.3889,0,1,24.444444,2
15031,9,8,7,1,24.04,0.0,64.81,4.7,3.24,27.58,182.839,0,1,24.444444,2
15032,9,9,7,1,24.09,0.03,62.14,5.8,15.6,32.05,373.508,0,1,24.444444,2
15033,9,10,7,1,24.11,0.03,59.26,4.3,1.92,32.58,532.549,0,1,24.444444,2
15034,9,11,7,1,24.09,0.01,56.93,4.7,8.64,34.41,630.432,0,1,24.444444,2
15035,9,12,7,1,24.11,0.03,54.71,7.5,5.88,38.78,680.354,0,1,24.444444,2
15036,9,13,7,1,24.26,0.19,51.87,13.0,3.0,45.75,698.546,0,1,24.444444,2
15037,9,14,7,1,24.28,0.21,49.83,9.8,9.24,45.82,655.05,0,1,24.444444,2
15038,9,15,7,1,24.39,0.31,47.88,11.4,5.16,48.96,578.862,0,1,24.444444,2
15039,9,16,7,1,24.42,0.34,46.3,10.2,5.4,48.3,441.79,0,1,24.444444,2
15040,9,17,7,1,24.33,0.25,45.62,9.3,3.84,47.48,264.8,0,1,24.444444,2
15041,9,18,7,1,24.25,0.18,45.48,13.3,3.48,47.48,67.9512,0,1,24.444444,2
15042,9,19,7,1,24.15,0.07,46.28,10.9,7.68,40.51,0.0,0,1,24.444444,2
15043,9,20,7,1,24.09,0.01,47.85,7.0,1.32,34.15,0.0,0,1,24.444444,2
15044,9,21,7,1,24.07,0.0,49.61,6.1,1.44,31.02,0.0,0,1,24.444444,2
15045,9,22,7,1,24.07,0.0,51.42,10.1,0.84,34.23,0.0,0,1,24.444444,2
15046,9,23,7,1,24.07,0.0,54.4,5.1,0.96,25.91,0.0,0,1,24.444444,2
15047,9,24,7,1,24.07,0.0,57.71,5.2,0.48,25.0,0.0,0,1,24.444444,2
15048,9,1,1,1,24.07,0.0,58.87,9.7,0.48,30.33,0.0,0,1,24.444444,2
15049,9,2,1,1,24.07,0.0,59.31,8.9,0.36,26.89,0.0,0,1,24.444444,2
15050,9,3,1,1,24.07,0.0,59.86,9.2,0.36,25.1,0.0,0,1,24.444444,2
15051,9,4,1,1,24.07,0.0,60.2,10.5,0.72,25.94,0.0,0,1,24.444444,2
15052,9,5,1,1,24.06,0.0,62.2,3.6,0.84,13.94,0.0,0,1,24.444444,2
15053,9,6,1,1,24.07,0.0,63.71,9.3,1.08,23.3,0.0,0,1,24.444444,2
15054,9,7,1,1,24.06,0.0,63.62,4.2,3.48,21.52,38.7783,0,1,24.444444,2
15055,9,8,1,1,24.06,0.0,62.88,4.2,3.0,27.1,179.904,0,1,24.444444,2
15056,9,9,1,1,24.12,0.04,60.52,4.8,3.0,32.26,361.652,0,1,24.444444,2
15057,9,10,1,1,24.17,0.09,57.37,5.7,15.0,36.39,510.694,0,1,24.444444,2
15058,9,11,1,1,24.2,0.12,53.47,9.5,6.0,40.79,605.005,0,1,24.444444,2
15059,9,12,1,1,24.15,0.08,51.1,4.9,6.24,36.89,680.298,0,1,24.444444,2
15060,9,13,1,1,24.25,0.17,48.69,8.9,1.56,42.02,673.795,0,1,24.444444,2
15061,9,14,1,1,24.29,0.21,46.53,8.7,1.92,44.66,651.275,0,1,24.444444,2
15062,9,15,1,1,24.41,0.34,44.91,10.3,10.92,47.8,564.434,0,1,24.444444,2
15063,9,16,1,1,24.27,0.19,44.62,4.2,1.92,44.95,439.433,0,1,24.444444,2
15064,9,17,1,1,24.31,0.23,44.52,9.3,3.96,47.75,261.038,0,1,24.444444,2
15065,9,18,1,1,24.16,0.09,46.46,9.2,3.84,45.04,65.8749,0,1,24.444444,2
15066,9,19,1,1,24.23,0.15,47.61,15.5,3.12,46.58,0.0,0,1,24.444444,2
15067,9,20,1,1,24.15,0.08,48.91,11.3,3.24,41.05,0.0,0,1,24.444444,2
15068,9,21,1,1,24.11,0.04,50.56,10.9,1.08,38.86,0.0,0,1,24.444444,2
15069,9,22,1,1,24.08,0.01,52.3,9.9,2.52,35.79,0.0,0,1,24.444444,2
15070,9,23,1,1,24.07,0.0,54.27,4.7,0.96,26.42,0.0,0,1,24.444444,2
15071,9,24,1,1,24.07,0.0,56.75,3.5,1.8,23.04,0.0,0,1,24.444444,2
15072,9,1,2,1,24.07,0.0,58.85,4.1,0.36,22.08,0.0,0,1,24.444444,2
15073,9,2,2,1,24.07,0.0,60.64,4.1,0.48,20.06,0.0,0,1,24.444444,2
15074,9,3,2,1,24.07,0.0,62.55,3.6,0.12,17.55,0.0,0,1,24.444444,2
15075,9,4,2,1,24.07,0.0,64.24,3.1,0.12,15.64,0.0,0,1,24.444444,2
15076,9,5,2,1,24.06,0.0,65.74,3.6,0.84,16.77,0.0,0,1,24.444444,2
15077,9,6,2,1,24.06,0.0,66.14,3.8,1.68,17.5,0.0,0,1,24.444444,2
15078,9,7,2,1,24.07,0.0,65.3,6.7,11.28,22.35,12.8092,0,1,24.444444,2
15079,9,8,2,1,24.07,0.0,62.66,10.1,4.44,26.88,71.2984,0,1,24.444444,2
15080,9,9,2,1,24.07,0.0,60.54,6.8,8.88,19.45,126.204,0,1,24.444444,2
15081,9,10,2,1,24.07,0.0,58.71,10.4,9.72,26.53,161.961,0,1,24.444444,2
15082,9,11,2,1,24.07,0.0,56.62,10.0,7.92,28.7,265.831,0,1,24.444444,2
15083,9,12,2,1,24.07,0.0,55.25,6.0,3.0,24.09,415.261,0,1,24.444444,2
15084,9,13,2,1,24.07,0.0,54.44,6.5,6.96,24.41,226.32,0,1,24.444444,2
15085,9,14,2,1,24.07,0.0,53.14,10.5,5.04,35.0,538.698,0,1,24.444444,2
15086,9,15,2,1,24.07,0.0,52.22,9.4,1.32,34.98,409.793,0,1,24.444444,2
15087,9,16,2,1,24.07,0.0,51.27,8.1,4.44,35.15,391.018,0,1,24.444444,2
15088,9,17,2,1,24.07,0.0,50.36,12.9,3.24,40.53,240.655,0,1,24.444444,2
15089,9,18,2,1,24.07,0.0,50.23,9.2,4.08,31.03,65.6679,0,1,24.444444,2
15090,9,19,2,1,24.07,0.0,50.83,12.5,3.48,31.33,0.0,0,1,24.444444,2
15091,9,20,2,1,24.07,0.0,50.64,15.4,2.64,33.98,0.0,0,1,24.444444,2
15092,9,21,2,1,24.07,0.0,51.43,10.1,1.68,25.96,0.0,0,1,24.444444,2
15093,9,22,2,1,24.07,0.0,52.49,15.6,0.84,32.85,0.0,0,1,24.444444,2
15094,9,23,2,1,24.07,0.0,54.33,6.0,0.36,18.06,0.0,0,1,24.444444,2
15095,9,24,2,1,24.07,0.0,56.38,8.9,0.84,21.16,0.0,0,1,24.444444,2
15096,9,1,3,1,24.05,0.0,58.23,4.1,0.24,12.6,0.0,0,1,24.444444,2
15097,9,2,3,1,24.03,0.0,60.29,4.0,0.36,11.3,0.0,0,1,24.444444,2
15098,9,3,3,1,23.98,0.0,61.54,3.4,0.36,9.41,0.0,0,1,24.444444,2
15099,9,4,3,1,23.96,0.0,62.09,4.3,0.84,9.66,0.0,0,1,24.444444,2
15100,9,5,3,1,23.93,0.0,62.12,4.1,0.96,8.79,0.0,0,1,24.444444,2
15101,9,6,3,1,23.92,0.0,61.81,4.9,2.04,9.58,0.0,0,1,24.444444,2
15102,9,7,3,1,23.99,0.0,60.03,8.3,13.68,19.96,39.4634,0,1,24.444444,2
15103,9,8,3,1,24.03,0.0,57.26,9.5,5.52,25.38,188.903,0,1,24.444444,2
15104,9,9,3,1,24.03,0.0,54.68,5.7,8.04,22.6,389.715,0,1,24.444444,2
15105,9,10,3,1,24.05,0.0,53.21,5.0,3.0,23.67,552.073,0,1,24.444444,2
15106,9,11,3,1,24.07,0.0,52.33,3.9,4.08,23.19,661.813,0,1,24.444444,2
15107,9,12,3,1,24.07,0.0,51.13,5.9,0.48,28.4,711.729,0,1,24.444444,2
15108,9,13,3,1,24.07,0.0,50.26,5.3,1.32,29.48,724.994,0,1,24.444444,2
15109,9,14,3,1,24.07,0.0,49.22,8.4,1.56,37.25,678.117,0,1,24.444444,2
15110,9,15,3,1,24.07,0.0,47.79,9.1,2.52,41.36,589.998,0,1,24.444444,2
15111,9,16,3,1,24.07,0.0,46.78,8.5,0.48,41.31,454.871,0,1,24.444444,2
15112,9,17,3,1,24.07,0.0,46.17,9.3,2.16,40.87,268.419,0,1,24.444444,2
15113,9,18,3,1,24.07,0.0,46.03,8.8,5.16,35.57,65.0844,0,1,24.444444,2
15114,9,19,3,1,24.07,0.0,45.72,10.6,3.48,33.2,0.0,0,1,24.444444,2
15115,9,20,3,1,24.07,0.0,45.56,8.8,2.16,29.24,0.0,0,1,24.444444,2
15116,9,21,3,1,24.07,0.0,45.73,11.4,2.4,31.05,0.0,0,1,24.444444,2
15117,9,22,3,1,24.07,0.0,46.57,9.1,1.44,26.56,0.0,0,1,24.444444,2
15118,9,23,3,1,24.07,0.0,48.25,5.2,0.6,20.88,0.0,0,1,24.444444,2
15119,9,24,3,1,24.07,0.0,50.01,6.0,0.72,21.12,0.0,0,1,24.444444,2
15120,9,1,4,1,24.07,0.0,51.5,9.1,0.72,24.26,0.0,0,1,24.444444,2
15121,9,2,4,1,24.07,0.0,53.02,7.8,0.48,20.93,0.0,0,1,24.444444,2
15122,9,3,4,1,24.07,0.0,55.01,8.6,3.24,21.06,0.0,0,1,24.444444,2
15123,9,4,4,1,24.07,0.0,56.87,8.2,0.48,19.67,0.0,0,1,24.444444,2
15124,9,5,4,1,24.07,0.0,58.21,9.6,1.08,21.24,0.0,0,1,24.444444,2
15125,9,6,4,1,24.07,0.0,59.03,10.2,7.92,22.35,0.0,0,1,24.444444,2
15126,9,7,4,1,24.07,0.0,59.41,9.1,10.32,26.41,38.2971,0,1,24.444444,2
15127,9,8,4,1,24.08,0.0,58.43,10.4,7.68,32.33,184.277,0,1,24.444444,2
15128,9,9,4,1,24.1,0.02,57.38,8.6,8.16,33.16,375.401,0,1,24.444444,2
15129,9,10,4,1,24.12,0.05,56.44,9.4,9.24,37.04,537.072,0,1,24.444444,2
15130,9,11,4,1,24.11,0.03,55.59,9.6,3.96,38.49,642.408,0,1,24.444444,2
15131,9,12,4,1,24.11,0.04,54.85,8.9,3.36,39.24,704.403,0,1,24.444444,2
15132,9,13,4,1,24.12,0.05,54.17,7.3,1.92,39.37,728.015,0,1,24.444444,2
15133,9,14,4,1,24.12,0.05,52.63,8.3,0.84,43.24,675.483,0,1,24.444444,2
15134,9,15,4,1,24.12,0.04,50.86,9.5,1.32,46.76,595.553,0,1,24.444444,2
15135,9,16,4,1,24.1,0.03,49.71,8.1,3.96,45.04,445.183,0,1,24.444444,2
15136,9,17,4,1,24.08,0.01,49.39,9.0,2.88,44.29,257.868,0,1,24.444444,2
15137,9,18,4,1,24.08,0.0,49.32,10.7,1.44,40.53,59.5728,0,1,24.444444,2
15138,9,19,4,1,24.07,0.0,50.01,10.8,3.84,35.49,0.0,0,1,24.444444,2
15139,9,20,4,1,24.08,0.0,50.43,14.7,1.8,38.71,0.0,0,1,24.444444,2
15140,9,21,4,1,24.07,0.0,51.14,10.9,0.72,31.96,0.0,0,1,24.444444,2
15141,9,22,4,1,24.07,0.0,52.46,10.3,0.84,29.56,0.0,0,1,24.444444,2
15142,9,23,4,1,24.07,0.0,54.17,9.9,1.08,28.03,0.0,0,1,24.444444,2
15143,9,24,4,1,24.07,0.0,55.95,8.0,0.36,24.48,0.0,0,1,24.444444,2
15144,9,1,5,1,24.07,0.0,57.49,9.3,1.08,25.73,0.0,0,1,24.444444,2
15145,9,2,5,1,24.07,0.0,58.59,9.4,0.36,24.81,0.0,0,1,24.444444,2
15146,9,3,5,1,24.07,0.0,59.66,10.4,0.6,25.67,0.0,0,1,24.444444,2
15147,9,4,5,1,24.07,0.0,60.28,11.0,0.12,26.12,0.0,0,1,24.444444,2
15148,9,5,5,1,24.07,0.0,61.1,9.1,0.96,22.53,0.0,0,1,24.444444,2
15149,9,6,5,1,24.07,0.0,61.51,10.5,2.88,24.63,0.0,0,1,24.444444,2
15150,9,7,5,1,24.07,0.0,61.29,7.9,19.8,26.0,37.3475,0,1,24.444444,2
15151,9,8,5,1,24.1,0.03,59.33,10.8,8.16,34.75,181.187,0,1,24.444444,2
15152,9,9,5,1,24.15,0.08,56.78,9.5,12.12,35.56,373.114,0,1,24.444444,2
15153,9,10,5,1,24.15,0.08,54.96,9.5,5.52,37.32,535.804,0,1,24.444444,2
15154,9,11,5,1,24.11,0.03,54.19,8.7,2.88,37.06,653.606,0,1,24.444444,2
15155,9,12,5,1,24.09,0.02,53.31,7.8,3.24,37.99,714.669,0,1,24.444444,2
15156,9,13,5,1,24.12,0.04,51.67,8.0,2.76,39.39,716.313,0,1,24.444444,2
15157,9,14,5,1,24.14,0.07,49.96,9.7,2.4,43.82,671.685,0,1,24.444444,2
15158,9,15,5,1,24.13,0.05,48.98,9.3,2.88,46.22,582.6,0,1,24.444444,2
15159,9,16,5,1,24.1,0.02,48.34,7.5,1.08,43.68,438.431,0,1,24.444444,2
15160,9,17,5,1,24.07,0.0,48.1,7.9,2.52,41.39,249.003,0,1,24.444444,2
15161,9,18,5,1,24.07,0.0,48.51,8.7,1.08,37.15,47.0669,0,1,24.444444,2
15162,9,19,5,1,24.07,0.0,49.31,9.5,0.96,34.2,0.0,0,1,24.444444,2
15163,9,20,5,1,24.07,0.0,49.85,11.4,4.2,34.85,0.0,0,1,24.444444,2
15164,9,21,5,1,24.07,0.0,50.24,13.0,1.8,35.37,0.0,0,1,24.444444,2
15165,9,22,5,1,24.07,0.0,50.63,12.5,2.88,32.63,0.0,0,1,24.444444,2
15166,9,23,5,1,24.07,0.0,51.66,9.1,0.72,25.93,0.0,0,1,24.444444,2
15167,9,24,5,1,24.07,0.0,53.01,10.2,1.08,25.9,0.0,0,1,24.444444,2
15168,9,1,6,1,24.07,0.0,54.76,5.4,0.12,17.7,0.0,0,1,24.444444,2
15169,9,2,6,1,24.07,0.0,56.84,5.7,0.48,16.49,0.0,0,1,24.444444,2
15170,9,3,6,1,24.06,0.0,58.99,4.0,0.24,13.21,0.0,0,1,24.444444,2
15171,9,4,6,1,24.07,0.0,59.85,9.3,0.12,21.54,0.0,0,1,24.444444,2
15172,9,5,6,1,24.07,0.0,60.27,8.8,0.12,20.48,0.0,0,1,24.444444,2
15173,9,6,6,1,24.07,0.0,59.89,10.9,11.64,23.6,0.0,0,1,24.444444,2
15174,9,7,6,1,24.07,0.0,59.31,8.1,17.64,22.47,36.5115,0,1,24.444444,2
15175,9,8,6,1,24.07,0.0,58.03,10.9,27.36,31.82,177.121,0,1,24.444444,2
15176,9,9,6,1,24.1,0.02,55.05,12.6,1.44,35.79,357.422,0,1,24.444444,2
15177,9,10,6,1,24.09,0.02,53.13,10.0,0.96,34.47,512.826,0,1,24.444444,2
15178,9,11,6,1,24.08,0.0,51.37,9.8,4.2,35.22,645.176,0,1,24.444444,2
15179,9,12,6,1,24.07,0.0,49.76,9.5,0.96,35.43,707.017,0,1,24.444444,2
15180,9,13,6,1,24.07,0.0,48.49,7.0,7.08,34.06,711.975,0,1,24.444444,2
15181,9,14,6,1,24.08,0.0,47.23,8.6,2.28,40.01,681.519,0,1,24.444444,2
15182,9,15,6,1,24.09,0.02,46.34,10.5,2.28,45.13,585.801,0,1,24.444444,2
15183,9,16,6,1,24.09,0.02,46.0,11.5,1.2,45.72,397.607,0,1,24.444444,2
15184,9,17,6,1,24.08,0.0,46.31,8.7,1.44,39.89,210.373,0,1,24.444444,2
15185,9,18,6,1,24.07,0.0,47.2,8.2,7.08,34.57,45.0472,0,1,24.444444,2
15186,9,19,6,1,24.07,0.0,48.93,8.2,1.32,30.88,0.0,0,1,24.444444,2
15187,9,20,6,1,24.07,0.0,49.47,13.6,2.04,36.26,0.0,0,1,24.444444,2
15188,9,21,6,1,24.07,0.0,49.91,13.1,2.88,33.55,0.0,0,1,24.444444,2
15189,9,22,6,1,24.07,0.0,49.92,18.6,1.08,38.66,0.0,0,1,24.444444,2
15190,9,23,6,1,24.07,0.0,50.77,11.2,0.96,26.61,0.0,0,1,24.444444,2
15191,9,24,6,1,24.07,0.0,53.66,4.5,3.24,15.92,0.0,0,1,24.444444,2
15192,9,1,7,1,24.07,0.0,56.97,3.8,0.48,13.87,0.0,0,1,24.444444,2
15193,9,2,7,1,24.05,0.0,58.89,3.9,0.36,12.6,0.0,0,1,24.444444,2
15194,9,3,7,1,24.02,0.0,61.07,3.5,0.6,10.86,0.0,0,1,24.444444,2
15195,9,4,7,1,24.02,0.0,62.69,4.7,0.12,12.09,0.0,0,1,24.444444,2
15196,9,5,7,1,24.02,0.0,63.53,5.4,0.84,12.4,0.0,0,1,24.444444,2
15197,9,6,7,1,23.98,0.0,64.5,4.2,4.08,10.31,0.0,0,1,24.444444,2
15198,9,7,7,1,24.02,0.0,63.86,7.4,8.88,20.84,37.7634,0,1,24.444444,2
15199,9,8,7,1,24.02,0.0,63.34,4.2,8.76,20.35,159.659,0,1,24.444444,2
15200,9,9,7,1,24.04,0.0,62.98,5.6,20.16,25.18,305.442,0,1,24.444444,2
15201,9,10,7,1,24.05,0.0,62.47,4.3,9.48,22.31,299.438,0,1,24.444444,2
15202,9,11,7,1,24.06,0.0,61.37,5.5,2.28,25.05,317.492,0,1,24.444444,2
15203,9,12,7,1,24.07,0.0,59.14,8.6,1.08,29.83,274.838,0,1,24.444444,2
15204,9,13,7,1,24.07,0.0,57.01,10.0,2.28,31.42,193.935,0,1,24.444444,2
15205,9,14,7,1,24.07,0.0,55.62,8.8,12.6,32.04,279.386,0,1,24.444444,2
15206,9,15,7,1,24.07,0.0,54.04,9.1,4.2,33.14,279.567,0,1,24.444444,2
15207,9,16,7,1,24.07,0.0,52.36,10.7,7.56,32.7,163.587,0,1,24.444444,2
15208,9,17,7,1,24.07,0.0,52.1,8.8,2.4,27.97,72.4342,0,1,24.444444,2
15209,9,18,7,1,24.07,0.0,52.98,7.0,1.56,25.01,11.6063,0,1,24.444444,2
15210,9,19,7,1,24.07,0.0,53.27,9.1,5.52,26.98,0.0,0,1,24.444444,2
15211,9,20,7,1,24.07,0.0,54.41,7.0,2.04,23.28,0.0,0,1,24.444444,2
15212,9,21,7,1,24.07,0.0,56.22,6.1,1.32,21.91,0.0,0,1,24.444444,2
15213,9,22,7,1,24.07,0.0,56.74,11.1,1.8,29.04,0.0,0,1,24.444444,2
15214,9,23,7,1,24.07,0.0,57.98,5.0,1.92,19.11,0.0,0,1,24.444444,2
15215,9,24,7,1,24.07,0.0,60.27,3.7,0.48,16.59,0.0,0,1,24.444444,2
15216,9,1,1,1,24.07,0.0,60.69,9.0,0.6,24.59,0.0,0,1,24.444444,2
15217,9,2,1,1,24.07,0.0,59.93,9.2,0.36,23.86,0.0,0,1,24.444444,2
15218,9,3,1,1,24.07,0.0,59.71,9.2,0.36,23.2,0.0,0,1,24.444444,2
15219,9,4,1,1,24.07,0.0,60.23,9.1,0.12,22.6,0.0,0,1,24.444444,2
15220,9,5,1,1,24.05,0.0,62.22,3.4,0.48,13.02,0.0,0,1,24.444444,2
15221,9,6,1,1,24.07,0.0,62.58,9.1,1.56,21.95,0.0,0,1,24.444444,2
15222,9,7,1,1,24.04,0.0,64.32,3.5,5.52,12.39,4.76695,0,1,24.444444,2
15223,9,8,1,1,24.0,0.0,66.74,3.7,2.52,10.73,12.5909,0,1,24.444444,2
15224,9,9,1,1,23.95,0.0,67.66,4.2,11.4,9.4,25.048,0,1,24.444444,2
15225,9,10,1,1,23.92,0.0,68.09,4.7,12.72,9.13,49.3231,0,1,24.444444,2
15226,9,11,1,1,24.01,0.0,66.36,9.9,4.32,15.96,53.5756,0,1,24.444444,2
15227,9,12,1,1,23.98,0.0,65.17,6.1,3.72,11.09,67.5691,0,1,24.444444,2
15228,9,13,1,1,23.97,0.0,67.08,4.3,4.08,11.78,115.731,0,1,24.444444,2
15229,9,14,1,1,24.05,0.0,65.46,10.7,2.16,28.8,417.8,0,1,24.444444,2
15230,9,15,1,1,24.07,0.0,61.01,10.3,5.88,33.22,551.044,0,1,24.444444,2
15231,9,16,1,1,24.07,0.0,59.64,7.8,11.4,25.85,238.434,0,1,24.444444,2
15232,9,17,1,1,24.07,0.0,59.12,12.8,2.52,31.15,82.3047,0,1,24.444444,2
15233,9,18,1,1,24.07,0.0,59.06,10.1,5.04,26.06,18.2215,0,1,24.444444,2
15234,9,19,1,1,24.07,0.0,57.94,16.5,4.44,34.84,0.0,0,1,24.444444,2
15235,9,20,1,1,24.07,0.0,57.55,10.8,2.28,25.18,0.0,0,1,24.444444,2
15236,9,21,1,1,24.07,0.0,58.61,10.6,2.76,24.81,0.0,0,1,24.444444,2
15237,9,22,1,1,24.07,0.0,59.0,12.9,2.76,27.94,0.0,0,1,24.444444,2
15238,9,23,1,1,24.06,0.0,61.31,5.0,1.8,14.82,0.0,0,1,24.444444,2
15239,9,24,1,1,24.06,0.0,64.41,6.5,0.36,17.9,0.0,0,1,24.444444,2
15240,9,1,2,1,24.05,0.0,66.59,4.0,0.24,14.32,0.0,0,1,24.444444,2
15241,9,2,2,1,24.03,0.0,68.87,3.6,0.24,13.25,0.0,0,1,24.444444,2
15242,9,3,2,1,24.01,0.0,70.96,3.6,0.24,12.57,0.0,0,1,24.444444,2
15243,9,4,2,1,23.99,0.0,72.99,3.2,0.48,12.13,0.0,0,1,24.444444,2
15244,9,5,2,1,23.99,0.0,73.67,3.6,0.6,12.89,0.0,0,1,24.444444,2
15245,9,6,2,1,23.99,0.0,73.74,4.1,1.2,14.16,0.0,0,1,24.444444,2
15246,9,7,2,1,24.02,0.0,71.56,6.5,6.48,23.7,35.1185,0,1,24.444444,2
15247,9,8,2,1,24.05,0.0,67.45,10.1,4.92,29.75,156.583,0,1,24.444444,2
15248,9,9,2,1,24.06,0.0,64.21,9.3,12.24,25.74,202.636,0,1,24.444444,2
15249,9,10,2,1,24.05,0.0,62.85,4.1,8.52,21.25,322.679,0,1,24.444444,2
15250,9,11,2,1,24.07,0.0,60.55,13.6,4.44,39.27,400.453,0,1,24.444444,2
15251,9,12,2,1,24.07,0.0,59.54,5.9,4.08,25.62,302.96,0,1,24.444444,2
15252,9,13,2,1,24.07,0.0,58.83,8.1,3.6,28.75,195.313,0,1,24.444444,2
15253,9,14,2,1,24.07,0.0,57.15,11.1,2.52,37.83,459.194,0,1,24.444444,2
15254,9,15,2,1,24.07,0.0,55.18,12.8,0.84,41.63,460.457,0,1,24.444444,2
15255,9,16,2,1,24.07,0.0,54.43,8.5,1.56,31.16,216.05,0,1,24.444444,2
15256,9,17,2,1,24.07,0.0,54.7,12.4,2.28,33.57,11.5732,0,1,24.444444,2
15257,9,18,2,1,24.07,0.0,55.63,9.1,5.64,28.87,0.0,0,1,24.444444,2
15258,9,19,2,1,24.07,0.0,56.54,10.0,5.04,29.1,0.0,0,1,24.444444,2
15259,9,20,2,1,24.07,0.0,58.05,9.7,8.52,27.57,0.0,0,1,24.444444,2
15260,9,21,2,1,24.07,0.0,58.5,13.9,0.96,34.05,0.0,0,1,24.444444,2
15261,9,22,2,1,24.07,0.0,58.03,14.8,3.96,34.46,0.0,0,1,24.444444,2
15262,9,23,2,1,24.07,0.0,60.05,5.1,0.84,18.59,0.0,0,1,24.444444,2
15263,9,24,2,1,24.07,0.0,62.49,7.6,0.6,22.82,0.0,0,1,24.444444,2
15264,9,1,3,1,24.06,0.0,64.5,3.9,0.12,16.24,0.0,0,1,24.444444,2
15265,9,2,3,1,24.07,0.0,65.8,6.1,0.6,19.24,0.0,0,1,24.444444,2
15266,9,3,3,1,24.05,0.0,66.81,3.9,0.48,14.85,0.0,0,1,24.444444,2
15267,9,4,3,1,24.04,0.0,68.4,3.6,0.6,14.2,0.0,0,1,24.444444,2
15268,9,5,3,1,24.03,0.0,69.63,3.7,1.32,14.19,0.0,0,1,24.444444,2
15269,9,6,3,1,24.03,0.0,70.33,4.1,2.28,15.26,0.0,0,1,24.444444,2
15270,9,7,3,1,24.04,0.0,68.94,6.1,17.16,24.29,35.1562,0,1,24.444444,2
15271,9,8,3,1,24.06,0.0,65.66,9.1,5.28,30.66,162.813,0,1,24.444444,2
15272,9,9,3,1,24.07,0.0,63.67,5.8,4.08,26.71,285.891,0,1,24.444444,2
15273,9,10,3,1,24.07,0.0,62.33,3.8,1.92,28.54,526.792,0,1,24.444444,2
15274,9,11,3,1,24.07,0.0,59.72,8.7,0.36,37.26,617.941,0,1,24.444444,2
15275,9,12,3,1,24.07,0.0,58.01,6.3,0.48,35.25,693.664,0,1,24.444444,2
15276,9,13,3,1,24.08,0.0,56.86,6.4,1.68,38.05,697.226,0,1,24.444444,2
15277,9,14,3,1,24.09,0.02,54.47,8.3,1.08,43.81,655.504,0,1,24.444444,2
15278,9,15,3,1,24.14,0.07,51.69,10.3,1.08,48.29,555.439,0,1,24.444444,2
15279,9,16,3,1,24.14,0.07,50.21,8.3,0.84,46.01,417.003,0,1,24.444444,2
15280,9,17,3,1,24.1,0.03,49.68,8.3,2.4,44.11,236.798,0,1,24.444444,2
15281,9,18,3,1,24.08,0.0,49.56,9.7,8.52,39.7,46.8647,0,1,24.444444,2
15282,9,19,3,1,24.07,0.0,50.55,7.3,1.68,32.08,0.0,0,1,24.444444,2
15283,9,20,3,1,24.07,0.0,51.63,8.0,3.84,31.95,0.0,0,1,24.444444,2
15284,9,21,3,1,24.07,0.0,52.92,9.6,1.56,32.43,0.0,0,1,24.444444,2
15285,9,22,3,1,24.07,0.0,54.79,10.4,0.96,32.03,0.0,0,1,24.444444,2
15286,9,23,3,1,24.07,0.0,56.42,5.7,1.68,23.36,0.0,0,1,24.444444,2
15287,9,24,3,1,24.07,0.0,58.49,4.1,0.96,19.27,0.0,0,1,24.444444,2
15288,9,1,4,1,24.07,0.0,58.73,10.1,0.24,27.39,0.0,0,1,24.444444,2
15289,9,2,4,1,24.07,0.0,59.21,7.9,0.48,22.95,0.0,0,1,24.444444,2
15290,9,3,4,1,24.07,0.0,60.78,8.5,0.72,23.58,0.0,0,1,24.444444,2
15291,9,4,4,1,24.07,0.0,61.37,9.0,0.72,23.63,0.0,0,1,24.444444,2
15292,9,5,4,1,24.07,0.0,61.22,10.5,0.96,24.88,0.0,0,1,24.444444,2
15293,9,6,4,1,24.07,0.0,61.27,8.9,4.92,22.1,0.0,0,1,24.444444,2
15294,9,7,4,1,24.07,0.0,60.82,9.2,5.4,27.79,34.2066,0,1,24.444444,2
15295,9,8,4,1,24.08,0.01,59.81,9.2,10.92,32.38,177.189,0,1,24.444444,2
15296,9,9,4,1,24.12,0.04,57.89,9.1,3.12,34.77,367.851,0,1,24.444444,2
15297,9,10,4,1,24.13,0.06,56.17,9.7,2.4,37.42,526.721,0,1,24.444444,2
15298,9,11,4,1,24.1,0.03,54.99,9.0,1.56,37.12,627.676,0,1,24.444444,2
15299,9,12,4,1,24.1,0.02,53.74,9.4,1.8,38.65,683.764,0,1,24.444444,2
15300,9,13,4,1,24.1,0.02,52.89,7.2,1.32,38.05,688.618,0,1,24.444444,2
15301,9,14,4,1,24.11,0.04,52.06,8.2,2.04,43.19,649.125,0,1,24.444444,2
15302,9,15,4,1,24.14,0.06,50.68,9.1,1.32,47.08,566.693,0,1,24.444444,2
15303,9,16,4,1,24.13,0.05,49.66,7.6,3.36,45.5,424.659,0,1,24.444444,2
15304,9,17,4,1,24.1,0.02,49.26,8.4,3.72,44.52,232.634,0,1,24.444444,2
15305,9,18,4,1,24.09,0.01,49.29,10.9,8.88,42.46,44.4202,0,1,24.444444,2
15306,9,19,4,1,24.08,0.0,50.23,8.5,1.32,35.86,0.0,0,1,24.444444,2
15307,9,20,4,1,24.08,0.0,51.22,11.8,3.84,39.18,0.0,0,1,24.444444,2
15308,9,21,4,1,24.1,0.03,51.5,15.1,1.92,42.19,0.0,0,1,24.444444,2
15309,9,22,4,1,24.07,0.0,51.99,8.8,1.32,31.46,0.0,0,1,24.444444,2
15310,9,23,4,1,24.07,0.0,52.85,10.0,1.08,31.03,0.0,0,1,24.444444,2
15311,9,24,4,1,24.07,0.0,53.25,10.7,0.96,29.91,0.0,0,1,24.444444,2
15312,10,1,5,1,24.07,0.0,54.48,4.3,0.24,19.19,0.0,0,1,24.444444,2
15313,10,2,5,1,24.07,0.0,56.27,3.4,0.48,15.81,0.0,0,1,24.444444,2
15314,10,3,5,1,24.05,0.0,57.88,3.0,0.12,12.87,0.0,0,1,24.444444,2
15315,10,4,5,1,24.03,0.0,59.41,3.2,0.6,11.49,0.0,0,1,24.444444,2
15316,10,5,5,1,24.01,0.0,60.46,3.7,1.2,11.02,0.0,0,1,24.444444,2
15317,10,6,5,1,24.06,0.0,59.29,10.0,7.08,19.04,0.0,0,1,24.444444,2
15318,10,7,5,1,24.07,0.0,56.86,11.5,22.32,21.67,20.9472,0,1,24.444444,2
15319,10,8,5,1,24.06,0.0,55.09,8.9,18.12,15.11,79.0196,0,1,24.444444,2
15320,10,9,5,1,24.06,0.0,54.05,9.3,7.68,16.0,134.473,0,1,24.444444,2
15321,10,10,5,1,24.05,0.0,53.05,8.3,6.6,16.16,191.647,0,1,24.444444,2
15322,10,11,5,1,24.07,0.0,52.16,9.4,0.72,20.77,395.105,0,1,24.444444,2
15323,10,12,5,1,24.08,0.0,51.24,7.7,0.72,22.55,731.631,0,1,24.444444,2
15324,10,13,5,1,24.07,0.0,50.2,9.1,0.96,27.5,735.719,0,1,24.444444,2
15325,10,14,5,1,24.07,0.0,49.18,9.8,2.04,33.32,698.994,0,1,24.444444,2
15326,10,15,5,1,24.07,0.0,47.6,8.7,1.68,36.13,600.552,0,1,24.444444,2
15327,10,16,5,1,24.07,0.0,46.6,7.7,1.08,35.13,442.112,0,1,24.444444,2
15328,10,17,5,1,24.07,0.0,45.8,8.2,2.52,33.17,222.548,0,1,24.444444,2
15329,10,18,5,1,24.08,0.0,45.67,8.8,2.16,29.0,39.1998,0,1,24.444444,2
15330,10,19,5,1,24.07,0.0,45.85,11.3,5.04,29.17,0.0,0,1,24.444444,2
15331,10,20,5,1,24.07,0.0,46.32,10.1,4.32,26.35,0.0,0,1,24.444444,2
15332,10,21,5,1,24.07,0.0,46.68,10.4,1.92,25.69,0.0,0,1,24.444444,2
15333,10,22,5,1,24.07,0.0,46.01,7.3,1.56,19.76,0.0,0,1,24.444444,2
15334,10,23,5,1,24.07,0.0,44.76,9.4,0.96,20.37,0.0,0,1,24.444444,2
15335,10,24,5,1,24.07,0.0,43.41,9.7,0.48,18.32,0.0,0,1,24.444444,2
15336,10,1,6,1,24.03,0.0,43.22,3.4,0.72,8.78,0.0,0,1,24.444444,2
15337,10,2,6,1,23.95,0.0,43.92,3.4,0.36,7.2,0.0,0,1,24.444444,2
15338,10,3,6,1,23.87,0.0,45.22,3.7,0.24,6.15,0.0,0,1,24.444444,2
15339,10,4,6,1,23.79,0.0,46.63,4.2,0.36,5.54,0.0,0,1,24.444444,2
15340,10,5,6,1,23.66,0.0,48.01,3.2,1.44,3.92,0.0,0,1,24.444444,2
15341,10,6,6,1,23.53,0.0,49.34,2.8,7.32,3.09,0.0,0,1,24.444444,2
15342,10,7,6,1,23.65,0.0,49.27,3.7,11.52,5.99,38.4858,0,1,24.444444,2
15343,10,8,6,1,23.7,0.0,48.3,5.3,6.24,10.61,199.141,0,1,24.444444,2
15344,10,9,6,1,23.69,0.0,47.17,3.9,4.44,10.88,412.662,0,1,24.444444,2
15345,10,10,6,1,23.73,0.0,46.04,4.6,4.2,12.31,586.569,0,1,24.444444,2
15346,10,11,6,1,23.83,0.0,45.31,5.3,1.44,13.75,682.968,0,1,24.444444,2
15347,10,12,6,1,23.97,0.0,44.72,7.9,2.76,17.74,747.966,0,1,24.444444,2
15348,10,13,6,1,24.05,0.0,44.38,7.7,3.72,20.09,758.307,0,1,24.444444,2
15349,10,14,6,1,24.07,0.0,44.04,9.5,1.44,26.5,712.299,0,1,24.444444,2
15350,10,15,6,1,24.07,0.0,43.48,10.0,2.64,30.12,616.97,0,1,24.444444,2
15351,10,16,6,1,24.07,0.0,43.05,9.2,0.72,29.2,458.552,0,1,24.444444,2
15352,10,17,6,1,24.07,0.0,42.93,12.3,3.36,31.08,250.29,0,1,24.444444,2
15353,10,18,6,1,24.08,0.0,43.49,8.8,4.44,21.19,43.5744,0,1,24.444444,2
15354,10,19,6,1,24.08,0.0,44.21,10.4,4.8,19.73,0.0,0,1,24.444444,2
15355,10,20,6,1,24.07,0.0,44.76,8.8,2.28,16.1,0.0,0,1,24.444444,2
15356,10,21,6,1,24.07,0.0,45.6,9.0,0.96,14.14,0.0,0,1,24.444444,2
15357,10,22,6,1,24.05,0.0,46.52,8.5,2.28,11.55,0.0,0,1,24.444444,2
15358,10,23,6,1,23.95,0.0,47.43,5.6,1.32,7.5,0.0,0,1,24.444444,2
15359,10,24,6,1,23.83,0.0,48.55,4.7,0.84,5.99,0.0,0,1,24.444444,2
15360,10,1,7,1,23.68,0.0,49.82,3.4,0.48,4.21,0.0,0,1,24.444444,2
15361,10,2,7,1,23.68,0.0,50.33,5.8,0.48,5.08,0.0,0,1,24.444444,2
15362,10,3,7,1,23.54,0.0,51.28,3.6,3.6,3.07,0.0,0,1,24.444444,2
15363,10,4,7,1,23.45,0.0,52.13,3.5,0.6,2.83,0.0,0,1,24.444444,2
15364,10,5,7,1,23.37,0.0,52.77,3.5,0.48,2.55,0.0,0,1,24.444444,2
15365,10,6,7,1,23.29,0.0,53.15,3.2,4.44,2.12,0.0,0,1,24.444444,2
15366,10,7,7,1,23.38,0.0,52.57,4.1,3.96,2.55,16.4872,0,1,24.444444,2
15367,10,8,7,1,23.27,0.0,52.34,3.5,5.52,1.59,27.249,0,1,24.444444,2
15368,10,9,7,1,23.25,0.0,51.53,4.3,9.96,1.85,73.6759,0,1,24.444444,2
15369,10,10,7,1,23.29,0.0,50.73,4.9,9.84,2.36,126.577,0,1,24.444444,2
15370,10,11,7,1,23.32,0.0,50.09,4.4,4.32,2.57,173.217,0,1,24.444444,2
15371,10,12,7,1,23.36,0.0,49.59,4.0,1.92,2.8,198.389,0,1,24.444444,2
15372,10,13,7,1,23.47,0.0,48.79,5.5,6.96,3.86,181.118,0,1,24.444444,2
15373,10,14,7,1,23.66,0.0,47.74,9.3,4.08,7.49,210.753,0,1,24.444444,2
15374,10,15,7,1,23.53,0.0,47.97,3.8,3.36,3.3,129.857,0,1,24.444444,2
15375,10,16,7,1,23.72,0.0,47.13,10.6,4.68,8.11,65.4362,0,1,24.444444,2
15376,10,17,7,1,23.54,0.0,47.48,3.6,11.4,3.63,75.044,0,1,24.444444,2
15377,10,18,7,1,23.53,0.0,48.19,4.4,5.16,4.3,36.4577,0,1,24.444444,2
15378,10,19,7,1,23.46,0.0,49.44,3.9,8.64,3.27,0.0,0,1,24.444444,2
15379,10,20,7,1,23.48,0.0,49.9,5.6,3.48,3.83,0.0,0,1,24.444444,2
15380,10,21,7,1,23.56,0.0,49.71,7.9,4.68,5.26,0.0,0,1,24.444444,2
15381,10,22,7,1,23.51,0.0,49.78,6.5,2.52,3.8,0.0,0,1,24.444444,2
15382,10,23,7,1,23.5,0.0,49.48,7.4,2.64,3.79,0.0,0,1,24.444444,2
15383,10,24,7,1,23.31,0.0,49.72,3.1,0.72,1.61,0.0,0,1,24.444444,2
15384,10,1,1,1,23.25,0.0,49.79,3.5,0.6,1.65,0.0,0,1,24.444444,2
15385,10,2,1,1,23.38,0.0,49.01,8.3,0.48,3.44,0.0,0,1,24.444444,2
15386,10,3,1,1,23.22,0.0,49.04,3.7,0.24,1.23,0.0,0,1,24.444444,2
15387,10,4,1,1,23.18,0.0,48.92,5.0,1.8,1.47,0.0,0,1,24.444444,2
15388,10,5,1,1,23.08,0.0,49.06,3.3,0.24,0.91,0.0,0,1,24.444444,2
15389,10,6,1,1,23.22,0.0,48.47,8.3,0.72,2.57,0.0,0,1,24.444444,2
15390,10,7,1,1,23.22,0.0,48.28,7.8,4.56,2.1,0.919479,0,1,24.444444,2
15391,10,8,1,1,23.01,0.0,48.65,3.8,8.28,0.56,35.1048,0,1,24.444444,2
15392,10,9,1,1,22.93,0.0,47.96,3.7,7.44,0.57,81.2691,0,1,24.444444,2
15393,10,10,1,1,22.95,0.0,47.16,3.9,23.16,0.74,128.665,0,1,24.444444,2
15394,10,11,1,1,23.17,0.0,45.69,8.9,18.48,2.5,172.545,0,1,24.444444,2
15395,10,12,1,1,23.17,0.0,45.27,5.2,9.96,1.65,221.979,0,1,24.444444,2
15396,10,13,1,1,23.23,0.0,45.12,4.8,4.08,2.3,316.034,0,1,24.444444,2
15397,10,14,1,1,23.48,0.0,44.48,8.6,6.84,4.54,318.156,0,1,24.444444,2
15398,10,15,1,1,23.4,0.0,45.08,4.1,6.96,2.89,257.354,0,1,24.444444,2
15399,10,16,1,1,23.39,0.0,45.58,4.3,1.92,3.34,181.141,0,1,24.444444,2
15400,10,17,1,1,23.64,0.0,45.63,8.8,2.28,6.99,144.72,0,1,24.444444,2
15401,10,18,1,1,23.73,0.0,46.37,10.3,4.08,7.63,40.1348,0,1,24.444444,2
15402,10,19,1,1,23.55,0.0,47.93,6.4,5.52,3.9,0.0,0,1,24.444444,2
15403,10,20,1,1,23.56,0.0,48.62,7.6,14.76,4.78,0.0,0,1,24.444444,2
15404,10,21,1,1,23.48,0.0,49.61,5.6,3.0,3.39,0.0,0,1,24.444444,2
15405,10,22,1,1,23.38,0.0,50.91,4.9,1.44,2.67,0.0,0,1,24.444444,2
15406,10,23,1,1,23.32,0.0,51.8,4.8,3.6,2.39,0.0,0,1,24.444444,2
15407,10,24,1,1,23.25,0.0,52.6,3.6,0.36,1.81,0.0,0,1,24.444444,2
15408,10,1,2,1,23.21,0.0,53.47,3.4,0.24,1.59,0.0,0,1,24.444444,2
15409,10,2,2,1,23.16,0.0,54.53,3.3,0.24,1.39,0.0,0,1,24.444444,2
15410,10,3,2,1,23.11,0.0,55.58,3.2,0.12,1.3,0.0,0,1,24.444444,2
15411,10,4,2,1,23.08,0.0,56.56,3.5,0.84,1.27,0.0,0,1,24.444444,2
15412,10,5,2,1,23.01,0.0,57.47,3.0,0.84,1.0,0.0,0,1,24.444444,2
15413,10,6,2,1,23.02,0.0,57.91,3.8,3.24,1.22,0.0,0,1,24.444444,2
15414,10,7,2,1,23.14,0.0,57.71,4.4,4.8,1.95,0.0,0,1,24.444444,2
15415,10,8,2,1,23.18,0.0,57.69,3.8,9.0,2.0,116.045,0,1,24.444444,2
15416,10,9,2,1,23.35,0.0,57.22,4.1,6.36,3.18,247.662,0,1,24.444444,2
15417,10,10,2,1,23.53,0.0,56.49,4.9,7.08,5.51,355.979,0,1,24.444444,2
15418,10,11,2,1,23.71,0.0,55.26,8.7,2.16,10.33,312.039,0,1,24.444444,2
15419,10,12,2,1,23.75,0.0,54.72,3.8,1.56,10.11,639.91,0,1,24.444444,2
15420,10,13,2,1,23.87,0.0,54.11,4.4,1.2,14.18,655.41,0,1,24.444444,2
15421,10,14,2,1,24.04,0.0,52.58,9.4,2.76,23.33,477.544,0,1,24.444444,2
15422,10,15,2,1,24.05,0.0,51.47,5.0,0.96,22.21,534.617,0,1,24.444444,2
15423,10,16,2,1,24.05,0.0,51.2,4.1,0.72,22.82,379.651,0,1,24.444444,2
15424,10,17,2,1,24.06,0.0,51.0,5.4,2.04,24.55,225.562,0,1,24.444444,2
15425,10,18,2,1,24.07,0.0,51.27,5.8,3.48,19.89,29.5468,0,1,24.444444,2
15426,10,19,2,1,24.08,0.0,51.91,6.9,4.56,18.79,0.0,0,1,24.444444,2
15427,10,20,2,1,24.07,0.0,52.12,8.4,5.4,19.81,0.0,0,1,24.444444,2
15428,10,21,2,1,24.07,0.0,52.11,11.5,1.56,22.66,0.0,0,1,24.444444,2
15429,10,22,2,1,24.07,0.0,53.02,7.4,4.32,16.27,0.0,0,1,24.444444,2
15430,10,23,2,1,24.07,0.0,54.82,5.6,1.2,13.41,0.0,0,1,24.444444,2
15431,10,24,2,1,24.03,0.0,56.92,3.9,0.6,10.64,0.0,0,1,24.444444,2
15432,10,1,3,1,24.02,0.0,58.8,4.6,0.6,10.94,0.0,0,1,24.444444,2
15433,10,2,3,1,24.01,0.0,60.49,4.8,0.36,10.97,0.0,0,1,24.444444,2
15434,10,3,3,1,23.96,0.0,62.38,3.4,0.24,8.81,0.0,0,1,24.444444,2
15435,10,4,3,1,23.89,0.0,63.99,3.1,0.36,8.14,0.0,0,1,24.444444,2
15436,10,5,3,1,23.92,0.0,64.84,4.7,0.6,9.44,0.0,0,1,24.444444,2
15437,10,6,3,1,23.9,0.0,65.64,4.9,4.44,8.96,0.0,0,1,24.444444,2
15438,10,7,3,1,23.93,0.0,65.05,5.8,23.04,15.77,0.0,0,1,24.444444,2
15439,10,8,3,1,23.92,0.0,63.64,4.1,2.88,19.17,177.384,0,1,24.444444,2
15440,10,9,3,1,23.95,0.0,61.61,3.9,6.72,22.12,366.47,0,1,24.444444,2
15441,10,10,3,1,24.01,0.0,59.12,3.6,4.08,23.42,519.617,0,1,24.444444,2
15442,10,11,3,1,24.06,0.0,57.22,4.0,5.64,24.05,618.823,0,1,24.444444,2
15443,10,12,3,1,24.07,0.0,54.76,7.3,3.12,31.08,671.444,0,1,24.444444,2
15444,10,13,3,1,24.08,0.0,52.24,10.2,0.48,37.43,687.585,0,1,24.444444,2
15445,10,14,3,1,24.07,0.0,50.52,8.4,1.8,39.19,644.75,0,1,24.444444,2
15446,10,15,3,1,24.07,0.0,49.27,8.8,0.48,42.96,550.528,0,1,24.444444,2
15447,10,16,3,1,24.07,0.0,48.56,8.0,2.88,42.09,407.193,0,1,24.444444,2
15448,10,17,3,1,24.07,0.0,48.42,8.1,1.92,39.72,217.742,0,1,24.444444,2
15449,10,18,3,1,24.08,0.0,48.9,7.8,1.44,32.75,31.2971,0,1,24.444444,2
15450,10,19,3,1,24.07,0.0,49.62,9.5,1.44,31.47,0.0,0,1,24.444444,2
15451,10,20,3,1,24.07,0.0,50.0,8.9,2.64,28.91,0.0,0,1,24.444444,2
15452,10,21,3,1,24.07,0.0,50.12,12.7,5.04,32.36,0.0,0,1,24.444444,2
15453,10,22,3,1,24.07,0.0,51.01,7.1,1.08,22.95,0.0,0,1,24.444444,2
15454,10,23,3,1,24.07,0.0,52.82,6.8,0.96,20.55,0.0,0,1,24.444444,2
15455,10,24,3,1,24.07,0.0,55.58,3.6,2.4,14.29,0.0,0,1,24.444444,2
15456,10,1,4,1,24.06,0.0,58.81,3.6,1.32,13.15,0.0,0,1,24.444444,2
15457,10,2,4,1,24.04,0.0,61.36,4.0,0.12,12.42,0.0,0,1,24.444444,2
15458,10,3,4,1,24.0,0.0,63.5,3.3,0.24,10.37,0.0,0,1,24.444444,2
15459,10,4,4,1,24.04,0.0,63.9,8.4,0.6,16.74,0.0,0,1,24.444444,2
15460,10,5,4,1,23.96,0.0,64.99,3.2,1.2,8.69,0.0,0,1,24.444444,2
15461,10,6,4,1,23.95,0.0,66.67,4.7,5.88,9.8,0.0,0,1,24.444444,2
15462,10,7,4,1,24.04,0.0,64.53,11.1,7.68,25.51,0.0,0,1,24.444444,2
15463,10,8,4,1,24.05,0.0,62.41,8.5,6.0,26.82,172.61,0,1,24.444444,2
15464,10,9,4,1,24.07,0.01,60.29,8.5,5.64,30.52,361.547,0,1,24.444444,2
15465,10,10,4,1,24.09,0.02,58.1,8.5,1.44,33.08,508.623,0,1,24.444444,2
15466,10,11,4,1,24.08,0.0,56.2,8.4,5.16,34.2,618.688,0,1,24.444444,2
15467,10,12,4,1,24.08,0.0,54.87,8.5,6.0,36.95,673.279,0,1,24.444444,2
15468,10,13,4,1,24.11,0.03,52.82,9.2,3.72,39.84,684.735,0,1,24.444444,2
15469,10,14,4,1,24.11,0.04,50.54,8.9,0.72,42.59,641.414,0,1,24.444444,2
15470,10,15,4,1,24.1,0.03,48.93,9.4,1.92,45.51,554.827,0,1,24.444444,2
15471,10,16,4,1,24.08,0.01,48.48,7.6,5.16,43.67,410.645,0,1,24.444444,2
15472,10,17,4,1,24.07,0.0,48.3,8.2,1.44,41.86,214.359,0,1,24.444444,2
15473,10,18,4,1,24.07,0.0,48.41,8.9,5.28,36.21,30.134,0,1,24.444444,2
15474,10,19,4,1,24.07,0.0,48.86,10.5,1.32,34.51,0.0,0,1,24.444444,2
15475,10,20,4,1,24.07,0.0,49.57,14.3,5.4,37.65,0.0,0,1,24.444444,2
15476,10,21,4,1,24.07,0.0,51.31,8.4,1.44,28.05,0.0,0,1,24.444444,2
15477,10,22,4,1,24.07,0.0,52.47,11.6,1.68,30.2,0.0,0,1,24.444444,2
15478,10,23,4,1,24.07,0.0,53.25,8.3,0.72,23.06,0.0,0,1,24.444444,2
15479,10,24,4,1,24.07,0.0,54.58,8.0,0.24,20.35,0.0,0,1,24.444444,2
15480,10,1,5,1,24.06,0.0,57.0,4.1,0.36,12.97,0.0,0,1,24.444444,2
15481,10,2,5,1,24.04,0.0,59.75,4.2,0.72,11.84,0.0,0,1,24.444444,2
15482,10,3,5,1,24.07,0.0,60.34,10.0,0.36,18.67,0.0,0,1,24.444444,2
15483,10,4,5,1,23.96,0.0,61.89,3.4,0.36,8.17,0.0,0,1,24.444444,2
15484,10,5,5,1,23.89,0.0,64.32,4.0,1.2,8.01,0.0,0,1,24.444444,2
15485,10,6,5,1,24.0,0.0,64.01,9.9,8.16,14.42,0.0,0,1,24.444444,2
15486,10,7,5,1,24.04,0.0,62.19,11.6,23.16,23.7,0.0,0,1,24.444444,2
15487,10,8,5,1,24.06,0.0,60.35,10.6,14.4,28.67,171.422,0,1,24.444444,2
15488,10,9,5,1,24.07,0.0,58.49,8.6,8.16,29.25,338.149,0,1,24.444444,2
15489,10,10,5,1,24.07,0.0,56.4,9.2,11.16,32.31,447.385,0,1,24.444444,2
15490,10,11,5,1,24.07,0.0,54.48,8.4,2.64,32.97,598.085,0,1,24.444444,2
15491,10,12,5,1,24.07,0.0,52.55,10.7,0.84,36.89,570.008,0,1,24.444444,2
15492,10,13,5,1,24.07,0.0,50.72,9.6,1.08,37.0,549.353,0,1,24.444444,2
15493,10,14,5,1,24.07,0.0,48.54,9.3,1.08,38.24,469.332,0,1,24.444444,2
15494,10,15,5,1,24.07,0.0,46.19,9.9,1.44,39.2,428.094,0,1,24.444444,2
15495,10,16,5,1,24.07,0.0,44.77,8.3,1.08,35.51,275.902,0,1,24.444444,2
15496,10,17,5,1,24.08,0.0,44.16,8.4,0.6,34.5,182.332,0,1,24.444444,2
15497,10,18,5,1,24.08,0.0,43.94,9.9,3.6,31.04,15.8975,0,1,24.444444,2
15498,10,19,5,1,24.07,0.0,44.94,10.3,2.88,28.81,0.0,0,1,24.444444,2
15499,10,20,5,1,24.07,0.0,47.62,7.9,3.72,24.14,0.0,0,1,24.444444,2
15500,10,21,5,1,24.07,0.0,49.33,13.4,4.44,30.23,0.0,0,1,24.444444,2
15501,10,22,5,1,24.07,0.0,50.71,11.6,1.2,25.9,0.0,0,1,24.444444,2
15502,10,23,5,1,24.07,0.0,52.13,10.9,1.2,23.68,0.0,0,1,24.444444,2
15503,10,24,5,1,24.07,0.0,52.96,10.1,1.68,20.64,0.0,0,1,24.444444,2
15504,10,1,6,1,24.02,0.0,55.22,3.9,3.6,9.71,0.0,0,1,24.444444,2
15505,10,2,6,1,23.93,0.0,58.34,3.4,0.36,7.97,0.0,0,1,24.444444,2
15506,10,3,6,1,23.88,0.0,61.02,3.3,0.24,7.68,0.0,0,1,24.444444,2
15507,10,4,6,1,23.84,0.0,63.55,3.6,0.48,7.39,0.0,0,1,24.444444,2
15508,10,5,6,1,23.81,0.0,65.59,3.3,5.64,7.71,0.0,0,1,24.444444,2
15509,10,6,6,1,23.83,0.0,67.51,3.6,4.32,8.53,0.0,0,1,24.444444,2
15510,10,7,6,1,23.84,0.0,69.29,3.2,8.04,11.58,0.0,0,1,24.444444,2
15511,10,8,6,1,23.9,0.0,67.79,4.7,5.04,21.06,173.544,0,1,24.444444,2
15512,10,9,6,1,23.96,0.0,64.88,4.4,8.64,24.98,368.587,0,1,24.444444,2
15513,10,10,6,1,24.04,0.0,61.38,4.8,3.84,26.41,506.182,0,1,24.444444,2
15514,10,11,6,1,24.07,0.0,57.93,7.8,3.84,31.46,535.556,0,1,24.444444,2
15515,10,12,6,1,24.07,0.0,54.65,8.0,1.32,33.5,562.633,0,1,24.444444,2
15516,10,13,6,1,24.07,0.0,51.02,9.6,2.04,37.12,542.119,0,1,24.444444,2
15517,10,14,6,1,24.07,0.0,47.37,8.8,0.96,36.15,448.846,0,1,24.444444,2
15518,10,15,6,1,24.07,0.0,45.89,9.8,1.08,38.34,366.196,0,1,24.444444,2
15519,10,16,6,1,24.07,0.0,45.74,7.9,1.08,39.09,351.46,0,1,24.444444,2
15520,10,17,6,1,24.07,0.0,46.01,11.4,1.2,42.3,204.022,0,1,24.444444,2
15521,10,18,6,1,24.08,0.0,46.63,9.9,1.2,33.72,20.6343,0,1,24.444444,2
15522,10,19,6,1,24.07,0.0,47.0,10.3,7.2,31.24,0.0,0,1,24.444444,2
15523,10,20,6,1,24.07,0.0,47.57,9.3,2.76,28.37,0.0,0,1,24.444444,2
15524,10,21,6,1,24.07,0.0,48.74,9.8,0.84,27.27,0.0,0,1,24.444444,2
15525,10,22,6,1,24.07,0.0,51.23,9.8,0.84,25.78,0.0,0,1,24.444444,2
15526,10,23,6,1,24.07,0.0,53.79,7.0,0.72,20.76,0.0,0,1,24.444444,2
15527,10,24,6,1,24.07,0.0,56.66,4.4,1.2,15.98,0.0,0,1,24.444444,2
15528,10,1,8,1,24.06,0.0,60.03,3.2,2.88,13.4,0.0,0,1,24.444444,2
15529,10,2,8,1,24.07,0.0,61.9,7.4,0.12,18.65,0.0,0,1,24.444444,2
15530,10,3,8,1,24.03,0.0,63.57,3.6,0.24,11.63,0.0,0,1,24.444444,2
15531,10,4,8,1,24.03,0.0,64.7,5.5,0.36,13.2,0.0,0,1,24.444444,2
15532,10,5,8,1,23.93,0.0,65.82,3.0,0.48,8.39,0.0,0,1,24.444444,2
15533,10,6,8,1,23.89,0.0,66.91,4.0,1.8,8.64,0.0,0,1,24.444444,2
15534,10,7,8,1,23.89,0.0,66.86,3.4,6.84,13.33,0.0,0,1,24.444444,2
15535,10,8,8,1,23.96,0.0,64.23,6.7,13.56,21.44,179.197,0,1,24.444444,2
15536,10,9,8,1,23.97,0.0,61.76,5.4,9.0,18.56,326.522,0,1,24.444444,2
15537,10,10,8,1,23.94,0.0,61.11,3.8,7.2,13.02,249.632,0,1,24.444444,2
15538,10,11,8,1,23.99,0.0,60.02,5.5,4.32,15.87,279.274,0,1,24.444444,2
15539,10,12,8,1,24.0,0.0,58.53,3.9,3.72,14.99,331.464,0,1,24.444444,2
15540,10,13,8,1,24.03,0.0,57.09,4.0,5.16,17.69,373.622,0,1,24.444444,2
15541,10,14,8,1,24.07,0.0,54.43,12.5,3.84,35.91,599.086,0,1,24.444444,2
15542,10,15,8,1,24.07,0.0,52.44,3.4,4.44,27.01,581.755,0,1,24.444444,2
15543,10,16,8,1,24.07,0.0,51.36,4.5,7.44,29.12,418.069,0,1,24.444444,2
15544,10,17,8,1,24.07,0.0,50.72,4.4,11.64,26.09,218.838,0,1,24.444444,2
15545,10,18,8,1,24.08,0.0,50.88,4.5,5.88,19.5,21.3193,0,1,24.444444,2
15546,10,19,8,1,24.08,0.0,51.42,4.4,12.96,16.69,0.0,0,1,24.444444,2
15547,10,20,8,1,24.07,0.0,51.91,5.7,4.68,17.14,0.0,0,1,24.444444,2
15548,10,21,8,1,24.07,0.0,52.42,6.0,1.92,16.58,0.0,0,1,24.444444,2
15549,10,22,8,1,24.06,0.0,52.93,4.2,2.4,12.21,0.0,0,1,24.444444,2
15550,10,23,8,1,24.02,0.0,52.94,4.5,1.44,10.45,0.0,0,1,24.444444,2
15551,10,24,8,1,23.93,0.0,53.32,3.5,0.48,7.52,0.0,0,1,24.444444,2
15552,10,1,1,1,23.94,0.0,53.14,6.6,0.36,8.79,0.0,0,1,24.444444,2
15553,10,2,1,1,23.93,0.0,52.46,8.0,0.24,8.29,0.0,0,1,24.444444,2
15554,10,3,1,1,23.65,0.0,53.29,3.6,0.6,3.52,0.0,0,1,24.444444,2
15555,10,4,1,1,23.48,0.0,54.27,3.3,0.24,2.87,0.0,0,1,24.444444,2
15556,10,5,1,1,23.36,0.0,54.78,3.1,0.36,2.44,0.0,0,1,24.444444,2
15557,10,6,1,1,23.65,0.0,53.52,9.9,1.32,6.26,0.0,0,1,24.444444,2
15558,10,7,1,1,23.57,0.0,53.93,2.9,2.04,4.33,0.0,0,1,24.444444,2
15559,10,8,1,1,23.67,0.0,52.87,4.8,7.92,10.92,189.643,0,1,24.444444,2
15560,10,9,1,1,23.7,0.0,51.24,3.7,7.68,12.95,401.578,0,1,24.444444,2
15561,10,10,1,1,23.75,0.0,49.5,3.7,15.24,14.5,561.076,0,1,24.444444,2
15562,10,11,1,1,23.94,0.0,47.48,8.9,12.24,20.05,660.766,0,1,24.444444,2
15563,10,12,1,1,24.0,0.0,46.09,7.7,12.36,20.18,732.118,0,1,24.444444,2
15564,10,13,1,1,24.0,0.0,45.32,3.8,2.04,18.68,726.253,0,1,24.444444,2
15565,10,14,1,1,24.07,0.0,43.9,9.3,3.0,29.42,686.168,0,1,24.444444,2
15566,10,15,1,1,24.06,0.0,42.84,4.3,4.8,27.01,590.485,0,1,24.444444,2
15567,10,16,1,1,24.07,0.0,41.91,4.7,4.92,27.96,408.911,0,1,24.444444,2
15568,10,17,1,1,24.08,0.0,41.07,8.4,3.96,29.66,219.239,0,1,24.444444,2
15569,10,18,1,1,24.08,0.0,40.97,9.3,8.76,23.87,21.9122,0,1,24.444444,2
15570,10,19,1,1,24.08,0.0,41.41,6.3,7.92,17.01,0.0,0,1,24.444444,2
15571,10,20,1,1,24.08,0.0,41.92,9.2,4.68,18.4,0.0,0,1,24.444444,2
15572,10,21,1,1,24.08,0.0,42.53,7.6,2.76,14.94,0.0,0,1,24.444444,2
15573,10,22,1,1,24.07,0.0,42.92,11.4,1.32,17.53,0.0,0,1,24.444444,2
15574,10,23,1,1,23.96,0.0,44.86,3.6,1.68,7.53,0.0,0,1,24.444444,2
15575,10,24,1,1,23.91,0.0,48.57,4.5,0.72,7.44,0.0,0,1,24.444444,2
15576,10,1,2,1,23.8,0.0,52.05,3.8,0.6,6.14,0.0,0,1,24.444444,2
15577,10,2,2,1,23.69,0.0,54.72,3.6,0.12,4.83,0.0,0,1,24.444444,2
15578,10,3,2,1,23.61,0.0,55.97,4.0,0.36,3.94,0.0,0,1,24.444444,2
15579,10,4,2,1,23.47,0.0,57.54,3.4,0.36,2.89,0.0,0,1,24.444444,2
15580,10,5,2,1,23.34,0.0,58.94,3.4,0.36,2.41,0.0,0,1,24.444444,2
15581,10,6,2,1,23.29,0.0,59.28,3.5,1.92,2.24,0.0,0,1,24.444444,2
15582,10,7,2,1,23.47,0.0,58.92,3.8,3.84,4.92,0.0,0,1,24.444444,2
15583,10,8,2,1,23.63,0.0,57.97,4.3,7.32,11.1,186.476,0,1,24.444444,2
15584,10,9,2,1,23.73,0.0,55.96,5.9,7.44,17.09,388.174,0,1,24.444444,2
15585,10,10,2,1,23.79,0.0,54.04,3.9,3.72,17.11,545.776,0,1,24.444444,2
15586,10,11,2,1,23.9,0.0,51.75,5.4,4.32,19.18,651.018,0,1,24.444444,2
15587,10,12,2,1,23.98,0.0,49.46,4.4,1.2,20.3,711.393,0,1,24.444444,2
15588,10,13,2,1,24.04,0.0,46.2,4.4,3.24,22.17,708.019,0,1,24.444444,2
15589,10,14,2,1,24.08,0.01,44.69,13.1,2.64,36.95,654.256,0,1,24.444444,2
15590,10,15,2,1,24.08,0.0,43.6,5.2,2.4,30.05,568.137,0,1,24.444444,2
15591,10,16,2,1,24.08,0.0,43.38,7.4,1.56,32.81,415.052,0,1,24.444444,2
15592,10,17,2,1,24.08,0.0,43.53,7.7,1.8,30.51,211.232,0,1,24.444444,2
15593,10,18,2,1,24.08,0.0,44.35,3.8,4.68,19.58,18.5985,0,1,24.444444,2
15594,10,19,2,1,24.08,0.0,45.33,6.8,7.44,20.73,0.0,0,1,24.444444,2
15595,10,20,2,1,24.07,0.0,45.98,12.0,7.08,25.69,0.0,0,1,24.444444,2
15596,10,21,2,1,24.07,0.0,46.89,10.1,2.88,21.71,0.0,0,1,24.444444,2
15597,10,22,2,1,24.07,0.0,48.22,8.1,1.8,16.87,0.0,0,1,24.444444,2
15598,10,23,2,1,24.06,0.0,49.33,5.2,3.96,11.13,0.0,0,1,24.444444,2
15599,10,24,2,1,23.96,0.0,51.49,3.4,0.84,7.96,0.0,0,1,24.444444,2
15600,10,1,3,1,23.88,0.0,54.54,3.1,0.36,7.22,0.0,0,1,24.444444,2
15601,10,2,3,1,23.89,0.0,56.51,4.9,0.6,8.34,0.0,0,1,24.444444,2
15602,10,3,3,1,23.87,0.0,58.15,5.2,0.6,8.09,0.0,0,1,24.444444,2
15603,10,4,3,1,23.77,0.0,60.14,3.4,0.12,6.25,0.0,0,1,24.444444,2
15604,10,5,3,1,23.7,0.0,62.23,3.1,0.48,5.56,0.0,0,1,24.444444,2
15605,10,6,3,1,23.68,0.0,63.88,3.5,1.56,6.06,0.0,0,1,24.444444,2
15606,10,7,3,1,23.78,0.0,64.08,4.6,17.28,10.63,0.0,0,1,24.444444,2
15607,10,8,3,1,23.8,0.0,63.88,4.1,6.0,9.97,117.318,0,1,24.444444,2
15608,10,9,3,1,23.83,0.0,64.04,4.5,4.92,10.09,133.815,0,1,24.444444,2
15609,10,10,3,1,23.87,0.0,64.42,3.9,5.76,12.44,174.073,0,1,24.444444,2
15610,10,11,3,1,24.0,0.0,63.61,6.5,6.48,22.3,391.968,0,1,24.444444,2
15611,10,12,3,1,24.06,0.0,62.59,4.2,3.24,23.68,631.651,0,1,24.444444,2
15612,10,13,3,1,24.08,0.0,60.82,8.7,3.0,34.96,681.193,0,1,24.444444,2
15613,10,14,3,1,24.08,0.01,58.02,8.4,2.4,39.86,632.145,0,1,24.444444,2
15614,10,15,3,1,24.09,0.01,55.26,9.3,1.2,43.68,541.759,0,1,24.444444,2
15615,10,16,3,1,24.08,0.0,54.03,7.5,2.4,41.47,394.814,0,1,24.444444,2
15616,10,17,3,1,24.07,0.0,53.56,8.3,0.72,39.63,198.769,0,1,24.444444,2
15617,10,18,3,1,24.07,0.0,53.55,9.9,1.32,34.41,17.9032,0,1,24.444444,2
15618,10,19,3,1,24.07,0.0,54.03,10.1,6.96,31.95,0.0,0,1,24.444444,2
15619,10,20,3,1,24.07,0.0,54.51,9.8,1.68,30.13,0.0,0,1,24.444444,2
15620,10,21,3,1,24.07,0.0,54.63,8.5,2.64,26.08,0.0,0,1,24.444444,2
15621,10,22,3,1,24.07,0.0,52.94,6.1,2.04,20.74,0.0,0,1,24.444444,2
15622,10,23,3,1,24.07,0.0,49.1,5.7,0.72,17.02,0.0,0,1,24.444444,2
15623,10,24,3,1,24.07,0.0,47.23,6.5,0.6,14.56,0.0,0,1,24.444444,2
15624,10,1,4,1,24.03,0.0,47.01,4.7,0.24,8.96,0.0,0,1,24.444444,2
15625,10,2,4,1,23.94,0.0,47.78,5.3,0.48,7.07,0.0,0,1,24.444444,2
15626,10,3,4,1,23.75,0.0,49.26,3.4,0.12,4.58,0.0,0,1,24.444444,2
15627,10,4,4,1,23.84,0.0,49.0,8.6,2.64,7.35,0.0,0,1,24.444444,2
15628,10,5,4,1,23.64,0.0,49.38,4.9,0.84,3.37,0.0,0,1,24.444444,2
15629,10,6,4,1,23.66,0.0,49.16,8.0,9.0,4.66,0.0,0,1,24.444444,2
15630,10,7,4,1,23.79,0.0,48.4,9.2,9.48,10.72,0.0,0,1,24.444444,2
15631,10,8,4,1,23.89,0.0,47.42,8.5,9.72,17.06,185.221,0,1,24.444444,2
15632,10,9,4,1,23.98,0.0,45.18,8.4,6.84,21.0,385.944,0,1,24.444444,2
15633,10,10,4,1,24.05,0.0,42.73,8.1,4.56,22.59,547.237,0,1,24.444444,2
15634,10,11,4,1,24.08,0.0,39.9,8.5,2.76,24.04,661.285,0,1,24.444444,2
15635,10,12,4,1,24.08,0.0,37.48,11.4,0.36,29.3,711.19,0,1,24.444444,2
15636,10,13,4,1,24.08,0.0,35.67,8.7,1.8,28.61,712.59,0,1,24.444444,2
15637,10,14,4,1,24.08,0.0,34.56,8.3,2.28,31.81,664.167,0,1,24.444444,2
15638,10,15,4,1,24.08,0.0,34.49,8.9,1.8,35.54,569.168,0,1,24.444444,2
15639,10,16,4,1,24.08,0.0,35.02,7.9,1.2,34.95,408.064,0,1,24.444444,2
15640,10,17,4,1,24.08,0.0,35.78,8.6,3.72,32.42,206.228,0,1,24.444444,2
15641,10,18,4,1,24.08,0.0,37.16,9.1,4.44,26.2,18.7119,0,1,24.444444,2
15642,10,19,4,1,24.08,0.0,38.59,9.2,3.12,24.16,0.0,0,1,24.444444,2
15643,10,20,4,1,24.08,0.0,39.93,9.5,5.4,23.6,0.0,0,1,24.444444,2
15644,10,21,4,1,24.07,0.0,40.65,15.4,1.56,28.48,0.0,0,1,24.444444,2
15645,10,22,4,1,24.08,0.0,41.29,9.1,2.64,17.74,0.0,0,1,24.444444,2
15646,10,23,4,1,24.08,0.0,42.13,8.9,1.08,14.88,0.0,0,1,24.444444,2
15647,10,24,4,1,24.07,0.0,43.97,7.9,0.6,11.67,0.0,0,1,24.444444,2
15648,10,1,5,1,23.96,0.0,46.56,4.0,0.24,7.17,0.0,0,1,24.444444,2
15649,10,2,5,1,24.02,0.0,46.97,10.1,0.12,11.13,0.0,0,1,24.444444,2
15650,10,3,5,1,23.76,0.0,47.87,4.3,0.12,4.08,0.0,0,1,24.444444,2
15651,10,4,5,1,23.54,0.0,48.79,3.7,0.36,2.92,0.0,0,1,24.444444,2
15652,10,5,5,1,23.73,0.0,48.37,9.6,0.84,6.29,0.0,0,1,24.444444,2
15653,10,6,5,1,23.73,0.0,48.44,9.9,3.24,5.78,0.0,0,1,24.444444,2
15654,10,7,5,1,23.74,0.0,48.44,7.4,34.2,7.42,0.0,0,1,24.444444,2
15655,10,8,5,1,23.81,0.0,47.93,8.1,13.2,15.07,179.287,0,1,24.444444,2
15656,10,9,5,1,23.95,0.0,46.79,10.0,6.6,22.64,360.537,0,1,24.444444,2
15657,10,10,5,1,23.98,0.0,45.71,3.7,5.64,19.62,504.326,0,1,24.444444,2
15658,10,11,5,1,24.07,0.0,44.38,9.4,4.8,27.39,631.291,0,1,24.444444,2
15659,10,12,5,1,24.08,0.0,43.22,10.6,2.04,31.43,686.46,0,1,24.444444,2
15660,10,13,5,1,24.09,0.02,42.08,10.0,0.96,33.95,696.47,0,1,24.444444,2
15661,10,14,5,1,24.11,0.03,40.59,9.9,3.36,37.99,650.711,0,1,24.444444,2
15662,10,15,5,1,24.1,0.03,39.0,10.2,0.96,40.88,560.035,0,1,24.444444,2
15663,10,16,5,1,24.08,0.0,37.08,8.0,0.96,38.05,404.892,0,1,24.444444,2
15664,10,17,5,1,24.08,0.0,35.92,8.3,1.8,34.55,203.389,0,1,24.444444,2
15665,10,18,5,1,24.08,0.0,36.47,10.2,1.44,30.05,16.9276,0,1,24.444444,2
15666,10,19,5,1,24.08,0.0,38.22,11.9,4.56,28.99,0.0,0,1,24.444444,2
15667,10,20,5,1,24.08,0.0,39.99,8.7,3.6,23.41,0.0,0,1,24.444444,2
15668,10,21,5,1,24.07,0.0,41.73,8.9,1.56,21.95,0.0,0,1,24.444444,2
15669,10,22,5,1,24.07,0.0,43.31,11.3,1.2,22.34,0.0,0,1,24.444444,2
15670,10,23,5,1,24.07,0.0,44.92,10.9,0.6,19.3,0.0,0,1,24.444444,2
15671,10,24,5,1,24.03,0.0,47.56,4.7,2.28,9.43,0.0,0,1,24.444444,2
15672,10,1,6,1,23.9,0.0,51.07,3.5,4.08,6.64,0.0,0,1,24.444444,2
15673,10,2,6,1,23.74,0.0,54.13,3.1,0.72,5.16,0.0,0,1,24.444444,2
15674,10,3,6,1,23.64,0.0,56.35,3.2,0.12,4.45,0.0,0,1,24.444444,2
15675,10,4,6,1,23.57,0.0,58.2,3.5,0.12,3.78,0.0,0,1,24.444444,2
15676,10,5,6,1,23.5,0.0,59.51,3.9,0.6,3.34,0.0,0,1,24.444444,2
15677,10,6,6,1,23.42,0.0,60.74,3.7,3.36,2.93,0.0,0,1,24.444444,2
15678,10,7,6,1,23.6,0.0,60.51,5.3,11.28,7.05,0.0,0,1,24.444444,2
15679,10,8,6,1,23.73,0.0,59.43,5.9,10.56,15.63,178.324,0,1,24.444444,2
15680,10,9,6,1,23.79,0.0,57.62,3.8,7.2,18.1,378.242,0,1,24.444444,2
15681,10,10,6,1,23.88,0.0,54.68,4.3,2.52,21.2,524.981,0,1,24.444444,2
15682,10,11,6,1,23.99,0.0,50.66,4.4,1.68,21.53,587.689,0,1,24.444444,2
15683,10,12,6,1,24.06,0.0,47.21,4.0,3.84,23.49,669.018,0,1,24.444444,2
15684,10,13,6,1,24.08,0.0,44.81,7.7,1.56,31.82,686.79,0,1,24.444444,2
15685,10,14,6,1,24.09,0.01,43.16,8.7,3.84,37.21,616.112,0,1,24.444444,2
15686,10,15,6,1,24.13,0.05,41.4,10.3,2.28,42.09,508.104,0,1,24.444444,2
15687,10,16,6,1,24.12,0.04,40.94,8.9,4.08,41.24,390.7,0,1,24.444444,2
15688,10,17,6,1,24.08,0.0,41.1,9.1,2.88,38.71,198.725,0,1,24.444444,2
15689,10,18,6,1,24.08,0.0,41.65,11.0,3.96,34.67,15.5425,0,1,24.444444,2
15690,10,19,6,1,24.08,0.0,42.55,10.9,3.12,31.93,0.0,0,1,24.444444,2
15691,10,20,6,1,24.07,0.0,43.74,8.5,5.16,26.93,0.0,0,1,24.444444,2
15692,10,21,6,1,24.07,0.0,44.74,9.4,1.2,25.65,0.0,0,1,24.444444,2
15693,10,22,6,1,24.07,0.0,45.87,9.5,1.44,24.2,0.0,0,1,24.444444,2
15694,10,23,6,1,24.07,0.0,48.18,4.9,1.92,17.39,0.0,0,1,24.444444,2
15695,10,24,6,1,24.07,0.0,49.91,5.0,0.96,16.59,0.0,0,1,24.444444,2
15696,10,1,7,1,24.06,0.0,49.03,3.5,0.84,12.08,0.0,0,1,24.444444,2
15697,10,2,7,1,24.01,0.0,47.72,3.2,0.6,8.91,0.0,0,1,24.444444,2
15698,10,3,7,1,23.96,0.0,45.79,3.8,0.48,7.56,0.0,0,1,24.444444,2
15699,10,4,7,1,23.88,0.0,44.19,3.8,0.24,6.21,0.0,0,1,24.444444,2
15700,10,5,7,1,23.83,0.0,43.45,4.8,0.24,5.88,0.0,0,1,24.444444,2
15701,10,6,7,1,23.7,0.0,42.42,3.4,1.56,3.92,0.0,0,1,24.444444,2
15702,10,7,7,1,23.73,0.0,40.32,3.8,7.68,6.33,0.0,0,1,24.444444,2
15703,10,8,7,1,23.78,0.0,38.3,5.0,9.48,9.79,171.966,0,1,24.444444,2
15704,10,9,7,1,23.79,0.0,37.5,4.2,13.08,9.64,315.69,0,1,24.444444,2
15705,10,10,7,1,23.81,0.0,37.25,3.3,13.92,10.4,444.64,0,1,24.444444,2
15706,10,11,7,1,23.9,0.0,36.28,4.7,5.64,12.9,553.734,0,1,24.444444,2
15707,10,12,7,1,23.97,0.0,35.42,4.5,2.64,13.92,617.803,0,1,24.444444,2
15708,10,13,7,1,24.02,0.0,33.85,4.5,6.24,15.52,639.169,0,1,24.444444,2
15709,10,14,7,1,24.07,0.0,31.96,10.5,7.68,24.46,569.991,0,1,24.444444,2
15710,10,15,7,1,24.07,0.0,30.66,4.1,1.92,18.76,448.595,0,1,24.444444,2
15711,10,16,7,1,24.08,0.0,29.61,7.7,9.48,21.1,297.418,0,1,24.444444,2
15712,10,17,7,1,24.08,0.0,28.19,5.1,9.72,16.69,144.624,0,1,24.444444,2
15713,10,18,7,1,24.07,0.0,27.14,3.0,7.2,11.64,8.94892,0,1,24.444444,2
15714,10,19,7,1,24.07,0.0,27.09,4.3,8.28,11.29,0.0,0,1,24.444444,2
15715,10,20,7,1,24.08,0.0,27.51,6.1,2.16,11.83,0.0,0,1,24.444444,2
15716,10,21,7,1,24.05,0.0,28.91,4.5,2.76,9.31,0.0,0,1,24.444444,2
15717,10,22,7,1,24.03,0.0,30.73,5.5,2.4,8.83,0.0,0,1,24.444444,2
15718,10,23,7,1,24.02,0.0,31.13,6.8,0.96,8.76,0.0,0,1,24.444444,2
15719,10,24,7,1,23.87,0.0,32.48,3.5,1.92,5.28,0.0,0,1,24.444444,2
15720,10,1,1,1,23.77,0.0,32.97,3.9,3.96,4.63,0.0,0,1,24.444444,2
15721,10,2,1,1,23.9,0.0,33.05,9.7,0.36,7.2,0.0,0,1,24.444444,2
15722,10,3,1,1,23.69,0.0,33.84,5.0,0.12,3.27,0.0,0,1,24.444444,2
15723,10,4,1,1,23.58,0.0,34.36,5.2,0.24,2.85,0.0,0,1,24.444444,2
15724,10,5,1,1,23.36,0.0,34.77,3.4,0.6,1.72,0.0,0,1,24.444444,2
15725,10,6,1,1,23.49,0.0,34.28,8.0,4.08,3.03,0.0,0,1,24.444444,2
15726,10,7,1,1,23.45,0.0,34.0,3.8,4.68,2.27,0.0,0,1,24.444444,2
15727,10,8,1,1,23.54,0.0,33.35,3.5,7.8,4.63,186.258,0,1,24.444444,2
15728,10,9,1,1,23.65,0.0,32.38,6.0,9.6,8.61,401.458,0,1,24.444444,2
15729,10,10,1,1,23.69,0.0,31.64,3.6,14.52,8.47,576.328,0,1,24.444444,2
15730,10,11,1,1,23.86,0.0,30.78,9.4,15.0,14.21,685.564,0,1,24.444444,2
15731,10,12,1,1,23.92,0.0,30.19,7.5,7.32,14.04,758.314,0,1,24.444444,2
15732,10,13,1,1,23.93,0.0,29.1,5.3,6.84,14.11,753.109,0,1,24.444444,2
15733,10,14,1,1,24.04,0.0,27.76,9.3,8.04,21.41,694.715,0,1,24.444444,2
15734,10,15,1,1,24.03,0.0,26.82,3.9,7.56,19.5,584.284,0,1,24.444444,2
15735,10,16,1,1,24.03,0.0,26.42,3.5,4.2,19.59,428.795,0,1,24.444444,2
15736,10,17,1,1,24.06,0.0,26.11,9.0,11.28,22.34,209.527,0,1,24.444444,2
15737,10,18,1,1,24.08,0.0,26.43,11.0,4.92,18.79,16.3266,0,1,24.444444,2
15738,10,19,1,1,24.07,0.0,27.18,6.5,3.12,12.2,0.0,0,1,24.444444,2
15739,10,20,1,1,24.07,0.0,27.46,7.5,4.08,12.26,0.0,0,1,24.444444,2
15740,10,21,1,1,24.08,0.0,27.54,8.7,5.16,12.43,0.0,0,1,24.444444,2
15741,10,22,1,1,24.05,0.0,27.72,7.3,0.96,9.56,0.0,0,1,24.444444,2
15742,10,23,1,1,23.92,0.0,28.45,4.2,3.24,5.92,0.0,0,1,24.444444,2
15743,10,24,1,1,23.89,0.0,29.54,6.3,0.6,6.26,0.0,0,1,24.444444,2
15744,10,1,2,1,23.69,0.0,30.99,3.4,0.12,3.45,0.0,0,1,24.444444,2
15745,10,2,2,1,23.55,0.0,33.05,3.6,0.36,2.69,0.0,0,1,24.444444,2
15746,10,3,2,1,23.41,0.0,35.52,3.5,0.36,2.1,0.0,0,1,24.444444,2
15747,10,4,2,1,23.3,0.0,37.98,3.4,0.72,1.78,0.0,0,1,24.444444,2
15748,10,5,2,1,23.27,0.0,39.97,3.8,0.6,1.83,0.0,0,1,24.444444,2
15749,10,6,2,1,23.2,0.0,41.31,3.0,1.8,1.34,0.0,0,1,24.444444,2
15750,10,7,2,1,23.32,0.0,41.98,3.2,2.88,2.18,0.0,0,1,24.444444,2
15751,10,8,2,1,23.54,0.0,42.27,4.2,12.84,5.75,182.443,0,1,24.444444,2
15752,10,9,2,1,23.65,0.0,42.53,4.8,7.92,9.5,390.538,0,1,24.444444,2
15753,10,10,2,1,23.7,0.0,42.88,3.8,6.72,11.3,554.153,0,1,24.444444,2
15754,10,11,2,1,23.79,0.0,43.42,4.8,4.92,13.38,669.324,0,1,24.444444,2
15755,10,12,2,1,23.85,0.0,44.07,3.8,2.64,13.78,731.951,0,1,24.444444,2
15756,10,13,2,1,23.91,0.0,44.64,4.8,0.96,16.62,741.609,0,1,24.444444,2
15757,10,14,2,1,24.03,0.0,44.45,8.6,3.36,24.06,689.343,0,1,24.444444,2
15758,10,15,2,1,24.03,0.0,43.88,4.6,0.96,22.78,577.775,0,1,24.444444,2
15759,10,16,2,1,24.03,0.0,43.24,4.1,0.96,21.68,417.705,0,1,24.444444,2
15760,10,17,2,1,24.05,0.0,43.4,7.0,3.84,21.32,200.51,0,1,24.444444,2
15761,10,18,2,1,24.02,0.0,44.7,3.9,4.08,12.06,14.5664,0,1,24.444444,2
15762,10,19,2,1,24.06,0.0,46.34,10.2,4.8,17.14,0.0,0,1,24.444444,2
15763,10,20,2,1,24.07,0.0,47.13,10.8,9.72,16.6,0.0,0,1,24.444444,2
15764,10,21,2,1,24.07,0.0,47.73,13.3,4.44,18.89,0.0,0,1,24.444444,2
15765,10,22,2,1,24.06,0.0,48.79,9.2,2.28,12.21,0.0,0,1,24.444444,2
15766,10,23,2,1,23.95,0.0,51.13,5.9,0.36,7.85,0.0,0,1,24.444444,2
15767,10,24,2,1,23.78,0.0,53.72,3.9,0.72,5.41,0.0,0,1,24.444444,2
15768,10,1,3,1,23.66,0.0,55.88,3.5,0.24,4.48,0.0,0,1,24.444444,2
15769,10,2,3,1,23.63,0.0,57.03,4.9,0.0,4.79,0.0,0,1,24.444444,2
15770,10,3,3,1,23.5,0.0,58.12,3.1,0.0,3.19,0.0,0,1,24.444444,2
15771,10,4,3,1,23.5,0.0,58.19,4.8,0.36,3.66,0.0,0,1,24.444444,2
15772,10,5,3,1,23.39,0.0,57.94,3.7,0.6,2.68,0.0,0,1,24.444444,2
15773,10,6,3,1,23.31,0.0,57.59,3.7,3.0,2.3,0.0,0,1,24.444444,2
15774,10,7,3,1,23.46,0.0,56.59,4.6,23.4,4.42,0.0,0,1,24.444444,2
15775,10,8,3,1,23.62,0.0,55.43,4.4,7.8,9.11,174.802,0,1,24.444444,2
15776,10,9,3,1,23.68,0.0,54.78,4.9,12.6,14.51,375.601,0,1,24.444444,2
15777,10,10,3,1,23.76,0.0,54.94,3.9,2.28,16.24,539.976,0,1,24.444444,2
15778,10,11,3,1,23.86,0.0,55.32,4.6,7.32,18.19,652.271,0,1,24.444444,2
15779,10,12,3,1,23.97,0.0,55.16,6.9,0.6,22.2,663.511,0,1,24.444444,2
15780,10,13,3,1,24.06,0.0,54.56,9.2,1.8,24.82,452.65,0,1,24.444444,2
15781,10,14,3,1,24.07,0.0,53.92,8.2,1.2,26.04,496.924,0,1,24.444444,2
15782,10,15,3,1,24.07,0.0,53.32,9.2,1.8,25.19,229.198,0,1,24.444444,2
15783,10,16,3,1,24.06,0.0,53.95,4.3,3.6,18.22,182.679,0,1,24.444444,2
15784,10,17,3,1,24.07,0.0,54.28,7.9,2.4,24.84,151.57,0,1,24.444444,2
15785,10,18,3,1,24.07,0.0,53.5,12.8,2.64,27.48,12.4947,0,1,24.444444,2
15786,10,19,3,1,24.07,0.0,53.44,9.9,3.84,20.78,0.0,0,1,24.444444,2
15787,10,20,3,1,24.07,0.0,54.24,7.9,3.24,16.55,0.0,0,1,24.444444,2
15788,10,21,3,1,24.07,0.0,54.96,8.8,5.64,17.03,0.0,0,1,24.444444,2
15789,10,22,3,1,24.06,0.0,55.75,7.1,1.44,13.19,0.0,0,1,24.444444,2
15790,10,23,3,1,24.02,0.0,56.86,5.7,1.44,10.3,0.0,0,1,24.444444,2
15791,10,24,3,1,23.96,0.0,58.14,4.9,1.8,8.52,0.0,0,1,24.444444,2
15792,10,1,4,1,23.88,0.0,59.55,4.4,0.48,7.46,0.0,0,1,24.444444,2
15793,10,2,4,1,23.78,0.0,61.2,3.4,0.24,6.21,0.0,0,1,24.444444,2
15794,10,3,4,1,23.72,0.0,62.81,3.6,0.12,5.73,0.0,0,1,24.444444,2
15795,10,4,4,1,23.87,0.0,62.69,9.2,0.48,10.54,0.0,0,1,24.444444,2
15796,10,5,4,1,23.69,0.0,64.3,3.4,0.96,4.55,0.0,0,1,24.444444,2
15797,10,6,4,1,23.9,0.0,62.8,11.4,6.12,11.8,0.0,0,1,24.444444,2
15798,10,7,4,1,23.95,0.0,60.44,10.6,6.84,14.95,0.0,0,1,24.444444,2
15799,10,8,4,1,23.98,0.0,58.25,10.7,8.28,21.25,169.753,0,1,24.444444,2
15800,10,9,4,1,24.01,0.0,55.94,8.4,7.56,22.93,367.582,0,1,24.444444,2
15801,10,10,4,1,24.06,0.0,54.31,7.6,1.2,24.41,532.991,0,1,24.444444,2
15802,10,11,4,1,24.07,0.0,53.8,8.2,3.36,26.85,615.425,0,1,24.444444,2
15803,10,12,4,1,24.07,0.0,54.03,7.0,3.24,26.38,561.453,0,1,24.444444,2
15804,10,13,4,1,24.07,0.0,53.6,10.2,1.32,32.9,485.486,0,1,24.444444,2
15805,10,14,4,1,24.07,0.0,52.62,8.2,0.72,34.03,590.567,0,1,24.444444,2
15806,10,15,4,1,24.07,0.0,52.0,8.9,1.56,36.57,516.289,0,1,24.444444,2
15807,10,16,4,1,24.07,0.0,51.61,8.0,0.96,34.57,394.734,0,1,24.444444,2
15808,10,17,4,1,24.07,0.0,51.92,8.1,1.2,31.18,181.145,0,1,24.444444,2
15809,10,18,4,1,24.07,0.0,52.91,10.0,7.92,28.06,10.8101,0,1,24.444444,2
15810,10,19,4,1,24.07,0.0,53.86,9.6,4.56,25.02,0.0,0,1,24.444444,2
15811,10,20,4,1,24.07,0.0,54.67,9.8,2.04,23.8,0.0,0,1,24.444444,2
15812,10,21,4,1,24.07,0.0,54.57,13.3,8.16,27.69,0.0,0,1,24.444444,2
15813,10,22,4,1,24.07,0.0,54.89,9.8,5.76,20.69,0.0,0,1,24.444444,2
15814,10,23,4,1,24.07,0.0,56.13,8.6,2.04,18.05,0.0,0,1,24.444444,2
15815,10,24,4,1,24.06,0.0,57.28,6.4,0.24,13.92,0.0,0,1,24.444444,2
15816,10,1,5,1,24.04,0.0,58.66,5.6,1.32,11.76,0.0,0,1,24.444444,2
15817,10,2,5,1,23.93,0.0,60.7,2.7,0.36,7.82,0.0,0,1,24.444444,2
15818,10,3,5,1,24.01,0.0,61.24,7.9,0.12,13.11,0.0,0,1,24.444444,2
15819,10,4,5,1,23.89,0.0,62.78,3.8,0.48,7.54,0.0,0,1,24.444444,2
15820,10,5,5,1,24.02,0.0,62.1,11.4,1.32,16.38,0.0,0,1,24.444444,2
15821,10,6,5,1,24.04,0.0,60.91,11.4,2.28,16.12,0.0,0,1,24.444444,2
15822,10,7,5,1,24.02,0.0,60.59,8.7,25.8,12.9,0.0,0,1,24.444444,2
15823,10,8,5,1,24.02,0.0,59.88,8.5,15.96,14.6,115.739,0,1,24.444444,2
15824,10,9,5,1,24.04,0.0,58.72,8.1,7.2,18.99,260.683,0,1,24.444444,2
15825,10,10,5,1,24.06,0.0,57.52,9.2,7.8,24.95,379.88,0,1,24.444444,2
15826,10,11,5,1,24.07,0.0,56.53,8.9,2.4,27.02,400.386,0,1,24.444444,2
15827,10,12,5,1,24.07,0.0,55.9,7.4,1.32,28.13,490.701,0,1,24.444444,2
15828,10,13,5,1,24.07,0.0,54.77,10.1,1.32,34.63,524.87,0,1,24.444444,2
15829,10,14,5,1,24.07,0.0,53.58,10.1,0.72,34.92,407.946,0,1,24.444444,2
15830,10,15,5,1,24.07,0.0,53.02,9.5,1.44,33.15,288.105,0,1,24.444444,2
15831,10,16,5,1,24.07,0.0,53.75,8.2,2.76,30.83,227.651,0,1,24.444444,2
15832,10,17,5,1,24.07,0.0,54.46,8.4,2.28,28.22,40.5042,0,1,24.444444,2
15833,10,18,5,1,24.07,0.0,55.11,9.0,5.04,28.2,0.0,0,1,24.444444,2
15834,10,19,5,1,24.07,0.0,55.82,10.6,4.32,29.11,0.0,0,1,24.444444,2
15835,10,20,5,1,24.07,0.0,56.68,8.8,4.92,25.17,0.0,0,1,24.444444,2
15836,10,21,5,1,24.07,0.0,57.49,9.7,2.52,25.91,0.0,0,1,24.444444,2
15837,10,22,5,1,24.07,0.0,57.83,11.4,1.56,27.22,0.0,0,1,24.444444,2
15838,10,23,5,1,24.07,0.0,57.29,13.5,1.2,28.63,0.0,0,1,24.444444,2
15839,10,24,5,1,24.07,0.0,57.67,9.4,1.2,20.98,0.0,0,1,24.444444,2
15840,10,1,6,1,24.05,0.0,60.26,4.1,1.92,12.63,0.0,0,1,24.444444,2
15841,10,2,6,1,24.02,0.0,63.21,3.5,0.0,11.54,0.0,0,1,24.444444,2
15842,10,3,6,1,23.99,0.0,65.45,3.2,0.24,10.76,0.0,0,1,24.444444,2
15843,10,4,6,1,23.98,0.0,66.94,3.7,0.84,10.78,0.0,0,1,24.444444,2
15844,10,5,6,1,23.96,0.0,67.95,3.8,7.92,10.43,0.0,0,1,24.444444,2
15845,10,6,6,1,23.93,0.0,68.91,3.1,5.64,9.53,0.0,0,1,24.444444,2
15846,10,7,6,1,23.95,0.0,68.25,4.4,5.76,14.75,0.0,0,1,24.444444,2
15847,10,8,6,1,23.98,0.0,66.37,5.1,5.16,18.41,135.845,0,1,24.444444,2
15848,10,9,6,1,24.0,0.0,64.17,4.0,5.28,21.32,305.887,0,1,24.444444,2
15849,10,10,6,1,24.05,0.0,62.02,4.7,4.44,24.75,382.011,0,1,24.444444,2
15850,10,11,6,1,24.07,0.0,59.94,4.0,2.4,27.08,506.204,0,1,24.444444,2
15851,10,12,6,1,24.07,0.0,57.7,7.7,2.88,33.64,497.553,0,1,24.444444,2
15852,10,13,6,1,24.07,0.0,55.09,8.1,3.12,34.67,477.853,0,1,24.444444,2
15853,10,14,6,1,24.07,0.0,53.22,9.1,1.32,36.0,398.469,0,1,24.444444,2
15854,10,15,6,1,24.07,0.0,52.27,11.2,2.88,37.86,308.007,0,1,24.444444,2
15855,10,16,6,1,24.07,0.0,52.41,9.1,0.48,31.33,134.261,0,1,24.444444,2
15856,10,17,6,1,24.07,0.0,53.2,10.4,2.64,31.19,41.1351,0,1,24.444444,2
15857,10,18,6,1,24.07,0.0,53.86,9.2,1.92,28.38,0.0,0,1,24.444444,2
15858,10,19,6,1,24.07,0.0,54.7,10.2,3.24,28.63,0.0,0,1,24.444444,2
15859,10,20,6,1,24.07,0.0,55.42,7.8,2.76,24.03,0.0,0,1,24.444444,2
15860,10,21,6,1,24.07,0.0,56.01,9.8,1.68,26.03,0.0,0,1,24.444444,2
15861,10,22,6,1,24.07,0.0,56.71,8.7,1.8,22.85,0.0,0,1,24.444444,2
15862,10,23,6,1,24.07,0.0,58.58,5.2,0.96,16.54,0.0,0,1,24.444444,2
15863,10,24,6,1,24.07,0.0,60.63,5.2,0.72,15.72,0.0,0,1,24.444444,2
15864,10,1,7,1,24.03,0.0,62.94,3.0,0.72,11.89,0.0,0,1,24.444444,2
15865,10,2,7,1,24.01,0.0,64.91,3.1,0.84,11.64,0.0,0,1,24.444444,2
15866,10,3,7,1,24.0,0.0,66.3,3.1,0.72,11.23,0.0,0,1,24.444444,2
15867,10,4,7,1,23.99,0.0,67.25,3.4,0.36,11.23,0.0,0,1,24.444444,2
15868,10,5,7,1,24.0,0.0,67.51,5.1,0.36,13.34,0.0,0,1,24.444444,2
15869,10,6,7,1,23.98,0.0,68.52,3.6,1.68,11.19,0.0,0,1,24.444444,2
15870,10,7,7,1,23.96,0.0,69.93,3.2,5.88,10.71,0.0,0,1,24.444444,2
15871,10,8,7,1,23.98,0.0,70.29,5.3,13.56,13.7,54.3169,0,1,24.444444,2
15872,10,9,7,1,24.0,0.0,69.34,4.5,7.08,15.74,143.971,0,1,24.444444,2
15873,10,10,7,1,24.03,0.0,67.47,4.0,7.56,20.12,266.064,0,1,24.444444,2
15874,10,11,7,1,24.06,0.0,64.07,6.3,6.36,26.34,311.654,0,1,24.444444,2
15875,10,12,7,1,24.06,0.0,62.5,3.7,1.32,22.29,253.962,0,1,24.444444,2
15876,10,13,7,1,24.07,0.0,60.62,5.5,11.4,26.78,313.928,0,1,24.444444,2
15877,10,14,7,1,24.07,0.0,58.27,9.0,2.64,30.51,190.619,0,1,24.444444,2
15878,10,15,7,1,24.07,0.0,58.07,4.7,5.28,21.99,149.726,0,1,24.444444,2
15879,10,16,7,1,24.07,0.0,58.72,5.7,14.52,21.77,62.5513,0,1,24.444444,2
15880,10,17,7,1,24.07,0.0,59.65,5.0,4.68,20.0,3.69311,0,1,24.444444,2
15881,10,18,7,1,24.07,0.0,60.57,4.8,6.36,20.35,0.0,0,1,24.444444,2
15882,10,19,7,1,24.07,0.0,60.4,7.0,8.88,23.05,0.0,0,1,24.444444,2
15883,10,20,7,1,24.07,0.0,60.5,6.0,4.08,20.28,0.0,0,1,24.444444,2
15884,10,21,7,1,24.07,0.0,61.09,4.9,2.04,18.16,0.0,0,1,24.444444,2
15885,10,22,7,1,24.07,0.0,61.27,4.4,2.28,16.73,0.0,0,1,24.444444,2
15886,10,23,7,1,24.07,0.0,61.38,4.9,2.04,16.8,0.0,0,1,24.444444,2
15887,10,24,7,1,24.06,0.0,61.54,4.1,0.96,14.55,0.0,0,1,24.444444,2
15888,10,1,1,1,24.05,0.0,61.69,4.2,2.88,13.89,0.0,0,1,24.444444,2
15889,10,2,1,1,24.06,0.0,61.32,7.9,0.84,17.76,0.0,0,1,24.444444,2
15890,10,3,1,1,24.0,0.0,63.14,3.5,0.24,10.19,0.0,0,1,24.444444,2
15891,10,4,1,1,23.96,0.0,66.11,3.6,0.36,10.07,0.0,0,1,24.444444,2
15892,10,5,1,1,23.93,0.0,68.61,3.6,0.36,9.75,0.0,0,1,24.444444,2
15893,10,6,1,1,24.0,0.0,68.86,8.0,0.96,15.51,0.0,0,1,24.444444,2
15894,10,7,1,1,23.95,0.0,69.59,5.2,1.92,10.24,0.0,0,1,24.444444,2
15895,10,8,1,1,23.84,0.0,71.45,4.4,4.68,7.8,0.0,0,1,24.444444,2
15896,10,9,1,1,23.81,0.0,72.47,4.2,6.72,8.33,35.12,0,1,24.444444,2
15897,10,10,1,1,23.86,0.0,73.31,4.9,16.32,10.08,42.2776,0,1,24.444444,2
15898,10,11,1,1,23.96,0.0,72.56,8.4,16.44,15.34,51.8969,0,1,24.444444,2
15899,10,12,1,1,23.95,0.0,71.96,5.2,9.36,11.97,100.304,0,1,24.444444,2
15900,10,13,1,1,23.94,0.0,72.26,5.3,3.72,11.56,73.5495,0,1,24.444444,2
15901,10,14,1,1,23.99,0.0,71.26,8.5,3.72,17.14,84.877,0,1,24.444444,2
15902,10,15,1,1,23.99,0.0,70.35,6.4,8.52,14.39,124.448,0,1,24.444444,2
15903,10,16,1,1,23.99,0.0,70.17,6.8,6.84,14.4,59.8364,0,1,24.444444,2
15904,10,17,1,1,24.02,0.0,69.85,9.6,2.52,19.69,13.3709,0,1,24.444444,2
15905,10,18,1,1,24.04,0.0,68.85,9.6,8.76,21.13,0.0,0,1,24.444444,2
15906,10,19,1,1,24.04,0.0,68.06,10.2,6.72,21.86,0.0,0,1,24.444444,2
15907,10,20,1,1,24.04,0.0,68.32,8.0,1.56,17.61,0.0,0,1,24.444444,2
15908,10,21,1,1,24.04,0.0,69.68,7.6,4.56,17.97,0.0,0,1,24.444444,2
15909,10,22,1,1,24.05,0.0,70.12,9.8,2.4,22.36,0.0,0,1,24.444444,2
15910,10,23,1,1,24.01,0.0,71.49,3.8,3.12,12.96,0.0,0,1,24.444444,2
15911,10,24,1,1,23.99,0.0,73.49,3.3,0.24,13.57,0.0,0,1,24.444444,2
15912,10,1,2,1,23.99,0.0,74.34,3.5,0.96,13.54,0.0,0,1,24.444444,2
15913,10,2,2,1,23.98,0.0,75.02,3.8,0.48,13.33,0.0,0,1,24.444444,2
15914,10,3,2,1,23.96,0.0,75.25,3.5,0.12,12.25,0.0,0,1,24.444444,2
15915,10,4,2,1,23.93,0.0,74.46,3.5,0.24,10.87,0.0,0,1,24.444444,2
15916,10,5,2,1,23.87,0.0,73.45,3.3,0.72,9.5,0.0,0,1,24.444444,2
15917,10,6,2,1,23.84,0.0,72.01,3.4,4.8,9.02,0.0,0,1,24.444444,2
15918,10,7,2,1,23.87,0.0,69.81,4.2,4.56,12.04,0.0,0,1,24.444444,2
15919,10,8,2,1,23.83,0.0,68.55,3.3,9.48,8.36,59.1685,0,1,24.444444,2
15920,10,9,2,1,23.84,0.0,67.77,3.9,6.84,10.11,113.474,0,1,24.444444,2
15921,10,10,2,1,23.92,0.0,66.09,5.0,9.24,15.1,282.879,0,1,24.444444,2
15922,10,11,2,1,23.99,0.0,64.02,7.4,3.12,17.28,170.626,0,1,24.444444,2
15923,10,12,2,1,23.96,0.0,63.52,3.7,2.4,11.99,203.312,0,1,24.444444,2
15924,10,13,2,1,23.97,0.0,63.9,4.6,2.04,13.42,217.398,0,1,24.444444,2
15925,10,14,2,1,24.02,0.0,63.31,8.7,2.64,17.25,101.502,0,1,24.444444,2
15926,10,15,2,1,23.98,0.0,63.85,5.0,2.52,11.82,29.8082,0,1,24.444444,2
15927,10,16,2,1,24.02,0.0,63.19,7.1,0.84,21.49,269.786,0,1,24.444444,2
15928,10,17,2,1,24.03,0.0,62.38,6.6,1.44,19.85,166.813,0,1,24.444444,2
15929,10,18,2,1,24.01,0.0,63.74,4.2,3.36,12.66,6.0257,0,1,24.444444,2
15930,10,19,2,1,24.03,0.0,65.31,6.6,1.92,15.58,0.0,0,1,24.444444,2
15931,10,20,2,1,24.05,0.0,65.06,9.6,5.76,19.98,0.0,0,1,24.444444,2
15932,10,21,2,1,24.06,0.0,63.91,11.4,2.76,22.38,0.0,0,1,24.444444,2
15933,10,22,2,1,24.05,0.0,63.91,7.6,6.6,15.27,0.0,0,1,24.444444,2
15934,10,23,2,1,24.02,0.0,65.01,6.4,1.44,12.76,0.0,0,1,24.444444,2
15935,10,24,2,1,23.95,0.0,66.99,3.9,0.72,9.25,0.0,0,1,24.444444,2
15936,10,1,3,1,23.91,0.0,68.7,3.9,0.36,9.18,0.0,0,1,24.444444,2
15937,10,2,3,1,23.83,0.0,70.13,3.0,0.36,7.89,0.0,0,1,24.444444,2
15938,10,3,3,1,23.87,0.0,70.1,5.3,0.24,10.03,0.0,0,1,24.444444,2
15939,10,4,3,1,23.81,0.0,70.35,3.5,0.24,7.78,0.0,0,1,24.444444,2
15940,10,5,3,1,23.76,0.0,70.93,3.2,1.08,7.38,0.0,0,1,24.444444,2
15941,10,6,3,1,23.77,0.0,71.01,3.9,1.92,8.07,0.0,0,1,24.444444,2
15942,10,7,3,1,23.81,0.0,69.98,4.0,21.96,10.7,0.0,0,1,24.444444,2
15943,10,8,3,1,23.8,0.0,68.97,3.8,7.92,9.31,103.385,0,1,24.444444,2
15944,10,9,3,1,23.82,0.0,67.97,5.3,8.88,9.26,88.2094,0,1,24.444444,2
15945,10,10,3,1,23.82,0.0,67.07,4.7,6.48,8.71,91.707,0,1,24.444444,2
15946,10,11,3,1,23.82,0.0,66.58,4.0,4.8,8.65,117.763,0,1,24.444444,2
15947,10,12,3,1,23.83,0.0,66.06,3.5,1.68,9.46,171.481,0,1,24.444444,2
15948,10,13,3,1,23.99,0.0,63.13,9.5,0.48,18.54,178.548,0,1,24.444444,2
15949,10,14,3,1,24.03,0.0,60.09,8.5,3.96,17.92,219.705,0,1,24.444444,2
15950,10,15,3,1,24.04,0.0,58.52,9.1,1.32,17.62,136.637,0,1,24.444444,2
15951,10,16,3,1,24.0,0.0,58.98,4.6,1.32,11.13,61.8775,0,1,24.444444,2
15952,10,17,3,1,24.04,0.0,58.19,9.1,1.92,20.08,113.678,0,1,24.444444,2
15953,10,18,3,1,24.05,0.0,57.36,8.3,3.0,16.15,5.9202,0,1,24.444444,2
15954,10,19,3,1,24.05,0.0,56.94,9.4,1.32,16.37,0.0,0,1,24.444444,2
15955,10,20,3,1,24.05,0.0,56.83,8.5,2.52,14.16,0.0,0,1,24.444444,2
15956,10,21,3,1,24.03,0.0,57.67,7.0,7.56,11.86,0.0,0,1,24.444444,2
15957,10,22,3,1,24.03,0.0,58.59,8.3,3.6,13.6,0.0,0,1,24.444444,2
15958,10,23,3,1,23.99,0.0,60.03,5.8,1.44,9.66,0.0,0,1,24.444444,2
15959,10,24,3,1,23.98,0.0,61.74,6.8,1.08,10.33,0.0,0,1,24.444444,2
15960,10,1,4,1,23.95,0.0,62.83,6.6,0.0,9.51,0.0,0,1,24.444444,2
15961,10,2,4,1,23.81,0.0,64.29,3.9,0.12,6.37,0.0,0,1,24.444444,2
15962,10,3,4,1,23.74,0.0,65.41,3.9,0.36,5.78,0.0,0,1,24.444444,2
15963,10,4,4,1,23.9,0.0,63.97,10.1,0.6,11.34,0.0,0,1,24.444444,2
15964,10,5,4,1,23.73,0.0,64.06,4.8,1.08,5.02,0.0,0,1,24.444444,2
15965,10,6,4,1,23.58,0.0,64.93,4.1,2.04,3.69,0.0,0,1,24.444444,2
15966,10,7,4,1,23.7,0.0,63.5,7.4,7.8,9.47,0.0,0,1,24.444444,2
15967,10,8,4,1,23.82,0.0,60.58,8.7,8.4,17.92,168.441,0,1,24.444444,2
15968,10,9,4,1,23.91,0.0,57.42,8.6,8.64,22.22,367.006,0,1,24.444444,2
15969,10,10,4,1,24.01,0.0,54.47,8.5,2.28,24.63,528.044,0,1,24.444444,2
15970,10,11,4,1,24.06,0.0,52.61,8.5,3.0,26.99,631.337,0,1,24.444444,2
15971,10,12,4,1,24.07,0.0,50.55,8.2,8.52,29.28,698.373,0,1,24.444444,2
15972,10,13,4,1,24.08,0.01,47.97,9.2,2.16,32.64,684.683,0,1,24.444444,2
15973,10,14,4,1,24.08,0.01,46.74,8.1,0.84,34.97,647.366,0,1,24.444444,2
15974,10,15,4,1,24.08,0.01,46.07,9.3,1.2,39.08,540.876,0,1,24.444444,2
15975,10,16,4,1,24.08,0.0,45.56,7.9,3.36,36.49,374.379,0,1,24.444444,2
15976,10,17,4,1,24.07,0.0,45.66,8.4,2.52,32.19,160.548,0,1,24.444444,2
15977,10,18,4,1,24.08,0.0,46.69,8.8,3.48,26.52,0.533165,0,1,24.444444,2
15978,10,19,4,1,24.07,0.0,48.22,9.7,0.72,25.95,0.0,0,1,24.444444,2
15979,10,20,4,1,24.07,0.0,49.56,10.1,7.56,24.9,0.0,0,1,24.444444,2
15980,10,21,4,1,24.07,0.0,50.83,12.2,1.32,26.4,0.0,0,1,24.444444,2
15981,10,22,4,1,24.07,0.0,52.82,9.6,4.08,21.45,0.0,0,1,24.444444,2
15982,10,23,4,1,24.07,0.0,55.06,8.4,1.44,18.7,0.0,0,1,24.444444,2
15983,10,24,4,1,24.07,0.0,56.94,8.1,0.48,16.97,0.0,0,1,24.444444,2
15984,10,1,5,1,24.03,0.0,59.62,4.1,0.6,10.81,0.0,0,1,24.444444,2
15985,10,2,5,1,23.95,0.0,63.19,2.7,0.24,8.97,0.0,0,1,24.444444,2
15986,10,3,5,1,24.04,0.0,63.25,9.7,0.12,17.99,0.0,0,1,24.444444,2
15987,10,4,5,1,23.9,0.0,65.23,2.9,0.24,7.99,0.0,0,1,24.444444,2
15988,10,5,5,1,23.84,0.0,67.73,3.5,1.56,8.21,0.0,0,1,24.444444,2
15989,10,6,5,1,24.01,0.0,65.89,11.4,7.8,17.58,0.0,0,1,24.444444,2
15990,10,7,5,1,24.04,0.0,63.14,12.0,18.96,21.59,0.0,0,1,24.444444,2
15991,10,8,5,1,24.03,0.0,61.01,8.0,16.8,22.0,166.239,0,1,24.444444,2
15992,10,9,5,1,24.07,0.0,57.81,10.4,6.72,29.17,365.74,0,1,24.444444,2
15993,10,10,5,1,24.08,0.0,54.02,8.7,6.12,28.52,525.879,0,1,24.444444,2
15994,10,11,5,1,24.07,0.0,51.46,8.5,4.32,29.22,629.25,0,1,24.444444,2
15995,10,12,5,1,24.08,0.01,49.46,10.0,0.96,32.52,675.093,0,1,24.444444,2
15996,10,13,5,1,24.09,0.02,47.68,9.2,2.16,33.45,672.484,0,1,24.444444,2
15997,10,14,5,1,24.11,0.04,46.47,10.0,4.92,38.18,647.805,0,1,24.444444,2
15998,10,15,5,1,24.1,0.02,44.37,9.1,0.84,39.11,546.392,0,1,24.444444,2
15999,10,16,5,1,24.08,0.0,42.44,8.0,0.84,36.33,383.896,0,1,24.444444,2
16000,10,17,5,1,24.08,0.0,41.57,8.5,4.8,31.79,168.054,0,1,24.444444,2
16001,10,18,5,1,24.08,0.0,41.55,9.7,4.2,26.14,5.71522,0,1,24.444444,2
16002,10,19,5,1,24.08,0.0,42.4,11.1,3.84,25.71,0.0,0,1,24.444444,2
16003,10,20,5,1,24.07,0.0,43.57,8.5,2.52,20.73,0.0,0,1,24.444444,2
16004,10,21,5,1,24.07,0.0,45.52,9.7,2.64,20.71,0.0,0,1,24.444444,2
16005,10,22,5,1,24.07,0.0,46.77,11.2,1.44,20.06,0.0,0,1,24.444444,2
16006,10,23,5,1,24.07,0.0,47.86,8.9,1.92,14.54,0.0,0,1,24.444444,2
16007,10,24,5,1,24.07,0.0,49.5,10.0,0.6,14.18,0.0,0,1,24.444444,2
16008,10,1,6,1,23.87,0.0,52.04,3.5,0.96,5.89,0.0,0,1,24.444444,2
16009,10,2,6,1,23.7,0.0,55.03,3.2,0.12,4.57,0.0,0,1,24.444444,2
16010,10,3,6,1,23.59,0.0,57.49,3.2,0.12,3.95,0.0,0,1,24.444444,2
16011,10,4,6,1,23.53,0.0,59.21,3.5,0.48,3.47,0.0,0,1,24.444444,2
16012,10,5,6,1,23.48,0.0,60.26,3.4,1.92,3.36,0.0,0,1,24.444444,2
16013,10,6,6,1,23.44,0.0,61.69,3.3,7.92,3.23,0.0,0,1,24.444444,2
16014,10,7,6,1,23.58,0.0,61.93,6.1,9.6,7.26,0.0,0,1,24.444444,2
16015,10,8,6,1,23.72,0.0,60.79,4.9,10.92,13.47,160.186,0,1,24.444444,2
16016,10,9,6,1,23.75,0.0,59.35,3.7,4.92,17.29,358.763,0,1,24.444444,2
16017,10,10,6,1,23.86,0.0,57.1,5.2,0.96,20.44,494.218,0,1,24.444444,2
16018,10,11,6,1,23.96,0.0,54.76,5.6,0.96,20.28,485.462,0,1,24.444444,2
16019,10,12,6,1,24.06,0.0,52.15,7.8,1.68,24.33,519.084,0,1,24.444444,2
16020,10,13,6,1,24.07,0.0,49.56,7.4,1.2,26.13,514.793,0,1,24.444444,2
16021,10,14,6,1,24.07,0.0,47.88,9.5,0.84,29.76,411.984,0,1,24.444444,2
16022,10,15,6,1,24.07,0.0,46.91,9.9,2.04,30.14,320.494,0,1,24.444444,2
16023,10,16,6,1,24.07,0.0,47.04,8.2,3.84,26.9,220.21,0,1,24.444444,2
16024,10,17,6,1,24.07,0.0,47.38,11.4,2.4,29.56,118.779,0,1,24.444444,2
16025,10,18,6,1,24.07,0.0,48.44,8.8,2.88,22.67,0.0,0,1,24.444444,2
16026,10,19,6,1,24.07,0.0,49.02,10.6,3.72,23.91,0.0,0,1,24.444444,2
16027,10,20,6,1,24.07,0.0,49.64,8.7,1.92,20.24,0.0,0,1,24.444444,2
16028,10,21,6,1,24.07,0.0,50.37,10.2,1.44,21.42,0.0,0,1,24.444444,2
16029,10,22,6,1,24.07,0.0,51.38,8.4,0.48,17.81,0.0,0,1,24.444444,2
16030,10,23,6,1,24.06,0.0,53.25,5.0,1.92,12.54,0.0,0,1,24.444444,2
16031,10,24,6,1,24.04,0.0,55.31,4.9,0.72,11.88,0.0,0,1,24.444444,2
16032,10,1,7,1,24.0,0.0,57.48,3.6,0.84,9.91,0.0,0,1,24.444444,2
16033,10,2,7,1,23.98,0.0,59.5,3.5,0.72,9.79,0.0,0,1,24.444444,2
16034,10,3,7,1,23.96,0.0,61.43,3.5,0.6,9.74,0.0,0,1,24.444444,2
16035,10,4,7,1,23.93,0.0,63.4,3.2,0.12,9.3,0.0,0,1,24.444444,2
16036,10,5,7,1,23.93,0.0,65.19,3.9,0.36,10.02,0.0,0,1,24.444444,2
16037,10,6,7,1,23.92,0.0,66.89,4.0,2.28,10.1,0.0,0,1,24.444444,2
16038,10,7,7,1,23.9,0.0,68.45,3.5,7.2,9.69,0.0,0,1,24.444444,2
16039,10,8,7,1,23.96,0.0,68.14,6.4,8.64,13.04,27.4035,0,1,24.444444,2
16040,10,9,7,1,23.94,0.0,68.29,4.0,11.88,11.08,52.3631,0,1,24.444444,2
16041,10,10,7,1,23.97,0.0,68.55,4.2,10.2,15.12,165.196,0,1,24.444444,2
16042,10,11,7,1,24.0,0.0,68.51,3.3,2.4,17.59,300.631,0,1,24.444444,2
16043,10,12,7,1,24.04,0.0,67.99,6.2,7.92,24.13,275.171,0,1,24.444444,2
16044,10,13,7,1,24.04,0.0,68.67,4.7,4.56,21.41,171.633,0,1,24.444444,2
16045,10,14,7,1,24.07,0.0,68.52,9.1,4.56,29.55,124.823,0,1,24.444444,2
16046,10,15,7,1,24.06,0.0,68.89,4.8,5.16,21.85,93.598,0,1,24.444444,2
16047,10,16,7,1,24.06,0.0,67.98,5.7,14.04,20.55,154.938,0,1,24.444444,2
16048,10,17,7,1,24.03,0.0,66.38,4.0,10.56,12.69,61.0365,0,1,24.444444,2
16049,10,18,7,1,24.01,0.0,65.94,4.7,3.12,12.26,0.0,0,1,24.444444,2
16050,10,19,7,1,23.98,0.0,65.84,4.0,5.88,10.7,0.0,0,1,24.444444,2
16051,10,20,7,1,24.01,0.0,65.25,7.5,1.56,14.13,0.0,0,1,24.444444,2
16052,10,21,7,1,24.0,0.0,64.96,6.9,4.56,12.21,0.0,0,1,24.444444,2
16053,10,22,7,1,23.94,0.0,66.06,4.9,3.36,9.05,0.0,0,1,24.444444,2
16054,10,23,7,1,23.88,0.0,67.07,4.6,1.2,8.36,0.0,0,1,24.444444,2
16055,10,24,7,1,23.78,0.0,68.44,3.6,0.6,6.59,0.0,0,1,24.444444,2
16056,11,1,1,1,23.91,0.0,67.98,8.8,3.12,11.87,0.0,0,1,24.444444,2
16057,11,2,1,1,23.93,0.0,67.31,8.6,0.84,10.78,0.0,0,1,24.444444,2
16058,11,3,1,1,23.93,0.0,66.37,9.4,0.0,11.08,0.0,0,1,24.444444,2
16059,11,4,1,1,23.92,0.0,65.83,8.8,0.12,9.95,0.0,0,1,24.444444,2
16060,11,5,1,1,23.68,0.0,67.49,3.1,0.36,4.23,0.0,0,1,24.444444,2
16061,11,6,1,1,23.81,0.0,67.01,8.9,0.72,9.4,0.0,0,1,24.444444,2
16062,11,7,1,1,23.76,0.0,66.8,7.2,1.32,6.87,0.0,0,1,24.444444,2
16063,11,8,1,1,23.76,0.0,66.28,9.3,4.92,7.67,8.04741,0,1,24.444444,2
16064,11,9,1,1,23.81,0.0,65.15,10.3,6.96,8.93,66.706,0,1,24.444444,2
16065,11,10,1,1,23.85,0.0,64.36,10.8,16.08,9.6,57.735,0,1,24.444444,2
16066,11,11,1,1,23.85,0.0,63.97,9.6,10.08,8.96,98.1922,0,1,24.444444,2
16067,11,12,1,1,23.87,0.0,63.79,9.4,14.52,9.53,113.51,0,1,24.444444,2
16068,11,13,1,1,23.91,0.0,63.62,10.0,13.08,10.76,104.29,0,1,24.444444,2
16069,11,14,1,1,23.96,0.0,62.97,10.7,12.24,12.66,100.718,0,1,24.444444,2
16070,11,15,1,1,23.97,0.0,62.57,9.4,6.6,11.96,114.205,0,1,24.444444,2
16071,11,16,1,1,23.98,0.0,62.57,9.0,5.16,12.35,124.782,0,1,24.444444,2
16072,11,17,1,1,23.98,0.0,62.38,9.7,1.92,12.36,36.1321,0,1,24.444444,2
16073,11,18,1,1,24.01,0.0,61.86,11.4,4.2,15.51,0.0,0,1,24.444444,2
16074,11,19,1,1,24.04,0.0,60.71,13.4,3.12,18.91,0.0,0,1,24.444444,2
16075,11,20,1,1,24.04,0.0,60.01,11.9,2.88,15.74,0.0,0,1,24.444444,2
16076,11,21,1,1,24.02,0.0,60.65,10.3,3.48,13.43,0.0,0,1,24.444444,2
16077,11,22,1,1,24.02,0.0,60.92,10.8,1.08,14.07,0.0,0,1,24.444444,2
16078,11,23,1,1,23.85,0.0,62.89,4.9,3.24,6.56,0.0,0,1,24.444444,2
16079,11,24,1,1,23.95,0.0,63.56,9.9,2.76,11.88,0.0,0,1,24.444444,2
16080,11,1,2,1,23.99,0.0,63.28,10.2,0.96,12.66,0.0,0,1,24.444444,2
16081,11,2,2,1,23.98,0.0,63.65,9.8,0.84,11.77,0.0,0,1,24.444444,2
16082,11,3,2,1,23.98,0.0,63.98,10.0,0.24,12.22,0.0,0,1,24.444444,2
16083,11,4,2,1,23.98,0.0,64.29,9.5,0.24,11.27,0.0,0,1,24.444444,2
16084,11,5,2,1,23.77,0.0,66.71,3.4,0.36,5.07,0.0,0,1,24.444444,2
16085,11,6,2,1,23.93,0.0,66.22,9.9,4.68,12.02,0.0,0,1,24.444444,2
16086,11,7,2,1,23.91,0.0,65.76,7.4,7.08,12.79,0.0,0,1,24.444444,2
16087,11,8,2,1,23.95,0.0,63.88,8.9,18.96,19.45,155.13,0,1,24.444444,2
16088,11,9,2,1,23.99,0.0,61.94,10.8,7.68,16.97,123.423,0,1,24.444444,2
16089,11,10,2,1,24.02,0.0,60.88,10.7,8.76,17.45,214.895,0,1,24.444444,2
16090,11,11,2,1,24.03,0.0,59.94,9.6,4.56,17.28,189.196,0,1,24.444444,2
16091,11,12,2,1,24.05,0.0,58.89,9.7,8.52,19.71,278.275,0,1,24.444444,2
16092,11,13,2,1,24.06,0.0,57.72,9.5,1.08,20.37,240.844,0,1,24.444444,2
16093,11,14,2,1,24.07,0.0,56.51,10.5,3.12,25.67,327.078,0,1,24.444444,2
16094,11,15,2,1,24.07,0.0,54.68,9.9,0.48,30.87,445.456,0,1,24.444444,2
16095,11,16,2,1,24.07,0.0,53.06,8.6,4.2,30.01,363.598,0,1,24.444444,2
16096,11,17,2,1,24.07,0.0,52.61,11.2,0.84,29.28,151.874,0,1,24.444444,2
16097,11,18,2,1,24.07,0.0,53.15,9.5,8.28,21.39,1.20433,0,1,24.444444,2
16098,11,19,2,1,24.07,0.0,53.72,10.1,9.24,20.85,0.0,0,1,24.444444,2
16099,11,20,2,1,24.07,0.0,54.52,9.8,6.84,19.18,0.0,0,1,24.444444,2
16100,11,21,2,1,24.07,0.0,55.3,11.0,2.76,20.74,0.0,0,1,24.444444,2
16101,11,22,2,1,24.07,0.0,55.41,12.6,3.0,22.34,0.0,0,1,24.444444,2
16102,11,23,2,1,24.07,0.0,54.92,17.3,1.68,28.24,0.0,0,1,24.444444,2
16103,11,24,2,1,24.07,0.0,55.79,9.6,0.72,15.77,0.0,0,1,24.444444,2
16104,11,1,3,0,24.07,0.0,57.61,10.1,0.84,16.12,0.0,0,1,24.444444,2
16105,11,2,3,0,24.06,0.0,58.68,9.9,0.72,15.08,0.0,0,1,24.444444,2
16106,11,3,3,0,23.89,0.0,61.11,3.3,0.72,7.06,0.0,0,1,24.444444,2
16107,11,4,3,0,24.02,0.0,61.18,10.1,0.36,14.44,0.0,0,1,24.444444,2
16108,11,5,3,0,24.04,0.0,60.79,10.9,0.48,15.05,0.0,0,1,24.444444,2
16109,11,6,3,0,24.02,0.0,60.94,9.3,1.08,12.52,0.0,0,1,24.444444,2
16110,11,7,3,0,24.04,0.0,60.07,11.7,6.6,18.87,0.0,0,1,24.444444,2
16111,11,8,3,0,24.05,0.0,58.83,9.9,16.8,19.5,115.999,0,1,24.444444,2
16112,11,9,3,0,24.05,0.0,58.23,10.6,12.24,16.34,104.562,0,1,24.444444,2
16113,11,10,3,0,24.06,0.0,57.09,10.8,5.64,19.52,217.821,0,1,24.444444,2
16114,11,11,3,0,24.07,0.0,55.61,9.0,6.12,23.47,478.438,0,1,24.444444,2
16115,11,12,3,0,24.08,0.0,53.32,9.2,4.68,28.01,653.029,0,1,24.444444,2
16116,11,13,3,0,24.07,0.0,51.33,9.6,0.84,30.26,665.597,0,1,24.444444,2
16117,11,14,3,0,24.07,0.0,49.59,8.9,2.88,32.23,620.677,0,1,24.444444,2
16118,11,15,3,0,24.07,0.0,47.6,9.9,0.72,35.46,520.452,0,1,24.444444,2
16119,11,16,3,0,24.07,0.0,46.75,8.7,0.84,32.63,363.402,0,1,24.444444,2
16120,11,17,3,0,24.09,0.02,46.32,22.1,1.92,44.48,150.501,0,1,24.444444,2
16121,11,18,3,0,24.08,0.0,47.08,9.0,8.88,21.77,0.327791,0,1,24.444444,2
16122,11,19,3,0,24.07,0.0,48.55,12.0,4.56,25.52,0.0,0,1,24.444444,2
16123,11,20,3,0,24.07,0.0,49.85,10.2,6.36,22.02,0.0,0,1,24.444444,2
16124,11,21,3,0,24.07,0.0,51.26,9.1,4.32,19.31,0.0,0,1,24.444444,2
16125,11,22,3,0,24.07,0.0,52.19,10.5,3.84,20.25,0.0,0,1,24.444444,2
16126,11,23,3,0,24.07,0.0,53.51,8.2,0.72,15.38,0.0,0,1,24.444444,2
16127,11,24,3,0,24.07,0.0,54.47,12.5,0.96,20.86,0.0,0,1,24.444444,2
16128,11,1,4,0,24.07,0.0,54.77,11.5,1.08,17.45,0.0,0,1,24.444444,2
16129,11,2,4,0,24.05,0.0,55.5,9.8,0.12,11.94,0.0,0,1,24.444444,2
16130,11,3,4,0,24.03,0.0,56.05,9.8,0.24,10.84,0.0,0,1,24.444444,2
16131,11,4,4,0,24.01,0.0,57.18,9.7,0.6,10.27,0.0,0,1,24.444444,2
16132,11,5,4,0,23.99,0.0,58.29,10.2,0.36,9.83,0.0,0,1,24.444444,2
16133,11,6,4,0,23.95,0.0,58.84,10.5,2.76,8.97,0.0,0,1,24.444444,2
16134,11,7,4,0,23.94,0.0,59.09,9.4,14.04,12.41,0.0,0,1,24.444444,2
16135,11,8,4,0,23.97,0.0,58.68,7.3,8.52,19.87,150.151,0,1,24.444444,2
16136,11,9,4,0,24.01,0.0,57.7,7.1,11.04,23.59,343.715,0,1,24.444444,2
16137,11,10,4,0,24.07,0.0,55.89,10.7,2.16,29.9,500.18,0,1,24.444444,2
16138,11,11,4,0,24.03,0.0,55.27,3.0,5.76,20.23,616.087,0,1,24.444444,2
16139,11,12,4,0,24.07,0.0,54.05,9.0,3.72,30.16,665.324,0,1,24.444444,2
16140,11,13,4,0,24.07,0.0,51.69,7.8,1.8,30.86,668.927,0,1,24.444444,2
16141,11,14,4,0,24.09,0.02,48.63,10.6,3.96,37.59,620.543,0,1,24.444444,2
16142,11,15,4,0,24.09,0.01,45.99,10.6,1.92,39.21,515.784,0,1,24.444444,2
16143,11,16,4,0,24.08,0.0,44.63,9.5,2.28,36.2,355.32,0,1,24.444444,2
16144,11,17,4,0,24.08,0.0,44.31,7.8,1.32,28.75,146.767,0,1,24.444444,2
16145,11,18,4,0,24.08,0.0,44.38,12.7,1.68,28.82,0.114182,0,1,24.444444,2
16146,11,19,4,0,24.07,0.0,45.08,11.2,3.24,26.09,0.0,0,1,24.444444,2
16147,11,20,4,0,24.07,0.0,46.0,9.2,3.36,21.72,0.0,0,1,24.444444,2
16148,11,21,4,0,24.07,0.0,47.77,9.2,2.4,20.3,0.0,0,1,24.444444,2
16149,11,22,4,0,24.07,0.0,49.93,10.1,1.44,20.44,0.0,0,1,24.444444,2
16150,11,23,4,0,24.07,0.0,51.14,13.8,1.2,23.52,0.0,0,1,24.444444,2
16151,11,24,4,0,24.07,0.0,51.9,13.3,2.4,20.64,0.0,0,1,24.444444,2
16152,11,1,5,0,24.07,0.0,52.57,13.0,0.24,18.24,0.0,0,1,24.444444,2
16153,11,2,5,0,24.07,0.0,53.79,11.3,2.04,14.21,0.0,0,1,24.444444,2
16154,11,3,5,0,24.04,0.0,55.48,9.9,0.36,11.7,0.0,0,1,24.444444,2
16155,11,4,5,0,24.02,0.0,57.3,9.5,2.4,10.49,0.0,0,1,24.444444,2
16156,11,5,5,0,24.01,0.0,59.17,9.7,1.08,11.69,0.0,0,1,24.444444,2
16157,11,6,5,0,24.04,0.0,60.53,11.7,1.44,16.03,0.0,0,1,24.444444,2
16158,11,7,5,0,24.04,0.0,61.76,10.0,6.36,18.05,0.0,0,1,24.444444,2
16159,11,8,5,0,24.06,0.0,61.47,10.0,22.56,26.77,144.634,0,1,24.444444,2
16160,11,9,5,0,24.12,0.04,59.67,13.8,8.88,36.1,335.915,0,1,24.444444,2
16161,11,10,5,0,24.11,0.04,58.63,10.3,3.36,33.74,491.689,0,1,24.444444,2
16162,11,11,5,0,24.11,0.04,57.49,10.5,5.88,36.11,593.544,0,1,24.444444,2
16163,11,12,5,0,24.1,0.03,56.73,7.5,8.4,34.06,649.167,0,1,24.444444,2
16164,11,13,5,0,24.1,0.03,55.99,10.2,1.92,37.63,424.476,0,1,24.444444,2
16165,11,14,5,0,24.12,0.05,54.66,10.0,0.84,40.68,507.911,0,1,24.444444,2
16166,11,15,5,0,24.13,0.05,53.74,11.0,1.92,44.1,397.202,0,1,24.444444,2
16167,11,16,5,0,24.13,0.06,52.95,10.9,1.2,44.84,349.311,0,1,24.444444,2
16168,11,17,5,0,24.1,0.03,52.95,12.8,3.36,41.95,138.293,0,1,24.444444,2
16169,11,18,5,0,24.08,0.0,54.62,9.1,1.32,31.17,0.0,0,1,24.444444,2
16170,11,19,5,0,24.07,0.0,56.49,9.3,3.48,31.55,0.0,0,1,24.444444,2
16171,11,20,5,0,24.07,0.0,57.96,9.8,2.64,31.07,0.0,0,1,24.444444,2
16172,11,21,5,0,24.07,0.0,58.28,13.6,4.2,35.14,0.0,0,1,24.444444,2
16173,11,22,5,0,24.07,0.0,58.25,14.5,2.28,35.08,0.0,0,1,24.444444,2
16174,11,23,5,0,24.07,0.0,58.59,15.0,2.16,34.64,0.0,0,1,24.444444,2
16175,11,24,5,0,24.07,0.0,59.2,13.2,0.48,30.44,0.0,0,1,24.444444,2
16176,11,1,6,0,24.07,0.0,60.44,10.3,0.6,24.66,0.0,0,1,24.444444,2
16177,11,2,6,0,24.07,0.0,61.98,9.8,0.6,23.36,0.0,0,1,24.444444,2
16178,11,3,6,0,24.05,0.0,64.85,3.4,0.24,12.89,0.0,0,1,24.444444,2
16179,11,4,6,0,24.07,0.0,66.09,9.6,0.48,22.43,0.0,0,1,24.444444,2
16180,11,5,6,0,24.04,0.0,67.08,4.7,0.84,12.89,0.0,0,1,24.444444,2
16181,11,6,6,0,24.06,0.0,67.62,9.6,3.48,20.8,0.0,0,1,24.444444,2
16182,11,7,6,0,24.07,0.0,66.36,11.3,7.08,27.37,0.0,0,1,24.444444,2
16183,11,8,6,0,24.07,0.0,64.96,7.2,5.52,28.18,140.802,0,1,24.444444,2
16184,11,9,6,0,24.08,0.01,63.75,7.4,4.92,32.09,328.095,0,1,24.444444,2
16185,11,10,6,0,24.08,0.01,61.67,10.7,8.16,36.15,382.14,0,1,24.444444,2
16186,11,11,6,0,24.07,0.0,60.96,9.6,0.96,28.7,86.3903,0,1,24.444444,2
16187,11,12,6,0,24.07,0.0,60.22,8.7,2.76,28.89,172.883,0,1,24.444444,2
16188,11,13,6,0,24.07,0.0,59.43,11.8,3.96,31.97,37.4266,0,1,24.444444,2
16189,11,14,6,0,24.07,0.0,58.37,9.7,5.52,32.35,292.439,0,1,24.444444,2
16190,11,15,6,0,24.07,0.0,57.67,9.6,0.6,34.64,284.35,0,1,24.444444,2
16191,11,16,6,0,24.07,0.0,57.44,9.9,1.08,37.98,292.05,0,1,24.444444,2
16192,11,17,6,0,24.07,0.0,57.36,9.2,3.48,33.21,134.59,0,1,24.444444,2
16193,11,18,6,0,24.07,0.0,57.55,11.2,8.88,30.18,0.0,0,1,24.444444,2
16194,11,19,6,0,24.07,0.0,58.31,8.9,5.76,26.56,0.0,0,1,24.444444,2
16195,11,20,6,0,24.07,0.0,58.92,11.2,3.72,29.32,0.0,0,1,24.444444,2
16196,11,21,6,0,24.07,0.0,59.04,13.3,3.12,31.7,0.0,0,1,24.444444,2
16197,11,22,6,0,24.07,0.0,59.65,9.8,1.44,24.86,0.0,0,1,24.444444,2
16198,11,23,6,0,24.07,0.0,61.13,7.5,1.08,20.41,0.0,0,1,24.444444,2
16199,11,24,6,0,24.07,0.0,61.67,12.0,5.52,27.29,0.0,0,1,24.444444,2
16200,11,1,7,0,24.07,0.0,61.69,10.2,1.08,22.98,0.0,0,1,24.444444,2
16201,11,2,7,0,24.07,0.0,62.38,10.0,0.48,22.05,0.0,0,1,24.444444,2
16202,11,3,7,0,24.07,0.0,60.86,18.3,0.6,35.24,0.0,0,1,24.444444,2
16203,11,4,7,0,24.07,0.0,60.44,11.3,0.36,22.4,0.0,0,1,24.444444,2
16204,11,5,7,0,24.07,0.0,62.38,9.8,0.48,20.29,0.0,0,1,24.444444,2
16205,11,6,7,0,24.04,0.0,66.11,4.6,0.84,12.78,0.0,0,1,24.444444,2
16206,11,7,7,0,24.07,0.0,67.44,9.9,1.32,22.1,0.0,0,1,24.444444,2
16207,11,8,7,0,24.07,0.0,66.6,9.8,4.2,22.17,30.8077,0,1,24.444444,2
16208,11,9,7,0,24.07,0.0,65.3,11.0,8.76,24.03,73.6482,0,1,24.444444,2
16209,11,10,7,0,24.07,0.0,63.63,11.7,17.64,27.86,200.707,0,1,24.444444,2
16210,11,11,7,0,24.07,0.0,62.44,10.0,4.56,24.77,132.771,0,1,24.444444,2
16211,11,12,7,0,24.07,0.0,62.13,8.2,1.8,22.61,161.732,0,1,24.444444,2
16212,11,13,7,0,24.07,0.0,61.44,9.8,4.08,26.64,187.049,0,1,24.444444,2
16213,11,14,7,0,24.07,0.0,60.75,8.7,9.72,23.86,134.294,0,1,24.444444,2
16214,11,15,7,0,24.07,0.0,60.52,11.0,3.6,25.35,80.5197,0,1,24.444444,2
16215,11,16,7,0,24.07,0.0,60.56,9.7,2.16,22.49,82.1009,0,1,24.444444,2
16216,11,17,7,0,24.07,0.0,60.44,12.9,5.16,25.37,15.0842,0,1,24.444444,2
16217,11,18,7,0,24.07,0.0,60.35,11.7,5.28,20.97,0.0,0,1,24.444444,2
16218,11,19,7,0,24.07,0.0,60.48,10.0,5.28,16.78,0.0,0,1,24.444444,2
16219,11,20,7,0,24.05,0.0,60.93,10.0,3.36,14.74,0.0,0,1,24.444444,2
16220,11,21,7,0,24.03,0.0,61.12,11.0,4.92,13.58,0.0,0,1,24.444444,2
16221,11,22,7,0,24.0,0.0,60.9,10.6,1.44,11.72,0.0,0,1,24.444444,2
16222,11,23,7,0,23.98,0.0,60.47,11.0,2.76,11.13,0.0,0,1,24.444444,2
16223,11,24,7,0,24.01,0.0,59.52,13.8,1.56,13.96,0.0,0,1,24.444444,2
16224,11,1,1,0,23.97,0.0,59.3,11.4,1.08,10.48,0.0,0,1,24.444444,2
16225,11,2,1,0,23.89,0.0,60.21,9.1,0.48,7.92,0.0,0,1,24.444444,2
16226,11,3,1,0,23.84,0.0,61.14,8.9,0.0,7.81,0.0,0,1,24.444444,2
16227,11,4,1,0,23.81,0.0,61.48,8.8,0.6,7.73,0.0,0,1,24.444444,2
16228,11,5,1,0,23.79,0.0,61.33,8.7,0.12,7.23,0.0,0,1,24.444444,2
16229,11,6,1,0,23.55,0.0,62.56,3.5,0.48,2.79,0.0,0,1,24.444444,2
16230,11,7,1,0,23.66,0.0,61.72,9.3,1.32,7.0,0.0,0,1,24.444444,2
16231,11,8,1,0,23.7,0.0,59.22,6.6,6.12,7.22,144.808,0,1,24.444444,2
16232,11,9,1,0,23.68,0.0,56.3,9.8,11.4,5.99,91.2575,0,1,24.444444,2
16233,11,10,1,0,23.61,0.0,53.95,9.3,9.36,3.66,72.0858,0,1,24.444444,2
16234,11,11,1,0,23.63,0.0,51.9,10.4,10.56,4.85,129.865,0,1,24.444444,2
16235,11,12,1,0,23.64,0.0,50.76,9.2,7.2,5.57,147.585,0,1,24.444444,2
16236,11,13,1,0,23.61,0.0,50.78,5.0,13.32,7.09,580.158,0,1,24.444444,2
16237,11,14,1,0,23.81,0.0,49.69,10.7,2.76,15.9,645.316,0,1,24.444444,2
16238,11,15,1,0,23.93,0.0,48.56,11.2,3.84,18.21,541.176,0,1,24.444444,2
16239,11,16,1,0,23.94,0.0,48.01,10.7,3.24,17.54,367.13,0,1,24.444444,2
16240,11,17,1,0,23.91,0.0,48.5,9.5,3.12,12.88,141.921,0,1,24.444444,2
16241,11,18,1,0,23.87,0.0,49.85,10.1,3.96,9.63,0.0,0,1,24.444444,2
16242,11,19,1,0,23.87,0.0,51.11,10.6,1.32,9.93,0.0,0,1,24.444444,2
16243,11,20,1,0,23.99,0.0,51.17,15.7,3.36,14.03,0.0,0,1,24.444444,2
16244,11,21,1,0,23.97,0.0,51.21,13.5,4.8,10.88,0.0,0,1,24.444444,2
16245,11,22,1,0,23.94,0.0,51.08,12.5,3.24,9.73,0.0,0,1,24.444444,2
16246,11,23,1,0,23.83,0.0,51.42,10.6,0.96,6.59,0.0,0,1,24.444444,2
16247,11,24,1,0,23.66,0.0,52.23,9.0,0.24,4.45,0.0,0,1,24.444444,2
16248,11,1,2,0,23.74,0.0,52.02,12.6,0.6,7.08,0.0,0,1,24.444444,2
16249,11,2,2,0,23.3,0.0,53.85,3.3,0.36,1.37,0.0,0,1,24.444444,2
16250,11,3,2,0,23.14,0.0,55.21,2.9,0.0,1.17,0.0,0,1,24.444444,2
16251,11,4,2,0,23.4,0.0,54.48,9.6,0.12,3.68,0.0,0,1,24.444444,2
16252,11,5,2,0,23.5,0.0,53.98,11.5,0.24,4.37,0.0,0,1,24.444444,2
16253,11,6,2,0,23.11,0.0,55.41,3.0,0.84,0.82,0.0,0,1,24.444444,2
16254,11,7,2,0,23.37,0.0,54.36,9.6,7.92,3.6,0.0,0,1,24.444444,2
16255,11,8,2,0,23.59,0.0,52.93,10.3,19.44,6.1,105.601,0,1,24.444444,2
16256,11,9,2,0,23.37,0.0,53.2,7.2,6.36,2.02,49.2009,0,1,24.444444,2
16257,11,10,2,0,23.45,0.0,52.4,10.9,2.04,3.62,89.8519,0,1,24.444444,2
16258,11,11,2,0,23.63,0.0,51.1,14.2,4.68,7.11,145.785,0,1,24.444444,2
16259,11,12,2,0,23.68,0.0,50.32,12.1,9.12,7.3,246.56,0,1,24.444444,2
16260,11,13,2,0,23.67,0.0,50.03,8.9,3.48,7.48,356.312,0,1,24.444444,2
16261,11,14,2,0,23.76,0.0,49.31,8.8,1.92,12.98,596.282,0,1,24.444444,2
16262,11,15,2,0,23.9,0.0,48.2,10.3,3.72,18.5,533.096,0,1,24.444444,2
16263,11,16,2,0,23.95,0.0,47.42,9.8,1.44,18.45,366.507,0,1,24.444444,2
16264,11,17,2,0,23.92,0.0,47.73,8.5,1.32,13.22,138.488,0,1,24.444444,2
16265,11,18,2,0,23.92,0.0,48.58,9.4,1.56,10.43,0.0,0,1,24.444444,2
16266,11,19,2,0,23.93,0.0,49.53,8.7,4.8,10.22,0.0,0,1,24.444444,2
16267,11,20,2,0,23.96,0.0,50.67,10.7,4.8,11.23,0.0,0,1,24.444444,2
16268,11,21,2,0,23.93,0.0,51.27,10.4,3.0,9.59,0.0,0,1,24.444444,2
16269,11,22,2,0,23.89,0.0,51.42,10.3,2.64,8.46,0.0,0,1,24.444444,2
16270,11,23,2,0,23.87,0.0,51.6,11.2,2.04,8.21,0.0,0,1,24.444444,2
16271,11,24,2,0,23.96,0.0,50.97,15.2,1.2,11.18,0.0,0,1,24.444444,2
16272,11,1,3,0,23.8,0.0,51.27,9.8,0.36,5.89,0.0,0,1,24.444444,2
16273,11,2,3,0,23.7,0.0,51.87,9.5,1.8,5.0,0.0,0,1,24.444444,2
16274,11,3,3,0,23.79,0.0,51.57,13.8,0.48,7.98,0.0,0,1,24.444444,2
16275,11,4,3,0,23.65,0.0,52.21,9.4,0.36,4.04,0.0,0,1,24.444444,2
16276,11,5,3,0,23.67,0.0,52.72,11.6,0.6,5.41,0.0,0,1,24.444444,2
16277,11,6,3,0,23.6,0.0,53.62,9.6,1.44,3.96,0.0,0,1,24.444444,2
16278,11,7,3,0,23.61,0.0,54.08,9.3,3.84,5.25,0.0,0,1,24.444444,2
16279,11,8,3,0,23.74,0.0,53.4,11.1,11.04,9.15,102.21,0,1,24.444444,2
16280,11,9,3,0,23.69,0.0,53.31,10.7,20.28,5.79,42.987,0,1,24.444444,2
16281,11,10,3,0,23.72,0.0,52.51,10.2,3.72,8.44,207.793,0,1,24.444444,2
16282,11,11,3,0,23.82,0.0,51.24,9.3,3.6,13.81,627.797,0,1,24.444444,2
16283,11,12,3,0,23.89,0.0,50.33,8.7,2.76,15.34,670.38,0,1,24.444444,2
16284,11,13,3,0,23.95,0.0,49.43,10.0,1.08,18.47,681.778,0,1,24.444444,2
16285,11,14,3,0,24.02,0.0,48.14,9.5,5.4,21.58,611.237,0,1,24.444444,2
16286,11,15,3,0,24.06,0.0,46.96,10.4,0.72,26.26,521.421,0,1,24.444444,2
16287,11,16,3,0,24.07,0.0,45.88,16.1,1.68,31.58,301.316,0,1,24.444444,2
16288,11,17,3,0,24.08,0.0,44.63,15.6,5.04,27.13,135.087,0,1,24.444444,2
16289,11,18,3,0,24.07,0.0,45.33,8.9,6.6,14.3,0.0,0,1,24.444444,2
16290,11,19,3,0,24.07,0.0,46.45,9.2,2.76,14.36,0.0,0,1,24.444444,2
16291,11,20,3,0,24.07,0.0,46.37,23.1,5.4,30.95,0.0,0,1,24.444444,2
16292,11,21,3,0,24.07,0.0,46.09,16.6,3.6,20.05,0.0,0,1,24.444444,2
16293,11,22,3,0,24.07,0.0,47.58,12.1,2.64,12.95,0.0,0,1,24.444444,2
16294,11,23,3,0,24.04,0.0,49.46,11.7,4.8,11.45,0.0,0,1,24.444444,2
16295,11,24,3,0,24.07,0.0,49.8,16.5,0.6,16.22,0.0,0,1,24.444444,2
16296,11,1,8,0,24.02,0.0,50.45,12.1,0.12,9.67,0.0,0,1,24.444444,2
16297,11,2,8,0,23.95,0.0,51.55,11.5,2.04,8.17,0.0,0,1,24.444444,2
16298,11,3,8,0,23.83,0.0,53.24,9.6,0.12,6.04,0.0,0,1,24.444444,2
16299,11,4,8,0,23.75,0.0,54.65,9.7,0.6,5.61,0.0,0,1,24.444444,2
16300,11,5,8,0,23.76,0.0,55.26,11.5,0.84,6.73,0.0,0,1,24.444444,2
16301,11,6,8,0,23.7,0.0,55.9,10.1,1.92,5.33,0.0,0,1,24.444444,2
16302,11,7,8,0,23.71,0.0,56.41,9.6,7.08,6.75,0.0,0,1,24.444444,2
16303,11,8,8,0,23.81,0.0,55.97,9.8,11.16,14.74,139.549,0,1,24.444444,2
16304,11,9,8,0,23.85,0.0,55.41,8.3,10.56,17.58,337.48,0,1,24.444444,2
16305,11,10,8,0,23.95,0.0,54.49,10.2,1.92,22.43,496.791,0,1,24.444444,2
16306,11,11,8,0,24.04,0.0,53.84,10.0,1.2,24.18,604.105,0,1,24.444444,2
16307,11,12,8,0,24.06,0.0,53.5,8.1,5.88,24.58,656.801,0,1,24.444444,2
16308,11,13,8,0,24.07,0.0,52.5,10.6,0.96,31.19,667.005,0,1,24.444444,2
16309,11,14,8,0,24.07,0.0,51.46,8.8,0.96,32.45,624.543,0,1,24.444444,2
16310,11,15,8,0,24.07,0.0,50.41,10.3,1.2,36.91,521.72,0,1,24.444444,2
16311,11,16,8,0,24.07,0.0,49.76,11.0,3.12,36.04,352.885,0,1,24.444444,2
16312,11,17,8,0,24.07,0.0,50.17,9.1,3.0,27.8,129.628,0,1,24.444444,2
16313,11,18,8,0,24.07,0.0,50.86,11.3,8.52,25.82,0.0,0,1,24.444444,2
16314,11,19,8,0,24.07,0.0,51.6,10.0,4.44,23.43,0.0,0,1,24.444444,2
16315,11,20,8,0,24.07,0.0,52.62,10.4,5.64,22.23,0.0,0,1,24.444444,2
16316,11,21,8,0,24.07,0.0,53.42,9.8,3.6,19.72,0.0,0,1,24.444444,2
16317,11,22,8,0,24.07,0.0,54.05,11.4,5.76,20.41,0.0,0,1,24.444444,2
16318,11,23,8,0,24.07,0.0,54.77,13.3,1.8,21.47,0.0,0,1,24.444444,2
16319,11,24,8,0,24.07,0.0,55.84,10.4,2.04,15.7,0.0,0,1,24.444444,2
16320,11,1,5,0,24.07,0.0,57.12,10.9,0.24,15.48,0.0,0,1,24.444444,2
16321,11,2,5,0,24.05,0.0,58.37,9.7,0.36,13.44,0.0,0,1,24.444444,2
16322,11,3,5,0,24.06,0.0,59.69,11.1,0.36,15.56,0.0,0,1,24.444444,2
16323,11,4,5,0,24.06,0.0,60.96,11.3,0.36,15.92,0.0,0,1,24.444444,2
16324,11,5,5,0,24.03,0.0,62.8,9.5,0.24,12.97,0.0,0,1,24.444444,2
16325,11,6,5,0,24.04,0.0,64.29,10.8,0.96,15.35,0.0,0,1,24.444444,2
16326,11,7,5,0,24.0,0.0,63.99,9.7,2.04,11.48,0.0,0,1,24.444444,2
16327,11,8,5,0,23.96,0.0,59.36,10.5,18.6,10.28,36.5291,0,1,24.444444,2
16328,11,9,5,0,24.01,0.0,54.04,14.2,7.56,13.09,67.2022,0,1,24.444444,2
16329,11,10,5,0,23.98,0.0,51.26,10.4,2.52,9.13,161.951,0,1,24.444444,2
16330,11,11,5,0,23.97,0.0,49.12,9.8,5.28,8.56,128.334,0,1,24.444444,2
16331,11,12,5,0,23.92,0.0,47.25,8.3,6.0,7.18,131.317,0,1,24.444444,2
16332,11,13,5,0,24.0,0.0,45.44,13.3,0.96,12.94,134.523,0,1,24.444444,2
16333,11,14,5,0,24.01,0.0,44.6,8.8,4.2,11.95,366.231,0,1,24.444444,2
16334,11,15,5,0,24.05,0.0,43.47,9.7,2.04,18.39,527.494,0,1,24.444444,2
16335,11,16,5,0,24.06,0.0,42.7,10.5,4.8,18.05,324.313,0,1,24.444444,2
16336,11,17,5,0,24.05,0.0,42.82,9.6,1.32,12.93,94.1278,0,1,24.444444,2
16337,11,18,5,0,24.06,0.0,43.43,12.1,3.24,11.91,0.0,0,1,24.444444,2
16338,11,19,5,0,24.04,0.0,44.61,10.9,1.8,10.76,0.0,0,1,24.444444,2
16339,11,20,5,0,24.01,0.0,45.87,10.0,0.84,9.83,0.0,0,1,24.444444,2
16340,11,21,5,0,24.04,0.0,46.25,13.2,5.4,12.73,0.0,0,1,24.444444,2
16341,11,22,5,0,24.06,0.0,44.76,15.9,4.56,14.65,0.0,0,1,24.444444,2
16342,11,23,5,0,23.99,0.0,43.5,12.6,1.2,8.24,0.0,0,1,24.444444,2
16343,11,24,5,0,23.88,0.0,42.65,11.8,1.08,6.3,0.0,0,1,24.444444,2
16344,11,1,6,0,23.77,0.0,41.36,10.7,0.6,4.74,0.0,0,1,24.444444,2
16345,11,2,6,0,23.64,0.0,40.32,10.1,0.6,3.46,0.0,0,1,24.444444,2
16346,11,3,6,0,23.14,0.0,41.16,2.8,0.24,0.72,0.0,0,1,24.444444,2
16347,11,4,6,0,23.29,0.0,40.56,9.4,2.88,2.2,0.0,0,1,24.444444,2
16348,11,5,6,0,22.98,0.0,40.97,3.3,0.48,0.45,0.0,0,1,24.444444,2
16349,11,6,6,0,23.14,0.0,40.03,9.7,0.6,1.72,0.0,0,1,24.444444,2
16350,11,7,6,0,23.29,0.0,39.27,10.6,7.2,2.45,0.0,0,1,24.444444,2
16351,11,8,6,0,23.58,0.0,38.41,10.2,5.88,5.83,143.572,0,1,24.444444,2
16352,11,9,6,0,23.64,0.0,37.65,7.1,8.16,6.51,356.84,0,1,24.444444,2
16353,11,10,6,0,23.75,0.0,36.15,11.6,4.8,11.5,529.35,0,1,24.444444,2
16354,11,11,6,0,23.79,0.0,34.92,9.2,1.56,10.53,648.175,0,1,24.444444,2
16355,11,12,6,0,23.81,0.0,33.92,8.4,4.8,11.61,690.748,0,1,24.444444,2
16356,11,13,6,0,23.9,0.0,33.17,11.4,1.08,16.19,698.297,0,1,24.444444,2
16357,11,14,6,0,23.96,0.0,32.34,9.3,1.2,16.91,648.441,0,1,24.444444,2
16358,11,15,6,0,24.05,0.0,31.71,13.3,0.72,23.34,540.208,0,1,24.444444,2
16359,11,16,6,0,24.05,0.0,31.1,9.7,2.52,19.08,367.306,0,1,24.444444,2
16360,11,17,6,0,24.03,0.0,30.53,8.7,3.6,13.49,134.624,0,1,24.444444,2
16361,11,18,6,0,24.01,0.0,30.26,9.7,9.96,10.32,0.0,0,1,24.444444,2
16362,11,19,6,0,23.98,0.0,30.26,9.0,5.52,9.21,0.0,0,1,24.444444,2
16363,11,20,6,0,24.0,0.0,30.27,11.4,3.24,9.89,0.0,0,1,24.444444,2
16364,11,21,6,0,23.96,0.0,30.28,10.6,1.08,8.21,0.0,0,1,24.444444,2
16365,11,22,6,0,23.89,0.0,30.36,9.3,1.2,6.6,0.0,0,1,24.444444,2
16366,11,23,6,0,24.04,0.0,30.14,18.7,1.68,13.47,0.0,0,1,24.444444,2
16367,11,24,6,0,23.92,0.0,30.72,11.5,3.0,6.34,0.0,0,1,24.444444,2
16368,11,1,7,0,23.84,0.0,31.31,11.8,0.24,5.86,0.0,0,1,24.444444,2
16369,11,2,7,0,23.69,0.0,31.73,9.9,0.0,3.61,0.0,0,1,24.444444,2
16370,11,3,7,0,23.59,0.0,31.38,10.0,0.48,3.07,0.0,0,1,24.444444,2
16371,11,4,7,0,23.51,0.0,30.94,9.5,0.0,2.61,0.0,0,1,24.444444,2
16372,11,5,7,0,23.45,0.0,30.32,9.8,0.36,2.44,0.0,0,1,24.444444,2
16373,11,6,7,0,23.07,0.0,30.61,3.7,1.2,0.6,0.0,0,1,24.444444,2
16374,11,7,7,0,23.4,0.0,29.59,12.4,3.0,3.02,0.0,0,1,24.444444,2
16375,11,8,7,0,23.58,0.0,28.65,10.7,2.64,4.53,133.516,0,1,24.444444,2
16376,11,9,7,0,23.63,0.0,27.84,10.2,4.92,5.33,281.093,0,1,24.444444,2
16377,11,10,7,0,23.69,0.0,26.23,11.8,11.64,7.16,403.933,0,1,24.444444,2
16378,11,11,7,0,23.7,0.0,24.75,10.0,11.52,7.28,507.155,0,1,24.444444,2
16379,11,12,7,0,23.71,0.0,23.64,8.1,4.44,7.96,584.82,0,1,24.444444,2
16380,11,13,7,0,23.74,0.0,23.14,7.6,2.28,9.82,611.003,0,1,24.444444,2
16381,11,14,7,0,23.89,0.0,22.73,10.2,8.52,14.65,651.019,0,1,24.444444,2
16382,11,15,7,0,23.98,0.0,22.87,10.4,21.0,17.67,552.937,0,1,24.444444,2
16383,11,16,7,0,23.99,0.0,23.06,9.9,3.6,17.01,376.402,0,1,24.444444,2
16384,11,17,7,0,24.02,0.0,23.1,12.3,13.56,14.84,138.267,0,1,24.444444,2
16385,11,18,7,0,23.94,0.0,23.54,9.1,5.16,8.43,0.0,0,1,24.444444,2
16386,11,19,7,0,23.98,0.0,24.28,11.6,6.0,9.9,0.0,0,1,24.444444,2
16387,11,20,7,0,23.9,0.0,25.44,9.2,1.8,7.34,0.0,0,1,24.444444,2
16388,11,21,7,0,23.89,0.0,26.39,10.4,2.4,7.53,0.0,0,1,24.444444,2
16389,11,22,7,0,23.9,0.0,27.26,11.5,3.12,7.63,0.0,0,1,24.444444,2
16390,11,23,7,0,23.88,0.0,28.15,12.2,1.68,6.94,0.0,0,1,24.444444,2
16391,11,24,7,0,23.81,0.0,29.31,12.0,3.36,5.74,0.0,0,1,24.444444,2
16392,11,1,1,0,23.65,0.0,31.41,9.8,0.96,3.52,0.0,0,1,24.444444,2
16393,11,2,1,0,23.53,0.0,33.47,9.2,1.56,2.67,0.0,0,1,24.444444,2
16394,11,3,1,0,23.5,0.0,35.22,10.5,0.0,2.78,0.0,0,1,24.444444,2
16395,11,4,1,0,23.35,0.0,36.82,8.6,0.96,1.85,0.0,0,1,24.444444,2
16396,11,5,1,0,23.28,0.0,38.4,9.0,0.24,1.78,0.0,0,1,24.444444,2
16397,11,6,1,0,22.97,0.0,40.08,3.4,0.72,0.37,0.0,0,1,24.444444,2
16398,11,7,1,0,23.18,0.0,40.2,9.4,1.8,1.91,0.0,0,1,24.444444,2
16399,11,8,1,0,23.52,0.0,39.59,10.0,3.6,5.23,136.682,0,1,24.444444,2
16400,11,9,1,0,23.65,0.0,38.93,8.8,10.2,7.61,343.579,0,1,24.444444,2
16401,11,10,1,0,23.7,0.0,38.59,8.9,13.2,8.88,476.037,0,1,24.444444,2
16402,11,11,1,0,23.76,0.0,38.74,9.3,9.84,9.71,460.861,0,1,24.444444,2
16403,11,12,1,0,23.84,0.0,39.26,9.6,12.36,12.49,549.152,0,1,24.444444,2
16404,11,13,1,0,23.96,0.0,39.86,11.6,23.64,17.34,549.53,0,1,24.444444,2
16405,11,14,1,0,24.01,0.0,40.71,9.7,16.2,19.03,566.717,0,1,24.444444,2
16406,11,15,1,0,24.05,0.0,41.43,12.1,4.44,21.97,402.143,0,1,24.444444,2
16407,11,16,1,0,24.06,0.0,42.77,10.1,6.12,18.17,204.557,0,1,24.444444,2
16408,11,17,1,0,24.06,0.0,44.07,9.5,4.68,16.41,118.059,0,1,24.444444,2
16409,11,18,1,0,24.06,0.0,45.81,10.3,5.16,14.25,0.0,0,1,24.444444,2
16410,11,19,1,0,24.07,0.0,47.06,11.1,2.52,15.19,0.0,0,1,24.444444,2
16411,11,20,1,0,24.07,0.0,48.4,13.0,3.12,16.46,0.0,0,1,24.444444,2
16412,11,21,1,0,24.07,0.0,49.15,15.9,3.12,19.34,0.0,0,1,24.444444,2
16413,11,22,1,0,24.07,0.0,50.36,11.4,5.4,13.28,0.0,0,1,24.444444,2
16414,11,23,1,0,24.05,0.0,51.88,11.0,1.32,12.49,0.0,0,1,24.444444,2
16415,11,24,1,0,23.92,0.0,53.54,7.0,2.52,7.25,0.0,0,1,24.444444,2
16416,11,1,2,0,23.97,0.0,53.52,11.6,0.48,10.3,0.0,0,1,24.444444,2
16417,11,2,2,0,23.63,0.0,55.35,3.7,0.36,3.22,0.0,0,1,24.444444,2
16418,11,3,2,0,23.77,0.0,55.8,9.8,0.36,7.51,0.0,0,1,24.444444,2
16419,11,4,2,0,23.5,0.0,58.3,3.6,0.12,2.81,0.0,0,1,24.444444,2
16420,11,5,2,0,23.7,0.0,58.75,9.9,0.48,7.21,0.0,0,1,24.444444,2
16421,11,6,2,0,23.5,0.0,60.84,4.0,2.04,3.06,0.0,0,1,24.444444,2
16422,11,7,2,0,23.7,0.0,60.99,10.0,7.8,8.83,0.0,0,1,24.444444,2
16423,11,8,2,0,23.79,0.0,61.0,7.9,20.76,10.52,103.889,0,1,24.444444,2
16424,11,9,2,0,23.88,0.0,60.46,8.7,4.08,15.01,228.218,0,1,24.444444,2
16425,11,10,2,0,24.0,0.0,59.36,11.1,5.52,20.02,297.891,0,1,24.444444,2
16426,11,11,2,0,24.04,0.0,58.75,8.7,4.32,19.78,397.509,0,1,24.444444,2
16427,11,12,2,0,24.07,0.0,58.05,9.1,3.84,22.44,418.867,0,1,24.444444,2
16428,11,13,2,0,24.07,0.0,57.32,7.3,2.76,22.54,383.504,0,1,24.444444,2
16429,11,14,2,0,24.07,0.0,55.8,12.9,0.48,33.41,376.032,0,1,24.444444,2
16430,11,15,2,0,24.07,0.0,55.1,12.4,0.96,30.66,206.378,0,1,24.444444,2
16431,11,16,2,0,24.07,0.0,56.09,9.7,0.96,23.86,38.046,0,1,24.444444,2
16432,11,17,2,0,24.07,0.0,57.4,8.2,1.32,20.91,15.0028,0,1,24.444444,2
16433,11,18,2,0,24.07,0.0,57.91,10.0,2.52,23.96,0.0,0,1,24.444444,2
16434,11,19,2,0,24.07,0.0,58.46,11.0,6.72,26.15,0.0,0,1,24.444444,2
16435,11,20,2,0,24.07,0.0,59.84,8.5,5.88,21.46,0.0,0,1,24.444444,2
16436,11,21,2,0,24.07,0.0,61.07,9.9,6.36,23.31,0.0,0,1,24.444444,2
16437,11,22,2,0,24.07,0.0,60.94,12.4,4.32,27.09,0.0,0,1,24.444444,2
16438,11,23,2,0,24.07,0.0,59.56,17.5,0.72,34.21,0.0,0,1,24.444444,2
16439,11,24,2,0,24.07,0.0,57.64,20.3,1.2,36.92,0.0,0,1,24.444444,2
16440,11,1,3,0,24.07,0.0,58.51,10.4,0.24,20.7,0.0,0,1,24.444444,2
16441,11,2,3,0,24.07,0.0,61.17,9.5,0.12,19.16,0.0,0,1,24.444444,2
16442,11,3,3,0,23.99,0.0,64.22,3.1,0.6,9.78,0.0,0,1,24.444444,2
16443,11,4,3,0,24.06,0.0,64.64,9.9,0.12,19.74,0.0,0,1,24.444444,2
16444,11,5,3,0,24.06,0.0,64.37,10.0,0.84,19.46,0.0,0,1,24.444444,2
16445,11,6,3,0,24.06,0.0,64.24,9.9,0.84,19.04,0.0,0,1,24.444444,2
16446,11,7,3,0,24.07,0.0,63.71,9.9,4.8,20.57,0.0,0,1,24.444444,2
16447,11,8,3,0,24.07,0.0,62.13,9.9,12.72,26.64,117.182,0,1,24.444444,2
16448,11,9,3,0,24.07,0.0,61.24,9.0,8.88,23.67,171.119,0,1,24.444444,2
16449,11,10,3,0,24.07,0.0,60.34,10.3,8.28,25.85,117.809,0,1,24.444444,2
16450,11,11,3,0,24.07,0.0,59.14,9.7,4.08,30.26,330.553,0,1,24.444444,2
16451,11,12,3,0,24.07,0.0,58.09,8.7,1.8,32.22,390.368,0,1,24.444444,2
16452,11,13,3,0,24.11,0.03,56.72,10.2,1.32,38.79,631.465,0,1,24.444444,2
16453,11,14,3,0,24.12,0.05,55.82,9.0,0.84,39.69,613.827,0,1,24.444444,2
16454,11,15,3,0,24.12,0.05,54.88,10.7,1.56,43.76,504.566,0,1,24.444444,2
16455,11,16,3,0,24.09,0.02,54.55,9.3,1.08,39.77,336.993,0,1,24.444444,2
16456,11,17,3,0,24.07,0.0,55.34,8.3,3.36,31.56,117.365,0,1,24.444444,2
16457,11,18,3,0,24.07,0.0,56.72,8.8,1.92,27.64,0.0,0,1,24.444444,2
16458,11,19,3,0,24.07,0.0,57.97,11.7,4.32,32.47,0.0,0,1,24.444444,2
16459,11,20,3,0,24.08,0.0,57.25,17.6,4.44,40.19,0.0,0,1,24.444444,2
16460,11,21,3,0,24.07,0.0,57.51,13.5,4.68,32.51,0.0,0,1,24.444444,2
16461,11,22,3,0,24.07,0.0,59.33,12.2,2.76,30.67,0.0,0,1,24.444444,2
16462,11,23,3,0,24.07,0.0,61.11,9.4,4.68,25.88,0.0,0,1,24.444444,2
16463,11,24,3,0,24.07,0.0,61.94,11.8,0.48,29.53,0.0,0,1,24.444444,2
16464,11,1,4,0,24.07,0.0,61.94,13.1,0.48,29.67,0.0,0,1,24.444444,2
16465,11,2,4,0,24.07,0.0,62.93,10.0,0.48,23.54,0.0,0,1,24.444444,2
16466,11,3,4,0,24.06,0.0,62.61,10.1,0.48,15.63,0.0,0,1,24.444444,2
16467,11,4,4,0,24.0,0.0,59.92,11.2,0.24,10.48,0.0,0,1,24.444444,2
16468,11,5,4,0,23.88,0.0,57.99,10.2,0.12,7.18,0.0,0,1,24.444444,2
16469,11,6,4,0,23.79,0.0,56.15,10.5,1.8,6.2,0.0,0,1,24.444444,2
16470,11,7,4,0,23.75,0.0,55.01,10.1,6.84,5.8,0.0,0,1,24.444444,2
16471,11,8,4,0,23.72,0.0,54.6,10.2,11.28,5.69,13.5402,0,1,24.444444,2
16472,11,9,4,0,23.6,0.0,54.59,7.6,9.24,3.21,61.4862,0,1,24.444444,2
16473,11,10,4,0,23.71,0.0,53.36,12.2,2.4,6.61,100.811,0,1,24.444444,2
16474,11,11,4,0,23.7,0.0,52.67,9.5,5.88,5.68,198.906,0,1,24.444444,2
16475,11,12,4,0,23.71,0.0,51.88,9.6,2.28,6.76,228.727,0,1,24.444444,2
16476,11,13,4,0,23.77,0.0,50.69,9.6,3.48,8.34,318.223,0,1,24.444444,2
16477,11,14,4,0,23.81,0.0,49.25,9.4,3.0,8.03,198.519,0,1,24.444444,2
16478,11,15,4,0,23.84,0.0,47.49,9.8,1.68,8.14,161.234,0,1,24.444444,2
16479,11,16,4,0,23.85,0.0,46.47,10.0,1.44,7.7,108.843,0,1,24.444444,2
16480,11,17,4,0,23.82,0.0,46.31,10.0,5.16,6.7,23.9394,0,1,24.444444,2
16481,11,18,4,0,23.9,0.0,45.92,14.2,3.72,9.13,0.0,0,1,24.444444,2
16482,11,19,4,0,23.78,0.0,46.63,9.8,8.64,5.49,0.0,0,1,24.444444,2
16483,11,20,4,0,23.73,0.0,47.19,11.0,3.96,5.61,0.0,0,1,24.444444,2
16484,11,21,4,0,23.56,0.0,48.08,8.5,4.56,2.94,0.0,0,1,24.444444,2
16485,11,22,4,0,23.63,0.0,48.16,12.7,5.16,5.12,0.0,0,1,24.444444,2
16486,11,23,4,0,23.67,0.0,48.0,15.0,1.56,5.74,0.0,0,1,24.444444,2
16487,11,24,4,0,23.68,0.0,47.69,15.9,0.84,5.68,0.0,0,1,24.444444,2
16488,11,1,5,0,23.44,0.0,48.29,10.2,0.0,2.03,0.0,0,1,24.444444,2
16489,11,2,5,0,23.34,0.0,48.23,12.2,0.36,2.2,0.0,0,1,24.444444,2
16490,11,3,5,0,23.27,0.0,47.82,12.0,0.48,2.0,0.0,0,1,24.444444,2
16491,11,4,5,0,23.18,0.0,47.94,11.3,0.24,1.6,0.0,0,1,24.444444,2
16492,11,5,5,0,23.15,0.0,48.16,12.1,0.6,1.85,0.0,0,1,24.444444,2
16493,11,6,5,0,23.13,0.0,49.31,11.2,1.56,1.78,0.0,0,1,24.444444,2
16494,11,7,5,0,23.16,0.0,50.25,10.5,8.16,2.07,0.0,0,1,24.444444,2
16495,11,8,5,0,23.51,0.0,49.5,10.7,18.36,6.45,127.513,0,1,24.444444,2
16496,11,9,5,0,23.66,0.0,48.9,10.0,10.44,10.47,340.878,0,1,24.444444,2
16497,11,10,5,0,23.74,0.0,47.8,10.0,11.28,12.64,515.979,0,1,24.444444,2
16498,11,11,5,0,23.81,0.0,46.44,10.7,3.96,14.97,633.644,0,1,24.444444,2
16499,11,12,5,0,23.83,0.0,45.48,8.4,6.24,14.75,690.56,0,1,24.444444,2
16500,11,13,5,0,23.89,0.0,44.43,10.1,2.16,19.42,676.07,0,1,24.444444,2
16501,11,14,5,0,23.98,0.0,42.85,9.7,0.6,22.44,624.614,0,1,24.444444,2
16502,11,15,5,0,24.03,0.0,41.25,9.7,5.4,25.18,520.106,0,1,24.444444,2
16503,11,16,5,0,24.06,0.0,39.92,10.8,3.24,25.56,352.774,0,1,24.444444,2
16504,11,17,5,0,24.06,0.0,39.14,10.2,0.96,19.28,126.774,0,1,24.444444,2
16505,11,18,5,0,24.05,0.0,39.16,9.5,1.32,13.31,0.0,0,1,24.444444,2
16506,11,19,5,0,24.06,0.0,40.19,10.9,3.0,14.22,0.0,0,1,24.444444,2
16507,11,20,5,0,24.04,0.0,41.66,9.1,2.52,11.74,0.0,0,1,24.444444,2
16508,11,21,5,0,24.06,0.0,42.87,11.6,7.44,13.52,0.0,0,1,24.444444,2
16509,11,22,5,0,24.06,0.0,43.48,12.2,1.92,12.87,0.0,0,1,24.444444,2
16510,11,23,5,0,24.06,0.0,44.13,12.8,0.84,12.16,0.0,0,1,24.444444,2
16511,11,24,5,0,24.02,0.0,44.57,11.6,0.6,9.62,0.0,0,1,24.444444,2
16512,11,1,6,0,23.92,0.0,45.0,10.0,0.48,6.95,0.0,0,1,24.444444,2
16513,11,2,6,0,23.9,0.0,44.49,12.1,0.84,7.39,0.0,0,1,24.444444,2
16514,11,3,6,0,23.38,0.0,45.67,3.1,0.24,1.5,0.0,0,1,24.444444,2
16515,11,4,6,0,23.56,0.0,44.78,10.0,0.12,3.89,0.0,0,1,24.444444,2
16516,11,5,6,0,23.19,0.0,45.66,3.1,0.36,0.97,0.0,0,1,24.444444,2
16517,11,6,6,0,23.42,0.0,44.99,11.2,3.48,3.28,0.0,0,1,24.444444,2
16518,11,7,6,0,23.45,0.0,45.07,10.1,2.28,3.3,0.0,0,1,24.444444,2
16519,11,8,6,0,23.65,0.0,44.3,9.3,5.76,7.57,126.713,0,1,24.444444,2
16520,11,9,6,0,23.7,0.0,43.23,7.8,17.52,10.14,343.055,0,1,24.444444,2
16521,11,10,6,0,23.81,0.0,41.78,11.1,5.28,15.61,507.59,0,1,24.444444,2
16522,11,11,6,0,23.86,0.0,40.47,8.6,2.76,14.51,626.92,0,1,24.444444,2
16523,11,12,6,0,23.9,0.0,40.16,8.8,5.64,17.01,683.296,0,1,24.444444,2
16524,11,13,6,0,23.95,0.0,39.43,9.3,3.0,19.32,681.255,0,1,24.444444,2
16525,11,14,6,0,24.03,0.0,38.81,10.3,8.16,23.06,616.986,0,1,24.444444,2
16526,11,15,6,0,24.06,0.0,38.97,10.2,0.96,26.13,519.3,0,1,24.444444,2
16527,11,16,6,0,24.07,0.0,39.21,10.0,4.32,25.42,350.706,0,1,24.444444,2
16528,11,17,6,0,24.05,0.0,40.16,7.9,1.44,17.18,129.036,0,1,24.444444,2
16529,11,18,6,0,24.05,0.0,41.6,9.0,6.48,13.58,0.0,0,1,24.444444,2
16530,11,19,6,0,24.06,0.0,42.01,10.7,5.04,14.85,0.0,0,1,24.444444,2
16531,11,20,6,0,24.07,0.0,42.14,12.2,4.44,15.2,0.0,0,1,24.444444,2
16532,11,21,6,0,24.04,0.0,42.43,9.5,1.8,10.58,0.0,0,1,24.444444,2
16533,11,22,6,0,24.0,0.0,42.9,9.7,4.08,9.51,0.0,0,1,24.444444,2
16534,11,23,6,0,23.95,0.0,43.89,10.2,0.84,8.17,0.0,0,1,24.444444,2
16535,11,24,6,0,24.07,0.0,43.34,24.1,3.12,22.41,0.0,0,1,24.444444,2
16536,11,1,7,0,24.02,0.0,43.37,13.8,0.84,9.56,0.0,0,1,24.444444,2
16537,11,2,7,0,23.85,0.0,45.06,10.2,0.24,5.65,0.0,0,1,24.444444,2
16538,11,3,7,0,23.76,0.0,47.13,10.1,0.36,5.34,0.0,0,1,24.444444,2
16539,11,4,7,0,23.77,0.0,49.04,11.0,3.96,6.41,0.0,0,1,24.444444,2
16540,11,5,7,0,23.7,0.0,50.53,9.7,0.24,5.07,0.0,0,1,24.444444,2
16541,11,6,7,0,23.33,0.0,52.55,3.0,1.92,1.6,0.0,0,1,24.444444,2
16542,11,7,7,0,23.59,0.0,51.87,10.0,4.68,5.36,0.0,0,1,24.444444,2
16543,11,8,7,0,23.73,0.0,51.43,11.7,9.96,7.59,58.435,0,1,24.444444,2
16544,11,9,7,0,23.68,0.0,51.83,10.0,8.4,5.38,47.0791,0,1,24.444444,2
16545,11,10,7,0,23.66,0.0,51.99,10.1,10.92,5.14,76.4633,0,1,24.444444,2
16546,11,11,7,0,23.64,0.0,51.38,10.3,4.44,4.7,56.6143,0,1,24.444444,2
16547,11,12,7,0,23.6,0.0,51.49,8.3,8.28,3.87,73.1882,0,1,24.444444,2
16548,11,13,7,0,23.53,0.0,52.74,7.3,3.84,3.16,91.2838,0,1,24.444444,2
16549,11,14,7,0,23.61,0.0,53.7,11.0,2.28,6.03,64.2586,0,1,24.444444,2
16550,11,15,7,0,23.69,0.0,54.09,11.9,11.88,7.46,83.9213,0,1,24.444444,2
16551,11,16,7,0,23.64,0.0,55.0,10.1,2.64,5.34,25.5725,0,1,24.444444,2
16552,11,17,7,0,23.68,0.0,54.94,13.1,15.6,7.04,18.152,0,1,24.444444,2
16553,11,18,7,0,23.63,0.0,55.5,10.8,6.24,5.26,0.0,0,1,24.444444,2
16554,11,19,7,0,23.66,0.0,55.98,11.1,6.84,6.61,0.0,0,1,24.444444,2
16555,11,20,7,0,23.83,0.0,54.83,16.4,3.0,10.89,0.0,0,1,24.444444,2
16556,11,21,7,0,23.68,0.0,54.47,10.6,4.92,4.6,0.0,0,1,24.444444,2
16557,11,22,7,0,23.64,0.0,53.17,12.9,4.2,4.97,0.0,0,1,24.444444,2
16558,11,23,7,0,23.46,0.0,50.63,11.1,3.72,2.6,0.0,0,1,24.444444,2
16559,11,24,7,0,23.37,0.0,47.26,12.0,1.44,2.4,0.0,0,1,24.444444,2
16560,11,1,1,0,23.23,0.0,44.77,10.5,2.64,1.46,0.0,0,1,24.444444,2
16561,11,2,1,0,23.0,0.0,43.09,8.8,0.96,0.63,0.0,0,1,24.444444,2
16562,11,3,1,0,22.85,0.0,40.67,9.2,0.12,0.45,0.0,0,1,24.444444,2
16563,11,4,1,0,22.76,0.0,38.21,8.8,3.24,0.23,0.0,0,1,24.444444,2
16564,11,5,1,0,22.72,0.0,36.11,8.7,0.0,0.07,0.0,0,1,24.444444,2
16565,11,6,1,0,22.58,0.0,34.66,3.2,1.08,0.0,0.0,0,1,24.444444,2
16566,11,7,1,0,22.61,0.0,32.77,8.6,3.48,0.0,0.0,0,1,24.444444,2
16567,11,8,1,0,22.69,0.0,31.27,7.3,3.72,0.03,127.852,0,1,24.444444,2
16568,11,9,1,0,22.88,0.0,29.45,9.2,3.84,0.39,364.086,0,1,24.444444,2
16569,11,10,1,0,23.0,0.0,27.46,9.8,24.24,1.4,555.813,0,1,24.444444,2
16570,11,11,1,0,23.12,0.0,25.8,10.2,9.48,2.42,693.985,0,1,24.444444,2
16571,11,12,1,0,23.23,0.0,24.35,10.1,11.28,3.76,754.101,0,1,24.444444,2
16572,11,13,1,0,23.23,0.0,23.43,5.4,4.08,3.06,771.307,0,1,24.444444,2
16573,11,14,1,0,23.43,0.0,22.29,11.4,12.36,7.34,708.986,0,1,24.444444,2
16574,11,15,1,0,23.53,0.0,21.42,11.5,4.08,9.46,589.71,0,1,24.444444,2
16575,11,16,1,0,23.55,0.0,20.85,10.0,4.2,8.64,398.756,0,1,24.444444,2
16576,11,17,1,0,23.48,0.0,20.48,10.0,6.96,4.69,144.959,0,1,24.444444,2
16577,11,18,1,0,23.33,0.0,20.25,9.8,3.6,1.65,0.0,0,1,24.444444,2
16578,11,19,1,0,23.27,0.0,20.42,10.3,7.56,1.56,0.0,0,1,24.444444,2
16579,11,20,1,0,23.15,0.0,20.99,9.6,1.56,1.09,0.0,0,1,24.444444,2
16580,11,21,1,0,23.1,0.0,21.44,11.3,1.56,1.16,0.0,0,1,24.444444,2
16581,11,22,1,0,23.01,0.0,21.87,10.9,4.08,0.87,0.0,0,1,24.444444,2
16582,11,23,1,0,22.93,0.0,22.2,11.1,1.68,0.73,0.0,0,1,24.444444,2
16583,11,24,1,0,22.82,0.0,22.43,9.2,1.8,0.3,0.0,0,1,24.444444,2
16584,11,1,2,0,22.83,0.0,22.42,12.6,0.6,0.61,0.0,0,1,24.444444,2
16585,11,2,2,0,22.64,0.0,22.78,4.8,0.36,0.0,0.0,0,1,24.444444,2
16586,11,3,2,0,22.68,0.0,23.02,9.9,0.36,0.04,0.0,0,1,24.444444,2
16587,11,4,2,0,22.69,0.0,23.49,10.1,0.12,0.05,0.0,0,1,24.444444,2
16588,11,5,2,0,22.67,0.0,23.8,10.1,0.24,0.0,0.0,0,1,24.444444,2
16589,11,6,2,0,22.56,0.0,24.05,4.3,2.64,0.0,0.0,0,1,24.444444,2
16590,11,7,2,0,22.62,0.0,23.93,10.6,4.8,0.0,0.0,0,1,24.444444,2
16591,11,8,2,0,22.73,0.0,23.43,8.9,13.56,0.09,128.19,0,1,24.444444,2
16592,11,9,2,0,22.91,0.0,22.47,8.3,2.64,0.47,361.227,0,1,24.444444,2
16593,11,10,2,0,23.14,0.0,21.31,11.5,9.48,2.95,545.262,0,1,24.444444,2
16594,11,11,2,0,23.19,0.0,20.72,8.7,8.52,3.0,676.325,0,1,24.444444,2
16595,11,12,2,0,23.28,0.0,20.47,10.0,12.96,5.04,727.256,0,1,24.444444,2
16596,11,13,2,0,23.39,0.0,20.35,10.0,2.52,6.96,716.6,0,1,24.444444,2
16597,11,14,2,0,23.5,0.0,19.93,9.2,0.84,8.6,664.363,0,1,24.444444,2
16598,11,15,2,0,23.61,0.0,19.47,10.6,2.28,11.75,555.678,0,1,24.444444,2
16599,11,16,2,0,23.65,0.0,19.09,9.2,2.04,10.77,378.708,0,1,24.444444,2
16600,11,17,2,0,23.58,0.0,18.89,8.1,2.04,6.12,136.824,0,1,24.444444,2
16601,11,18,2,0,23.49,0.0,19.2,9.8,2.64,3.41,0.0,0,1,24.444444,2
16602,11,19,2,0,23.46,0.0,20.01,10.3,3.72,2.94,0.0,0,1,24.444444,2
16603,11,20,2,0,23.36,0.0,21.51,9.6,3.96,1.76,0.0,0,1,24.444444,2
16604,11,21,2,0,23.25,0.0,23.18,10.2,3.0,1.38,0.0,0,1,24.444444,2
16605,11,22,2,0,23.19,0.0,24.93,11.4,3.0,1.34,0.0,0,1,24.444444,2
16606,11,23,2,0,23.17,0.0,26.35,13.3,3.0,1.38,0.0,0,1,24.444444,2
16607,11,24,2,0,23.23,0.0,27.45,17.7,0.72,2.2,0.0,0,1,24.444444,2
16608,11,1,3,0,22.94,0.0,28.75,10.6,0.36,0.44,0.0,0,1,24.444444,2
16609,11,2,3,0,22.83,0.0,29.65,9.7,0.24,0.4,0.0,0,1,24.444444,2
16610,11,3,3,0,22.67,0.0,30.39,3.0,0.36,0.0,0.0,0,1,24.444444,2
16611,11,4,3,0,22.73,0.0,31.08,9.6,0.0,0.24,0.0,0,1,24.444444,2
16612,11,5,3,0,22.74,0.0,31.97,10.0,0.96,0.38,0.0,0,1,24.444444,2
16613,11,6,3,0,22.64,0.0,32.81,3.8,1.08,0.0,0.0,0,1,24.444444,2
16614,11,7,3,0,22.72,0.0,33.28,9.9,6.0,0.33,0.0,0,1,24.444444,2
16615,11,8,3,0,22.88,0.0,33.73,10.2,9.12,0.74,99.0138,0,1,24.444444,2
16616,11,9,3,0,23.14,0.0,33.75,10.5,19.92,1.87,274.718,0,1,24.444444,2
16617,11,10,3,0,23.38,0.0,33.34,10.7,9.12,4.87,512.571,0,1,24.444444,2
16618,11,11,3,0,23.53,0.0,33.07,10.9,4.2,6.66,589.665,0,1,24.444444,2
16619,11,12,3,0,23.55,0.0,33.18,8.4,3.36,6.88,604.484,0,1,24.444444,2
16620,11,13,3,0,23.59,0.0,33.34,7.2,0.72,8.97,684.454,0,1,24.444444,2
16621,11,14,3,0,23.72,0.0,33.57,9.1,0.84,12.93,646.156,0,1,24.444444,2
16622,11,15,3,0,23.81,0.0,33.89,9.7,3.48,15.31,537.21,0,1,24.444444,2
16623,11,16,3,0,23.81,0.0,34.53,8.8,5.28,14.05,360.172,0,1,24.444444,2
16624,11,17,3,0,23.93,0.0,34.9,15.6,0.6,15.22,127.074,0,1,24.444444,2
16625,11,18,3,0,23.74,0.0,36.42,8.8,1.56,6.3,0.0,0,1,24.444444,2
16626,11,19,3,0,23.7,0.0,37.92,9.9,3.12,6.9,0.0,0,1,24.444444,2
16627,11,20,3,0,23.66,0.0,39.52,9.5,5.52,5.93,0.0,0,1,24.444444,2
16628,11,21,3,0,23.64,0.0,40.77,9.9,2.88,5.6,0.0,0,1,24.444444,2
16629,11,22,3,0,23.67,0.0,41.31,11.9,1.8,6.51,0.0,0,1,24.444444,2
16630,11,23,3,0,23.54,0.0,41.95,8.9,4.32,3.52,0.0,0,1,24.444444,2
16631,11,24,3,0,23.76,0.0,40.91,18.0,0.96,8.9,0.0,0,1,24.444444,2
16632,11,1,4,0,23.51,0.0,41.23,9.8,1.2,2.87,0.0,0,1,24.444444,2
16633,11,2,4,0,23.45,0.0,41.77,10.2,1.8,2.87,0.0,0,1,24.444444,2
16634,11,3,4,0,23.38,0.0,42.77,9.8,0.24,2.41,0.0,0,1,24.444444,2
16635,11,4,4,0,23.3,0.0,43.61,9.7,0.48,1.99,0.0,0,1,24.444444,2
16636,11,5,4,0,23.31,0.0,44.14,11.8,0.6,2.47,0.0,0,1,24.444444,2
16637,11,6,4,0,23.25,0.0,45.0,10.5,0.96,1.94,0.0,0,1,24.444444,2
16638,11,7,4,0,23.25,0.0,45.92,9.9,3.6,2.2,0.0,0,1,24.444444,2
16639,11,8,4,0,23.49,0.0,46.07,9.2,7.68,4.85,107.724,0,1,24.444444,2
16640,11,9,4,0,23.57,0.0,46.56,7.7,9.6,5.91,270.772,0,1,24.444444,2
16641,11,10,4,0,23.7,0.0,46.9,11.1,2.4,10.15,389.051,0,1,24.444444,2
16642,11,11,4,0,23.79,0.0,47.4,10.9,1.56,12.16,400.195,0,1,24.444444,2
16643,11,12,4,0,23.84,0.0,47.97,8.2,8.76,14.87,652.638,0,1,24.444444,2
16644,11,13,4,0,23.91,0.0,48.5,8.2,1.56,17.0,563.757,0,1,24.444444,2
16645,11,14,4,0,23.98,0.0,48.72,8.8,0.48,20.27,511.177,0,1,24.444444,2
16646,11,15,4,0,24.04,0.0,48.73,10.4,3.12,26.34,505.545,0,1,24.444444,2
16647,11,16,4,0,24.05,0.0,48.48,10.2,1.8,25.15,339.904,0,1,24.444444,2
16648,11,17,4,0,24.06,0.0,48.95,9.8,3.12,18.39,117.204,0,1,24.444444,2
16649,11,18,4,0,24.07,0.0,50.13,11.6,3.84,16.47,0.0,0,1,24.444444,2
16650,11,19,4,0,24.06,0.0,51.4,9.5,3.36,13.86,0.0,0,1,24.444444,2
16651,11,20,4,0,24.07,0.0,51.84,15.3,5.4,20.91,0.0,0,1,24.444444,2
16652,11,21,4,0,24.06,0.0,52.38,10.1,2.4,12.61,0.0,0,1,24.444444,2
16653,11,22,4,0,24.06,0.0,53.41,11.6,2.52,14.4,0.0,0,1,24.444444,2
16654,11,23,4,0,24.07,0.0,53.66,14.0,1.08,17.3,0.0,0,1,24.444444,2
16655,11,24,4,0,24.05,0.0,54.27,11.0,0.48,12.0,0.0,0,1,24.444444,2
16656,11,1,5,0,24.06,0.0,54.41,15.2,0.24,16.41,0.0,0,1,24.444444,2
16657,11,2,5,0,24.0,0.0,54.68,10.1,0.0,9.03,0.0,0,1,24.444444,2
16658,11,3,5,0,23.98,0.0,54.86,11.3,0.24,9.62,0.0,0,1,24.444444,2
16659,11,4,5,0,23.92,0.0,55.44,10.0,0.12,8.03,0.0,0,1,24.444444,2
16660,11,5,5,0,23.86,0.0,56.39,9.6,0.96,7.4,0.0,0,1,24.444444,2
16661,11,6,5,0,23.93,0.0,56.65,12.6,3.6,9.88,0.0,0,1,24.444444,2
16662,11,7,5,0,23.87,0.0,57.27,10.0,4.32,8.35,0.0,0,1,24.444444,2
16663,11,8,5,0,23.91,0.0,56.89,10.4,19.08,12.32,90.2995,0,1,24.444444,2
16664,11,9,5,0,23.92,0.0,56.41,11.0,10.92,10.41,104.521,0,1,24.444444,2
16665,11,10,5,0,23.99,0.0,55.2,13.6,6.96,15.76,224.324,0,1,24.444444,2
16666,11,11,5,0,24.0,0.0,54.14,10.8,2.28,14.21,246.369,0,1,24.444444,2
16667,11,12,5,0,24.0,0.0,54.25,8.7,4.8,13.38,254.043,0,1,24.444444,2
16668,11,13,5,0,24.06,0.0,53.55,10.0,1.8,20.4,475.94,0,1,24.444444,2
16669,11,14,5,0,24.07,0.0,52.1,9.7,3.36,25.89,612.679,0,1,24.444444,2
16670,11,15,5,0,24.07,0.0,50.62,10.4,1.2,27.79,446.361,0,1,24.444444,2
16671,11,16,5,0,24.07,0.0,50.26,10.0,1.92,25.22,281.752,0,1,24.444444,2
16672,11,17,5,0,24.07,0.0,50.55,10.5,1.08,21.23,116.033,0,1,24.444444,2
16673,11,18,5,0,24.07,0.0,51.46,9.5,1.32,15.1,0.0,0,1,24.444444,2
16674,11,19,5,0,24.07,0.0,52.35,9.6,3.0,15.05,0.0,0,1,24.444444,2
16675,11,20,5,0,24.07,0.0,53.08,12.1,2.88,17.98,0.0,0,1,24.444444,2
16676,11,21,5,0,24.07,0.0,53.51,11.6,4.44,16.07,0.0,0,1,24.444444,2
16677,11,22,5,0,24.07,0.0,53.74,13.9,3.36,18.9,0.0,0,1,24.444444,2
16678,11,23,5,0,24.07,0.0,53.77,13.3,2.04,17.06,0.0,0,1,24.444444,2
16679,11,24,5,0,24.07,0.0,54.37,12.1,1.08,14.32,0.0,0,1,24.444444,2
16680,11,1,8,0,24.05,0.0,55.27,11.6,1.08,12.98,0.0,0,1,24.444444,2
16681,11,2,8,0,24.02,0.0,56.3,10.3,0.72,10.82,0.0,0,1,24.444444,2
16682,11,3,8,0,23.7,0.0,59.25,3.0,0.6,3.92,0.0,0,1,24.444444,2
16683,11,4,8,0,23.97,0.0,58.43,13.8,0.6,13.68,0.0,0,1,24.444444,2
16684,11,5,8,0,23.65,0.0,60.4,3.4,0.48,3.6,0.0,0,1,24.444444,2
16685,11,6,8,0,23.89,0.0,60.1,11.6,0.96,10.57,0.0,0,1,24.444444,2
16686,11,7,8,0,23.88,0.0,60.27,9.8,3.72,8.93,0.0,0,1,24.444444,2
16687,11,8,8,0,23.82,0.0,61.04,6.8,8.16,7.99,64.2494,0,1,24.444444,2
16688,11,9,8,0,23.85,0.0,60.49,6.5,10.2,13.37,246.919,0,1,24.444444,2
16689,11,10,8,0,24.0,0.0,57.48,11.0,3.72,22.4,420.715,0,1,24.444444,2
16690,11,11,8,0,24.03,0.0,56.52,7.2,1.56,18.39,420.167,0,1,24.444444,2
16691,11,12,8,0,24.07,0.0,55.38,9.2,6.72,23.44,447.178,0,1,24.444444,2
16692,11,13,8,0,24.07,0.0,53.51,10.2,4.32,27.75,472.205,0,1,24.444444,2
16693,11,14,8,0,24.07,0.0,52.23,9.1,7.32,26.42,376.38,0,1,24.444444,2
16694,11,15,8,0,24.07,0.0,51.76,9.7,4.32,27.56,313.502,0,1,24.444444,2
16695,11,16,8,0,24.07,0.0,51.12,10.0,3.12,27.8,237.035,0,1,24.444444,2
16696,11,17,8,0,24.07,0.0,51.26,8.4,0.84,21.79,114.552,0,1,24.444444,2
16697,11,18,8,0,24.07,0.0,52.9,8.7,4.08,17.55,0.0,0,1,24.444444,2
16698,11,19,8,0,24.07,0.0,53.71,11.2,6.0,20.61,0.0,0,1,24.444444,2
16699,11,20,8,0,24.07,0.0,54.73,9.3,7.68,16.5,0.0,0,1,24.444444,2
16700,11,21,8,0,24.07,0.0,55.2,12.9,1.44,21.03,0.0,0,1,24.444444,2
16701,11,22,8,0,24.07,0.0,55.84,9.8,2.76,15.33,0.0,0,1,24.444444,2
16702,11,23,8,0,24.07,0.0,56.91,11.0,2.4,16.32,0.0,0,1,24.444444,2
16703,11,24,8,0,24.07,0.0,56.72,14.5,3.12,20.52,0.0,0,1,24.444444,2
16704,11,1,7,0,24.06,0.0,56.99,10.9,1.8,13.93,0.0,0,1,24.444444,2
16705,11,2,7,0,24.07,0.0,56.25,18.0,1.32,23.66,0.0,0,1,24.444444,2
16706,11,3,7,0,24.03,0.0,56.19,9.9,0.84,10.7,0.0,0,1,24.444444,2
16707,11,4,7,0,24.0,0.0,57.75,9.7,0.36,9.83,0.0,0,1,24.444444,2
16708,11,5,7,0,23.98,0.0,58.34,10.2,0.12,9.68,0.0,0,1,24.444444,2
16709,11,6,7,0,23.69,0.0,60.36,3.9,1.2,3.85,0.0,0,1,24.444444,2
16710,11,7,7,0,23.89,0.0,59.86,10.4,2.04,11.06,0.0,0,1,24.444444,2
16711,11,8,7,0,24.04,0.0,57.1,17.9,6.12,29.33,96.7952,0,1,24.444444,2
16712,11,9,7,0,24.06,0.0,54.43,10.0,7.68,22.99,296.4,0,1,24.444444,2
16713,11,10,7,0,24.07,0.0,52.63,10.5,18.48,26.51,461.864,0,1,24.444444,2
16714,11,11,7,0,24.04,0.0,52.1,3.9,13.8,20.25,572.636,0,1,24.444444,2
16715,11,12,7,0,24.07,0.0,51.35,8.7,4.08,28.66,636.601,0,1,24.444444,2
16716,11,13,7,0,24.1,0.02,49.74,10.4,3.12,33.05,637.615,0,1,24.444444,2
16717,11,14,7,0,24.1,0.03,47.89,9.5,3.12,34.74,589.121,0,1,24.444444,2
16718,11,15,7,0,24.1,0.02,46.55,10.9,8.88,37.97,487.421,0,1,24.444444,2
16719,11,16,7,0,24.08,0.0,46.08,10.3,3.36,35.49,326.353,0,1,24.444444,2
16720,11,17,7,0,24.07,0.0,47.08,8.1,15.96,26.11,112.634,0,1,24.444444,2
16721,11,18,7,0,24.08,0.0,48.56,9.2,8.76,22.72,0.0,0,1,24.444444,2
16722,11,19,7,0,24.07,0.0,49.96,10.1,7.92,23.75,0.0,0,1,24.444444,2
16723,11,20,7,0,24.07,0.0,51.46,10.4,1.56,23.1,0.0,0,1,24.444444,2
16724,11,21,7,0,24.07,0.0,52.93,11.2,3.48,22.39,0.0,0,1,24.444444,2
16725,11,22,7,0,24.07,0.0,54.78,9.7,2.28,19.04,0.0,0,1,24.444444,2
16726,11,23,7,0,24.07,0.0,56.25,10.7,2.76,19.05,0.0,0,1,24.444444,2
16727,11,24,7,0,24.07,0.0,57.08,11.1,1.44,17.8,0.0,0,1,24.444444,2
16728,11,1,1,0,24.06,0.0,57.99,9.8,1.56,14.4,0.0,0,1,24.444444,2
16729,11,2,1,0,24.03,0.0,59.26,8.6,0.6,11.55,0.0,0,1,24.444444,2
16730,11,3,1,0,24.0,0.0,60.17,8.6,0.24,10.47,0.0,0,1,24.444444,2
16731,11,4,1,0,24.01,0.0,60.19,10.4,1.8,11.89,0.0,0,1,24.444444,2
16732,11,5,1,0,23.96,0.0,60.51,8.5,0.24,8.93,0.0,0,1,24.444444,2
16733,11,6,1,0,23.73,0.0,62.18,3.5,0.84,3.85,0.0,0,1,24.444444,2
16734,11,7,1,0,23.81,0.0,62.41,8.9,1.68,8.42,0.0,0,1,24.444444,2
16735,11,8,1,0,23.83,0.0,62.54,7.6,5.16,8.61,41.1699,0,1,24.444444,2
16736,11,9,1,0,23.91,0.0,62.11,8.6,6.24,12.99,188.867,0,1,24.444444,2
16737,11,10,1,0,23.99,0.0,60.65,9.8,9.36,17.08,256.368,0,1,24.444444,2
16738,11,11,1,0,24.05,0.0,58.93,10.3,5.04,22.42,372.41,0,1,24.444444,2
16739,11,12,1,0,24.07,0.0,56.39,11.1,8.76,29.18,601.011,0,1,24.444444,2
16740,11,13,1,0,24.07,0.0,54.26,5.2,3.12,22.99,629.258,0,1,24.444444,2
16741,11,14,1,0,24.07,0.0,51.45,9.7,17.04,32.09,583.853,0,1,24.444444,2
16742,11,15,1,0,24.07,0.0,48.86,10.7,7.44,33.06,444.976,0,1,24.444444,2
16743,11,16,1,0,24.07,0.0,47.23,11.4,3.48,27.66,174.075,0,1,24.444444,2
16744,11,17,1,0,24.08,0.0,46.7,9.9,3.96,21.43,41.8735,0,1,24.444444,2
16745,11,18,1,0,24.07,0.0,47.4,11.0,4.08,20.96,0.0,0,1,24.444444,2
16746,11,19,1,0,24.07,0.0,48.56,9.9,4.92,19.47,0.0,0,1,24.444444,2
16747,11,20,1,0,24.07,0.0,49.32,15.7,2.16,26.24,0.0,0,1,24.444444,2
16748,11,21,1,0,24.07,0.0,49.75,13.9,2.4,21.78,0.0,0,1,24.444444,2
16749,11,22,1,0,24.07,0.0,51.2,10.3,4.92,15.29,0.0,0,1,24.444444,2
16750,11,23,1,0,24.07,0.0,52.71,10.4,4.08,14.09,0.0,0,1,24.444444,2
16751,11,24,1,0,24.02,0.0,54.3,8.2,6.72,10.22,0.0,0,1,24.444444,2
16752,11,1,2,0,24.04,0.0,55.44,11.9,0.72,13.87,0.0,0,1,24.444444,2
16753,11,2,2,0,23.73,0.0,58.27,3.0,0.6,4.08,0.0,0,1,24.444444,2
16754,11,3,2,0,23.89,0.0,58.83,9.6,0.84,9.49,0.0,0,1,24.444444,2
16755,11,4,2,0,23.92,0.0,59.0,9.8,0.12,9.53,0.0,0,1,24.444444,2
16756,11,5,2,0,23.64,0.0,60.69,3.2,0.48,3.53,0.0,0,1,24.444444,2
16757,11,6,2,0,23.5,0.0,62.19,3.1,2.04,3.18,0.0,0,1,24.444444,2
16758,11,7,2,0,23.74,0.0,60.89,9.8,5.88,9.21,0.0,0,1,24.444444,2
16759,11,8,2,0,23.84,0.0,59.24,7.6,11.52,14.45,92.7279,0,1,24.444444,2
16760,11,9,2,0,23.92,0.0,56.5,8.6,4.32,20.13,290.981,0,1,24.444444,2
16761,11,10,2,0,24.03,0.0,53.96,11.1,1.68,25.42,451.3,0,1,24.444444,2
16762,11,11,2,0,24.07,0.0,51.52,13.0,7.8,29.75,567.259,0,1,24.444444,2
16763,11,12,2,0,24.07,0.0,49.48,9.4,6.24,25.47,510.567,0,1,24.444444,2
16764,11,13,2,0,24.07,0.0,47.35,8.5,3.12,25.62,521.06,0,1,24.444444,2
16765,11,14,2,0,24.07,0.0,46.69,9.3,4.08,26.4,416.109,0,1,24.444444,2
16766,11,15,2,0,24.07,0.0,46.87,9.6,1.2,23.63,167.113,0,1,24.444444,2
16767,11,16,2,0,24.07,0.0,47.62,10.8,0.96,24.48,116.091,0,1,24.444444,2
16768,11,17,2,0,24.07,0.0,49.05,10.5,1.2,23.05,62.7036,0,1,24.444444,2
16769,11,18,2,0,24.07,0.0,50.89,11.1,5.16,21.75,0.0,0,1,24.444444,2
16770,11,19,2,0,24.07,0.0,52.14,10.1,6.24,19.99,0.0,0,1,24.444444,2
16771,11,20,2,0,24.07,0.0,53.26,10.4,3.48,19.02,0.0,0,1,24.444444,2
16772,11,21,2,0,24.07,0.0,53.05,16.3,2.28,26.56,0.0,0,1,24.444444,2
16773,11,22,2,0,24.07,0.0,53.42,10.7,3.6,17.54,0.0,0,1,24.444444,2
16774,11,23,2,0,24.07,0.0,54.84,10.4,2.64,16.17,0.0,0,1,24.444444,2
16775,11,24,2,0,24.07,0.0,54.93,14.8,1.56,22.26,0.0,0,1,24.444444,2
16776,12,1,3,0,23.96,0.0,56.75,4.6,3.0,8.06,0.0,0,1,24.444444,2
16777,12,2,3,0,23.87,0.0,59.56,4.2,0.48,7.32,0.0,0,1,24.444444,2
16778,12,3,3,0,23.79,0.0,61.32,3.9,0.96,6.38,0.0,0,1,24.444444,2
16779,12,4,3,0,23.71,0.0,62.85,3.8,0.24,5.55,0.0,0,1,24.444444,2
16780,12,5,3,0,23.64,0.0,64.25,3.4,0.12,4.7,0.0,0,1,24.444444,2
16781,12,6,3,0,23.61,0.0,65.1,3.7,1.68,4.74,0.0,0,1,24.444444,2
16782,12,7,3,0,23.65,0.0,65.43,5.3,4.08,6.28,0.0,0,1,24.444444,2
16783,12,8,3,0,23.63,0.0,65.72,3.3,17.4,5.33,67.2597,0,1,24.444444,2
16784,12,9,3,0,23.74,0.0,64.65,6.2,4.56,10.78,189.465,0,1,24.444444,2
16785,12,10,3,0,23.86,0.0,63.41,6.9,4.92,12.94,205.734,0,1,24.444444,2
16786,12,11,3,0,23.89,0.0,62.73,5.3,3.6,12.09,308.871,0,1,24.444444,2
16787,12,12,3,0,23.86,0.0,63.1,3.6,5.52,9.77,203.228,0,1,24.444444,2
16788,12,13,3,0,23.87,0.0,63.51,3.6,2.28,10.86,208.871,0,1,24.444444,2
16789,12,14,3,0,23.87,0.0,64.18,3.3,3.0,11.17,228.245,0,1,24.444444,2
16790,12,15,3,0,24.03,0.0,62.19,11.3,3.96,21.93,169.026,0,1,24.444444,2
16791,12,16,3,0,23.96,0.0,62.09,5.0,1.56,10.48,61.7725,0,1,24.444444,2
16792,12,17,3,0,23.88,0.0,63.34,4.3,0.72,8.33,21.4557,0,1,24.444444,2
16793,12,18,3,0,23.97,0.0,62.8,10.0,4.32,14.08,0.0,0,1,24.444444,2
16794,12,19,3,0,24.01,0.0,61.32,9.5,2.76,14.03,0.0,0,1,24.444444,2
16795,12,20,3,0,23.96,0.0,61.45,6.6,1.56,9.81,0.0,0,1,24.444444,2
16796,12,21,3,0,23.88,0.0,62.56,5.2,3.0,8.04,0.0,0,1,24.444444,2
16797,12,22,3,0,24.0,0.0,61.61,11.3,0.84,15.08,0.0,0,1,24.444444,2
16798,12,23,3,0,23.94,0.0,61.51,7.4,2.76,9.15,0.0,0,1,24.444444,2
16799,12,24,3,0,23.94,0.0,61.66,8.4,0.96,10.05,0.0,0,1,24.444444,2
16800,12,1,4,0,23.98,0.0,61.0,10.8,0.96,12.13,0.0,0,1,24.444444,2
16801,12,2,4,0,23.92,0.0,60.71,9.5,1.2,8.45,0.0,0,1,24.444444,2
16802,12,3,4,0,23.64,0.0,61.61,5.0,0.12,3.53,0.0,0,1,24.444444,2
16803,12,4,4,0,23.51,0.0,62.03,5.1,0.48,3.18,0.0,0,1,24.444444,2
16804,12,5,4,0,23.34,0.0,62.15,3.8,0.72,2.3,0.0,0,1,24.444444,2
16805,12,6,4,0,23.32,0.0,61.44,4.8,0.96,2.66,0.0,0,1,24.444444,2
16806,12,7,4,0,23.21,0.0,60.66,3.6,6.12,1.56,0.0,0,1,24.444444,2
16807,12,8,4,0,23.49,0.0,56.82,11.6,7.08,4.66,15.3912,0,1,24.444444,2
16808,12,9,4,0,23.3,0.0,53.87,9.1,1.08,1.92,21.1136,0,1,24.444444,2
16809,12,10,4,0,23.21,0.0,50.71,9.5,9.12,1.72,38.7963,0,1,24.444444,2
16810,12,11,4,0,23.25,0.0,47.51,11.1,7.44,2.24,36.3467,0,1,24.444444,2
16811,12,12,4,0,23.21,0.0,45.67,8.1,4.92,1.47,135.953,0,1,24.444444,2
16812,12,13,4,0,23.24,0.0,44.4,8.6,3.24,2.07,199.547,0,1,24.444444,2
16813,12,14,4,0,23.33,0.0,43.15,10.1,0.24,2.98,261.41,0,1,24.444444,2
16814,12,15,4,0,23.34,0.0,42.01,10.4,3.6,2.72,112.476,0,1,24.444444,2
16815,12,16,4,0,23.25,0.0,41.66,8.7,0.72,1.69,59.8803,0,1,24.444444,2
16816,12,17,4,0,23.17,0.0,41.08,8.4,3.48,1.24,13.4809,0,1,24.444444,2
16817,12,18,4,0,23.18,0.0,40.06,9.6,3.36,1.62,0.0,0,1,24.444444,2
16818,12,19,4,0,23.19,0.0,39.33,9.4,2.16,1.74,0.0,0,1,24.444444,2
16819,12,20,4,0,23.14,0.0,39.56,8.8,2.88,1.33,0.0,0,1,24.444444,2
16820,12,21,4,0,23.1,0.0,39.89,8.8,5.04,1.23,0.0,0,1,24.444444,2
16821,12,22,4,0,23.1,0.0,39.83,9.6,1.56,1.4,0.0,0,1,24.444444,2
16822,12,23,4,0,23.07,0.0,39.68,9.8,3.0,1.3,0.0,0,1,24.444444,2
16823,12,24,4,0,23.11,0.0,39.22,12.1,0.96,1.7,0.0,0,1,24.444444,2
16824,12,1,5,0,23.04,0.0,38.79,11.0,0.36,1.27,0.0,0,1,24.444444,2
16825,12,2,5,0,23.01,0.0,38.45,11.2,2.64,1.17,0.0,0,1,24.444444,2
16826,12,3,5,0,22.91,0.0,38.29,8.5,0.36,0.51,0.0,0,1,24.444444,2
16827,12,4,5,0,22.86,0.0,38.13,9.6,0.0,0.57,0.0,0,1,24.444444,2
16828,12,5,5,0,22.79,0.0,37.18,8.2,0.96,0.32,0.0,0,1,24.444444,2
16829,12,6,5,0,22.78,0.0,35.82,9.8,1.68,0.44,0.0,0,1,24.444444,2
16830,12,7,5,0,22.76,0.0,34.79,9.1,6.36,0.29,0.0,0,1,24.444444,2
16831,12,8,5,0,22.74,0.0,34.02,8.2,23.64,0.13,30.5156,0,1,24.444444,2
16832,12,9,5,0,22.75,0.0,32.54,10.2,17.76,0.28,101.341,0,1,24.444444,2
16833,12,10,5,0,22.79,0.0,31.01,10.4,4.68,0.38,227.87,0,1,24.444444,2
16834,12,11,5,0,22.88,0.0,29.89,10.8,3.36,0.84,378.727,0,1,24.444444,2
16835,12,12,5,0,23.04,0.0,29.04,11.7,6.6,1.41,462.412,0,1,24.444444,2
16836,12,13,5,0,23.06,0.0,28.71,9.1,13.08,1.18,461.542,0,1,24.444444,2
16837,12,14,5,0,23.18,0.0,28.23,9.8,0.96,1.79,399.871,0,1,24.444444,2
16838,12,15,5,0,23.34,0.0,27.84,10.6,2.16,3.11,359.191,0,1,24.444444,2
16839,12,16,5,0,23.41,0.0,27.82,9.7,0.72,4.14,327.85,0,1,24.444444,2
16840,12,17,5,0,23.33,0.0,28.24,9.3,2.64,2.42,122.46,0,1,24.444444,2
16841,12,18,5,0,23.22,0.0,29.13,10.6,2.28,1.37,0.0,0,1,24.444444,2
16842,12,19,5,0,23.16,0.0,30.28,10.1,1.2,1.32,0.0,0,1,24.444444,2
16843,12,20,5,0,23.19,0.0,30.93,12.0,3.6,1.79,0.0,0,1,24.444444,2
16844,12,21,5,0,23.12,0.0,31.52,11.0,1.8,1.25,0.0,0,1,24.444444,2
16845,12,22,5,0,23.01,0.0,31.89,9.9,1.56,0.83,0.0,0,1,24.444444,2
16846,12,23,5,0,22.95,0.0,31.98,10.4,4.44,0.71,0.0,0,1,24.444444,2
16847,12,24,5,0,22.9,0.0,32.02,10.7,0.72,0.57,0.0,0,1,24.444444,2
16848,12,1,6,0,22.69,0.0,32.39,3.9,2.4,0.0,0.0,0,1,24.444444,2
16849,12,2,6,0,22.62,0.0,32.28,4.2,0.24,0.0,0.0,0,1,24.444444,2
16850,12,3,6,0,22.58,0.0,31.8,3.9,0.48,0.0,0.0,0,1,24.444444,2
16851,12,4,6,0,22.56,0.0,31.22,4.0,0.6,0.0,0.0,0,1,24.444444,2
16852,12,5,6,0,22.55,0.0,30.88,5.2,0.84,0.0,0.0,0,1,24.444444,2
16853,12,6,6,0,22.52,0.0,30.91,3.3,1.56,0.0,0.0,0,1,24.444444,2
16854,12,7,6,0,22.51,0.0,31.02,3.6,12.0,0.0,0.0,0,1,24.444444,2
16855,12,8,6,0,22.54,0.0,31.11,3.6,3.24,0.0,100.77,0,1,24.444444,2
16856,12,9,6,0,22.75,0.0,30.6,4.5,6.0,0.03,328.008,0,1,24.444444,2
16857,12,10,6,0,22.96,0.0,29.82,5.6,4.08,0.97,510.638,0,1,24.444444,2
16858,12,11,6,0,23.07,0.0,29.62,5.4,6.12,2.04,641.254,0,1,24.444444,2
16859,12,12,6,0,23.15,0.0,29.95,3.9,2.52,2.61,708.536,0,1,24.444444,2
16860,12,13,6,0,23.25,0.0,30.21,4.9,1.32,4.28,704.829,0,1,24.444444,2
16861,12,14,6,0,23.48,0.0,30.02,9.2,2.28,8.24,667.568,0,1,24.444444,2
16862,12,15,6,0,23.6,0.0,29.6,10.2,1.44,11.36,546.621,0,1,24.444444,2
16863,12,16,6,0,23.66,0.0,29.15,10.3,1.56,11.24,371.82,0,1,24.444444,2
16864,12,17,6,0,23.54,0.0,29.36,5.0,2.04,4.02,131.774,0,1,24.444444,2
16865,12,18,6,0,23.46,0.0,29.66,9.0,1.32,3.25,0.0,0,1,24.444444,2
16866,12,19,6,0,23.49,0.0,30.21,10.6,2.76,4.13,0.0,0,1,24.444444,2
16867,12,20,6,0,23.48,0.0,31.05,10.4,7.44,3.57,0.0,0,1,24.444444,2
16868,12,21,6,0,23.32,0.0,31.93,6.4,3.36,1.39,0.0,0,1,24.444444,2
16869,12,22,6,0,23.4,0.0,32.18,11.5,1.44,2.96,0.0,0,1,24.444444,2
16870,12,23,6,0,23.25,0.0,32.8,7.3,1.56,1.08,0.0,0,1,24.444444,2
16871,12,24,6,0,22.99,0.0,33.35,5.2,1.2,0.49,0.0,0,1,24.444444,2
16872,12,1,7,0,22.82,0.0,33.86,3.7,0.48,0.11,0.0,0,1,24.444444,2
16873,12,2,7,0,22.75,0.0,34.39,3.7,0.24,0.02,0.0,0,1,24.444444,2
16874,12,3,7,0,22.73,0.0,34.82,5.1,2.16,0.03,0.0,0,1,24.444444,2
16875,12,4,7,0,22.7,0.0,35.0,4.8,0.72,0.0,0.0,0,1,24.444444,2
16876,12,5,7,0,22.67,0.0,35.3,4.9,0.24,0.0,0.0,0,1,24.444444,2
16877,12,6,7,0,22.61,0.0,35.96,3.4,0.12,0.0,0.0,0,1,24.444444,2
16878,12,7,7,0,22.6,0.0,36.45,4.0,4.8,0.0,0.0,0,1,24.444444,2
16879,12,8,7,0,22.7,0.0,36.51,4.2,1.32,0.0,94.6712,0,1,24.444444,2
16880,12,9,7,0,22.94,0.0,36.01,4.6,9.96,0.49,312.881,0,1,24.444444,2
16881,12,10,7,0,23.17,0.0,35.47,7.4,10.92,3.05,491.583,0,1,24.444444,2
16882,12,11,7,0,23.22,0.0,35.54,4.0,14.04,3.26,608.305,0,1,24.444444,2
16883,12,12,7,0,23.27,0.0,35.82,3.7,11.64,4.57,673.109,0,1,24.444444,2
16884,12,13,7,0,23.36,0.0,36.07,4.4,3.96,6.34,684.152,0,1,24.444444,2
16885,12,14,7,0,23.53,0.0,36.32,5.8,6.36,9.44,628.215,0,1,24.444444,2
16886,12,15,7,0,23.78,0.0,36.32,11.3,4.68,16.48,519.207,0,1,24.444444,2
16887,12,16,7,0,23.74,0.0,37.06,5.3,9.0,12.01,352.333,0,1,24.444444,2
16888,12,17,7,0,23.67,0.0,37.93,5.9,11.16,8.03,124.006,0,1,24.444444,2
16889,12,18,7,0,23.53,0.0,39.38,4.3,6.0,3.79,0.0,0,1,24.444444,2
16890,12,19,7,0,23.52,0.0,40.66,5.4,2.64,4.59,0.0,0,1,24.444444,2
16891,12,20,7,0,23.52,0.0,42.0,5.7,2.76,4.3,0.0,0,1,24.444444,2
16892,12,21,7,0,23.49,0.0,43.6,5.5,5.64,3.55,0.0,0,1,24.444444,2
16893,12,22,7,0,23.76,0.0,43.22,15.7,3.0,10.57,0.0,0,1,24.444444,2
16894,12,23,7,0,23.54,0.0,44.51,7.3,3.36,3.56,0.0,0,1,24.444444,2
16895,12,24,7,0,23.46,0.0,45.91,7.9,1.44,3.22,0.0,0,1,24.444444,2
16896,12,1,1,0,23.33,0.0,47.01,5.9,1.44,1.89,0.0,0,1,24.444444,2
16897,12,2,1,0,23.19,0.0,47.61,4.9,0.24,1.21,0.0,0,1,24.444444,2
16898,12,3,1,0,23.0,0.0,48.21,3.6,0.48,0.7,0.0,0,1,24.444444,2
16899,12,4,1,0,22.93,0.0,48.58,4.0,4.08,0.63,0.0,0,1,24.444444,2
16900,12,5,1,0,22.9,0.0,48.49,4.7,0.24,0.6,0.0,0,1,24.444444,2
16901,12,6,1,0,22.87,0.0,48.41,4.8,1.08,0.48,0.0,0,1,24.444444,2
16902,12,7,1,0,22.8,0.0,48.43,3.4,1.44,0.18,0.0,0,1,24.444444,2
16903,12,8,1,0,22.93,0.0,47.81,3.8,6.96,0.74,81.6701,0,1,24.444444,2
16904,12,9,1,0,23.17,0.0,46.62,3.6,10.68,2.62,270.541,0,1,24.444444,2
16905,12,10,1,0,23.37,0.0,45.41,4.0,9.36,5.15,465.437,0,1,24.444444,2
16906,12,11,1,0,23.48,0.0,44.34,4.3,15.72,7.03,583.281,0,1,24.444444,2
16907,12,12,1,0,23.58,0.0,43.77,5.1,4.44,9.53,645.68,0,1,24.444444,2
16908,12,13,1,0,23.66,0.0,43.53,4.8,3.6,11.49,657.969,0,1,24.444444,2
16909,12,14,1,0,23.7,0.0,43.55,4.2,1.8,14.33,605.516,0,1,24.444444,2
16910,12,15,1,0,23.9,0.0,42.77,9.4,3.6,21.81,504.776,0,1,24.444444,2
16911,12,16,1,0,23.87,0.0,42.99,4.7,3.36,16.9,346.725,0,1,24.444444,2
16912,12,17,1,0,23.78,0.0,44.09,3.8,1.2,10.82,121.582,0,1,24.444444,2
16913,12,18,1,0,23.69,0.0,45.39,4.8,1.44,7.73,0.0,0,1,24.444444,2
16914,12,19,1,0,23.69,0.0,46.02,5.9,8.64,7.96,0.0,0,1,24.444444,2
16915,12,20,1,0,23.66,0.0,47.05,5.8,4.8,6.6,0.0,0,1,24.444444,2
16916,12,21,1,0,23.78,0.0,47.05,11.5,4.32,10.23,0.0,0,1,24.444444,2
16917,12,22,1,0,23.61,0.0,48.41,5.4,2.88,4.27,0.0,0,1,24.444444,2
16918,12,23,1,0,23.56,0.0,49.48,7.5,3.24,4.42,0.0,0,1,24.444444,2
16919,12,24,1,0,23.42,0.0,50.34,6.0,1.56,2.52,0.0,0,1,24.444444,2
16920,12,1,2,0,23.21,0.0,51.37,3.7,0.48,1.24,0.0,0,1,24.444444,2
16921,12,2,2,0,23.14,0.0,51.99,5.5,0.36,1.32,0.0,0,1,24.444444,2
16922,12,3,2,0,23.02,0.0,52.59,4.9,0.36,0.96,0.0,0,1,24.444444,2
16923,12,4,2,0,22.9,0.0,53.14,3.7,0.24,0.51,0.0,0,1,24.444444,2
16924,12,5,2,0,22.84,0.0,53.11,4.0,0.0,0.37,0.0,0,1,24.444444,2
16925,12,6,2,0,22.8,0.0,52.87,4.6,0.36,0.35,0.0,0,1,24.444444,2
16926,12,7,2,0,22.77,0.0,52.72,3.9,3.84,0.22,0.0,0,1,24.444444,2
16927,12,8,2,0,23.04,0.0,51.69,5.3,13.68,1.55,92.6607,0,1,24.444444,2
16928,12,9,2,0,23.34,0.0,50.16,4.9,8.76,4.6,296.535,0,1,24.444444,2
16929,12,10,2,0,23.52,0.0,48.71,5.9,13.92,7.37,470.989,0,1,24.444444,2
16930,12,11,2,0,23.58,0.0,47.3,4.4,5.04,8.19,593.249,0,1,24.444444,2
16931,12,12,2,0,23.63,0.0,45.88,4.6,4.32,10.58,634.25,0,1,24.444444,2
16932,12,13,2,0,23.72,0.0,44.52,7.1,4.08,14.35,668.481,0,1,24.444444,2
16933,12,14,2,0,23.75,0.0,43.2,5.5,2.88,15.35,618.521,0,1,24.444444,2
16934,12,15,2,0,23.95,0.0,41.29,10.9,2.28,22.7,510.052,0,1,24.444444,2
16935,12,16,2,0,24.01,0.0,40.0,10.4,1.68,21.94,351.289,0,1,24.444444,2
16936,12,17,2,0,24.0,0.0,39.14,10.1,1.2,15.64,125.537,0,1,24.444444,2
16937,12,18,2,0,23.97,0.0,39.01,11.0,2.76,11.32,0.0,0,1,24.444444,2
16938,12,19,2,0,23.95,0.0,39.31,11.2,0.6,10.59,0.0,0,1,24.444444,2
16939,12,20,2,0,23.76,0.0,40.31,5.7,3.0,4.96,0.0,0,1,24.444444,2
16940,12,21,2,0,23.65,0.0,41.25,7.7,6.36,4.98,0.0,0,1,24.444444,2
16941,12,22,2,0,23.65,0.0,41.87,9.3,2.04,5.12,0.0,0,1,24.444444,2
16942,12,23,2,0,23.62,0.0,42.39,10.5,0.72,4.5,0.0,0,1,24.444444,2
16943,12,24,2,0,23.69,0.0,42.26,15.9,0.72,6.66,0.0,0,1,24.444444,2
16944,12,1,3,0,23.18,0.0,43.56,4.7,4.08,0.78,0.0,0,1,24.444444,2
16945,12,2,3,0,22.91,0.0,44.22,4.0,0.6,0.37,0.0,0,1,24.444444,2
16946,12,3,3,0,22.8,0.0,43.97,4.7,0.48,0.24,0.0,0,1,24.444444,2
16947,12,4,3,0,22.72,0.0,43.65,3.1,0.12,0.0,0.0,0,1,24.444444,2
16948,12,5,3,0,22.72,0.0,43.09,5.6,0.36,0.03,0.0,0,1,24.444444,2
16949,12,6,3,0,22.66,0.0,42.92,3.9,1.8,0.0,0.0,0,1,24.444444,2
16950,12,7,3,0,22.63,0.0,42.99,3.6,3.12,0.0,0.0,0,1,24.444444,2
16951,12,8,3,0,22.77,0.0,42.95,4.0,18.48,0.07,86.7446,0,1,24.444444,2
16952,12,9,3,0,23.18,0.0,42.75,5.7,6.84,3.18,285.898,0,1,24.444444,2
16953,12,10,3,0,23.43,0.0,42.86,5.5,5.04,6.06,457.265,0,1,24.444444,2
16954,12,11,3,0,23.49,0.0,42.88,4.3,4.8,7.21,574.286,0,1,24.444444,2
16955,12,12,3,0,23.54,0.0,42.79,4.2,4.92,9.08,647.909,0,1,24.444444,2
16956,12,13,3,0,23.63,0.0,43.03,4.1,2.64,10.83,660.675,0,1,24.444444,2
16957,12,14,3,0,23.68,0.0,42.94,3.3,3.48,12.95,617.254,0,1,24.444444,2
16958,12,15,3,0,23.87,0.0,41.98,10.3,2.28,21.65,514.355,0,1,24.444444,2
16959,12,16,3,0,23.85,0.0,40.93,4.6,2.04,15.72,352.875,0,1,24.444444,2
16960,12,17,3,0,23.76,0.0,39.05,4.3,1.68,9.89,125.77,0,1,24.444444,2
16961,12,18,3,0,23.81,0.0,38.07,9.7,2.4,10.19,0.0,0,1,24.444444,2
16962,12,19,3,0,23.83,0.0,38.94,9.4,2.88,9.37,0.0,0,1,24.444444,2
16963,12,20,3,0,23.71,0.0,40.68,6.9,2.4,6.22,0.0,0,1,24.444444,2
16964,12,21,3,0,23.85,0.0,41.57,13.8,7.92,10.2,0.0,0,1,24.444444,2
16965,12,22,3,0,23.6,0.0,43.28,6.6,0.84,3.49,0.0,0,1,24.444444,2
16966,12,23,3,0,23.49,0.0,44.88,7.5,3.0,3.24,0.0,0,1,24.444444,2
16967,12,24,3,0,23.38,0.0,46.54,7.0,2.28,2.12,0.0,0,1,24.444444,2
16968,12,1,4,0,23.37,0.0,47.09,9.9,0.84,2.6,0.0,0,1,24.444444,2
16969,12,2,4,0,23.01,0.0,48.47,3.7,0.48,0.47,0.0,0,1,24.444444,2
16970,12,3,4,0,22.97,0.0,48.73,7.3,0.12,1.0,0.0,0,1,24.444444,2
16971,12,4,4,0,22.84,0.0,49.1,3.7,0.72,0.17,0.0,0,1,24.444444,2
16972,12,5,4,0,22.77,0.0,49.15,4.7,0.24,0.24,0.0,0,1,24.444444,2
16973,12,6,4,0,22.76,0.0,49.07,4.4,1.8,0.22,0.0,0,1,24.444444,2
16974,12,7,4,0,22.75,0.0,49.17,4.2,3.6,0.2,0.0,0,1,24.444444,2
16975,12,8,4,0,22.82,0.0,49.62,6.8,8.52,0.92,23.7914,0,1,24.444444,2
16976,12,9,4,0,23.05,0.0,50.38,9.1,7.8,1.96,141.589,0,1,24.444444,2
16977,12,10,4,0,23.27,0.0,50.89,7.9,6.96,3.15,244.744,0,1,24.444444,2
16978,12,11,4,0,23.55,0.0,50.64,8.7,7.68,8.05,515.404,0,1,24.444444,2
16979,12,12,4,0,23.65,0.0,50.56,8.3,1.68,8.52,312.849,0,1,24.444444,2
16980,12,13,4,0,23.83,0.0,49.44,10.1,0.36,14.58,450.124,0,1,24.444444,2
16981,12,14,4,0,23.96,0.0,47.52,8.9,0.96,19.01,590.708,0,1,24.444444,2
16982,12,15,4,0,24.02,0.0,46.01,10.2,8.16,23.93,496.162,0,1,24.444444,2
16983,12,16,4,0,24.05,0.0,45.1,10.1,2.4,22.81,334.74,0,1,24.444444,2
16984,12,17,4,0,24.06,0.0,44.69,10.4,5.28,17.64,117.658,0,1,24.444444,2
16985,12,18,4,0,24.05,0.0,45.08,9.3,3.36,12.55,0.0,0,1,24.444444,2
16986,12,19,4,0,24.05,0.0,45.89,9.2,1.8,12.59,0.0,0,1,24.444444,2
16987,12,20,4,0,24.04,0.0,46.47,9.3,0.96,11.83,0.0,0,1,24.444444,2
16988,12,21,4,0,24.02,0.0,47.1,9.5,7.92,10.7,0.0,0,1,24.444444,2
16989,12,22,4,0,24.05,0.0,47.26,13.1,1.68,12.96,0.0,0,1,24.444444,2
16990,12,23,4,0,24.02,0.0,47.65,12.3,1.44,10.42,0.0,0,1,24.444444,2
16991,12,24,4,0,23.95,0.0,48.5,11.1,0.84,8.08,0.0,0,1,24.444444,2
16992,12,1,5,0,23.78,0.0,49.76,8.8,0.36,5.02,0.0,0,1,24.444444,2
16993,12,2,5,0,23.68,0.0,50.77,9.3,0.24,4.56,0.0,0,1,24.444444,2
16994,12,3,5,0,23.66,0.0,51.93,9.6,0.72,4.86,0.0,0,1,24.444444,2
16995,12,4,5,0,23.63,0.0,53.38,9.4,2.16,4.48,0.0,0,1,24.444444,2
16996,12,5,5,0,23.52,0.0,54.92,8.3,0.36,3.33,0.0,0,1,24.444444,2
16997,12,6,5,0,23.22,0.0,57.25,3.7,2.76,1.26,0.0,0,1,24.444444,2
16998,12,7,5,0,23.36,0.0,57.49,9.5,5.52,3.44,0.0,0,1,24.444444,2
16999,12,8,5,0,23.58,0.0,56.95,9.6,20.28,6.52,50.1281,0,1,24.444444,2
17000,12,9,5,0,23.68,0.0,56.79,9.4,10.92,9.18,180.325,0,1,24.444444,2
17001,12,10,5,0,23.81,0.0,56.4,9.9,3.48,13.11,300.646,0,1,24.444444,2
17002,12,11,5,0,23.92,0.0,55.71,10.5,4.44,17.47,361.768,0,1,24.444444,2
17003,12,12,5,0,24.0,0.0,54.53,9.1,5.16,18.75,459.434,0,1,24.444444,2
17004,12,13,5,0,24.07,0.0,53.01,10.1,1.68,23.15,427.144,0,1,24.444444,2
17005,12,14,5,0,24.07,0.0,50.09,10.3,2.16,27.95,519.77,0,1,24.444444,2
17006,12,15,5,0,24.07,0.0,47.87,11.6,2.64,29.83,388.898,0,1,24.444444,2
17007,12,16,5,0,24.07,0.0,47.23,8.9,2.16,22.99,170.092,0,1,24.444444,2
17008,12,17,5,0,24.08,0.0,48.07,8.7,1.2,20.33,78.0771,0,1,24.444444,2
17009,12,18,5,0,24.07,0.0,49.67,9.1,2.16,17.99,0.0,0,1,24.444444,2
17010,12,19,5,0,24.07,0.0,51.64,10.5,3.36,20.18,0.0,0,1,24.444444,2
17011,12,20,5,0,24.07,0.0,53.12,10.9,4.08,19.79,0.0,0,1,24.444444,2
17012,12,21,5,0,24.07,0.0,54.31,10.5,6.12,17.78,0.0,0,1,24.444444,2
17013,12,22,5,0,24.07,0.0,55.89,9.7,3.6,15.42,0.0,0,1,24.444444,2
17014,12,23,5,0,24.06,0.0,57.13,10.2,2.52,14.69,0.0,0,1,24.444444,2
17015,12,24,5,0,24.05,0.0,57.58,10.0,1.56,13.12,0.0,0,1,24.444444,2
17016,12,1,6,0,23.83,0.0,59.87,3.9,2.04,5.72,0.0,0,1,24.444444,2
17017,12,2,6,0,23.73,0.0,62.28,4.5,0.84,5.71,0.0,0,1,24.444444,2
17018,12,3,6,0,23.69,0.0,63.61,5.1,0.36,5.85,0.0,0,1,24.444444,2
17019,12,4,6,0,23.63,0.0,64.81,4.2,0.36,4.79,0.0,0,1,24.444444,2
17020,12,5,6,0,23.53,0.0,66.18,2.9,0.48,3.63,0.0,0,1,24.444444,2
17021,12,6,6,0,23.47,0.0,66.98,3.2,0.6,3.57,0.0,0,1,24.444444,2
17022,12,7,6,0,23.5,0.0,67.15,4.3,6.48,4.38,0.0,0,1,24.444444,2
17023,12,8,6,0,23.63,0.0,66.24,3.3,2.04,9.34,75.5488,0,1,24.444444,2
17024,12,9,6,0,23.73,0.0,64.18,3.9,4.8,15.46,269.228,0,1,24.444444,2
17025,12,10,6,0,23.82,0.0,62.34,5.2,7.92,18.57,412.769,0,1,24.444444,2
17026,12,11,6,0,23.87,0.0,61.61,4.4,6.36,16.36,352.882,0,1,24.444444,2
17027,12,12,6,0,23.97,0.0,60.39,5.7,7.56,20.06,390.373,0,1,24.444444,2
17028,12,13,6,0,24.03,0.0,58.61,6.2,3.6,23.16,480.138,0,1,24.444444,2
17029,12,14,6,0,24.07,0.0,55.78,8.8,3.0,30.6,523.085,0,1,24.444444,2
17030,12,15,6,0,24.07,0.0,52.33,10.4,1.68,35.52,501.925,0,1,24.444444,2
17031,12,16,6,0,24.07,0.0,50.34,9.0,1.92,30.86,338.354,0,1,24.444444,2
17032,12,17,6,0,24.07,0.0,50.18,5.7,2.76,19.61,118.44,0,1,24.444444,2
17033,12,18,6,0,24.07,0.0,50.6,11.5,0.84,23.06,0.0,0,1,24.444444,2
17034,12,19,6,0,24.07,0.0,50.93,11.1,2.28,22.22,0.0,0,1,24.444444,2
17035,12,20,6,0,24.07,0.0,51.99,11.2,2.28,21.19,0.0,0,1,24.444444,2
17036,12,21,6,0,24.07,0.0,53.67,9.5,2.16,17.09,0.0,0,1,24.444444,2
17037,12,22,6,0,24.05,0.0,56.37,6.7,2.52,12.66,0.0,0,1,24.444444,2
17038,12,23,6,0,24.05,0.0,58.47,8.1,1.44,13.74,0.0,0,1,24.444444,2
17039,12,24,6,0,24.0,0.0,60.41,6.0,0.72,10.13,0.0,0,1,24.444444,2
17040,12,1,7,0,23.89,0.0,62.78,4.3,0.24,7.96,0.0,0,1,24.444444,2
17041,12,2,7,0,23.81,0.0,64.76,4.1,0.24,7.35,0.0,0,1,24.444444,2
17042,12,3,7,0,23.75,0.0,66.47,4.0,0.36,6.86,0.0,0,1,24.444444,2
17043,12,4,7,0,23.7,0.0,68.71,3.3,0.6,6.14,0.0,0,1,24.444444,2
17044,12,5,7,0,23.67,0.0,71.23,3.4,1.08,6.25,0.0,0,1,24.444444,2
17045,12,6,7,0,23.65,0.0,73.06,3.4,0.24,6.21,0.0,0,1,24.444444,2
17046,12,7,7,0,23.64,0.0,74.0,3.6,4.56,6.53,0.0,0,1,24.444444,2
17047,12,8,7,0,23.68,0.0,73.27,3.8,3.12,9.34,45.0849,0,1,24.444444,2
17048,12,9,7,0,23.79,0.0,70.72,4.8,8.76,15.02,217.029,0,1,24.444444,2
17049,12,10,7,0,23.84,0.0,68.4,4.3,9.96,14.99,304.934,0,1,24.444444,2
17050,12,11,7,0,23.87,0.0,65.89,3.5,12.12,15.66,341.779,0,1,24.444444,2
17051,12,12,7,0,24.0,0.0,62.11,6.3,10.2,23.33,560.764,0,1,24.444444,2
17052,12,13,7,0,24.03,0.0,58.12,4.0,6.6,22.54,572.5,0,1,24.444444,2
17053,12,14,7,0,24.07,0.0,54.38,6.7,1.08,27.68,548.239,0,1,24.444444,2
17054,12,15,7,0,24.07,0.0,51.78,9.9,11.64,32.25,424.82,0,1,24.444444,2
17055,12,16,7,0,24.07,0.0,50.67,4.4,3.96,22.4,276.391,0,1,24.444444,2
17056,12,17,7,0,24.07,0.0,50.26,7.7,6.12,21.95,101.456,0,1,24.444444,2
17057,12,18,7,0,24.07,0.0,51.45,4.6,6.48,13.94,0.0,0,1,24.444444,2
17058,12,19,7,0,24.07,0.0,53.1,5.7,3.36,14.89,0.0,0,1,24.444444,2
17059,12,20,7,0,24.06,0.0,54.71,5.4,4.2,13.12,0.0,0,1,24.444444,2
17060,12,21,7,0,24.03,0.0,56.02,5.3,5.04,11.88,0.0,0,1,24.444444,2
17061,12,22,7,0,24.04,0.0,57.12,6.7,2.64,12.95,0.0,0,1,24.444444,2
17062,12,23,7,0,24.04,0.0,58.09,7.2,2.88,12.79,0.0,0,1,24.444444,2
17063,12,24,7,0,24.02,0.0,59.19,7.1,1.2,11.9,0.0,0,1,24.444444,2
17064,12,1,1,0,23.94,0.0,61.38,4.3,1.08,8.62,0.0,0,1,24.444444,2
17065,12,2,1,0,23.87,0.0,64.17,3.9,0.24,8.3,0.0,0,1,24.444444,2
17066,12,3,1,0,23.83,0.0,66.38,3.7,0.36,8.19,0.0,0,1,24.444444,2
17067,12,4,1,0,23.81,0.0,68.08,4.0,0.36,8.49,0.0,0,1,24.444444,2
17068,12,5,1,0,23.77,0.0,69.44,3.3,1.2,7.62,0.0,0,1,24.444444,2
17069,12,6,1,0,23.74,0.0,70.46,3.3,0.36,7.56,0.0,0,1,24.444444,2
17070,12,7,1,0,23.75,0.0,70.97,3.9,1.08,8.32,0.0,0,1,24.444444,2
17071,12,8,1,0,23.78,0.0,70.88,3.7,7.56,9.59,38.0281,0,1,24.444444,2
17072,12,9,1,0,23.83,0.0,69.77,3.8,9.84,12.4,166.429,0,1,24.444444,2
17073,12,10,1,0,23.88,0.0,68.13,3.3,9.84,14.61,263.062,0,1,24.444444,2
17074,12,11,1,0,23.95,0.0,65.81,4.5,2.88,18.25,307.244,0,1,24.444444,2
17075,12,12,1,0,24.05,0.0,63.09,6.3,11.4,24.01,448.814,0,1,24.444444,2
17076,12,13,1,0,24.07,0.0,61.35,4.7,2.28,23.39,465.737,0,1,24.444444,2
17077,12,14,1,0,24.07,0.0,60.1,7.5,3.36,28.42,376.069,0,1,24.444444,2
17078,12,15,1,0,24.07,0.0,58.51,8.7,4.2,30.04,281.506,0,1,24.444444,2
17079,12,16,1,0,24.07,0.0,58.73,4.3,3.48,21.05,201.295,0,1,24.444444,2
17080,12,17,1,0,24.07,0.0,60.31,4.5,3.36,16.3,23.6638,0,1,24.444444,2
17081,12,18,1,0,24.07,0.0,61.49,6.3,11.16,17.93,0.0,0,1,24.444444,2
17082,12,19,1,0,24.07,0.0,62.26,6.6,5.04,18.79,0.0,0,1,24.444444,2
17083,12,20,1,0,24.07,0.0,63.22,5.7,3.0,16.52,0.0,0,1,24.444444,2
17084,12,21,1,0,24.07,0.0,63.75,7.6,3.24,18.85,0.0,0,1,24.444444,2
17085,12,22,1,0,23.96,0.0,63.55,5.6,2.04,8.44,0.0,0,1,24.444444,2
17086,12,23,1,0,23.52,0.0,61.79,4.9,2.16,3.32,0.0,0,1,24.444444,2
17087,12,24,1,0,23.53,0.0,59.04,7.9,0.48,4.23,0.0,0,1,24.444444,2
17088,12,1,2,0,23.42,0.0,57.1,6.4,0.6,2.65,0.0,0,1,24.444444,2
17089,12,2,2,0,23.17,0.0,55.85,4.7,0.12,1.23,0.0,0,1,24.444444,2
17090,12,3,2,0,23.14,0.0,54.37,6.5,0.6,1.47,0.0,0,1,24.444444,2
17091,12,4,2,0,23.14,0.0,52.92,7.3,0.24,1.46,0.0,0,1,24.444444,2
17092,12,5,2,0,23.03,0.0,52.6,6.0,0.12,0.85,0.0,0,1,24.444444,2
17093,12,6,2,0,22.93,0.0,52.32,5.8,0.84,0.61,0.0,0,1,24.444444,2
17094,12,7,2,0,22.84,0.0,51.78,4.7,1.2,0.31,0.0,0,1,24.444444,2
17095,12,8,2,0,22.96,0.0,50.87,3.8,14.16,0.8,79.6005,0,1,24.444444,2
17096,12,9,2,0,23.24,0.0,49.47,4.0,2.4,3.5,287.457,0,1,24.444444,2
17097,12,10,2,0,23.45,0.0,47.87,4.5,9.96,6.12,463.205,0,1,24.444444,2
17098,12,11,2,0,23.57,0.0,46.56,4.6,2.88,8.24,585.633,0,1,24.444444,2
17099,12,12,2,0,23.66,0.0,44.49,5.7,4.32,11.19,651.202,0,1,24.444444,2
17100,12,13,2,0,23.71,0.0,41.42,4.9,2.4,12.52,674.895,0,1,24.444444,2
17101,12,14,2,0,23.77,0.0,39.13,5.6,1.32,15.59,626.748,0,1,24.444444,2
17102,12,15,2,0,23.97,0.0,37.75,10.7,1.2,22.0,518.324,0,1,24.444444,2
17103,12,16,2,0,24.01,0.0,37.14,9.8,4.2,20.7,357.288,0,1,24.444444,2
17104,12,17,2,0,23.91,0.0,37.18,4.3,1.92,10.8,130.682,0,1,24.444444,2
17105,12,18,2,0,23.93,0.0,37.32,9.4,3.72,10.79,0.0,0,1,24.444444,2
17106,12,19,2,0,24.0,0.0,37.8,12.3,4.2,12.88,0.0,0,1,24.444444,2
17107,12,20,2,0,23.89,0.0,39.08,7.3,5.04,7.91,0.0,0,1,24.444444,2
17108,12,21,2,0,23.89,0.0,40.08,9.4,2.88,8.42,0.0,0,1,24.444444,2
17109,12,22,2,0,23.78,0.0,41.13,8.0,2.88,5.64,0.0,0,1,24.444444,2
17110,12,23,2,0,23.69,0.0,41.97,10.0,1.44,5.0,0.0,0,1,24.444444,2
17111,12,24,2,0,23.48,0.0,43.04,7.4,0.96,2.55,0.0,0,1,24.444444,2
17112,12,1,3,0,23.24,0.0,44.16,5.6,0.6,1.34,0.0,0,1,24.444444,2
17113,12,2,3,0,22.95,0.0,45.0,3.4,0.12,0.47,0.0,0,1,24.444444,2
17114,12,3,3,0,22.86,0.0,45.09,4.7,0.0,0.42,0.0,0,1,24.444444,2
17115,12,4,3,0,22.77,0.0,44.9,3.6,0.12,0.08,0.0,0,1,24.444444,2
17116,12,5,3,0,22.71,0.0,44.47,3.5,0.24,0.0,0.0,0,1,24.444444,2
17117,12,6,3,0,22.67,0.0,43.97,3.9,1.8,0.0,0.0,0,1,24.444444,2
17118,12,7,3,0,22.66,0.0,43.39,4.5,4.2,0.0,0.0,0,1,24.444444,2
17119,12,8,3,0,22.79,0.0,43.04,4.3,26.76,0.14,78.7193,0,1,24.444444,2
17120,12,9,3,0,23.17,0.0,43.03,4.6,6.12,2.84,281.728,0,1,24.444444,2
17121,12,10,3,0,23.49,0.0,43.3,6.9,6.96,7.04,455.624,0,1,24.444444,2
17122,12,11,3,0,23.55,0.0,43.69,3.9,3.36,7.53,579.692,0,1,24.444444,2
17123,12,12,3,0,23.59,0.0,44.22,4.4,4.68,9.79,647.358,0,1,24.444444,2
17124,12,13,3,0,23.68,0.0,43.99,5.1,2.76,12.58,650.5,0,1,24.444444,2
17125,12,14,3,0,23.76,0.0,43.54,5.3,1.2,15.92,605.967,0,1,24.444444,2
17126,12,15,3,0,23.94,0.0,42.97,9.9,4.56,22.29,513.5,0,1,24.444444,2
17127,12,16,3,0,23.9,0.0,43.07,4.0,3.36,16.47,352.236,0,1,24.444444,2
17128,12,17,3,0,23.8,0.0,44.07,2.9,1.92,10.86,127.185,0,1,24.444444,2
17129,12,18,3,0,23.87,0.0,44.66,8.7,2.16,12.21,0.0,0,1,24.444444,2
17130,12,19,3,0,23.95,0.0,45.26,10.1,2.4,13.17,0.0,0,1,24.444444,2
17131,12,20,3,0,24.0,0.0,45.98,11.0,2.64,13.04,0.0,0,1,24.444444,2
17132,12,21,3,0,24.0,0.0,47.25,10.8,14.76,11.9,0.0,0,1,24.444444,2
17133,12,22,3,0,24.02,0.0,48.61,11.6,2.76,12.19,0.0,0,1,24.444444,2
17134,12,23,3,0,23.88,0.0,50.78,7.4,3.48,7.51,0.0,0,1,24.444444,2
17135,12,24,3,0,23.75,0.0,53.11,6.2,0.84,5.85,0.0,0,1,24.444444,2
17136,12,1,4,0,24.02,0.0,52.47,19.2,0.6,18.95,0.0,0,1,24.444444,2
17137,12,2,4,0,23.94,0.0,53.68,10.0,0.48,9.12,0.0,0,1,24.444444,2
17138,12,3,4,0,23.65,0.0,57.45,3.2,0.36,3.78,0.0,0,1,24.444444,2
17139,12,4,4,0,23.6,0.0,60.97,4.2,0.36,4.5,0.0,0,1,24.444444,2
17140,12,5,4,0,23.57,0.0,63.52,4.6,0.24,4.4,0.0,0,1,24.444444,2
17141,12,6,4,0,23.59,0.0,64.75,5.9,3.6,5.26,0.0,0,1,24.444444,2
17142,12,7,4,0,23.48,0.0,66.46,3.0,3.48,3.51,0.0,0,1,24.444444,2
17143,12,8,4,0,23.73,0.0,65.43,8.7,12.0,13.67,65.0376,0,1,24.444444,2
17144,12,9,4,0,23.85,0.0,64.14,9.5,6.72,13.42,119.891,0,1,24.444444,2
17145,12,10,4,0,23.92,0.0,63.56,9.6,3.6,15.87,231.426,0,1,24.444444,2
17146,12,11,4,0,23.97,0.0,63.59,9.0,5.16,16.71,285.106,0,1,24.444444,2
17147,12,12,4,0,24.03,0.0,64.02,9.8,3.72,19.44,184.742,0,1,24.444444,2
17148,12,13,4,0,24.05,0.0,64.61,8.4,0.6,18.24,78.368,0,1,24.444444,2
17149,12,14,4,0,24.06,0.0,64.72,10.1,3.24,23.67,193.912,0,1,24.444444,2
17150,12,15,4,0,24.07,0.0,63.6,9.6,1.2,21.39,83.347,0,1,24.444444,2
17151,12,16,4,0,24.07,0.0,60.18,11.1,0.72,26.66,238.821,0,1,24.444444,2
17152,12,17,4,0,24.07,0.0,58.88,8.6,3.24,17.12,59.6042,0,1,24.444444,2
17153,12,18,4,0,24.07,0.0,59.56,9.0,1.32,15.68,0.0,0,1,24.444444,2
17154,12,19,4,0,24.07,0.0,59.65,10.4,2.88,18.1,0.0,0,1,24.444444,2
17155,12,20,4,0,24.07,0.0,59.75,9.7,2.16,16.54,0.0,0,1,24.444444,2
17156,12,21,4,0,24.05,0.0,60.66,8.5,2.16,14.0,0.0,0,1,24.444444,2
17157,12,22,4,0,24.07,0.0,59.86,15.3,4.56,24.02,0.0,0,1,24.444444,2
17158,12,23,4,0,24.07,0.0,59.69,11.3,5.52,16.38,0.0,0,1,24.444444,2
17159,12,24,4,0,24.07,0.0,59.86,14.3,1.56,20.75,0.0,0,1,24.444444,2
17160,12,1,5,0,24.04,0.0,60.62,9.2,1.68,12.37,0.0,0,1,24.444444,2
17161,12,2,5,0,24.01,0.0,62.23,8.9,0.48,11.14,0.0,0,1,24.444444,2
17162,12,3,5,0,23.94,0.0,63.32,8.4,0.36,8.73,0.0,0,1,24.444444,2
17163,12,4,5,0,23.88,0.0,62.62,9.8,0.0,8.1,0.0,0,1,24.444444,2
17164,12,5,5,0,23.82,0.0,60.71,9.9,0.48,7.07,0.0,0,1,24.444444,2
17165,12,6,5,0,23.48,0.0,59.95,4.2,1.8,2.54,0.0,0,1,24.444444,2
17166,12,7,5,0,23.55,0.0,56.96,8.1,3.84,3.98,0.0,0,1,24.444444,2
17167,12,8,5,0,23.59,0.0,53.63,8.2,20.88,4.0,33.2152,0,1,24.444444,2
17168,12,9,5,0,23.7,0.0,50.91,11.0,7.8,7.86,162.446,0,1,24.444444,2
17169,12,10,5,0,23.77,0.0,48.32,9.8,7.08,9.58,389.277,0,1,24.444444,2
17170,12,11,5,0,23.74,0.0,46.52,8.7,5.64,7.33,397.981,0,1,24.444444,2
17171,12,12,5,0,23.73,0.0,44.59,9.4,6.36,7.49,326.565,0,1,24.444444,2
17172,12,13,5,0,23.81,0.0,42.38,10.7,1.68,10.61,473.605,0,1,24.444444,2
17173,12,14,5,0,23.85,0.0,39.37,9.9,0.96,10.57,458.129,0,1,24.444444,2
17174,12,15,5,0,23.88,0.0,37.1,10.2,0.96,10.71,295.414,0,1,24.444444,2
17175,12,16,5,0,23.9,0.0,35.51,9.2,1.2,12.01,337.506,0,1,24.444444,2
17176,12,17,5,0,23.82,0.0,34.82,8.7,2.52,8.02,131.866,0,1,24.444444,2
17177,12,18,5,0,23.7,0.0,34.63,9.5,2.28,5.07,0.0,0,1,24.444444,2
17178,12,19,5,0,23.69,0.0,34.72,10.9,1.2,5.58,0.0,0,1,24.444444,2
17179,12,20,5,0,23.68,0.0,34.84,11.9,2.76,5.37,0.0,0,1,24.444444,2
17180,12,21,5,0,23.59,0.0,35.13,11.0,2.4,3.68,0.0,0,1,24.444444,2
17181,12,22,5,0,23.48,0.0,35.59,10.2,1.56,2.69,0.0,0,1,24.444444,2
17182,12,23,5,0,23.41,0.0,35.88,10.2,1.56,2.34,0.0,0,1,24.444444,2
17183,12,24,5,0,23.32,0.0,35.49,9.9,1.68,1.82,0.0,0,1,24.444444,2
17184,12,1,6,0,22.95,0.0,35.49,4.2,0.84,0.24,0.0,0,1,24.444444,2
17185,12,2,6,0,22.78,0.0,34.95,3.6,0.36,0.05,0.0,0,1,24.444444,2
17186,12,3,6,0,22.73,0.0,34.21,3.5,0.48,0.0,0.0,0,1,24.444444,2
17187,12,4,6,0,22.73,0.0,33.78,4.8,1.08,0.06,0.0,0,1,24.444444,2
17188,12,5,6,0,22.71,0.0,33.44,4.7,0.12,0.01,0.0,0,1,24.444444,2
17189,12,6,6,0,22.67,0.0,32.89,4.7,1.2,0.0,0.0,0,1,24.444444,2
17190,12,7,6,0,22.63,0.0,32.53,4.0,4.92,0.0,0.0,0,1,24.444444,2
17191,12,8,6,0,22.64,0.0,32.34,3.6,12.6,0.0,46.6146,0,1,24.444444,2
17192,12,9,6,0,22.8,0.0,31.63,5.4,7.8,0.14,225.684,0,1,24.444444,2
17193,12,10,6,0,23.05,0.0,30.49,5.8,9.48,1.45,460.631,0,1,24.444444,2
17194,12,11,6,0,23.16,0.0,29.56,4.5,1.32,2.53,617.469,0,1,24.444444,2
17195,12,12,6,0,23.42,0.0,28.1,11.7,1.44,7.32,677.784,0,1,24.444444,2
17196,12,13,6,0,23.41,0.0,27.34,5.2,1.92,5.59,693.978,0,1,24.444444,2
17197,12,14,6,0,23.55,0.0,26.72,10.0,4.56,10.01,646.253,0,1,24.444444,2
17198,12,15,6,0,23.64,0.0,26.21,10.4,0.96,12.62,552.395,0,1,24.444444,2
17199,12,16,6,0,23.69,0.0,25.65,9.7,2.28,12.12,381.249,0,1,24.444444,2
17200,12,17,6,0,23.55,0.0,25.22,4.0,2.52,4.58,144.998,0,1,24.444444,2
17201,12,18,6,0,23.5,0.0,24.7,9.2,0.72,4.21,0.0,0,1,24.444444,2
17202,12,19,6,0,23.53,0.0,24.69,10.3,4.68,4.55,0.0,0,1,24.444444,2
17203,12,20,6,0,23.54,0.0,25.07,12.1,6.36,4.59,0.0,0,1,24.444444,2
17204,12,21,6,0,23.48,0.0,25.59,11.4,2.04,3.26,0.0,0,1,24.444444,2
17205,12,22,6,0,23.4,0.0,26.03,10.2,2.04,2.16,0.0,0,1,24.444444,2
17206,12,23,6,0,23.21,0.0,26.25,8.1,2.52,1.14,0.0,0,1,24.444444,2
17207,12,24,6,0,22.99,0.0,26.37,6.4,0.84,0.57,0.0,0,1,24.444444,2
17208,12,1,7,0,22.83,0.0,26.93,5.1,2.52,0.18,0.0,0,1,24.444444,2
17209,12,2,7,0,22.73,0.0,27.34,4.8,0.36,0.03,0.0,0,1,24.444444,2
17210,12,3,7,0,22.64,0.0,27.7,3.6,0.24,0.0,0.0,0,1,24.444444,2
17211,12,4,7,0,22.6,0.0,28.08,3.6,0.12,0.0,0.0,0,1,24.444444,2
17212,12,5,7,0,22.57,0.0,28.4,3.4,0.24,0.0,0.0,0,1,24.444444,2
17213,12,6,7,0,22.55,0.0,28.6,3.7,0.0,0.0,0.0,0,1,24.444444,2
17214,12,7,7,0,22.55,0.0,28.6,5.0,1.32,0.0,0.0,0,1,24.444444,2
17215,12,8,7,0,22.59,0.0,28.56,4.4,1.32,0.0,73.2003,0,1,24.444444,2
17216,12,9,7,0,22.79,0.0,27.77,4.5,10.44,0.09,294.259,0,1,24.444444,2
17217,12,10,7,0,22.93,0.0,26.53,3.5,11.4,0.58,488.357,0,1,24.444444,2
17218,12,11,7,0,23.03,0.0,25.23,3.8,5.52,1.79,618.907,0,1,24.444444,2
17219,12,12,7,0,23.13,0.0,23.92,3.3,8.28,2.72,696.169,0,1,24.444444,2
17220,12,13,7,0,23.23,0.0,23.31,4.6,6.0,4.36,705.983,0,1,24.444444,2
17221,12,14,7,0,23.36,0.0,23.34,5.5,8.4,5.75,679.351,0,1,24.444444,2
17222,12,15,7,0,23.55,0.0,23.09,10.7,4.56,10.58,561.069,0,1,24.444444,2
17223,12,16,7,0,23.53,0.0,22.49,4.8,10.2,7.18,386.562,0,1,24.444444,2
17224,12,17,7,0,23.44,0.0,21.9,4.2,6.0,3.45,146.381,0,1,24.444444,2
17225,12,18,7,0,23.23,0.0,22.17,3.9,2.64,1.1,0.0,0,1,24.444444,2
17226,12,19,7,0,23.37,0.0,22.74,11.4,3.0,3.05,0.0,0,1,24.444444,2
17227,12,20,7,0,23.19,0.0,24.13,6.3,3.48,0.92,0.0,0,1,24.444444,2
17228,12,21,7,0,22.95,0.0,25.44,4.2,6.96,0.46,0.0,0,1,24.444444,2
17229,12,22,7,0,23.01,0.0,26.23,7.7,2.28,1.05,0.0,0,1,24.444444,2
17230,12,23,7,0,22.88,0.0,26.96,5.4,5.16,0.35,0.0,0,1,24.444444,2
17231,12,24,7,0,22.83,0.0,27.42,8.2,2.04,0.45,0.0,0,1,24.444444,2
17232,12,1,1,0,22.73,0.0,28.04,5.7,1.08,0.01,0.0,0,1,24.444444,2
17233,12,2,1,0,22.66,0.0,28.49,5.0,1.92,0.0,0.0,0,1,24.444444,2
17234,12,3,1,0,22.58,0.0,29.17,3.6,0.6,0.0,0.0,0,1,24.444444,2
17235,12,4,1,0,22.56,0.0,29.9,5.0,0.72,0.0,0.0,0,1,24.444444,2
17236,12,5,1,0,22.53,0.0,30.65,3.5,0.0,0.0,0.0,0,1,24.444444,2
17237,12,6,1,0,22.53,0.0,31.5,4.7,0.24,0.0,0.0,0,1,24.444444,2
17238,12,7,1,0,22.54,0.0,32.67,5.7,0.48,0.0,0.0,0,1,24.444444,2
17239,12,8,1,0,22.6,0.0,33.93,4.7,5.16,0.0,63.2484,0,1,24.444444,2
17240,12,9,1,0,23.1,0.0,34.93,11.0,4.08,1.34,245.558,0,1,24.444444,2
17241,12,10,1,0,23.12,0.0,36.78,4.4,11.28,1.09,380.878,0,1,24.444444,2
17242,12,11,1,0,23.14,0.0,37.81,4.6,8.76,2.09,476.854,0,1,24.444444,2
17243,12,12,1,0,23.21,0.0,38.88,4.2,13.32,2.65,501.251,0,1,24.444444,2
17244,12,13,1,0,23.36,0.0,39.75,5.9,3.96,5.01,475.499,0,1,24.444444,2
17245,12,14,1,0,23.56,0.0,40.36,6.8,1.44,8.76,507.628,0,1,24.444444,2
17246,12,15,1,0,23.72,0.0,41.17,8.5,2.04,12.2,413.082,0,1,24.444444,2
17247,12,16,1,0,23.69,0.0,41.95,5.8,3.48,8.93,233.635,0,1,24.444444,2
17248,12,17,1,0,23.6,0.0,43.45,4.6,1.2,6.1,98.2642,0,1,24.444444,2
17249,12,18,1,0,23.54,0.0,45.14,5.8,4.2,4.93,0.0,0,1,24.444444,2
17250,12,19,1,0,23.53,0.0,46.48,5.3,4.92,4.76,0.0,0,1,24.444444,2
17251,12,20,1,0,23.51,0.0,47.89,5.1,2.28,4.28,0.0,0,1,24.444444,2
17252,12,21,1,0,23.56,0.0,48.67,7.9,7.32,6.06,0.0,0,1,24.444444,2
17253,12,22,1,0,23.52,0.0,49.53,5.9,3.72,4.21,0.0,0,1,24.444444,2
17254,12,23,1,0,23.49,0.0,50.66,5.1,4.2,3.63,0.0,0,1,24.444444,2
17255,12,24,1,0,23.52,0.0,51.4,7.0,2.4,4.91,0.0,0,1,24.444444,2
17256,12,1,2,0,23.45,0.0,52.19,4.4,0.24,3.06,0.0,0,1,24.444444,2
17257,12,2,2,0,23.52,0.0,52.62,8.1,1.2,5.46,0.0,0,1,24.444444,2
17258,12,3,2,0,23.45,0.0,53.7,5.0,0.12,3.08,0.0,0,1,24.444444,2
17259,12,4,2,0,23.43,0.0,54.96,5.4,0.24,3.26,0.0,0,1,24.444444,2
17260,12,5,2,0,23.36,0.0,56.73,3.7,0.48,2.48,0.0,0,1,24.444444,2
17261,12,6,2,0,23.41,0.0,57.85,5.9,0.84,3.69,0.0,0,1,24.444444,2
17262,12,7,2,0,23.37,0.0,59.41,4.2,9.12,2.96,0.0,0,1,24.444444,2
17263,12,8,2,0,23.36,0.0,61.11,4.0,18.36,3.1,10.8931,0,1,24.444444,2
17264,12,9,2,0,23.4,0.0,61.96,4.3,6.72,3.51,62.699,0,1,24.444444,2
17265,12,10,2,0,23.66,0.0,60.74,9.3,15.0,10.88,208.261,0,1,24.444444,2
17266,12,11,2,0,23.84,0.0,59.33,9.9,4.44,12.29,197.847,0,1,24.444444,2
17267,12,12,2,0,23.83,0.0,59.59,7.6,1.44,9.35,134.295,0,1,24.444444,2
17268,12,13,2,0,23.79,0.0,60.69,7.0,7.08,8.36,87.5601,0,1,24.444444,2
17269,12,14,2,0,23.73,0.0,62.87,6.6,0.48,7.46,40.4385,0,1,24.444444,2
17270,12,15,2,0,23.83,0.0,63.78,10.0,2.76,10.62,12.8484,0,1,24.444444,2
17271,12,16,2,0,23.93,0.0,63.33,11.9,1.32,12.24,25.8511,0,1,24.444444,2
17272,12,17,2,0,23.71,0.0,64.59,5.3,2.88,5.11,10.4919,0,1,24.444444,2
17273,12,18,2,0,23.85,0.0,64.12,10.9,1.56,11.08,0.0,0,1,24.444444,2
17274,12,19,2,0,23.91,0.0,64.63,9.4,3.0,10.96,0.0,0,1,24.444444,2
17275,12,20,2,0,23.97,0.0,64.58,11.9,3.84,13.31,0.0,0,1,24.444444,2
17276,12,21,2,0,23.91,0.0,64.71,9.4,2.52,9.6,0.0,0,1,24.444444,2
17277,12,22,2,0,23.85,0.0,64.94,8.4,1.32,8.31,0.0,0,1,24.444444,2
17278,12,23,2,0,23.96,0.0,63.87,13.3,1.2,13.8,0.0,0,1,24.444444,2
17279,12,24,2,0,23.99,0.0,62.72,13.3,1.8,14.39,0.0,0,1,24.444444,2
17280,12,1,3,0,23.79,0.0,64.47,5.2,0.36,5.51,0.0,0,1,24.444444,2
17281,12,2,3,0,23.65,0.0,67.08,3.4,0.96,4.33,0.0,0,1,24.444444,2
17282,12,3,3,0,23.65,0.0,68.42,4.7,0.24,5.45,0.0,0,1,24.444444,2
17283,12,4,3,0,23.59,0.0,69.68,3.7,0.0,4.39,0.0,0,1,24.444444,2
17284,12,5,3,0,23.55,0.0,70.87,3.6,0.48,4.25,0.0,0,1,24.444444,2
17285,12,6,3,0,23.53,0.0,71.97,3.5,1.32,4.46,0.0,0,1,24.444444,2
17286,12,7,3,0,23.52,0.0,72.86,3.6,3.12,4.54,0.0,0,1,24.444444,2
17287,12,8,3,0,23.5,0.0,73.56,3.5,14.76,4.41,7.47921,0,1,24.444444,2
17288,12,9,3,0,23.52,0.0,73.67,4.6,4.2,5.05,37.9203,0,1,24.444444,2
17289,12,10,3,0,23.55,0.0,73.37,5.2,5.4,5.68,40.4418,0,1,24.444444,2
17290,12,11,3,0,23.57,0.0,73.22,4.9,1.2,6.15,74.6516,0,1,24.444444,2
17291,12,12,3,0,23.58,0.0,73.12,4.3,3.0,6.47,104.355,0,1,24.444444,2
17292,12,13,3,0,23.6,0.0,73.11,4.7,0.48,6.87,88.757,0,1,24.444444,2
17293,12,14,3,0,23.6,0.0,72.52,5.3,0.96,6.64,70.7205,0,1,24.444444,2
17294,12,15,3,0,23.71,0.0,70.23,9.9,2.4,10.73,32.5134,0,1,24.444444,2
17295,12,16,3,0,23.58,0.0,69.71,4.1,4.2,4.45,37.4012,0,1,24.444444,2
17296,12,17,3,0,23.49,0.0,69.9,3.5,1.2,3.97,16.1796,0,1,24.444444,2
17297,12,18,3,0,23.68,0.0,67.93,9.0,2.88,9.85,0.0,0,1,24.444444,2
17298,12,19,3,0,23.75,0.0,66.02,9.2,2.04,9.87,0.0,0,1,24.444444,2
17299,12,20,3,0,23.77,0.0,65.34,9.5,2.4,9.41,0.0,0,1,24.444444,2
17300,12,21,3,0,23.66,0.0,65.96,6.1,3.84,5.9,0.0,0,1,24.444444,2
17301,12,22,3,0,23.69,0.0,65.88,7.8,2.88,7.77,0.0,0,1,24.444444,2
17302,12,23,3,0,23.67,0.0,65.66,7.8,1.32,6.63,0.0,0,1,24.444444,2
17303,12,24,3,0,23.68,0.0,65.21,9.4,1.56,7.58,0.0,0,1,24.444444,2
17304,12,1,4,0,23.72,0.0,64.41,9.9,1.2,8.42,0.0,0,1,24.444444,2
17305,12,2,4,0,23.7,0.0,64.62,8.0,1.08,7.35,0.0,0,1,24.444444,2
17306,12,3,4,0,23.58,0.0,66.51,3.8,1.8,4.11,0.0,0,1,24.444444,2
17307,12,4,4,0,23.54,0.0,68.54,3.7,0.6,4.19,0.0,0,1,24.444444,2
17308,12,5,4,0,23.49,0.0,69.55,3.6,0.96,3.99,0.0,0,1,24.444444,2
17309,12,6,4,0,23.49,0.0,69.96,3.8,3.84,4.31,0.0,0,1,24.444444,2
17310,12,7,4,0,23.53,0.0,71.53,3.8,7.32,5.87,0.0,0,1,24.444444,2
17311,12,8,4,0,23.78,0.0,70.89,7.6,7.32,15.71,52.4547,0,1,24.444444,2
17312,12,9,4,0,23.9,0.0,68.2,8.9,6.96,20.32,199.255,0,1,24.444444,2
17313,12,10,4,0,23.96,0.0,65.33,8.4,7.68,22.06,358.414,0,1,24.444444,2
17314,12,11,4,0,24.06,0.0,63.51,10.9,8.04,22.9,292.909,0,1,24.444444,2
17315,12,12,4,0,24.05,0.0,64.31,8.2,4.44,17.01,48.4224,0,1,24.444444,2
17316,12,13,4,0,24.07,0.0,65.41,8.9,1.44,21.35,54.5703,0,1,24.444444,2
17317,12,14,4,0,24.07,0.0,64.48,9.2,3.36,29.35,252.257,0,1,24.444444,2
17318,12,15,4,0,24.07,0.0,62.11,8.4,0.6,32.65,415.156,0,1,24.444444,2
17319,12,16,4,0,24.07,0.0,61.19,9.5,0.6,28.73,83.0745,0,1,24.444444,2
17320,12,17,4,0,24.07,0.0,62.38,3.9,1.32,20.12,126.609,0,1,24.444444,2
17321,12,18,4,0,24.07,0.0,63.27,9.8,2.16,26.51,0.0,0,1,24.444444,2
17322,12,19,4,0,24.07,0.0,62.83,10.1,4.08,27.45,0.0,0,1,24.444444,2
17323,12,20,4,0,24.07,0.0,62.84,9.4,2.28,25.48,0.0,0,1,24.444444,2
17324,12,21,4,0,24.07,0.0,62.88,9.9,3.24,25.13,0.0,0,1,24.444444,2
17325,12,22,4,0,24.07,0.0,60.73,18.6,2.04,38.62,0.0,0,1,24.444444,2
17326,12,23,4,0,24.07,0.0,60.41,10.0,1.56,21.98,0.0,0,1,24.444444,2
17327,12,24,4,0,24.07,0.0,60.78,14.3,1.2,28.25,0.0,0,1,24.444444,2
17328,12,1,5,0,24.07,0.0,61.55,8.7,0.6,18.92,0.0,0,1,24.444444,2
17329,12,2,5,0,24.07,0.0,63.28,8.4,2.64,18.57,0.0,0,1,24.444444,2
17330,12,3,5,0,24.07,0.0,63.95,9.7,0.24,20.45,0.0,0,1,24.444444,2
17331,12,4,5,0,24.07,0.0,63.92,10.0,0.36,19.96,0.0,0,1,24.444444,2
17332,12,5,5,0,24.06,0.0,64.57,7.6,0.48,15.12,0.0,0,1,24.444444,2
17333,12,6,5,0,24.05,0.0,65.3,7.9,3.24,15.21,0.0,0,1,24.444444,2
17334,12,7,5,0,24.06,0.0,65.5,8.7,6.96,16.77,0.0,0,1,24.444444,2
17335,12,8,5,0,24.07,0.0,64.6,9.7,12.48,22.2,43.7088,0,1,24.444444,2
17336,12,9,5,0,24.07,0.0,63.05,10.7,9.84,23.69,138.77,0,1,24.444444,2
17337,12,10,5,0,24.07,0.0,62.29,12.2,9.96,24.76,92.7812,0,1,24.444444,2
17338,12,11,5,0,24.07,0.0,62.24,11.5,8.16,27.75,233.705,0,1,24.444444,2
17339,12,12,5,0,24.07,0.0,63.14,11.2,3.36,28.31,111.633,0,1,24.444444,2
17340,12,13,5,0,24.07,0.0,63.35,10.9,7.2,31.53,165.436,0,1,24.444444,2
17341,12,14,5,0,24.07,0.0,62.12,9.1,4.08,35.41,471.577,0,1,24.444444,2
17342,12,15,5,0,24.07,0.0,60.02,10.6,2.04,39.45,416.11,0,1,24.444444,2
17343,12,16,5,0,24.07,0.0,58.86,9.7,1.68,35.52,254.138,0,1,24.444444,2
17344,12,17,5,0,24.07,0.0,59.16,8.5,0.84,29.63,127.14,0,1,24.444444,2
17345,12,18,5,0,24.07,0.0,59.87,10.3,1.32,27.6,0.0,0,1,24.444444,2
17346,12,19,5,0,24.07,0.0,60.68,10.1,3.96,27.57,0.0,0,1,24.444444,2
17347,12,20,5,0,24.07,0.0,60.65,13.3,1.8,32.05,0.0,0,1,24.444444,2
17348,12,21,5,0,24.07,0.0,60.11,14.1,3.12,32.09,0.0,0,1,24.444444,2
17349,12,22,5,0,24.07,0.0,60.7,11.4,2.28,27.26,0.0,0,1,24.444444,2
17350,12,23,5,0,24.07,0.0,62.23,9.8,0.84,24.21,0.0,0,1,24.444444,2
17351,12,24,5,0,24.07,0.0,63.53,9.8,1.32,23.99,0.0,0,1,24.444444,2
17352,12,1,8,0,24.05,0.0,66.3,4.2,0.72,14.53,0.0,0,1,24.444444,2
17353,12,2,8,0,24.04,0.0,69.62,4.3,0.6,14.96,0.0,0,1,24.444444,2
17354,12,3,8,0,24.02,0.0,71.94,3.6,0.24,13.8,0.0,0,1,24.444444,2
17355,12,4,8,0,24.01,0.0,73.55,3.7,0.6,13.43,0.0,0,1,24.444444,2
17356,12,5,8,0,23.98,0.0,74.93,2.9,0.84,12.16,0.0,0,1,24.444444,2
17357,12,6,8,0,23.98,0.0,75.98,3.3,1.44,13.07,0.0,0,1,24.444444,2
17358,12,7,8,0,23.99,0.0,75.94,4.1,5.64,14.99,0.0,0,1,24.444444,2
17359,12,8,8,0,23.99,0.0,74.28,3.4,4.68,19.22,52.0191,0,1,24.444444,2
17360,12,9,8,0,23.99,0.0,72.85,3.8,3.36,16.94,86.2572,0,1,24.444444,2
17361,12,10,8,0,24.02,0.0,71.38,4.6,7.56,21.63,205.476,0,1,24.444444,2
17362,12,11,8,0,24.06,0.0,69.07,4.1,5.64,28.14,530.128,0,1,24.444444,2
17363,12,12,8,0,24.09,0.02,65.83,8.1,3.72,36.82,548.393,0,1,24.444444,2
17364,12,13,8,0,24.07,0.0,64.33,5.2,1.08,31.36,464.384,0,1,24.444444,2
17365,12,14,8,0,24.07,0.0,62.76,9.0,5.4,36.57,281.515,0,1,24.444444,2
17366,12,15,8,0,24.08,0.01,60.25,10.0,1.44,40.93,381.468,0,1,24.444444,2
17367,12,16,8,0,24.08,0.01,58.88,9.4,1.2,40.01,339.038,0,1,24.444444,2
17368,12,17,8,0,24.07,0.0,59.41,5.5,1.68,27.34,128.05,0,1,24.444444,2
17369,12,18,8,0,24.07,0.0,60.46,9.4,6.6,28.45,0.0,0,1,24.444444,2
17370,12,19,8,0,24.07,0.0,60.6,10.4,1.08,29.84,0.0,0,1,24.444444,2
17371,12,20,8,0,24.07,0.0,60.76,11.0,8.16,29.62,0.0,0,1,24.444444,2
17372,12,21,8,0,24.07,0.0,61.8,7.9,1.2,23.47,0.0,0,1,24.444444,2
17373,12,22,8,0,24.07,0.0,61.45,14.1,1.44,32.83,0.0,0,1,24.444444,2
17374,12,23,8,0,24.07,0.0,62.36,6.0,1.68,17.92,0.0,0,1,24.444444,2
17375,12,24,8,0,24.07,0.0,64.58,7.3,1.08,19.82,0.0,0,1,24.444444,2
17376,12,1,7,0,24.05,0.0,66.75,3.8,1.08,13.51,0.0,0,1,24.444444,2
17377,12,2,7,0,24.02,0.0,69.37,3.2,0.24,12.56,0.0,0,1,24.444444,2
17378,12,3,7,0,24.01,0.0,71.27,3.2,0.12,12.8,0.0,0,1,24.444444,2
17379,12,4,7,0,24.0,0.0,72.1,3.7,0.6,13.16,0.0,0,1,24.444444,2
17380,12,5,7,0,23.99,0.0,72.71,3.5,0.0,12.31,0.0,0,1,24.444444,2
17381,12,6,7,0,23.97,0.0,73.26,3.3,0.96,11.71,0.0,0,1,24.444444,2
17382,12,7,7,0,23.98,0.0,73.66,4.2,4.32,13.57,0.0,0,1,24.444444,2
17383,12,8,7,0,23.98,0.0,72.12,3.7,5.04,18.92,53.1778,0,1,24.444444,2
17384,12,9,7,0,23.99,0.0,69.77,3.5,4.32,19.86,188.144,0,1,24.444444,2
17385,12,10,7,0,24.01,0.0,68.72,4.0,11.64,18.24,129.432,0,1,24.444444,2
17386,12,11,7,0,24.07,0.0,67.14,4.4,12.6,25.14,400.713,0,1,24.444444,2
17387,12,12,7,0,24.07,0.0,66.42,3.2,5.76,24.44,278.487,0,1,24.444444,2
17388,12,13,7,0,24.1,0.03,64.11,6.4,2.4,36.3,627.214,0,1,24.444444,2
17389,12,14,7,0,24.13,0.05,60.68,7.9,8.64,39.86,591.931,0,1,24.444444,2
17390,12,15,7,0,24.15,0.08,57.75,11.4,16.2,45.81,497.701,0,1,24.444444,2
17391,12,16,7,0,24.1,0.03,56.57,7.1,5.88,37.79,345.773,0,1,24.444444,2
17392,12,17,7,0,24.07,0.0,57.53,5.4,14.64,28.62,131.579,0,1,24.444444,2
17393,12,18,7,0,24.07,0.0,59.94,4.0,0.96,21.7,0.0,0,1,24.444444,2
17394,12,19,7,0,24.07,0.0,61.8,5.1,3.96,23.81,0.0,0,1,24.444444,2
17395,12,20,7,0,24.07,0.0,62.91,5.7,2.76,23.93,0.0,0,1,24.444444,2
17396,12,21,7,0,24.07,0.0,63.66,5.6,5.4,23.01,0.0,0,1,24.444444,2
17397,12,22,7,0,24.07,0.0,61.87,16.0,2.28,39.36,0.0,0,1,24.444444,2
17398,12,23,7,0,24.07,0.0,60.04,14.2,4.68,33.59,0.0,0,1,24.444444,2
17399,12,24,7,0,24.07,0.0,61.54,6.4,2.28,20.17,0.0,0,1,24.444444,2
17400,12,1,1,0,24.07,0.0,63.93,5.5,0.24,18.52,0.0,0,1,24.444444,2
17401,12,2,1,0,24.07,0.0,65.49,4.8,1.56,17.11,0.0,0,1,24.444444,2
17402,12,3,1,0,24.05,0.0,66.8,3.7,0.36,14.97,0.0,0,1,24.444444,2
17403,12,4,1,0,24.05,0.0,67.56,4.7,5.28,15.81,0.0,0,1,24.444444,2
17404,12,5,1,0,24.03,0.0,68.39,4.1,0.24,14.31,0.0,0,1,24.444444,2
17405,12,6,1,0,24.02,0.0,69.3,3.6,0.48,13.32,0.0,0,1,24.444444,2
17406,12,7,1,0,24.04,0.0,68.96,5.9,0.84,16.82,0.0,0,1,24.444444,2
17407,12,8,1,0,24.03,0.0,68.0,4.2,9.12,18.72,45.2114,0,1,24.444444,2
17408,12,9,1,0,24.05,0.0,66.19,4.4,9.24,21.55,192.993,0,1,24.444444,2
17409,12,10,1,0,24.06,0.0,64.98,5.2,10.8,21.37,210.237,0,1,24.444444,2
17410,12,11,1,0,24.07,0.0,63.61,6.5,6.84,25.53,270.794,0,1,24.444444,2
17411,12,12,1,0,24.07,0.0,62.67,4.1,7.56,23.7,285.438,0,1,24.444444,2
17412,12,13,1,0,24.07,0.0,61.92,4.4,4.44,26.71,396.223,0,1,24.444444,2
17413,12,14,1,0,24.07,0.0,60.52,9.0,1.8,32.34,233.378,0,1,24.444444,2
17414,12,15,1,0,24.07,0.0,59.03,8.3,2.04,30.36,240.535,0,1,24.444444,2
17415,12,16,1,0,24.07,0.0,59.79,4.5,2.4,20.01,14.8069,0,1,24.444444,2
17416,12,17,1,0,24.07,0.0,61.29,3.7,3.48,19.68,69.146,0,1,24.444444,2
17417,12,18,1,0,24.07,0.0,62.22,6.6,12.36,22.11,0.0,0,1,24.444444,2
17418,12,19,1,0,24.07,0.0,62.32,7.7,5.64,24.2,0.0,0,1,24.444444,2
17419,12,20,1,0,24.07,0.0,62.86,6.0,2.64,20.53,0.0,0,1,24.444444,2
17420,12,21,1,0,24.07,0.0,62.5,10.5,3.96,27.33,0.0,0,1,24.444444,2
17421,12,22,1,0,24.07,0.0,61.11,12.3,3.24,28.84,0.0,0,1,24.444444,2
17422,12,23,1,0,24.07,0.0,62.04,6.1,7.44,17.55,0.0,0,1,24.444444,2
17423,12,24,1,0,24.07,0.0,63.17,10.0,2.76,23.93,0.0,0,1,24.444444,2
17424,12,1,2,0,24.07,0.0,64.16,8.0,0.36,20.16,0.0,0,1,24.444444,2
17425,12,2,2,0,24.04,0.0,66.53,3.8,0.72,13.61,0.0,0,1,24.444444,2
17426,12,3,2,0,24.03,0.0,68.92,4.7,0.36,15.02,0.0,0,1,24.444444,2
17427,12,4,2,0,24.03,0.0,68.92,7.3,0.36,16.32,0.0,0,1,24.444444,2
17428,12,5,2,0,23.83,0.0,68.1,4.0,0.24,6.01,0.0,0,1,24.444444,2
17429,12,6,2,0,23.52,0.0,66.51,3.6,0.36,3.34,0.0,0,1,24.444444,2
17430,12,7,2,0,23.44,0.0,64.3,4.6,3.6,3.28,0.0,0,1,24.444444,2
17431,12,8,2,0,23.33,0.0,61.87,3.6,8.04,2.33,10.3522,0,1,24.444444,2
17432,12,9,2,0,23.38,0.0,59.47,3.7,3.24,2.59,127.109,0,1,24.444444,2
17433,12,10,2,0,23.61,0.0,56.06,7.4,12.96,8.04,303.551,0,1,24.444444,2
17434,12,11,2,0,23.67,0.0,52.08,5.7,4.2,8.83,517.728,0,1,24.444444,2
17435,12,12,2,0,23.67,0.0,49.18,6.6,2.64,8.48,407.32,0,1,24.444444,2
17436,12,13,2,0,23.83,0.0,45.4,11.1,5.4,13.72,593.429,0,1,24.444444,2
17437,12,14,2,0,23.75,0.0,43.22,6.4,1.32,8.43,353.314,0,1,24.444444,2
17438,12,15,2,0,23.91,0.0,40.89,11.8,1.32,14.39,452.494,0,1,24.444444,2
17439,12,16,2,0,23.88,0.0,40.0,10.0,1.68,10.43,177.384,0,1,24.444444,2
17440,12,17,2,0,23.59,0.0,40.05,4.0,2.4,4.29,108.949,0,1,24.444444,2
17441,12,18,2,0,23.6,0.0,39.65,9.3,1.68,4.96,0.0,0,1,24.444444,2
17442,12,19,2,0,23.61,0.0,39.87,9.9,5.76,5.15,0.0,0,1,24.444444,2
17443,12,20,2,0,23.49,0.0,40.53,7.4,7.08,2.82,0.0,0,1,24.444444,2
17444,12,21,2,0,23.4,0.0,40.94,7.8,5.52,2.27,0.0,0,1,24.444444,2
17445,12,22,2,0,23.45,0.0,40.99,11.3,2.64,3.31,0.0,0,1,24.444444,2
17446,12,23,2,0,23.41,0.0,41.14,12.3,2.76,2.89,0.0,0,1,24.444444,2
17447,12,24,2,0,23.35,0.0,41.04,12.2,2.04,2.48,0.0,0,1,24.444444,2
17448,12,1,3,0,22.98,0.0,41.85,4.0,1.92,0.3,0.0,0,1,24.444444,2
17449,12,2,3,0,22.81,0.0,42.07,3.6,3.0,0.09,0.0,0,1,24.444444,2
17450,12,3,3,0,22.73,0.0,41.95,3.8,0.24,0.0,0.0,0,1,24.444444,2
17451,12,4,3,0,22.67,0.0,41.52,3.6,1.68,0.0,0.0,0,1,24.444444,2
17452,12,5,3,0,22.65,0.0,41.01,3.9,0.36,0.0,0.0,0,1,24.444444,2
17453,12,6,3,0,22.66,0.0,40.9,4.9,0.72,0.0,0.0,0,1,24.444444,2
17454,12,7,3,0,22.65,0.0,41.04,4.2,2.28,0.0,0.0,0,1,24.444444,2
17455,12,8,3,0,22.67,0.0,40.88,4.6,19.44,0.0,0.0,0,1,24.444444,2
17456,12,9,3,0,22.71,0.0,40.62,4.8,2.16,0.02,148.931,0,1,24.444444,2
17457,12,10,3,0,22.9,0.0,39.69,5.3,4.8,0.5,366.231,0,1,24.444444,2
17458,12,11,3,0,23.0,0.0,38.82,3.2,1.8,0.9,487.329,0,1,24.444444,2
17459,12,12,3,0,23.05,0.0,38.51,3.7,6.96,1.25,450.63,0,1,24.444444,2
17460,12,13,3,0,23.08,0.0,38.53,3.4,0.84,1.27,381.317,0,1,24.444444,2
17461,12,14,3,0,23.2,0.0,38.35,3.9,4.2,1.75,378.025,0,1,24.444444,2
17462,12,15,3,0,23.5,0.0,37.71,11.0,7.2,5.31,282.188,0,1,24.444444,2
17463,12,16,3,0,23.31,0.0,38.37,3.5,1.68,1.34,130.418,0,1,24.444444,2
17464,12,17,3,0,23.13,0.0,39.31,3.8,0.36,1.06,0.0,0,1,24.444444,2
17465,12,18,3,0,23.36,0.0,39.61,9.3,2.88,3.0,0.0,0,1,24.444444,2
17466,12,19,3,0,23.48,0.0,40.64,10.1,1.2,4.22,0.0,0,1,24.444444,2
17467,12,20,3,0,23.38,0.0,42.99,6.1,3.36,2.18,0.0,0,1,24.444444,2
17468,12,21,3,0,23.43,0.0,44.41,8.8,3.72,3.56,0.0,0,1,24.444444,2
17469,12,22,3,0,23.56,0.0,45.0,12.3,2.88,6.11,0.0,0,1,24.444444,2
17470,12,23,3,0,23.41,0.0,46.34,6.4,1.08,2.58,0.0,0,1,24.444444,2
17471,12,24,3,0,23.39,0.0,47.54,6.6,0.36,2.69,0.0,0,1,24.444444,2
17472,12,1,4,0,23.42,0.0,48.94,8.5,0.72,3.44,0.0,0,1,24.444444,2
17473,12,2,4,0,23.37,0.0,50.53,7.9,1.8,2.67,0.0,0,1,24.444444,2
17474,12,3,4,0,23.12,0.0,52.61,4.0,0.36,0.78,0.0,0,1,24.444444,2
17475,12,4,4,0,22.96,0.0,54.63,3.8,0.48,0.62,0.0,0,1,24.444444,2
17476,12,5,4,0,22.89,0.0,56.1,3.2,0.24,0.45,0.0,0,1,24.444444,2
17477,12,6,4,0,22.86,0.0,56.95,4.1,2.16,0.47,0.0,0,1,24.444444,2
17478,12,7,4,0,22.86,0.0,56.74,4.7,3.36,0.59,0.0,0,1,24.444444,2
17479,12,8,4,0,22.95,0.0,56.03,8.1,13.08,1.35,0.0,0,1,24.444444,2
17480,12,9,4,0,22.96,0.0,55.15,8.7,6.0,1.2,7.45653,0,1,24.444444,2
17481,12,10,4,0,23.12,0.0,53.4,13.4,2.28,2.59,29.2142,0,1,24.444444,2
17482,12,11,4,0,23.04,0.0,53.19,9.1,3.6,1.36,25.0351,0,1,24.444444,2
17483,12,12,4,0,23.02,0.0,53.23,8.2,3.84,1.31,79.1303,0,1,24.444444,2
17484,12,13,4,0,23.11,0.0,53.14,10.4,5.28,2.15,88.5672,0,1,24.444444,2
17485,12,14,4,0,23.13,0.0,53.13,9.1,0.96,1.92,112.781,0,1,24.444444,2
17486,12,15,4,0,23.16,0.0,53.08,10.4,4.92,2.19,44.9919,0,1,24.444444,2
17487,12,16,4,0,23.2,0.0,52.79,11.7,1.44,2.65,41.6874,0,1,24.444444,2
17488,12,17,4,0,23.1,0.0,53.01,8.5,0.84,1.37,0.0,0,1,24.444444,2
17489,12,18,4,0,23.14,0.0,53.06,9.5,1.68,1.98,0.0,0,1,24.444444,2
17490,12,19,4,0,23.19,0.0,53.31,9.8,1.92,2.66,0.0,0,1,24.444444,2
17491,12,20,4,0,23.21,0.0,53.92,9.4,1.92,2.71,0.0,0,1,24.444444,2
17492,12,21,4,0,23.22,0.0,54.56,9.2,4.56,2.62,0.0,0,1,24.444444,2
17493,12,22,4,0,23.26,0.0,54.62,10.7,2.16,3.36,0.0,0,1,24.444444,2
17494,12,23,4,0,23.27,0.0,54.65,10.6,0.84,3.16,0.0,0,1,24.444444,2
17495,12,24,4,0,23.28,0.0,54.63,11.0,2.88,3.27,0.0,0,1,24.444444,2
17496,12,1,5,0,23.45,0.0,53.91,14.9,3.96,5.15,0.0,0,1,24.444444,2
17497,12,2,5,0,23.25,0.0,54.76,9.0,2.04,1.83,0.0,0,1,24.444444,2
17498,12,3,5,0,23.18,0.0,55.26,9.8,0.36,1.79,0.0,0,1,24.444444,2
17499,12,4,5,0,23.07,0.0,55.52,8.3,0.12,1.24,0.0,0,1,24.444444,2
17500,12,5,5,0,23.01,0.0,55.37,8.1,2.16,1.09,0.0,0,1,24.444444,2
17501,12,6,5,0,22.87,0.0,55.2,4.5,1.8,0.28,0.0,0,1,24.444444,2
17502,12,7,5,0,22.94,0.0,53.3,9.6,4.2,1.07,0.0,0,1,24.444444,2
17503,12,8,5,0,22.94,0.0,51.51,8.9,15.36,0.95,0.0,0,1,24.444444,2
17504,12,9,5,0,22.96,0.0,49.63,9.5,10.44,1.07,98.2156,0,1,24.444444,2
17505,12,10,5,0,22.96,0.0,47.29,9.6,8.88,1.09,114.661,0,1,24.444444,2
17506,12,11,5,0,23.05,0.0,45.23,11.0,5.4,1.68,172.29,0,1,24.444444,2
17507,12,12,5,0,23.03,0.0,43.91,8.6,7.44,1.21,210.464,0,1,24.444444,2
17508,12,13,5,0,23.05,0.0,42.68,8.6,3.72,1.36,260.245,0,1,24.444444,2
17509,12,14,5,0,23.1,0.0,41.28,9.3,3.12,1.6,195.189,0,1,24.444444,2
17510,12,15,5,0,23.17,0.0,40.08,10.7,0.96,2.07,165.914,0,1,24.444444,2
17511,12,16,5,0,23.12,0.0,39.24,9.8,1.08,1.37,59.5167,0,1,24.444444,2
17512,12,17,5,0,23.02,0.0,38.39,8.4,1.08,0.8,8.35551,0,1,24.444444,2
17513,12,18,5,0,23.09,0.0,37.28,11.1,4.32,1.55,0.0,0,1,24.444444,2
17514,12,19,5,0,23.1,0.0,36.93,10.3,1.8,1.51,0.0,0,1,24.444444,2
17515,12,20,5,0,23.13,0.0,37.3,11.3,1.44,1.77,0.0,0,1,24.444444,2
17516,12,21,5,0,23.09,0.0,37.88,10.0,3.36,1.36,0.0,0,1,24.444444,2
17517,12,22,5,0,23.09,0.0,37.95,10.7,2.76,1.54,0.0,0,1,24.444444,2
17518,12,23,5,0,23.1,0.0,37.75,11.5,1.2,1.62,0.0,0,1,24.444444,2
17519,12,24,5,0,23.03,0.0,37.3,9.6,1.2,1.04,0.0,0,1,24.444444,2
17520,1,1,8,0,22.63,0.0,31.11,4.5,0.6,0.0,0.0,0,1,24.444444,2
17521,1,2,8,0,22.62,0.0,32.4,4.2,1.92,0.0,0.0,0,1,24.444444,2
17522,1,3,8,0,22.57,0.0,33.82,4.1,0.48,0.0,0.0,0,1,24.444444,2
17523,1,4,8,0,22.54,0.0,35.32,4.1,0.48,0.0,0.0,0,1,24.444444,2
17524,1,5,8,0,22.52,0.0,36.03,4.2,0.36,0.0,0.0,0,1,24.444444,2
17525,1,6,8,0,22.51,0.0,36.58,3.6,2.76,0.0,0.0,0,1,24.444444,2
17526,1,7,8,0,22.49,0.0,36.91,3.2,4.92,0.0,0.0,0,1,24.444444,2
17527,1,8,8,0,22.57,0.0,36.8,8.7,18.24,0.0,0.0,0,1,24.444444,2
17528,1,9,8,0,22.62,0.0,36.05,8.7,4.2,0.0,201.936,0,1,24.444444,2
17529,1,10,8,0,22.6,0.0,34.87,7.9,1.2,0.0,185.898,0,1,24.444444,2
17530,1,11,8,0,22.54,0.0,33.94,4.7,1.44,0.0,91.9364,0,1,24.444444,2
17531,1,12,8,0,22.63,0.0,32.69,10.9,1.92,0.0,108.416,0,1,24.444444,2
17532,1,13,8,0,22.6,0.0,31.74,7.8,1.8,0.0,26.6741,0,1,24.444444,2
17533,1,14,8,0,22.61,0.0,31.12,7.5,6.96,0.0,108.925,0,1,24.444444,2
17534,1,15,8,0,22.7,0.0,30.48,10.2,1.92,0.04,140.914,0,1,24.444444,2
17535,1,16,8,0,22.7,0.0,30.03,9.7,4.68,0.0,90.5624,0,1,24.444444,2
17536,1,17,8,0,22.67,0.0,29.96,9.0,4.2,0.0,26.7481,0,1,24.444444,2
17537,1,18,8,0,22.66,0.0,30.31,9.4,2.04,0.0,0.0,0,1,24.444444,2
17538,1,19,8,0,22.69,0.0,30.58,10.8,9.0,0.17,0.0,0,1,24.444444,2
17539,1,20,8,0,22.7,0.0,31.01,11.2,4.68,0.24,0.0,0,1,24.444444,2
17540,1,21,8,0,22.73,0.0,31.08,14.3,2.52,0.57,0.0,0,1,24.444444,2
17541,1,22,8,0,22.72,0.0,30.98,12.2,1.8,0.35,0.0,0,1,24.444444,2
17542,1,23,8,0,22.69,0.0,30.87,10.8,0.96,0.15,0.0,0,1,24.444444,2
17543,1,24,8,0,22.7,0.0,30.72,13.4,1.56,0.46,0.0,0,1,24.444444,2
17544,1,1,7,0,22.6,0.0,30.66,5.3,0.48,0.0,0.0,0,1,24.444444,2
17545,1,2,7,0,22.54,0.0,30.27,3.4,2.4,0.0,0.0,0,1,24.444444,2
17546,1,3,7,0,22.54,0.0,29.88,5.0,0.84,0.0,0.0,0,1,24.444444,2
17547,1,4,7,0,22.53,0.0,29.55,5.8,0.12,0.0,0.0,0,1,24.444444,2
17548,1,5,7,0,22.5,0.0,29.32,3.7,0.6,0.0,0.0,0,1,24.444444,2
17549,1,6,7,0,22.49,0.0,29.15,3.7,0.36,0.0,0.0,0,1,24.444444,2
17550,1,7,7,0,22.5,0.0,29.02,5.0,3.48,0.0,0.0,0,1,24.444444,2
17551,1,8,7,0,22.49,0.0,28.77,4.3,8.76,0.0,0.0,0,1,24.444444,2
17552,1,9,7,0,22.48,0.0,27.86,4.6,3.84,0.0,80.8935,0,1,24.444444,2
17553,1,10,7,0,22.48,0.0,26.85,4.1,9.96,0.0,112.392,0,1,24.444444,2
17554,1,11,7,0,22.55,0.0,26.01,7.8,4.32,0.0,292.141,0,1,24.444444,2
17555,1,12,7,0,22.55,0.0,25.72,4.6,1.68,0.0,256.196,0,1,24.444444,2
17556,1,13,7,0,22.55,0.0,25.34,4.8,10.32,0.0,192.497,0,1,24.444444,2
17557,1,14,7,0,22.59,0.0,24.91,6.9,12.72,0.0,73.6127,0,1,24.444444,2
17558,1,15,7,0,22.81,0.0,24.22,10.8,1.2,0.33,303.309,0,1,24.444444,2
17559,1,16,7,0,22.83,0.0,23.76,7.0,4.56,0.16,239.401,0,1,24.444444,2
17560,1,17,7,0,22.72,0.0,23.85,4.7,6.48,0.0,92.3991,0,1,24.444444,2
17561,1,18,7,0,22.63,0.0,24.66,4.9,13.44,0.0,0.0,0,1,24.444444,2
17562,1,19,7,0,22.65,0.0,25.89,6.5,4.2,0.0,0.0,0,1,24.444444,2
17563,1,20,7,0,22.72,0.0,26.94,9.2,1.44,0.11,0.0,0,1,24.444444,2
17564,1,21,7,0,22.73,0.0,27.57,8.6,2.52,0.12,0.0,0,1,24.444444,2
17565,1,22,7,0,22.71,0.0,28.04,7.0,2.88,0.03,0.0,0,1,24.444444,2
17566,1,23,7,0,22.75,0.0,28.18,11.5,2.52,0.51,0.0,0,1,24.444444,2
17567,1,24,7,0,22.73,0.0,28.31,9.3,1.2,0.23,0.0,0,1,24.444444,2
17568,1,1,1,0,22.68,0.0,28.48,6.6,3.24,0.0,0.0,0,1,24.444444,2
17569,1,2,1,0,22.65,0.0,28.62,6.3,2.28,0.0,0.0,0,1,24.444444,2
17570,1,3,1,0,22.67,0.0,28.52,8.6,0.48,0.04,0.0,0,1,24.444444,2
17571,1,4,1,0,22.68,0.0,28.37,9.0,0.36,0.07,0.0,0,1,24.444444,2
17572,1,5,1,0,22.58,0.0,28.5,3.3,0.84,0.0,0.0,0,1,24.444444,2
17573,1,6,1,0,22.59,0.0,28.53,6.3,0.96,0.0,0.0,0,1,24.444444,2
17574,1,7,1,0,22.67,0.0,28.79,10.3,1.44,0.11,0.0,0,1,24.444444,2
17575,1,8,1,0,22.59,0.0,29.31,3.5,4.68,0.0,0.0,0,1,24.444444,2
17576,1,9,1,0,22.59,0.0,29.11,4.8,3.0,0.0,186.31,0,1,24.444444,2
17577,1,10,1,0,22.59,0.0,28.45,4.2,4.92,0.0,178.623,0,1,24.444444,2
17578,1,11,1,0,22.64,0.0,27.93,6.3,11.88,0.0,259.294,0,1,24.444444,2
17579,1,12,1,0,22.81,0.0,27.56,11.6,5.4,0.51,216.213,0,1,24.444444,2
17580,1,13,1,0,22.83,0.0,27.43,8.0,7.32,0.43,351.085,0,1,24.444444,2
17581,1,14,1,0,23.0,0.0,26.75,10.4,2.04,1.24,370.388,0,1,24.444444,2
17582,1,15,1,0,23.2,0.0,25.85,10.0,4.44,1.98,395.007,0,1,24.444444,2
17583,1,16,1,0,23.37,0.0,25.51,10.3,9.36,4.22,413.586,0,1,24.444444,2
17584,1,17,1,0,23.38,0.0,25.55,10.7,7.8,3.79,189.202,0,1,24.444444,2
17585,1,18,1,0,23.21,0.0,26.09,10.1,5.64,1.28,5.03424,0,1,24.444444,2
17586,1,19,1,0,23.14,0.0,27.08,10.2,10.44,1.33,0.0,0,1,24.444444,2
17587,1,20,1,0,23.08,0.0,28.17,9.8,4.56,1.08,0.0,0,1,24.444444,2
17588,1,21,1,0,22.98,0.0,29.21,8.6,4.2,0.64,0.0,0,1,24.444444,2
17589,1,22,1,0,22.81,0.0,30.33,6.2,9.0,0.07,0.0,0,1,24.444444,2
17590,1,23,1,0,22.76,0.0,31.3,8.2,3.12,0.18,0.0,0,1,24.444444,2
17591,1,24,1,0,22.73,0.0,31.98,7.5,3.6,0.05,0.0,0,1,24.444444,2
17592,1,1,2,0,22.66,0.0,32.72,5.3,0.84,0.0,0.0,0,1,24.444444,2
17593,1,2,2,0,22.59,0.0,32.96,3.8,0.48,0.0,0.0,0,1,24.444444,2
17594,1,3,2,0,22.56,0.0,32.89,4.4,0.24,0.0,0.0,0,1,24.444444,2
17595,1,4,2,0,22.54,0.0,32.6,4.3,0.24,0.0,0.0,0,1,24.444444,2
17596,1,5,2,0,22.54,0.0,32.28,4.3,0.48,0.0,0.0,0,1,24.444444,2
17597,1,6,2,0,22.52,0.0,31.88,3.7,3.6,0.0,0.0,0,1,24.444444,2
17598,1,7,2,0,22.5,0.0,31.54,3.9,5.52,0.0,0.0,0,1,24.444444,2
17599,1,8,2,0,22.52,0.0,31.18,4.2,10.92,0.0,0.0,0,1,24.444444,2
17600,1,9,2,0,22.69,0.0,30.61,4.4,4.2,0.0,276.131,0,1,24.444444,2
17601,1,10,2,0,22.97,0.0,29.61,8.4,5.16,1.18,477.529,0,1,24.444444,2
17602,1,11,2,0,23.09,0.0,28.75,8.0,3.6,2.43,622.254,0,1,24.444444,2
17603,1,12,2,0,23.26,0.0,27.64,10.6,3.0,4.67,697.63,0,1,24.444444,2
17604,1,13,2,0,23.27,0.0,26.84,6.1,2.16,4.3,723.127,0,1,24.444444,2
17605,1,14,2,0,23.42,0.0,25.59,9.3,2.16,7.39,689.661,0,1,24.444444,2
17606,1,15,2,0,23.53,0.0,24.63,8.7,4.44,9.23,593.12,0,1,24.444444,2
17607,1,16,2,0,23.63,0.0,23.78,12.2,1.56,12.35,439.098,0,1,24.444444,2
17608,1,17,2,0,23.61,0.0,23.27,10.1,1.56,8.22,212.551,0,1,24.444444,2
17609,1,18,2,0,23.49,0.0,23.32,10.0,1.44,3.22,7.86787,0,1,24.444444,2
17610,1,19,2,0,23.52,0.0,23.75,13.2,3.12,4.5,0.0,0,1,24.444444,2
17611,1,20,2,0,23.44,0.0,24.21,11.5,2.4,2.57,0.0,0,1,24.444444,2
17612,1,21,2,0,23.22,0.0,24.64,9.2,2.04,1.08,0.0,0,1,24.444444,2
17613,1,22,2,0,23.17,0.0,25.05,12.5,2.88,1.31,0.0,0,1,24.444444,2
17614,1,23,2,0,23.11,0.0,25.5,13.8,1.92,1.16,0.0,0,1,24.444444,2
17615,1,24,2,0,22.97,0.0,25.67,13.0,0.72,0.69,0.0,0,1,24.444444,2
17616,1,1,3,0,22.68,0.0,25.77,6.3,0.6,0.0,0.0,0,1,24.444444,2
17617,1,2,3,0,22.57,0.0,25.32,5.1,2.88,0.0,0.0,0,1,24.444444,2
17618,1,3,3,0,22.53,0.0,25.13,3.8,0.12,0.0,0.0,0,1,24.444444,2
17619,1,4,3,0,22.5,0.0,24.98,3.9,0.6,0.0,0.0,0,1,24.444444,2
17620,1,5,3,0,22.48,0.0,24.95,4.2,0.72,0.0,0.0,0,1,24.444444,2
17621,1,6,3,0,22.48,0.0,24.93,4.0,3.96,0.0,0.0,0,1,24.444444,2
17622,1,7,3,0,22.48,0.0,24.92,3.7,1.68,0.0,0.0,0,1,24.444444,2
17623,1,8,3,0,22.5,0.0,24.86,8.3,21.84,0.0,0.0,0,1,24.444444,2
17624,1,9,3,0,22.57,0.0,24.56,5.9,2.16,0.0,278.391,0,1,24.444444,2
17625,1,10,3,0,22.75,0.0,23.98,6.8,5.52,0.06,482.651,0,1,24.444444,2
17626,1,11,3,0,22.8,0.0,23.88,4.2,8.88,0.2,621.566,0,1,24.444444,2
17627,1,12,3,0,22.94,0.0,23.86,7.9,1.44,1.07,637.208,0,1,24.444444,2
17628,1,13,3,0,23.06,0.0,24.03,6.8,3.0,1.62,667.198,0,1,24.444444,2
17629,1,14,3,0,23.24,0.0,24.46,9.0,5.04,3.1,575.901,0,1,24.444444,2
17630,1,15,3,0,23.42,0.0,24.95,9.8,3.84,5.45,584.964,0,1,24.444444,2
17631,1,16,3,0,23.46,0.0,25.74,8.7,2.76,5.53,405.75,0,1,24.444444,2
17632,1,17,3,0,23.44,0.0,26.71,9.0,8.04,3.55,168.829,0,1,24.444444,2
17633,1,18,3,0,23.34,0.0,28.41,9.4,5.28,1.58,0.0,0,1,24.444444,2
17634,1,19,3,0,23.31,0.0,29.74,9.4,6.96,1.68,0.0,0,1,24.444444,2
17635,1,20,3,0,23.19,0.0,31.42,8.2,6.48,1.17,0.0,0,1,24.444444,2
17636,1,21,3,0,23.06,0.0,33.16,7.4,5.76,0.83,0.0,0,1,24.444444,2
17637,1,22,3,0,23.09,0.0,34.23,10.1,6.48,1.18,0.0,0,1,24.444444,2
17638,1,23,3,0,23.14,0.0,34.3,12.5,1.2,1.47,0.0,0,1,24.444444,2
17639,1,24,3,0,23.0,0.0,34.16,9.2,0.48,0.74,0.0,0,1,24.444444,2
17640,1,1,4,0,22.88,0.0,34.07,7.4,1.2,0.39,0.0,0,1,24.444444,2
17641,1,2,4,0,22.78,0.0,34.28,5.7,2.04,0.09,0.0,0,1,24.444444,2
17642,1,3,4,0,22.67,0.0,34.34,3.5,0.48,0.0,0.0,0,1,24.444444,2
17643,1,4,4,0,22.67,0.0,34.12,5.7,2.16,0.0,0.0,0,1,24.444444,2
17644,1,5,4,0,22.61,0.0,34.2,3.5,0.0,0.0,0.0,0,1,24.444444,2
17645,1,6,4,0,22.57,0.0,34.33,3.9,0.84,0.0,0.0,0,1,24.444444,2
17646,1,7,4,0,22.56,0.0,34.67,3.5,1.56,0.0,0.0,0,1,24.444444,2
17647,1,8,4,0,22.72,0.0,34.86,8.3,12.84,0.12,0.0,0,1,24.444444,2
17648,1,9,4,0,23.1,0.0,34.72,10.5,7.44,1.6,250.521,0,1,24.444444,2
17649,1,10,4,0,23.27,0.0,35.24,7.3,10.44,3.43,436.082,0,1,24.444444,2
17650,1,11,4,0,23.49,0.0,35.86,10.3,1.8,6.68,576.047,0,1,24.444444,2
17651,1,12,4,0,23.57,0.0,36.72,9.4,3.84,7.97,660.561,0,1,24.444444,2
17652,1,13,4,0,23.6,0.0,37.37,7.8,1.68,8.86,681.06,0,1,24.444444,2
17653,1,14,4,0,23.7,0.0,37.77,9.7,2.04,12.43,649.941,0,1,24.444444,2
17654,1,15,4,0,23.78,0.0,37.99,10.6,1.92,15.62,563.733,0,1,24.444444,2
17655,1,16,4,0,23.78,0.0,38.15,8.3,1.68,13.41,412.332,0,1,24.444444,2
17656,1,17,4,0,23.73,0.0,38.25,8.3,3.12,10.21,189.962,0,1,24.444444,2
17657,1,18,4,0,23.64,0.0,38.77,9.0,1.08,5.99,8.10151,0,1,24.444444,2
17658,1,19,4,0,23.63,0.0,39.54,10.2,6.12,6.38,0.0,0,1,24.444444,2
17659,1,20,4,0,23.62,0.0,40.17,10.8,7.08,5.99,0.0,0,1,24.444444,2
17660,1,21,4,0,23.53,0.0,40.98,8.7,3.72,3.61,0.0,0,1,24.444444,2
17661,1,22,4,0,23.48,0.0,41.88,9.5,5.52,3.44,0.0,0,1,24.444444,2
17662,1,23,4,0,23.4,0.0,42.86,8.3,3.24,2.29,0.0,0,1,24.444444,2
17663,1,24,4,0,23.5,0.0,43.07,13.6,0.84,4.59,0.0,0,1,24.444444,2
17664,1,1,5,0,23.35,0.0,43.91,9.6,0.96,2.06,0.0,0,1,24.444444,2
17665,1,2,5,0,23.31,0.0,44.75,11.0,0.6,2.25,0.0,0,1,24.444444,2
17666,1,3,5,0,23.15,0.0,45.88,8.2,0.72,1.21,0.0,0,1,24.444444,2
17667,1,4,5,0,23.19,0.0,46.17,11.1,2.04,1.97,0.0,0,1,24.444444,2
17668,1,5,5,0,23.17,0.0,46.68,10.6,0.48,1.77,0.0,0,1,24.444444,2
17669,1,6,5,0,23.16,0.0,46.99,11.1,2.28,1.79,0.0,0,1,24.444444,2
17670,1,7,5,0,23.15,0.0,47.07,11.7,3.84,1.89,0.0,0,1,24.444444,2
17671,1,8,5,0,22.98,0.0,47.82,8.0,18.36,0.73,0.0,0,1,24.444444,2
17672,1,9,5,0,22.91,0.0,48.06,8.8,3.6,0.59,11.0155,0,1,24.444444,2
17673,1,10,5,0,22.95,0.0,47.69,11.8,9.12,1.11,34.7679,0,1,24.444444,2
17674,1,11,5,0,22.93,0.0,47.5,9.9,2.76,0.84,78.7682,0,1,24.444444,2
17675,1,12,5,0,22.95,0.0,47.49,9.4,4.2,1.06,198.39,0,1,24.444444,2
17676,1,13,5,0,22.95,0.0,47.75,8.5,5.52,0.91,119.992,0,1,24.444444,2
17677,1,14,5,0,22.97,0.0,47.83,9.6,3.96,1.27,121.205,0,1,24.444444,2
17678,1,15,5,0,23.0,0.0,48.46,9.7,2.16,1.48,89.3638,0,1,24.444444,2
17679,1,16,5,0,23.01,0.0,49.19,7.8,5.04,1.57,114.675,0,1,24.444444,2
17680,1,17,5,0,23.1,0.0,49.31,7.6,2.28,2.3,181.04,0,1,24.444444,2
17681,1,18,5,0,23.07,0.0,50.19,9.1,2.64,1.68,7.83899,0,1,24.444444,2
17682,1,19,5,0,23.11,0.0,51.51,9.2,2.88,2.01,0.0,0,1,24.444444,2
17683,1,20,5,0,23.18,0.0,52.2,11.3,3.96,2.86,0.0,0,1,24.444444,2
17684,1,21,5,0,23.2,0.0,52.27,12.0,3.12,2.86,0.0,0,1,24.444444,2
17685,1,22,5,0,23.24,0.0,52.09,13.3,15.12,3.31,0.0,0,1,24.444444,2
17686,1,23,5,0,23.25,0.0,52.06,12.9,1.2,3.11,0.0,0,1,24.444444,2
17687,1,24,5,0,23.16,0.0,52.56,9.7,1.32,1.68,0.0,0,1,24.444444,2
17688,1,1,6,0,22.97,0.0,53.57,5.4,2.4,0.55,0.0,0,1,24.444444,2
17689,1,2,6,0,22.93,0.0,54.02,5.8,0.96,0.64,0.0,0,1,24.444444,2
17690,1,3,6,0,22.85,0.0,54.51,3.9,0.36,0.27,0.0,0,1,24.444444,2
17691,1,4,6,0,22.83,0.0,54.56,4.8,2.76,0.37,0.0,0,1,24.444444,2
17692,1,5,6,0,22.78,0.0,54.38,4.2,1.2,0.23,0.0,0,1,24.444444,2
17693,1,6,6,0,22.77,0.0,54.02,5.1,0.84,0.32,0.0,0,1,24.444444,2
17694,1,7,6,0,22.73,0.0,53.7,3.0,9.96,0.05,0.0,0,1,24.444444,2
17695,1,8,6,0,22.86,0.0,52.75,9.0,9.6,1.08,0.0,0,1,24.444444,2
17696,1,9,6,0,23.01,0.0,51.72,9.4,2.04,1.45,148.321,0,1,24.444444,2
17697,1,10,6,0,23.13,0.0,50.83,9.1,3.72,1.76,223.461,0,1,24.444444,2
17698,1,11,6,0,23.13,0.0,50.72,5.8,5.88,1.66,236.797,0,1,24.444444,2
17699,1,12,6,0,23.63,0.0,48.94,14.0,4.8,11.26,547.984,0,1,24.444444,2
17700,1,13,6,0,23.68,0.0,48.37,7.6,3.0,11.36,645.746,0,1,24.444444,2
17701,1,14,6,0,23.69,0.0,47.86,6.7,1.32,12.58,629.191,0,1,24.444444,2
17702,1,15,6,0,23.85,0.0,46.57,12.0,4.2,16.92,441.41,0,1,24.444444,2
17703,1,16,6,0,23.91,0.0,45.44,9.7,3.72,15.53,306.828,0,1,24.444444,2
17704,1,17,6,0,23.86,0.0,45.55,8.1,3.72,11.0,137.594,0,1,24.444444,2
17705,1,18,6,0,23.8,0.0,46.01,10.0,1.44,8.48,0.0,0,1,24.444444,2
17706,1,19,6,0,23.83,0.0,46.17,12.4,3.72,10.0,0.0,0,1,24.444444,2
17707,1,20,6,0,23.85,0.0,46.66,12.3,1.56,9.46,0.0,0,1,24.444444,2
17708,1,21,6,0,23.85,0.0,47.14,12.7,2.52,9.0,0.0,0,1,24.444444,2
17709,1,22,6,0,23.81,0.0,47.87,12.1,5.88,7.85,0.0,0,1,24.444444,2
17710,1,23,6,0,23.75,0.0,48.69,11.8,4.56,6.74,0.0,0,1,24.444444,2
17711,1,24,6,0,23.64,0.0,49.97,9.6,1.8,4.64,0.0,0,1,24.444444,2
17712,1,1,7,0,23.39,0.0,51.98,4.6,0.24,1.84,0.0,0,1,24.444444,2
17713,1,2,7,0,23.26,0.0,53.9,5.4,1.8,1.82,0.0,0,1,24.444444,2
17714,1,3,7,0,23.23,0.0,55.16,6.8,3.48,1.89,0.0,0,1,24.444444,2
17715,1,4,7,0,23.14,0.0,55.97,6.7,0.6,1.41,0.0,0,1,24.444444,2
17716,1,5,7,0,23.03,0.0,56.73,5.1,0.6,0.99,0.0,0,1,24.444444,2
17717,1,6,7,0,22.97,0.0,57.56,4.0,1.92,0.76,0.0,0,1,24.444444,2
17718,1,7,7,0,22.96,0.0,57.87,4.9,0.72,0.95,0.0,0,1,24.444444,2
17719,1,8,7,0,22.97,0.0,58.1,3.7,6.36,0.9,0.0,0,1,24.444444,2
17720,1,9,7,0,23.15,0.0,57.29,5.7,8.16,1.96,171.678,0,1,24.444444,2
17721,1,10,7,0,23.26,0.0,56.82,6.5,3.0,2.71,200.019,0,1,24.444444,2
17722,1,11,7,0,23.46,0.0,56.39,7.5,17.52,4.72,309.613,0,1,24.444444,2
17723,1,12,7,0,23.56,0.0,55.68,6.9,8.88,8.45,460.055,0,1,24.444444,2
17724,1,13,7,0,23.65,0.0,54.34,6.1,5.76,12.98,656.069,0,1,24.444444,2
17725,1,14,7,0,23.75,0.0,52.68,7.1,9.12,16.88,642.688,0,1,24.444444,2
17726,1,15,7,0,23.92,0.0,50.09,10.8,1.32,23.42,565.15,0,1,24.444444,2
17727,1,16,7,0,23.87,0.0,46.5,4.7,6.72,16.87,424.664,0,1,24.444444,2
17728,1,17,7,0,23.89,0.0,41.81,7.9,3.72,14.39,196.87,0,1,24.444444,2
17729,1,18,7,0,23.89,0.0,38.01,9.8,16.32,9.78,0.710329,0,1,24.444444,2
17730,1,19,7,0,23.78,0.0,37.52,6.8,5.4,6.76,0.0,0,1,24.444444,2
17731,1,20,7,0,23.77,0.0,37.55,8.8,9.12,7.01,0.0,0,1,24.444444,2
17732,1,21,7,0,23.7,0.0,38.15,9.2,2.04,5.55,0.0,0,1,24.444444,2
17733,1,22,7,0,23.7,0.0,39.09,11.8,0.84,5.89,0.0,0,1,24.444444,2
17734,1,23,7,0,23.45,0.0,39.78,9.4,1.92,2.13,0.0,0,1,24.444444,2
17735,1,24,7,0,23.07,0.0,39.49,6.3,1.32,0.7,0.0,0,1,24.444444,2
17736,1,1,1,0,23.01,0.0,37.76,7.8,0.72,0.85,0.0,0,1,24.444444,2
17737,1,2,1,0,22.83,0.0,36.76,4.5,0.72,0.13,0.0,0,1,24.444444,2
17738,1,3,1,0,22.84,0.0,35.5,9.3,0.84,0.51,0.0,0,1,24.444444,2
17739,1,4,1,0,22.74,0.0,34.54,6.7,0.72,0.04,0.0,0,1,24.444444,2
17740,1,5,1,0,22.67,0.0,33.58,5.5,0.24,0.0,0.0,0,1,24.444444,2
17741,1,6,1,0,22.62,0.0,32.72,5.0,0.6,0.0,0.0,0,1,24.444444,2
17742,1,7,1,0,22.7,0.0,32.03,11.6,1.56,0.23,0.0,0,1,24.444444,2
17743,1,8,1,0,22.57,0.0,31.85,3.9,3.72,0.0,0.0,0,1,24.444444,2
17744,1,9,1,0,22.55,0.0,31.07,6.3,5.76,0.0,18.3147,0,1,24.444444,2
17745,1,10,1,0,22.53,0.0,30.01,6.2,5.04,0.0,36.5058,0,1,24.444444,2
17746,1,11,1,0,22.53,0.0,29.12,6.7,16.8,0.0,80.0077,0,1,24.444444,2
17747,1,12,1,0,22.63,0.0,28.34,10.9,12.12,0.0,192.094,0,1,24.444444,2
17748,1,13,1,0,22.59,0.0,27.71,5.2,8.16,0.0,301.28,0,1,24.444444,2
17749,1,14,1,0,22.81,0.0,26.8,11.2,11.76,0.54,555.667,0,1,24.444444,2
17750,1,15,1,0,23.08,0.0,25.91,9.1,2.88,1.51,615.833,0,1,24.444444,2
17751,1,16,1,0,23.3,0.0,25.04,12.0,5.4,3.49,454.315,0,1,24.444444,2
17752,1,17,1,0,23.28,0.0,24.7,12.3,4.68,3.13,223.496,0,1,24.444444,2
17753,1,18,1,0,23.06,0.0,24.93,12.0,11.4,0.8,15.8406,0,1,24.444444,2
17754,1,19,1,0,22.92,0.0,25.45,10.6,7.68,0.54,0.0,0,1,24.444444,2
17755,1,20,1,0,22.97,0.0,25.94,14.5,3.6,1.14,0.0,0,1,24.444444,2
17756,1,21,1,0,22.87,0.0,26.56,12.2,4.2,0.44,0.0,0,1,24.444444,2
17757,1,22,1,0,22.67,0.0,27.03,6.6,14.76,0.0,0.0,0,1,24.444444,2
17758,1,23,1,0,22.64,0.0,26.87,8.2,4.68,0.0,0.0,0,1,24.444444,2
17759,1,24,1,0,22.61,0.0,26.16,8.0,3.24,0.0,0.0,0,1,24.444444,2
17760,1,1,2,0,22.55,0.0,25.7,5.6,0.72,0.0,0.0,0,1,24.444444,2
17761,1,2,2,0,22.49,0.0,25.22,3.8,1.44,0.0,0.0,0,1,24.444444,2
17762,1,3,2,0,22.48,0.0,24.69,3.7,0.6,0.0,0.0,0,1,24.444444,2
17763,1,4,2,0,22.48,0.0,24.21,4.8,0.12,0.0,0.0,0,1,24.444444,2
17764,1,5,2,0,22.48,0.0,23.8,3.8,0.12,0.0,0.0,0,1,24.444444,2
17765,1,6,2,0,22.48,0.0,23.43,5.0,1.92,0.0,0.0,0,1,24.444444,2
17766,1,7,2,0,22.48,0.0,23.13,3.2,5.76,0.0,0.0,0,1,24.444444,2
17767,1,8,2,0,22.48,0.0,22.76,4.5,12.36,0.0,0.0,0,1,24.444444,2
17768,1,9,2,0,22.57,0.0,22.22,7.1,4.2,0.0,276.665,0,1,24.444444,2
17769,1,10,2,0,22.77,0.0,21.6,6.2,9.72,0.03,475.284,0,1,24.444444,2
17770,1,11,2,0,22.87,0.0,21.43,4.7,3.48,0.36,612.827,0,1,24.444444,2
17771,1,12,2,0,23.04,0.0,21.46,9.5,2.88,1.91,707.521,0,1,24.444444,2
17772,1,13,2,0,23.09,0.0,21.75,6.2,5.64,2.01,727.238,0,1,24.444444,2
17773,1,14,2,0,23.22,0.0,22.18,8.8,1.44,3.87,701.633,0,1,24.444444,2
17774,1,15,2,0,23.37,0.0,22.39,9.0,2.28,4.88,603.447,0,1,24.444444,2
17775,1,16,2,0,23.44,0.0,22.51,9.6,1.32,5.66,441.954,0,1,24.444444,2
17776,1,17,2,0,23.42,0.0,22.32,8.8,3.6,3.48,219.512,0,1,24.444444,2
17777,1,18,2,0,23.32,0.0,22.0,12.0,2.76,1.51,14.1418,0,1,24.444444,2
17778,1,19,2,0,23.18,0.0,21.93,10.0,3.12,1.03,0.0,0,1,24.444444,2
17779,1,20,2,0,23.08,0.0,21.63,9.9,6.12,0.9,0.0,0,1,24.444444,2
17780,1,21,2,0,23.33,0.0,20.97,18.6,3.84,2.9,0.0,0,1,24.444444,2
17781,1,22,2,0,23.45,0.0,21.51,21.8,2.52,4.17,0.0,0,1,24.444444,2
17782,1,23,2,0,23.27,0.0,23.1,16.1,4.44,1.65,0.0,0,1,24.444444,2
17783,1,24,2,0,23.12,0.0,24.96,14.4,1.44,1.19,0.0,0,1,24.444444,2
17784,1,1,3,0,22.9,0.0,26.93,10.7,0.36,0.42,0.0,0,1,24.444444,2
17785,1,2,3,0,22.69,0.0,28.38,5.6,0.6,0.0,0.0,0,1,24.444444,2
17786,1,3,3,0,22.62,0.0,29.47,5.0,0.0,0.0,0.0,0,1,24.444444,2
17787,1,4,3,0,22.62,0.0,30.05,6.8,1.8,0.0,0.0,0,1,24.444444,2
17788,1,5,3,0,22.54,0.0,30.42,3.6,0.24,0.0,0.0,0,1,24.444444,2
17789,1,6,3,0,22.51,0.0,30.44,3.8,3.84,0.0,0.0,0,1,24.444444,2
17790,1,7,3,0,22.51,0.0,30.37,6.5,2.52,0.0,0.0,0,1,24.444444,2
17791,1,8,3,0,22.56,0.0,30.38,8.0,23.4,0.0,0.0,0,1,24.444444,2
17792,1,9,3,0,22.71,0.0,30.19,5.5,8.04,0.01,248.0,0,1,24.444444,2
17793,1,10,3,0,22.96,0.0,29.45,6.2,7.44,0.73,441.186,0,1,24.444444,2
17794,1,11,3,0,23.02,0.0,28.25,4.6,5.88,1.46,559.1,0,1,24.444444,2
17795,1,12,3,0,23.21,0.0,26.29,8.8,1.8,4.19,645.794,0,1,24.444444,2
17796,1,13,3,0,23.27,0.0,23.45,4.4,2.28,4.27,694.324,0,1,24.444444,2
17797,1,14,3,0,23.45,0.0,21.19,9.2,10.08,8.52,658.5,0,1,24.444444,2
17798,1,15,3,0,23.59,0.0,20.36,9.6,5.28,11.21,581.934,0,1,24.444444,2
17799,1,16,3,0,23.67,0.0,20.16,10.3,1.44,12.72,430.597,0,1,24.444444,2
17800,1,17,3,0,23.69,0.0,20.34,10.0,7.44,10.46,221.766,0,1,24.444444,2
17801,1,18,3,0,23.64,0.0,20.87,11.9,1.44,6.47,18.2717,0,1,24.444444,2
17802,1,19,3,0,23.55,0.0,21.91,8.7,4.44,3.81,0.0,0,1,24.444444,2
17803,1,20,3,0,23.52,0.0,22.63,9.8,5.88,3.62,0.0,0,1,24.444444,2
17804,1,21,3,0,23.41,0.0,23.59,8.4,4.56,1.99,0.0,0,1,24.444444,2
17805,1,22,3,0,23.25,0.0,25.11,8.2,3.48,1.28,0.0,0,1,24.444444,2
17806,1,23,3,0,23.09,0.0,26.77,7.9,1.08,0.9,0.0,0,1,24.444444,2
17807,1,24,3,0,22.98,0.0,27.87,8.2,0.72,0.68,0.0,0,1,24.444444,2
17808,1,1,4,0,22.85,0.0,28.88,7.9,0.84,0.32,0.0,0,1,24.444444,2
17809,1,2,4,0,22.68,0.0,29.72,4.3,0.96,0.0,0.0,0,1,24.444444,2
17810,1,3,4,0,22.64,0.0,30.36,5.8,0.12,0.0,0.0,0,1,24.444444,2
17811,1,4,4,0,22.57,0.0,30.94,3.0,0.48,0.0,0.0,0,1,24.444444,2
17812,1,5,4,0,22.52,0.0,31.3,2.8,1.08,0.0,0.0,0,1,24.444444,2
17813,1,6,4,0,22.53,0.0,31.49,4.9,2.88,0.0,0.0,0,1,24.444444,2
17814,1,7,4,0,22.5,0.0,31.71,3.1,1.92,0.0,0.0,0,1,24.444444,2
17815,1,8,4,0,22.58,0.0,31.67,7.6,10.2,0.0,0.0,0,1,24.444444,2
17816,1,9,4,0,22.93,0.0,30.94,8.3,6.84,0.68,264.815,0,1,24.444444,2
17817,1,10,4,0,23.25,0.0,29.94,10.1,10.92,3.93,458.972,0,1,24.444444,2
17818,1,11,4,0,23.36,0.0,28.59,8.9,8.16,5.2,602.572,0,1,24.444444,2
17819,1,12,4,0,23.42,0.0,27.11,8.9,8.52,7.06,675.363,0,1,24.444444,2
17820,1,13,4,0,23.54,0.0,26.06,10.0,5.04,9.51,705.758,0,1,24.444444,2
17821,1,14,4,0,23.66,0.0,25.23,10.2,0.6,11.58,680.396,0,1,24.444444,2
17822,1,15,4,0,23.73,0.0,25.64,10.5,0.96,14.48,593.765,0,1,24.444444,2
17823,1,16,4,0,23.75,0.0,26.6,8.3,1.2,13.66,443.165,0,1,24.444444,2
17824,1,17,4,0,23.73,0.0,27.2,9.1,2.4,11.37,228.336,0,1,24.444444,2
17825,1,18,4,0,23.63,0.0,28.41,8.7,2.76,5.44,18.6461,0,1,24.444444,2
17826,1,19,4,0,23.59,0.0,29.67,8.7,6.12,4.7,0.0,0,1,24.444444,2
17827,1,20,4,0,23.57,0.0,30.8,9.9,5.88,4.42,0.0,0,1,24.444444,2
17828,1,21,4,0,23.5,0.0,31.93,9.1,1.44,3.01,0.0,0,1,24.444444,2
17829,1,22,4,0,23.41,0.0,33.07,8.9,17.4,2.18,0.0,0,1,24.444444,2
17830,1,23,4,0,23.33,0.0,34.31,9.4,3.12,1.77,0.0,0,1,24.444444,2
17831,1,24,4,0,23.35,0.0,35.2,12.2,0.48,2.32,0.0,0,1,24.444444,2
17832,1,1,5,0,23.26,0.0,36.09,11.5,0.36,1.64,0.0,0,1,24.444444,2
17833,1,2,5,0,23.14,0.0,37.0,11.2,0.24,1.25,0.0,0,1,24.444444,2
17834,1,3,5,0,22.96,0.0,38.19,8.9,0.6,0.59,0.0,0,1,24.444444,2
17835,1,4,5,0,22.94,0.0,38.96,9.9,0.36,0.87,0.0,0,1,24.444444,2
17836,1,5,5,0,22.99,0.0,40.11,11.4,0.84,1.25,0.0,0,1,24.444444,2
17837,1,6,5,0,22.97,0.0,41.31,11.2,0.6,1.1,0.0,0,1,24.444444,2
17838,1,7,5,0,22.94,0.0,42.19,10.8,6.48,1.03,0.0,0,1,24.444444,2
17839,1,8,5,0,22.93,0.0,43.03,9.6,19.68,0.98,0.0,0,1,24.444444,2
17840,1,9,5,0,22.95,0.0,43.78,10.1,3.0,1.26,91.4047,0,1,24.444444,2
17841,1,10,5,0,23.12,0.0,43.91,10.7,8.52,2.2,194.622,0,1,24.444444,2
17842,1,11,5,0,23.26,0.0,43.8,8.7,6.12,2.73,330.616,0,1,24.444444,2
17843,1,12,5,0,23.4,0.0,43.64,8.9,5.64,3.31,316.763,0,1,24.444444,2
17844,1,13,5,0,23.46,0.0,43.77,8.9,8.76,3.52,236.012,0,1,24.444444,2
17845,1,14,5,0,23.44,0.0,44.03,9.8,3.12,3.12,39.4936,0,1,24.444444,2
17846,1,15,5,0,23.41,0.0,44.49,9.5,1.08,3.07,37.0139,0,1,24.444444,2
17847,1,16,5,0,23.42,0.0,45.11,8.1,6.48,2.87,89.8206,0,1,24.444444,2
17848,1,17,5,0,23.37,0.0,46.07,7.3,1.56,2.4,31.4441,0,1,24.444444,2
17849,1,18,5,0,23.4,0.0,46.83,9.3,1.2,3.19,0.0,0,1,24.444444,2
17850,1,19,5,0,23.49,0.0,47.62,11.8,3.48,4.52,0.0,0,1,24.444444,2
17851,1,20,5,0,23.47,0.0,49.17,11.1,6.6,3.81,0.0,0,1,24.444444,2
17852,1,21,5,0,23.46,0.0,50.69,11.5,4.08,3.83,0.0,0,1,24.444444,2
17853,1,22,5,0,23.43,0.0,51.97,11.8,10.56,3.46,0.0,0,1,24.444444,2
17854,1,23,5,0,23.31,0.0,52.83,10.1,1.08,2.17,0.0,0,1,24.444444,2
17855,1,24,5,0,23.22,0.0,53.55,9.1,2.16,1.66,0.0,0,1,24.444444,2
17856,1,1,6,0,22.98,0.0,54.82,4.2,0.6,0.46,0.0,0,1,24.444444,2
17857,1,2,6,0,22.9,0.0,55.22,4.5,0.48,0.47,0.0,0,1,24.444444,2
17858,1,3,6,0,22.84,0.0,55.05,4.3,0.24,0.29,0.0,0,1,24.444444,2
17859,1,4,6,0,22.79,0.0,54.4,4.6,0.24,0.24,0.0,0,1,24.444444,2
17860,1,5,6,0,22.78,0.0,53.82,5.0,0.24,0.35,0.0,0,1,24.444444,2
17861,1,6,6,0,22.78,0.0,54.17,4.4,1.2,0.3,0.0,0,1,24.444444,2
17862,1,7,6,0,22.75,0.0,54.76,3.6,5.4,0.17,0.0,0,1,24.444444,2
17863,1,8,6,0,22.98,0.0,54.47,7.4,6.12,1.23,0.0,0,1,24.444444,2
17864,1,9,6,0,23.25,0.0,53.75,7.2,9.36,2.9,207.855,0,1,24.444444,2
17865,1,10,6,0,23.49,0.0,52.69,7.5,8.4,6.14,398.726,0,1,24.444444,2
17866,1,11,6,0,23.6,0.0,52.09,6.7,1.44,8.23,488.034,0,1,24.444444,2
17867,1,12,6,0,23.75,0.0,50.9,8.9,7.92,14.24,665.207,0,1,24.444444,2
17868,1,13,6,0,23.84,0.0,49.58,8.2,2.76,16.98,703.346,0,1,24.444444,2
17869,1,14,6,0,23.9,0.0,48.24,6.7,2.64,18.9,671.558,0,1,24.444444,2
17870,1,15,6,0,24.01,0.0,46.22,11.0,1.44,26.47,583.258,0,1,24.444444,2
17871,1,16,6,0,24.04,0.0,44.03,10.2,8.64,25.48,433.503,0,1,24.444444,2
17872,1,17,6,0,24.06,0.0,41.76,11.9,3.96,22.76,218.2,0,1,24.444444,2
17873,1,18,6,0,24.07,0.0,40.8,15.6,8.04,19.91,17.1065,0,1,24.444444,2
17874,1,19,6,0,24.06,0.0,41.16,10.3,6.12,12.1,0.0,0,1,24.444444,2
17875,1,20,6,0,24.05,0.0,41.61,12.3,1.2,11.79,0.0,0,1,24.444444,2
17876,1,21,6,0,24.05,0.0,41.75,13.8,1.8,11.5,0.0,0,1,24.444444,2
17877,1,22,6,0,23.88,0.0,42.41,9.6,3.24,6.13,0.0,0,1,24.444444,2
17878,1,23,6,0,23.71,0.0,42.87,10.0,2.04,4.36,0.0,0,1,24.444444,2
17879,1,24,6,0,23.43,0.0,43.66,6.8,0.84,2.12,0.0,0,1,24.444444,2
17880,1,1,7,0,23.26,0.0,44.4,6.7,0.6,1.56,0.0,0,1,24.444444,2
17881,1,2,7,0,23.02,0.0,45.05,5.0,0.6,0.75,0.0,0,1,24.444444,2
17882,1,3,7,0,22.89,0.0,44.93,4.8,0.24,0.43,0.0,0,1,24.444444,2
17883,1,4,7,0,22.78,0.0,44.55,3.5,3.6,0.11,0.0,0,1,24.444444,2
17884,1,5,7,0,22.77,0.0,43.79,6.1,0.12,0.27,0.0,0,1,24.444444,2
17885,1,6,7,0,22.75,0.0,42.95,7.0,0.6,0.31,0.0,0,1,24.444444,2
17886,1,7,7,0,22.75,0.0,42.39,7.1,7.8,0.28,0.0,0,1,24.444444,2
17887,1,8,7,0,22.79,0.0,41.88,4.0,10.32,0.11,0.0,0,1,24.444444,2
17888,1,9,7,0,23.07,0.0,40.8,4.7,4.08,1.28,260.48,0,1,24.444444,2
17889,1,10,7,0,23.22,0.0,39.51,4.2,8.4,3.47,450.249,0,1,24.444444,2
17890,1,11,7,0,23.33,0.0,38.59,4.7,3.48,5.06,590.264,0,1,24.444444,2
17891,1,12,7,0,23.43,0.0,38.26,5.4,19.68,7.16,665.981,0,1,24.444444,2
17892,1,13,7,0,23.52,0.0,38.05,5.4,4.8,8.75,692.808,0,1,24.444444,2
17893,1,14,7,0,23.8,0.0,37.32,14.1,6.24,15.77,610.653,0,1,24.444444,2
17894,1,15,7,0,23.86,0.0,36.96,11.3,1.44,13.61,447.275,0,1,24.444444,2
17895,1,16,7,0,23.75,0.0,36.9,7.1,6.36,7.79,190.73,0,1,24.444444,2
17896,1,17,7,0,23.62,0.0,36.78,5.6,6.96,5.16,68.1082,0,1,24.444444,2
17897,1,18,7,0,23.55,0.0,36.86,5.0,19.8,3.55,0.0,0,1,24.444444,2
17898,1,19,7,0,23.59,0.0,37.55,8.4,3.72,5.35,0.0,0,1,24.444444,2
17899,1,20,7,0,23.61,0.0,38.58,10.0,7.08,5.43,0.0,0,1,24.444444,2
17900,1,21,7,0,23.52,0.0,39.51,7.7,4.08,3.41,0.0,0,1,24.444444,2
17901,1,22,7,0,23.45,0.0,39.85,8.2,1.2,2.49,0.0,0,1,24.444444,2
17902,1,23,7,0,23.43,0.0,40.14,12.4,1.08,2.98,0.0,0,1,24.444444,2
17903,1,24,7,0,23.16,0.0,40.35,7.9,1.2,1.02,0.0,0,1,24.444444,2
17904,1,1,8,0,22.98,0.0,39.33,6.7,0.24,0.54,0.0,0,1,24.444444,2
17905,1,2,8,0,22.79,0.0,39.08,4.7,0.72,0.09,0.0,0,1,24.444444,2
17906,1,3,8,0,22.79,0.0,38.84,8.3,0.72,0.37,0.0,0,1,24.444444,2
17907,1,4,8,0,22.64,0.0,38.87,3.7,0.36,0.0,0.0,0,1,24.444444,2
17908,1,5,8,0,22.58,0.0,37.87,4.6,0.12,0.0,0.0,0,1,24.444444,2
17909,1,6,8,0,22.56,0.0,36.24,5.4,0.24,0.0,0.0,0,1,24.444444,2
17910,1,7,8,0,22.59,0.0,34.56,9.0,1.08,0.0,0.0,0,1,24.444444,2
17911,1,8,8,0,22.55,0.0,33.46,3.6,1.92,0.0,0.0,0,1,24.444444,2
17912,1,9,8,0,22.69,0.0,31.79,5.3,7.56,0.0,270.383,0,1,24.444444,2
17913,1,10,8,0,22.84,0.0,30.11,4.7,5.64,0.29,476.33,0,1,24.444444,2
17914,1,11,8,0,23.0,0.0,28.1,6.3,19.44,1.38,625.943,0,1,24.444444,2
17915,1,12,8,0,23.14,0.0,26.69,8.6,9.48,2.92,720.335,0,1,24.444444,2
17916,1,13,8,0,23.17,0.0,25.8,4.9,3.6,2.78,747.777,0,1,24.444444,2
17917,1,14,8,0,23.36,0.0,24.57,10.2,13.92,6.37,711.829,0,1,24.444444,2
17918,1,15,8,0,23.52,0.0,23.6,10.7,1.68,9.08,613.313,0,1,24.444444,2
17919,1,16,8,0,23.58,0.0,22.91,10.8,9.48,10.43,463.139,0,1,24.444444,2
17920,1,17,8,0,23.56,0.0,22.55,9.4,11.16,7.53,245.888,0,1,24.444444,2
17921,1,18,8,0,23.45,0.0,22.76,10.0,10.44,2.62,25.0876,0,1,24.444444,2
17922,1,19,8,0,23.39,0.0,23.42,10.1,5.76,2.25,0.0,0,1,24.444444,2
17923,1,20,8,0,23.38,0.0,23.97,11.5,5.4,2.41,0.0,0,1,24.444444,2
17924,1,21,8,0,23.23,0.0,25.09,9.4,5.76,1.2,0.0,0,1,24.444444,2
17925,1,22,8,0,23.14,0.0,26.25,10.3,5.28,1.13,0.0,0,1,24.444444,2
17926,1,23,8,0,22.94,0.0,27.56,7.9,4.08,0.42,0.0,0,1,24.444444,2
17927,1,24,8,0,22.81,0.0,28.65,8.1,0.72,0.21,0.0,0,1,24.444444,2
17928,1,1,2,0,22.69,0.0,29.44,5.6,0.96,0.0,0.0,0,1,24.444444,2
17929,1,2,2,0,22.61,0.0,29.75,3.4,0.48,0.0,0.0,0,1,24.444444,2
17930,1,3,2,0,22.55,0.0,29.68,3.4,0.24,0.0,0.0,0,1,24.444444,2
17931,1,4,2,0,22.54,0.0,29.54,4.9,0.36,0.0,0.0,0,1,24.444444,2
17932,1,5,2,0,22.52,0.0,29.47,4.0,0.24,0.0,0.0,0,1,24.444444,2
17933,1,6,2,0,22.5,0.0,29.47,3.7,0.96,0.0,0.0,0,1,24.444444,2
17934,1,7,2,0,22.49,0.0,29.64,3.6,1.2,0.0,0.0,0,1,24.444444,2
17935,1,8,2,0,22.53,0.0,29.53,5.9,9.84,0.0,0.0,0,1,24.444444,2
17936,1,9,2,0,22.69,0.0,28.87,5.1,7.68,0.0,270.113,0,1,24.444444,2
17937,1,10,2,0,22.95,0.0,27.76,6.2,6.48,1.12,461.733,0,1,24.444444,2
17938,1,11,2,0,23.08,0.0,27.04,7.2,5.16,2.62,612.161,0,1,24.444444,2
17939,1,12,2,0,23.22,0.0,26.63,9.2,3.72,4.13,700.509,0,1,24.444444,2
17940,1,13,2,0,23.22,0.0,26.13,3.8,1.8,3.54,708.253,0,1,24.444444,2
17941,1,14,2,0,23.4,0.0,24.92,9.5,0.84,7.55,701.685,0,1,24.444444,2
17942,1,15,2,0,23.56,0.0,23.3,10.5,2.64,10.32,615.195,0,1,24.444444,2
17943,1,16,2,0,23.62,0.0,21.38,9.7,3.48,11.42,455.551,0,1,24.444444,2
17944,1,17,2,0,23.65,0.0,20.09,10.7,1.68,10.39,241.483,0,1,24.444444,2
17945,1,18,2,0,23.53,0.0,19.85,8.8,3.72,3.59,26.9649,0,1,24.444444,2
17946,1,19,2,0,23.5,0.0,20.09,10.2,1.56,3.71,0.0,0,1,24.444444,2
17947,1,20,2,0,23.43,0.0,20.77,9.6,4.32,2.4,0.0,0,1,24.444444,2
17948,1,21,2,0,23.38,0.0,21.56,11.7,3.0,2.25,0.0,0,1,24.444444,2
17949,1,22,2,0,23.34,0.0,22.5,13.2,2.88,1.99,0.0,0,1,24.444444,2
17950,1,23,2,0,23.19,0.0,23.88,11.9,1.08,1.19,0.0,0,1,24.444444,2
17951,1,24,2,0,22.82,0.0,25.24,6.3,1.68,0.11,0.0,0,1,24.444444,2
17952,1,1,3,0,22.7,0.0,26.07,6.9,0.36,0.04,0.0,0,1,24.444444,2
17953,1,2,3,0,22.6,0.0,26.58,4.2,0.24,0.0,0.0,0,1,24.444444,2
17954,1,3,3,0,22.55,0.0,27.14,4.0,0.24,0.0,0.0,0,1,24.444444,2
17955,1,4,3,0,22.52,0.0,27.75,3.5,2.16,0.0,0.0,0,1,24.444444,2
17956,1,5,3,0,22.51,0.0,28.42,3.7,0.36,0.0,0.0,0,1,24.444444,2
17957,1,6,3,0,22.5,0.0,29.1,4.8,1.44,0.0,0.0,0,1,24.444444,2
17958,1,7,3,0,22.49,0.0,29.8,4.8,4.2,0.0,0.0,0,1,24.444444,2
17959,1,8,3,0,22.52,0.0,30.57,5.4,14.04,0.0,0.0,0,1,24.444444,2
17960,1,9,3,0,22.7,0.0,31.04,5.3,5.28,0.0,268.076,0,1,24.444444,2
17961,1,10,3,0,22.94,0.0,31.64,6.2,6.0,0.89,465.208,0,1,24.444444,2
17962,1,11,3,0,23.04,0.0,32.26,5.2,5.4,2.03,609.716,0,1,24.444444,2
17963,1,12,3,0,23.33,0.0,32.53,12.3,4.8,6.19,695.973,0,1,24.444444,2
17964,1,13,3,0,23.3,0.0,33.28,3.9,2.4,4.16,721.763,0,1,24.444444,2
17965,1,14,3,0,23.46,0.0,33.43,10.2,4.8,8.28,706.503,0,1,24.444444,2
17966,1,15,3,0,23.56,0.0,33.65,10.3,1.2,10.3,612.719,0,1,24.444444,2
17967,1,16,3,0,23.6,0.0,33.89,9.0,4.44,10.34,453.657,0,1,24.444444,2
17968,1,17,3,0,23.57,0.0,34.2,8.3,8.88,7.53,241.083,0,1,24.444444,2
17969,1,18,3,0,23.45,0.0,34.89,8.7,3.96,2.73,23.4749,0,1,24.444444,2
17970,1,19,3,0,23.4,0.0,35.51,8.8,3.6,2.37,0.0,0,1,24.444444,2
17971,1,20,3,0,23.33,0.0,36.23,8.3,2.16,1.78,0.0,0,1,24.444444,2
17972,1,21,3,0,23.31,0.0,36.62,10.0,9.24,1.94,0.0,0,1,24.444444,2
17973,1,22,3,0,23.41,0.0,36.6,14.7,2.04,3.81,0.0,0,1,24.444444,2
17974,1,23,3,0,23.34,0.0,37.42,11.6,1.08,2.13,0.0,0,1,24.444444,2
17975,1,24,3,0,23.17,0.0,39.06,8.5,0.84,1.14,0.0,0,1,24.444444,2
17976,1,1,4,0,23.25,0.0,40.38,12.2,0.36,2.27,0.0,0,1,24.444444,2
17977,1,2,4,0,22.95,0.0,42.26,4.0,0.36,0.3,0.0,0,1,24.444444,2
17978,1,3,4,0,22.92,0.0,43.12,6.3,0.48,0.67,0.0,0,1,24.444444,2
17979,1,4,4,0,22.87,0.0,43.89,4.8,0.12,0.39,0.0,0,1,24.444444,2
17980,1,5,4,0,22.85,0.0,44.85,4.8,0.6,0.43,0.0,0,1,24.444444,2
17981,1,6,4,0,22.87,0.0,45.81,6.6,2.52,0.73,0.0,0,1,24.444444,2
17982,1,7,4,0,22.79,0.0,47.09,3.9,6.36,0.21,0.0,0,1,24.444444,2
17983,1,8,4,0,23.01,0.0,47.25,7.8,13.32,1.3,0.0,0,1,24.444444,2
17984,1,9,4,0,23.4,0.0,46.76,10.0,5.16,4.55,232.418,0,1,24.444444,2
17985,1,10,4,0,23.56,0.0,47.03,7.0,7.92,6.42,421.149,0,1,24.444444,2
17986,1,11,4,0,23.71,0.0,47.4,9.6,5.4,10.3,540.42,0,1,24.444444,2
17987,1,12,4,0,23.73,0.0,48.1,8.7,2.52,8.87,429.249,0,1,24.444444,2
17988,1,13,4,0,23.81,0.0,48.44,12.3,3.96,10.13,131.178,0,1,24.444444,2
17989,1,14,4,0,23.84,0.0,48.61,11.3,0.96,10.02,177.007,0,1,24.444444,2
17990,1,15,4,0,23.87,0.0,49.01,10.0,0.72,10.71,258.894,0,1,24.444444,2
17991,1,16,4,0,23.85,0.0,49.51,8.4,4.44,9.63,219.086,0,1,24.444444,2
17992,1,17,4,0,23.82,0.0,49.97,8.7,0.72,8.75,95.4245,0,1,24.444444,2
17993,1,18,4,0,23.8,0.0,50.4,9.6,4.8,7.7,2.65895,0,1,24.444444,2
17994,1,19,4,0,23.78,0.0,51.12,9.3,7.2,7.44,0.0,0,1,24.444444,2
17995,1,20,4,0,23.76,0.0,51.72,9.5,5.52,7.22,0.0,0,1,24.444444,2
17996,1,21,4,0,23.71,0.0,52.4,9.0,3.6,6.18,0.0,0,1,24.444444,2
17997,1,22,4,0,23.73,0.0,53.21,10.5,9.24,7.15,0.0,0,1,24.444444,2
17998,1,23,4,0,23.69,0.0,54.25,10.1,4.44,6.19,0.0,0,1,24.444444,2
17999,1,24,4,0,23.9,0.0,53.36,17.1,0.36,11.83,0.0,0,1,24.444444,2
18000,1,1,5,0,23.8,0.0,53.49,12.1,0.6,7.03,0.0,0,1,24.444444,2
18001,1,2,5,0,23.7,0.0,54.29,10.5,0.84,5.23,0.0,0,1,24.444444,2
18002,1,3,5,0,23.59,0.0,55.26,9.1,0.48,3.63,0.0,0,1,24.444444,2
18003,1,4,5,0,23.62,0.0,55.38,11.3,0.12,4.86,0.0,0,1,24.444444,2
18004,1,5,5,0,23.6,0.0,55.69,11.2,0.36,4.35,0.0,0,1,24.444444,2
18005,1,6,5,0,23.48,0.0,56.21,10.1,1.08,3.03,0.0,0,1,24.444444,2
18006,1,7,5,0,23.57,0.0,55.36,14.0,10.92,5.11,0.0,0,1,24.444444,2
18007,1,8,5,0,23.5,0.0,55.07,7.3,22.8,3.56,0.0,0,1,24.444444,2
18008,1,9,5,0,23.65,0.0,53.43,11.4,3.12,9.53,218.862,0,1,24.444444,2
18009,1,10,5,0,23.72,0.0,52.27,9.5,7.56,11.86,379.196,0,1,24.444444,2
18010,1,11,5,0,23.85,0.0,51.67,11.3,8.64,16.97,517.0,0,1,24.444444,2
18011,1,12,5,0,23.9,0.0,51.78,8.8,3.24,15.68,504.265,0,1,24.444444,2
18012,1,13,5,0,23.94,0.0,52.15,8.2,3.48,16.76,572.007,0,1,24.444444,2
18013,1,14,5,0,24.01,0.0,52.14,9.6,1.32,18.16,324.411,0,1,24.444444,2
18014,1,15,5,0,24.06,0.0,51.5,9.8,0.96,21.18,400.401,0,1,24.444444,2
18015,1,16,5,0,24.05,0.0,51.04,7.9,4.08,19.75,321.202,0,1,24.444444,2
18016,1,17,5,0,24.06,0.0,50.68,9.2,4.44,19.08,183.86,0,1,24.444444,2
18017,1,18,5,0,24.04,0.0,51.16,9.0,3.36,13.1,10.5108,0,1,24.444444,2
18018,1,19,5,0,24.02,0.0,52.5,9.1,5.4,12.16,0.0,0,1,24.444444,2
18019,1,20,5,0,24.04,0.0,53.34,11.4,7.68,13.5,0.0,0,1,24.444444,2
18020,1,21,5,0,24.01,0.0,53.78,10.5,1.8,11.61,0.0,0,1,24.444444,2
18021,1,22,5,0,24.0,0.0,53.83,10.8,15.12,10.91,0.0,0,1,24.444444,2
18022,1,23,5,0,23.94,0.0,53.83,10.6,3.6,8.51,0.0,0,1,24.444444,2
18023,1,24,5,0,23.86,0.0,53.8,10.8,1.08,7.34,0.0,0,1,24.444444,2
18024,1,1,6,0,23.37,0.0,55.1,3.5,0.48,1.57,0.0,0,1,24.444444,2
18025,1,2,6,0,23.05,0.0,54.12,4.7,0.36,0.77,0.0,0,1,24.444444,2
18026,1,3,6,0,22.83,0.0,50.08,5.8,0.6,0.28,0.0,0,1,24.444444,2
18027,1,4,6,0,22.71,0.0,45.57,5.1,0.48,0.0,0.0,0,1,24.444444,2
18028,1,5,6,0,22.61,0.0,40.92,3.7,1.08,0.0,0.0,0,1,24.444444,2
18029,1,6,6,0,22.56,0.0,37.22,3.3,1.56,0.0,0.0,0,1,24.444444,2
18030,1,7,6,0,22.55,0.0,34.66,4.8,4.2,0.0,0.0,0,1,24.444444,2
18031,1,8,6,0,22.58,0.0,32.54,8.4,13.56,0.0,0.0,0,1,24.444444,2
18032,1,9,6,0,22.58,0.0,30.62,9.1,9.0,0.0,104.28,0,1,24.444444,2
18033,1,10,6,0,22.58,0.0,29.24,7.8,8.64,0.0,278.039,0,1,24.444444,2
18034,1,11,6,0,22.52,0.0,28.5,4.1,5.16,0.0,147.284,0,1,24.444444,2
18035,1,12,6,0,22.54,0.0,27.7,8.5,4.32,0.0,140.224,0,1,24.444444,2
18036,1,13,6,0,22.55,0.0,27.31,8.3,3.84,0.0,208.941,0,1,24.444444,2
18037,1,14,6,0,22.53,0.0,27.1,7.3,2.52,0.0,89.9297,0,1,24.444444,2
18038,1,15,6,0,22.58,0.0,26.71,13.0,3.72,0.0,58.4117,0,1,24.444444,2
18039,1,16,6,0,22.55,0.0,26.3,10.1,3.96,0.0,17.5971,0,1,24.444444,2
18040,1,17,6,0,22.53,0.0,25.84,10.8,1.92,0.0,4.50299,0,1,24.444444,2
18041,1,18,6,0,22.59,0.0,25.54,14.4,4.8,0.0,0.0,0,1,24.444444,2
18042,1,19,6,0,22.56,0.0,25.6,10.9,4.8,0.0,0.0,0,1,24.444444,2
18043,1,20,6,0,22.53,0.0,25.52,9.6,2.52,0.0,0.0,0,1,24.444444,2
18044,1,21,6,0,22.65,0.0,25.16,19.4,2.16,0.18,0.0,0,1,24.444444,2
18045,1,22,6,0,22.57,0.0,25.3,10.8,5.4,0.0,0.0,0,1,24.444444,2
18046,1,23,6,0,22.53,0.0,25.31,9.4,0.96,0.0,0.0,0,1,24.444444,2
18047,1,24,6,0,22.48,0.0,25.35,6.0,3.48,0.0,0.0,0,1,24.444444,2
18048,1,1,7,0,22.48,0.0,25.31,4.9,0.6,0.0,0.0,0,1,24.444444,2
18049,1,2,7,0,22.48,0.0,25.3,5.0,0.48,0.0,0.0,0,1,24.444444,2
18050,1,3,7,0,22.48,0.0,25.45,3.4,0.36,0.0,0.0,0,1,24.444444,2
18051,1,4,7,0,22.48,0.0,25.25,5.0,3.36,0.0,0.0,0,1,24.444444,2
18052,1,5,7,0,22.48,0.0,25.04,5.1,0.0,0.0,0.0,0,1,24.444444,2
18053,1,6,7,0,22.48,0.0,24.87,5.6,0.36,0.0,0.0,0,1,24.444444,2
18054,1,7,7,0,22.48,0.0,24.66,4.4,1.08,0.0,0.0,0,1,24.444444,2
18055,1,8,7,0,22.48,0.0,24.47,3.6,7.56,0.0,61.7074,0,1,24.444444,2
18056,1,9,7,0,22.49,0.0,24.03,5.4,4.8,0.0,284.867,0,1,24.444444,2
18057,1,10,7,0,22.59,0.0,23.16,5.7,17.04,0.0,498.319,0,1,24.444444,2
18058,1,11,7,0,22.72,0.0,22.61,5.5,8.64,0.06,648.001,0,1,24.444444,2
18059,1,12,7,0,22.78,0.0,22.47,5.2,1.44,0.3,753.36,0,1,24.444444,2
18060,1,13,7,0,22.86,0.0,22.37,4.6,6.6,0.69,775.661,0,1,24.444444,2
18061,1,14,7,0,23.08,0.0,22.05,7.5,4.68,1.86,754.045,0,1,24.444444,2
18062,1,15,7,0,23.36,0.0,21.73,10.4,2.04,4.12,655.784,0,1,24.444444,2
18063,1,16,7,0,23.34,0.0,21.74,5.0,6.96,3.1,501.66,0,1,24.444444,2
18064,1,17,7,0,23.3,0.0,21.76,6.5,5.52,3.1,275.735,0,1,24.444444,2
18065,1,18,7,0,23.27,0.0,22.01,11.1,6.0,1.5,31.541,0,1,24.444444,2
18066,1,19,7,0,22.9,0.0,23.13,5.0,5.16,0.22,0.0,0,1,24.444444,2
18067,1,20,7,0,22.92,0.0,23.9,10.3,5.88,0.67,0.0,0,1,24.444444,2
18068,1,21,7,0,22.81,0.0,24.83,8.0,1.68,0.19,0.0,0,1,24.444444,2
18069,1,22,7,0,22.78,0.0,25.3,10.8,2.4,0.25,0.0,0,1,24.444444,2
18070,1,23,7,0,22.7,0.0,25.66,9.5,3.36,0.06,0.0,0,1,24.444444,2
18071,1,24,7,0,22.66,0.0,25.64,10.2,0.48,0.01,0.0,0,1,24.444444,2
18072,1,1,1,0,22.57,0.0,25.56,7.3,1.32,0.0,0.0,0,1,24.444444,2
18073,1,2,1,0,22.5,0.0,25.41,3.8,4.56,0.0,0.0,0,1,24.444444,2
18074,1,3,1,0,22.55,0.0,24.95,12.2,0.6,0.0,0.0,0,1,24.444444,2
18075,1,4,1,0,22.49,0.0,24.73,4.4,0.24,0.0,0.0,0,1,24.444444,2
18076,1,5,1,0,22.48,0.0,24.48,5.8,0.0,0.0,0.0,0,1,24.444444,2
18077,1,6,1,0,22.48,0.0,24.31,5.1,0.48,0.0,0.0,0,1,24.444444,2
18078,1,7,1,0,22.48,0.0,24.11,10.2,0.72,0.0,0.0,0,1,24.444444,2
18079,1,8,1,0,22.48,0.0,23.94,3.3,10.8,0.0,61.753,0,1,24.444444,2
18080,1,9,1,0,22.51,0.0,23.72,4.5,8.28,0.0,276.905,0,1,24.444444,2
18081,1,10,1,0,22.65,0.0,23.27,4.6,4.32,0.0,483.092,0,1,24.444444,2
18082,1,11,1,0,22.89,0.0,22.77,8.0,25.32,0.45,622.692,0,1,24.444444,2
18083,1,12,1,0,23.11,0.0,22.43,10.5,7.56,2.65,658.481,0,1,24.444444,2
18084,1,13,1,0,23.15,0.0,22.22,5.2,9.0,2.21,738.894,0,1,24.444444,2
18085,1,14,1,0,23.4,0.0,21.47,12.9,6.12,6.85,704.522,0,1,24.444444,2
18086,1,15,1,0,23.5,0.0,21.31,9.0,0.72,7.27,614.074,0,1,24.444444,2
18087,1,16,1,0,23.57,0.0,21.76,11.4,3.36,10.2,488.07,0,1,24.444444,2
18088,1,17,1,0,23.56,0.0,22.86,10.1,6.24,7.44,272.515,0,1,24.444444,2
18089,1,18,1,0,23.44,0.0,24.59,9.7,12.0,2.68,30.917,0,1,24.444444,2
18090,1,19,1,0,23.37,0.0,26.12,10.3,10.32,2.13,0.0,0,1,24.444444,2
18091,1,20,1,0,23.3,0.0,27.37,10.0,5.04,1.53,0.0,0,1,24.444444,2
18092,1,21,1,0,23.15,0.0,28.6,9.2,7.56,0.96,0.0,0,1,24.444444,2
18093,1,22,1,0,22.99,0.0,29.93,8.2,10.68,0.54,0.0,0,1,24.444444,2
18094,1,23,1,0,22.86,0.0,31.3,7.5,4.68,0.22,0.0,0,1,24.444444,2
18095,1,24,1,0,22.85,0.0,32.34,10.0,4.08,0.45,0.0,0,1,24.444444,2
18096,1,1,2,0,22.72,0.0,33.41,6.1,0.72,0.01,0.0,0,1,24.444444,2
18097,1,2,2,0,22.65,0.0,34.49,3.5,0.48,0.0,0.0,0,1,24.444444,2
18098,1,3,2,0,22.63,0.0,35.6,3.1,0.0,0.0,0.0,0,1,24.444444,2
18099,1,4,2,0,22.62,0.0,36.96,3.5,0.36,0.0,0.0,0,1,24.444444,2
18100,1,5,2,0,22.69,0.0,37.96,8.1,0.12,0.1,0.0,0,1,24.444444,2
18101,1,6,2,0,22.66,0.0,39.65,3.6,3.12,0.0,0.0,0,1,24.444444,2
18102,1,7,2,0,22.69,0.0,41.39,5.0,8.28,0.07,0.0,0,1,24.444444,2
18103,1,8,2,0,22.7,0.0,42.84,4.4,12.36,0.08,23.2859,0,1,24.444444,2
18104,1,9,2,0,22.99,0.0,43.05,13.8,3.12,1.71,114.86,0,1,24.444444,2
18105,1,10,2,0,23.1,0.0,43.21,7.5,0.72,1.23,254.664,0,1,24.444444,2
18106,1,11,2,0,23.1,0.0,43.5,5.0,5.04,1.15,269.068,0,1,24.444444,2
18107,1,12,2,0,23.35,0.0,43.18,9.1,1.92,3.13,220.746,0,1,24.444444,2
18108,1,13,2,0,23.4,0.0,43.61,4.0,1.68,2.98,353.088,0,1,24.444444,2
18109,1,14,2,0,23.71,0.0,42.98,10.4,3.72,12.26,623.301,0,1,24.444444,2
18110,1,15,2,0,23.83,0.0,42.64,8.6,0.96,13.13,522.566,0,1,24.444444,2
18111,1,16,2,0,23.9,0.0,42.7,9.9,1.2,12.9,250.794,0,1,24.444444,2
18112,1,17,2,0,23.87,0.0,43.27,8.2,1.92,12.36,231.45,0,1,24.444444,2
18113,1,18,2,0,23.84,0.0,44.17,9.0,1.8,8.61,24.1014,0,1,24.444444,2
18114,1,19,2,0,23.91,0.0,44.77,12.2,3.36,10.62,0.0,0,1,24.444444,2
18115,1,20,2,0,23.86,0.0,45.98,9.6,3.6,7.77,0.0,0,1,24.444444,2
18116,1,21,2,0,24.05,0.0,45.88,20.0,3.96,16.34,0.0,0,1,24.444444,2
18117,1,22,2,0,24.07,0.0,46.58,17.7,3.6,14.84,0.0,0,1,24.444444,2
18118,1,23,2,0,24.01,0.0,48.55,13.6,4.68,9.92,0.0,0,1,24.444444,2
18119,1,24,2,0,24.01,0.0,49.8,14.9,0.84,11.02,0.0,0,1,24.444444,2
18120,1,1,3,0,23.76,0.0,51.91,7.9,1.32,4.66,0.0,0,1,24.444444,2
18121,1,2,3,0,23.4,0.0,54.49,4.5,0.36,1.91,0.0,0,1,24.444444,2
18122,1,3,3,0,23.15,0.0,55.31,3.9,0.36,1.27,0.0,0,1,24.444444,2
18123,1,4,3,0,23.14,0.0,55.41,4.8,1.92,1.47,0.0,0,1,24.444444,2
18124,1,5,3,0,23.13,0.0,56.29,3.9,0.96,1.44,0.0,0,1,24.444444,2
18125,1,6,3,0,23.14,0.0,57.66,4.3,4.44,1.65,0.0,0,1,24.444444,2
18126,1,7,3,0,23.11,0.0,59.57,3.5,7.92,1.47,0.0,0,1,24.444444,2
18127,1,8,3,0,23.24,0.0,60.41,7.1,26.52,3.35,27.6455,0,1,24.444444,2
18128,1,9,3,0,23.29,0.0,60.97,6.0,6.0,3.03,105.656,0,1,24.444444,2
18129,1,10,3,0,23.42,0.0,60.88,7.2,2.16,4.31,172.469,0,1,24.444444,2
18130,1,11,3,0,23.49,0.0,60.82,5.4,3.24,4.29,218.884,0,1,24.444444,2
18131,1,12,3,0,23.66,0.0,59.29,9.2,2.88,9.21,259.581,0,1,24.444444,2
18132,1,13,3,0,23.63,0.0,58.56,5.4,0.96,6.59,269.801,0,1,24.444444,2
18133,1,14,3,0,23.81,0.0,57.47,12.0,0.72,12.09,241.441,0,1,24.444444,2
18134,1,15,3,0,23.79,0.0,57.37,9.6,2.4,8.24,40.7267,0,1,24.444444,2
18135,1,16,3,0,23.62,0.0,57.28,9.1,8.04,4.24,22.6808,0,1,24.444444,2
18136,1,17,3,0,23.4,0.0,56.53,8.9,0.72,2.36,6.68818,0,1,24.444444,2
18137,1,18,3,0,23.31,0.0,55.21,8.9,5.04,2.35,0.0,0,1,24.444444,2
18138,1,19,3,0,23.27,0.0,54.13,8.4,1.8,2.14,0.0,0,1,24.444444,2
18139,1,20,3,0,23.18,0.0,54.1,7.2,4.44,1.3,0.0,0,1,24.444444,2
18140,1,21,3,0,23.17,0.0,54.02,8.8,9.6,1.67,0.0,0,1,24.444444,2
18141,1,22,3,0,23.18,0.0,53.02,11.3,3.12,1.93,0.0,0,1,24.444444,2
18142,1,23,3,0,23.05,0.0,51.49,11.2,1.56,1.09,0.0,0,1,24.444444,2
18143,1,24,3,0,22.83,0.0,49.62,7.4,0.96,0.25,0.0,0,1,24.444444,2
18144,1,1,4,0,22.83,0.0,47.44,10.6,0.48,0.62,0.0,0,1,24.444444,2
18145,1,2,4,0,22.7,0.0,46.2,5.3,0.48,0.0,0.0,0,1,24.444444,2
18146,1,3,4,0,22.71,0.0,44.38,9.2,0.48,0.13,0.0,0,1,24.444444,2
18147,1,4,4,0,22.62,0.0,42.98,5.3,0.0,0.0,0.0,0,1,24.444444,2
18148,1,5,4,0,22.56,0.0,41.8,3.6,0.12,0.0,0.0,0,1,24.444444,2
18149,1,6,4,0,22.58,0.0,40.79,7.0,0.96,0.0,0.0,0,1,24.444444,2
18150,1,7,4,0,22.53,0.0,40.21,3.5,5.28,0.0,0.0,0,1,24.444444,2
18151,1,8,4,0,22.57,0.0,39.36,8.8,11.28,0.0,18.0028,0,1,24.444444,2
18152,1,9,4,0,22.55,0.0,37.95,7.5,5.04,0.0,80.5979,0,1,24.444444,2
18153,1,10,4,0,22.56,0.0,36.16,9.4,6.36,0.0,140.676,0,1,24.444444,2
18154,1,11,4,0,22.57,0.0,34.5,8.6,2.4,0.0,174.705,0,1,24.444444,2
18155,1,12,4,0,22.61,0.0,33.48,8.7,10.8,0.0,262.149,0,1,24.444444,2
18156,1,13,4,0,22.93,0.0,32.11,16.2,2.4,0.95,400.03,0,1,24.444444,2
18157,1,14,4,0,22.88,0.0,31.4,8.8,1.2,0.42,450.381,0,1,24.444444,2
18158,1,15,4,0,22.99,0.0,30.53,9.5,0.96,1.04,377.047,0,1,24.444444,2
18159,1,16,4,0,23.03,0.0,29.91,8.7,1.32,1.09,274.17,0,1,24.444444,2
18160,1,17,4,0,23.01,0.0,29.57,8.9,3.72,0.97,132.532,0,1,24.444444,2
18161,1,18,4,0,22.97,0.0,29.72,9.9,4.44,0.77,8.48521,0,1,24.444444,2
18162,1,19,4,0,22.97,0.0,30.29,10.9,2.52,0.97,0.0,0,1,24.444444,2
18163,1,20,4,0,23.0,0.0,30.99,11.7,6.6,1.09,0.0,0,1,24.444444,2
18164,1,21,4,0,22.89,0.0,31.62,8.2,3.36,0.36,0.0,0,1,24.444444,2
18165,1,22,4,0,22.89,0.0,31.44,10.7,11.4,0.67,0.0,0,1,24.444444,2
18166,1,23,4,0,22.88,0.0,30.86,11.4,4.32,0.64,0.0,0,1,24.444444,2
18167,1,24,4,0,22.85,0.0,30.31,11.6,0.6,0.57,0.0,0,1,24.444444,2
18168,1,1,5,0,22.78,0.0,30.04,10.2,0.72,0.32,0.0,0,1,24.444444,2
18169,1,2,5,0,22.75,0.0,30.09,10.7,0.6,0.27,0.0,0,1,24.444444,2
18170,1,3,5,0,22.69,0.0,30.15,8.4,0.24,0.0,0.0,0,1,24.444444,2
18171,1,4,5,0,22.71,0.0,29.9,11.5,0.24,0.23,0.0,0,1,24.444444,2
18172,1,5,5,0,22.71,0.0,29.69,12.3,0.12,0.3,0.0,0,1,24.444444,2
18173,1,6,5,0,22.64,0.0,29.61,8.6,2.64,0.0,0.0,0,1,24.444444,2
18174,1,7,5,0,22.66,0.0,29.39,11.6,2.28,0.05,0.0,0,1,24.444444,2
18175,1,8,5,0,22.63,0.0,29.16,9.2,20.04,0.0,38.7974,0,1,24.444444,2
18176,1,9,5,0,22.66,0.0,28.57,11.3,4.32,0.03,177.05,0,1,24.444444,2
18177,1,10,5,0,22.85,0.0,27.47,12.4,2.64,0.42,385.105,0,1,24.444444,2
18178,1,11,5,0,23.02,0.0,26.52,10.1,3.6,1.01,648.639,0,1,24.444444,2
18179,1,12,5,0,23.11,0.0,25.72,8.1,3.24,1.62,749.219,0,1,24.444444,2
18180,1,13,5,0,23.25,0.0,24.62,9.8,3.24,4.19,783.726,0,1,24.444444,2
18181,1,14,5,0,23.41,0.0,22.88,9.7,1.56,6.46,751.39,0,1,24.444444,2
18182,1,15,5,0,23.55,0.0,20.99,10.4,0.96,9.73,658.478,0,1,24.444444,2
18183,1,16,5,0,23.59,0.0,19.76,8.2,1.32,10.11,501.003,0,1,24.444444,2
18184,1,17,5,0,23.59,0.0,19.13,7.8,3.0,8.01,294.683,0,1,24.444444,2
18185,1,18,5,0,23.47,0.0,19.54,9.5,2.88,3.37,37.4046,0,1,24.444444,2
18186,1,19,5,0,23.36,0.0,20.58,9.5,3.96,1.96,0.0,0,1,24.444444,2
18187,1,20,5,0,23.36,0.0,21.31,12.4,5.16,2.42,0.0,0,1,24.444444,2
18188,1,21,5,0,23.26,0.0,21.97,10.8,1.08,1.4,0.0,0,1,24.444444,2
18189,1,22,5,0,23.15,0.0,22.65,11.0,7.92,1.14,0.0,0,1,24.444444,2
18190,1,23,5,0,23.0,0.0,23.23,10.6,3.48,0.72,0.0,0,1,24.444444,2
18191,1,24,5,0,23.02,0.0,23.43,14.0,0.6,1.1,0.0,0,1,24.444444,2
18192,1,1,6,0,22.76,0.0,24.03,6.6,0.6,0.01,0.0,0,1,24.444444,2
18193,1,2,6,0,22.65,0.0,24.64,5.3,0.48,0.0,0.0,0,1,24.444444,2
18194,1,3,6,0,22.63,0.0,25.55,6.8,0.12,0.0,0.0,0,1,24.444444,2
18195,1,4,6,0,22.56,0.0,26.81,3.8,0.48,0.0,0.0,0,1,24.444444,2
18196,1,5,6,0,22.56,0.0,27.85,5.3,0.6,0.0,0.0,0,1,24.444444,2
18197,1,6,6,0,22.54,0.0,29.02,4.2,1.2,0.0,0.0,0,1,24.444444,2
18198,1,7,6,0,22.54,0.0,30.06,5.7,9.12,0.0,0.0,0,1,24.444444,2
18199,1,8,6,0,22.64,0.0,30.57,7.8,11.52,0.0,61.0518,0,1,24.444444,2
18200,1,9,6,0,22.98,0.0,30.54,7.1,9.12,0.73,269.356,0,1,24.444444,2
18201,1,10,6,0,23.29,0.0,30.52,7.8,3.48,3.8,462.235,0,1,24.444444,2
18202,1,11,6,0,23.37,0.0,30.4,5.1,1.56,4.49,603.143,0,1,24.444444,2
18203,1,12,6,0,23.58,0.0,29.59,9.8,4.44,8.85,683.151,0,1,24.444444,2
18204,1,13,6,0,23.68,0.0,28.87,7.6,3.0,10.27,713.558,0,1,24.444444,2
18205,1,14,6,0,23.75,0.0,27.84,7.0,3.48,12.82,703.599,0,1,24.444444,2
18206,1,15,6,0,23.92,0.0,26.28,10.1,1.08,18.8,621.176,0,1,24.444444,2
18207,1,16,6,0,24.0,0.0,25.05,11.0,9.48,21.71,480.053,0,1,24.444444,2
18208,1,17,6,0,24.0,0.0,24.44,9.1,3.12,17.65,274.728,0,1,24.444444,2
18209,1,18,6,0,23.99,0.0,24.38,10.1,2.28,11.92,34.2767,0,1,24.444444,2
18210,1,19,6,0,24.0,0.0,25.18,12.0,4.68,11.33,0.0,0,1,24.444444,2
18211,1,20,6,0,23.95,0.0,26.13,10.2,2.64,8.37,0.0,0,1,24.444444,2
18212,1,21,6,0,23.8,0.0,27.42,9.1,3.6,5.67,0.0,0,1,24.444444,2
18213,1,22,6,0,23.75,0.0,28.78,11.4,1.32,5.49,0.0,0,1,24.444444,2
18214,1,23,6,0,23.46,0.0,30.78,7.5,1.08,1.94,0.0,0,1,24.444444,2
18215,1,24,6,0,23.19,0.0,32.68,6.6,1.32,1.05,0.0,0,1,24.444444,2
18216,1,1,7,0,22.96,0.0,34.45,4.7,0.6,0.45,0.0,0,1,24.444444,2
18217,1,2,7,0,22.85,0.0,36.02,5.0,1.92,0.29,0.0,0,1,24.444444,2
18218,1,3,7,0,22.79,0.0,37.68,5.2,0.24,0.18,0.0,0,1,24.444444,2
18219,1,4,7,0,22.73,0.0,39.14,4.6,0.84,0.01,0.0,0,1,24.444444,2
18220,1,5,7,0,22.72,0.0,40.31,5.1,0.48,0.02,0.0,0,1,24.444444,2
18221,1,6,7,0,22.68,0.0,41.62,3.3,0.96,0.0,0.0,0,1,24.444444,2
18222,1,7,7,0,22.73,0.0,42.61,6.2,2.64,0.27,0.0,0,1,24.444444,2
18223,1,8,7,0,22.73,0.0,43.49,5.6,3.96,0.23,20.0667,0,1,24.444444,2
18224,1,9,7,0,22.74,0.0,44.54,4.6,3.24,0.17,75.7103,0,1,24.444444,2
18225,1,10,7,0,22.82,0.0,45.47,4.6,7.2,0.6,189.157,0,1,24.444444,2
18226,1,11,7,0,23.26,0.0,45.36,7.6,18.36,2.88,465.027,0,1,24.444444,2
18227,1,12,7,0,23.4,0.0,45.84,4.4,7.8,3.01,448.906,0,1,24.444444,2
18228,1,13,7,0,23.48,0.0,46.0,4.5,4.92,4.07,406.782,0,1,24.444444,2
18229,1,14,7,0,23.78,0.0,44.56,12.1,5.88,10.83,325.292,0,1,24.444444,2
18230,1,15,7,0,23.87,0.0,43.85,10.8,3.6,10.61,278.191,0,1,24.444444,2
18231,1,16,7,0,23.86,0.0,43.95,8.3,4.56,9.04,211.401,0,1,24.444444,2
18232,1,17,7,0,23.71,0.0,44.79,4.4,3.84,5.19,102.12,0,1,24.444444,2
18233,1,18,7,0,23.87,0.0,44.9,11.9,4.44,9.96,6.61204,0,1,24.444444,2
18234,1,19,7,0,23.7,0.0,46.46,4.9,6.36,4.44,0.0,0,1,24.444444,2
18235,1,20,7,0,23.83,0.0,47.17,11.0,10.2,8.79,0.0,0,1,24.444444,2
18236,1,21,7,0,23.87,0.0,47.4,11.7,1.68,8.57,0.0,0,1,24.444444,2
18237,1,22,7,0,23.75,0.0,48.08,8.9,1.08,5.81,0.0,0,1,24.444444,2
18238,1,23,7,0,23.83,0.0,47.84,13.2,1.8,8.4,0.0,0,1,24.444444,2
18239,1,24,7,0,23.64,0.0,48.4,8.2,1.68,3.78,0.0,0,1,24.444444,2
18240,1,1,1,0,23.47,0.0,49.73,6.4,1.08,2.66,0.0,0,1,24.444444,2
18241,1,2,1,0,23.4,0.0,51.47,6.5,3.6,2.64,0.0,0,1,24.444444,2
18242,1,3,1,0,23.51,0.0,52.15,9.4,0.84,4.04,0.0,0,1,24.444444,2
18243,1,4,1,0,23.33,0.0,53.65,5.3,0.48,1.96,0.0,0,1,24.444444,2
18244,1,5,1,0,23.2,0.0,55.15,3.9,0.24,1.32,0.0,0,1,24.444444,2
18245,1,6,1,0,23.27,0.0,55.52,7.3,0.72,2.63,0.0,0,1,24.444444,2
18246,1,7,1,0,23.41,0.0,55.26,10.5,0.6,4.07,0.0,0,1,24.444444,2
18247,1,8,1,0,23.41,0.0,55.26,6.1,5.52,2.95,45.2766,0,1,24.444444,2
18248,1,9,1,0,23.53,0.0,54.71,5.8,4.68,5.78,195.675,0,1,24.444444,2
18249,1,10,1,0,23.68,0.0,53.61,5.9,5.28,11.23,408.779,0,1,24.444444,2
18250,1,11,1,0,23.76,0.0,52.71,5.3,17.16,12.59,511.982,0,1,24.444444,2
18251,1,12,1,0,23.91,0.0,51.75,9.3,12.12,17.72,441.518,0,1,24.444444,2
18252,1,13,1,0,23.96,0.0,51.66,6.5,11.64,15.9,435.087,0,1,24.444444,2
18253,1,14,1,0,24.05,0.0,51.12,10.5,7.8,21.68,370.61,0,1,24.444444,2
18254,1,15,1,0,24.06,0.0,50.16,9.3,4.8,24.4,461.966,0,1,24.444444,2
18255,1,16,1,0,24.07,0.0,49.24,11.2,9.0,28.08,386.55,0,1,24.444444,2
18256,1,17,1,0,24.07,0.0,48.78,10.0,2.76,24.62,244.679,0,1,24.444444,2
18257,1,18,1,0,24.07,0.0,48.89,13.5,6.0,23.39,27.7095,0,1,24.444444,2
18258,1,19,1,0,24.07,0.0,49.94,10.8,16.2,18.2,0.0,0,1,24.444444,2
18259,1,20,1,0,24.07,0.0,50.73,15.5,7.44,23.45,0.0,0,1,24.444444,2
18260,1,21,1,0,24.05,0.0,52.31,8.4,5.52,12.03,0.0,0,1,24.444444,2
18261,1,22,1,0,23.96,0.0,54.85,6.2,9.48,8.8,0.0,0,1,24.444444,2
18262,1,23,1,0,23.97,0.0,56.07,8.6,7.32,10.03,0.0,0,1,24.444444,2
18263,1,24,1,0,24.06,0.0,55.1,16.0,4.44,17.9,0.0,0,1,24.444444,2
18264,2,1,2,0,23.9,0.0,56.2,7.5,1.08,7.3,0.0,0,1,24.444444,2
18265,2,2,2,0,23.8,0.0,58.63,6.4,0.36,6.51,0.0,0,1,24.444444,2
18266,2,3,2,0,23.63,0.0,61.44,3.6,0.48,3.9,0.0,0,1,24.444444,2
18267,2,4,2,0,23.56,0.0,63.05,4.6,0.72,3.99,0.0,0,1,24.444444,2
18268,2,5,2,0,23.53,0.0,63.81,5.2,0.24,3.93,0.0,0,1,24.444444,2
18269,2,6,2,0,23.39,0.0,64.96,3.4,2.76,2.75,0.0,0,1,24.444444,2
18270,2,7,2,0,23.38,0.0,65.5,4.5,11.28,3.28,0.0,0,1,24.444444,2
18271,2,8,2,0,23.53,0.0,64.8,3.5,11.16,6.09,55.7269,0,1,24.444444,2
18272,2,9,2,0,23.66,0.0,63.16,4.8,9.24,11.31,245.351,0,1,24.444444,2
18273,2,10,2,0,23.68,0.0,62.21,4.8,5.88,8.72,265.234,0,1,24.444444,2
18274,2,11,2,0,23.7,0.0,62.43,4.6,11.4,9.23,268.705,0,1,24.444444,2
18275,2,12,2,0,23.78,0.0,61.71,4.5,5.04,13.84,485.698,0,1,24.444444,2
18276,2,13,2,0,23.92,0.0,59.52,6.7,1.56,21.34,665.873,0,1,24.444444,2
18277,2,14,2,0,23.97,0.0,58.27,4.1,4.92,21.71,572.514,0,1,24.444444,2
18278,2,15,2,0,24.06,0.0,55.29,9.8,8.64,33.58,573.713,0,1,24.444444,2
18279,2,16,2,0,24.05,0.0,54.14,4.4,1.2,27.08,436.895,0,1,24.444444,2
18280,2,17,2,0,24.05,0.0,54.4,4.8,7.32,24.25,246.426,0,1,24.444444,2
18281,2,18,2,0,24.05,0.0,55.59,4.2,3.48,16.57,29.6968,0,1,24.444444,2
18282,2,19,2,0,24.05,0.0,57.27,4.2,2.88,15.34,0.0,0,1,24.444444,2
18283,2,20,2,0,24.07,0.0,57.16,10.0,4.2,22.79,0.0,0,1,24.444444,2
18284,2,21,2,0,24.07,0.0,56.55,9.3,11.16,19.9,0.0,0,1,24.444444,2
18285,2,22,2,0,24.07,0.0,56.54,8.5,3.96,17.41,0.0,0,1,24.444444,2
18286,2,23,2,0,24.07,0.0,56.72,9.6,2.52,17.39,0.0,0,1,24.444444,2
18287,2,24,2,0,24.04,0.0,58.27,6.6,0.72,11.98,0.0,0,1,24.444444,2
18288,2,1,3,0,23.96,0.0,61.42,4.5,0.48,9.24,0.0,0,1,24.444444,2
18289,2,2,3,0,23.92,0.0,64.03,4.6,2.04,9.34,0.0,0,1,24.444444,2
18290,2,3,3,0,23.86,0.0,65.8,4.1,0.36,8.39,0.0,0,1,24.444444,2
18291,2,4,3,0,23.88,0.0,66.66,6.0,0.0,9.8,0.0,0,1,24.444444,2
18292,2,5,3,0,23.77,0.0,67.97,3.4,0.6,6.83,0.0,0,1,24.444444,2
18293,2,6,3,0,23.74,0.0,68.81,3.8,2.88,7.34,0.0,0,1,24.444444,2
18294,2,7,3,0,23.72,0.0,69.78,3.5,1.68,7.63,0.0,0,1,24.444444,2
18295,2,8,3,0,23.79,0.0,69.13,3.4,23.88,12.73,56.3822,0,1,24.444444,2
18296,2,9,3,0,23.83,0.0,67.31,5.0,9.48,15.26,146.387,0,1,24.444444,2
18297,2,10,3,0,23.9,0.0,64.97,5.3,3.12,20.17,382.869,0,1,24.444444,2
18298,2,11,3,0,23.94,0.0,64.28,4.1,7.56,16.48,300.589,0,1,24.444444,2
18299,2,12,3,0,23.94,0.0,65.14,3.2,6.36,15.13,184.702,0,1,24.444444,2
18300,2,13,3,0,23.99,0.0,64.62,3.4,6.12,19.49,438.886,0,1,24.444444,2
18301,2,14,3,0,24.04,0.0,63.29,4.2,0.96,19.6,311.729,0,1,24.444444,2
18302,2,15,3,0,24.07,0.0,61.43,10.0,1.92,25.21,136.142,0,1,24.444444,2
18303,2,16,3,0,24.04,0.0,61.38,3.6,0.96,15.01,34.8428,0,1,24.444444,2
18304,2,17,3,0,24.04,0.0,62.12,3.9,0.84,17.82,140.626,0,1,24.444444,2
18305,2,18,3,0,24.03,0.0,62.72,3.9,4.92,14.28,19.5288,0,1,24.444444,2
18306,2,19,3,0,24.05,0.0,63.93,5.8,15.72,16.42,0.0,0,1,24.444444,2
18307,2,20,3,0,24.06,0.0,64.35,7.0,6.12,17.29,0.0,0,1,24.444444,2
18308,2,21,3,0,24.05,0.0,64.58,7.1,9.96,16.54,0.0,0,1,24.444444,2
18309,2,22,3,0,24.05,0.0,65.03,7.0,5.76,16.35,0.0,0,1,24.444444,2
18310,2,23,3,0,24.06,0.0,65.01,8.9,1.44,18.76,0.0,0,1,24.444444,2
18311,2,24,3,0,24.05,0.0,65.02,8.0,1.68,16.66,0.0,0,1,24.444444,2
18312,2,1,4,0,24.07,0.0,62.94,15.9,1.08,26.25,0.0,0,1,24.444444,2
18313,2,2,4,0,23.82,0.0,61.82,6.3,0.72,5.09,0.0,0,1,24.444444,2
18314,2,3,4,0,23.58,0.0,59.69,8.6,0.48,3.92,0.0,0,1,24.444444,2
18315,2,4,4,0,23.31,0.0,58.11,4.8,0.36,1.85,0.0,0,1,24.444444,2
18316,2,5,4,0,23.16,0.0,55.48,4.2,1.56,1.27,0.0,0,1,24.444444,2
18317,2,6,4,0,23.16,0.0,53.21,6.6,6.36,1.62,0.0,0,1,24.444444,2
18318,2,7,4,0,23.0,0.0,52.24,4.1,15.48,0.63,0.0,0,1,24.444444,2
18319,2,8,4,0,23.09,0.0,50.89,8.2,8.28,1.55,0.0,0,1,24.444444,2
18320,2,9,4,0,23.17,0.0,49.48,10.3,2.04,2.11,15.9635,0,1,24.444444,2
18321,2,10,4,0,23.35,0.0,48.39,9.2,2.16,2.98,299.341,0,1,24.444444,2
18322,2,11,4,0,23.37,0.0,47.7,8.8,3.84,2.84,186.665,0,1,24.444444,2
18323,2,12,4,0,23.47,0.0,45.44,9.3,6.36,3.82,307.71,0,1,24.444444,2
18324,2,13,4,0,23.5,0.0,42.46,7.4,3.48,3.74,326.91,0,1,24.444444,2
18325,2,14,4,0,23.52,0.0,38.62,7.3,4.92,4.3,271.04,0,1,24.444444,2
18326,2,15,4,0,23.64,0.0,35.44,10.4,1.08,6.5,235.605,0,1,24.444444,2
18327,2,16,4,0,23.74,0.0,32.9,12.1,1.32,7.33,128.705,0,1,24.444444,2
18328,2,17,4,0,23.64,0.0,31.34,8.1,1.8,4.61,98.677,0,1,24.444444,2
18329,2,18,4,0,23.58,0.0,31.03,8.6,7.92,4.0,43.6484,0,1,24.444444,2
18330,2,19,4,0,23.54,0.0,31.4,9.0,3.6,3.66,0.0,0,1,24.444444,2
18331,2,20,4,0,23.55,0.0,31.6,9.8,3.84,3.85,0.0,0,1,24.444444,2
18332,2,21,4,0,23.65,0.0,31.39,14.1,12.84,6.0,0.0,0,1,24.444444,2
18333,2,22,4,0,23.65,0.0,31.36,14.6,10.56,5.39,0.0,0,1,24.444444,2
18334,2,23,4,0,23.38,0.0,31.88,10.3,5.52,1.64,0.0,0,1,24.444444,2
18335,2,24,4,0,23.14,0.0,32.13,8.6,1.2,0.92,0.0,0,1,24.444444,2
18336,2,1,5,0,23.21,0.0,31.35,12.1,0.24,1.71,0.0,0,1,24.444444,2
18337,2,2,5,0,22.9,0.0,31.49,6.0,0.72,0.23,0.0,0,1,24.444444,2
18338,2,3,5,0,22.7,0.0,31.4,3.9,0.48,0.0,0.0,0,1,24.444444,2
18339,2,4,5,0,22.64,0.0,31.47,4.4,0.36,0.0,0.0,0,1,24.444444,2
18340,2,5,5,0,22.61,0.0,31.34,5.1,0.72,0.0,0.0,0,1,24.444444,2
18341,2,6,5,0,22.56,0.0,30.83,3.4,2.28,0.0,0.0,0,1,24.444444,2
18342,2,7,5,0,22.65,0.0,30.11,10.2,4.32,0.06,0.0,0,1,24.444444,2
18343,2,8,5,0,22.66,0.0,29.7,5.3,15.48,0.0,67.7191,0,1,24.444444,2
18344,2,9,5,0,22.9,0.0,28.83,7.6,18.12,0.34,288.658,0,1,24.444444,2
18345,2,10,5,0,23.01,0.0,28.16,6.4,11.28,1.27,503.011,0,1,24.444444,2
18346,2,11,5,0,23.08,0.0,27.27,6.5,6.6,2.32,656.281,0,1,24.444444,2
18347,2,12,5,0,23.21,0.0,26.24,8.0,10.32,3.67,754.84,0,1,24.444444,2
18348,2,13,5,0,23.27,0.0,25.13,7.0,0.36,4.16,804.597,0,1,24.444444,2
18349,2,14,5,0,23.41,0.0,23.49,9.8,1.8,6.62,785.216,0,1,24.444444,2
18350,2,15,5,0,23.53,0.0,22.0,10.0,1.8,9.01,688.959,0,1,24.444444,2
18351,2,16,5,0,23.58,0.0,21.2,9.9,2.64,10.12,539.436,0,1,24.444444,2
18352,2,17,5,0,23.53,0.0,20.22,7.6,5.16,6.99,321.41,0,1,24.444444,2
18353,2,18,5,0,23.45,0.0,18.95,9.3,3.6,3.71,68.6516,0,1,24.444444,2
18354,2,19,5,0,23.38,0.0,18.8,9.3,4.44,2.08,0.0,0,1,24.444444,2
18355,2,20,5,0,23.32,0.0,18.98,10.2,3.0,1.78,0.0,0,1,24.444444,2
18356,2,21,5,0,23.19,0.0,19.1,9.8,8.88,1.14,0.0,0,1,24.444444,2
18357,2,22,5,0,23.09,0.0,19.18,10.6,5.4,0.99,0.0,0,1,24.444444,2
18358,2,23,5,0,23.09,0.0,19.74,13.5,1.56,1.18,0.0,0,1,24.444444,2
18359,2,24,5,0,22.78,0.0,20.36,6.9,0.48,0.07,0.0,0,1,24.444444,2
18360,2,1,6,0,22.68,0.0,20.38,7.0,2.28,0.01,0.0,0,1,24.444444,2
18361,2,2,6,0,22.58,0.0,20.47,3.7,0.48,0.0,0.0,0,1,24.444444,2
18362,2,3,6,0,22.55,0.0,20.63,5.2,0.24,0.0,0.0,0,1,24.444444,2
18363,2,4,6,0,22.52,0.0,20.79,4.1,0.36,0.0,0.0,0,1,24.444444,2
18364,2,5,6,0,22.49,0.0,21.02,3.3,0.6,0.0,0.0,0,1,24.444444,2
18365,2,6,6,0,22.48,0.0,21.36,3.4,1.32,0.0,0.0,0,1,24.444444,2
18366,2,7,6,0,22.48,0.0,21.56,3.7,13.2,0.0,0.0,0,1,24.444444,2
18367,2,8,6,0,22.5,0.0,21.74,4.4,12.24,0.0,73.6832,0,1,24.444444,2
18368,2,9,6,0,22.67,0.0,21.43,4.7,5.88,0.0,303.489,0,1,24.444444,2
18369,2,10,6,0,22.86,0.0,20.69,5.5,3.24,0.4,522.029,0,1,24.444444,2
18370,2,11,6,0,22.95,0.0,19.93,5.2,7.8,1.14,668.734,0,1,24.444444,2
18371,2,12,6,0,23.02,0.0,19.39,4.8,6.96,1.69,770.903,0,1,24.444444,2
18372,2,13,6,0,23.19,0.0,18.63,8.5,3.84,4.01,782.941,0,1,24.444444,2
18373,2,14,6,0,23.24,0.0,17.71,4.3,7.56,3.74,764.952,0,1,24.444444,2
18374,2,15,6,0,23.5,0.0,16.54,10.6,1.08,9.11,672.975,0,1,24.444444,2
18375,2,16,6,0,23.49,0.0,15.75,4.4,6.6,7.29,532.165,0,1,24.444444,2
18376,2,17,6,0,23.54,0.0,14.97,8.1,5.4,8.66,319.907,0,1,24.444444,2
18377,2,18,6,0,23.37,0.0,14.73,4.4,1.8,2.31,73.1518,0,1,24.444444,2
18378,2,19,6,0,23.4,0.0,14.77,10.4,10.32,2.98,0.0,0,1,24.444444,2
18379,2,20,6,0,23.41,0.0,15.09,11.3,1.68,2.75,0.0,0,1,24.444444,2
18380,2,21,6,0,23.18,0.0,15.92,7.2,8.52,0.77,0.0,0,1,24.444444,2
18381,2,22,6,0,22.97,0.0,17.38,7.6,2.16,0.45,0.0,0,1,24.444444,2
18382,2,23,6,0,22.79,0.0,19.22,6.1,3.6,0.12,0.0,0,1,24.444444,2
18383,2,24,6,0,22.71,0.0,20.5,5.8,2.64,0.03,0.0,0,1,24.444444,2
18384,2,1,7,0,22.64,0.0,21.7,4.9,0.72,0.0,0.0,0,1,24.444444,2
18385,2,2,7,0,22.56,0.0,22.82,3.6,0.6,0.0,0.0,0,1,24.444444,2
18386,2,3,7,0,22.51,0.0,23.73,3.1,0.36,0.0,0.0,0,1,24.444444,2
18387,2,4,7,0,22.49,0.0,24.48,4.0,0.84,0.0,0.0,0,1,24.444444,2
18388,2,5,7,0,22.48,0.0,25.15,4.9,0.36,0.0,0.0,0,1,24.444444,2
18389,2,6,7,0,22.48,0.0,25.58,3.1,0.36,0.0,0.0,0,1,24.444444,2
18390,2,7,7,0,22.48,0.0,25.78,4.5,3.0,0.0,0.0,0,1,24.444444,2
18391,2,8,7,0,22.48,0.0,25.95,3.5,8.52,0.0,71.0452,0,1,24.444444,2
18392,2,9,7,0,22.57,0.0,25.67,3.4,5.64,0.0,250.298,0,1,24.444444,2
18393,2,10,7,0,22.76,0.0,24.48,4.9,14.16,0.0,418.792,0,1,24.444444,2
18394,2,11,7,0,22.88,0.0,22.81,5.6,9.6,0.24,436.651,0,1,24.444444,2
18395,2,12,7,0,22.98,0.0,20.95,4.0,6.24,1.0,648.379,0,1,24.444444,2
18396,2,13,7,0,23.18,0.0,19.6,6.8,3.24,2.95,766.169,0,1,24.444444,2
18397,2,14,7,0,23.28,0.0,18.86,5.4,2.88,3.07,678.737,0,1,24.444444,2
18398,2,15,7,0,23.36,0.0,18.08,4.4,5.16,2.31,465.928,0,1,24.444444,2
18399,2,16,7,0,23.42,0.0,16.98,4.7,11.76,2.69,341.923,0,1,24.444444,2
18400,2,17,7,0,23.43,0.0,15.94,6.2,11.04,3.23,216.116,0,1,24.444444,2
18401,2,18,7,0,23.22,0.0,15.92,4.0,35.04,0.86,32.1287,0,1,24.444444,2
18402,2,19,7,0,23.03,0.0,16.59,4.5,17.52,0.61,0.0,0,1,24.444444,2
18403,2,20,7,0,22.96,0.0,17.62,5.4,2.4,0.51,0.0,0,1,24.444444,2
18404,2,21,7,0,22.91,0.0,18.99,6.6,21.72,0.46,0.0,0,1,24.444444,2
18405,2,22,7,0,22.81,0.0,20.6,5.6,5.28,0.13,0.0,0,1,24.444444,2
18406,2,23,7,0,22.75,0.0,21.87,6.3,3.0,0.06,0.0,0,1,24.444444,2
18407,2,24,7,0,22.73,0.0,22.82,7.9,2.16,0.09,0.0,0,1,24.444444,2
18408,2,1,1,0,22.64,0.0,23.72,4.9,0.72,0.0,0.0,0,1,24.444444,2
18409,2,2,1,0,22.58,0.0,24.42,5.2,0.84,0.0,0.0,0,1,24.444444,2
18410,2,3,1,0,22.54,0.0,25.27,4.1,0.36,0.0,0.0,0,1,24.444444,2
18411,2,4,1,0,22.5,0.0,25.97,3.2,0.84,0.0,0.0,0,1,24.444444,2
18412,2,5,1,0,22.48,0.0,26.63,3.7,0.96,0.0,0.0,0,1,24.444444,2
18413,2,6,1,0,22.48,0.0,27.18,3.3,0.36,0.0,0.0,0,1,24.444444,2
18414,2,7,1,0,22.48,0.0,27.52,4.2,2.04,0.0,0.0,0,1,24.444444,2
18415,2,8,1,0,22.49,0.0,27.86,3.2,7.92,0.0,73.0086,0,1,24.444444,2
18416,2,9,1,0,22.7,0.0,27.47,3.6,4.44,0.05,291.719,0,1,24.444444,2
18417,2,10,1,0,22.99,0.0,26.05,5.1,14.88,1.56,491.641,0,1,24.444444,2
18418,2,11,1,0,23.05,0.0,24.25,4.2,14.28,2.33,640.659,0,1,24.444444,2
18419,2,12,1,0,23.12,0.0,22.88,4.2,19.08,2.99,736.686,0,1,24.444444,2
18420,2,13,1,0,23.32,0.0,21.11,8.2,4.8,5.99,761.532,0,1,24.444444,2
18421,2,14,1,0,23.42,0.0,19.16,5.1,8.64,6.49,721.201,0,1,24.444444,2
18422,2,15,1,0,23.52,0.0,17.6,4.3,1.44,8.26,640.684,0,1,24.444444,2
18423,2,16,1,0,23.58,0.0,16.75,5.2,5.52,10.43,505.687,0,1,24.444444,2
18424,2,17,1,0,23.63,0.0,16.27,6.9,4.92,10.18,313.513,0,1,24.444444,2
18425,2,18,1,0,23.51,0.0,16.48,5.3,6.84,4.08,72.3013,0,1,24.444444,2
18426,2,19,1,0,23.4,0.0,17.33,5.9,4.92,2.46,0.0,0,1,24.444444,2
18427,2,20,1,0,23.34,0.0,18.71,6.0,3.36,1.81,0.0,0,1,24.444444,2
18428,2,21,1,0,23.23,0.0,20.94,6.2,4.2,1.18,0.0,0,1,24.444444,2
18429,2,22,1,0,23.11,0.0,22.82,7.1,7.32,0.9,0.0,0,1,24.444444,2
18430,2,23,1,0,22.99,0.0,24.0,7.8,0.96,0.61,0.0,0,1,24.444444,2
18431,2,24,1,0,22.85,0.0,24.72,7.0,0.48,0.22,0.0,0,1,24.444444,2
18432,2,1,2,0,22.77,0.0,25.37,7.1,0.24,0.12,0.0,0,1,24.444444,2
18433,2,2,2,0,22.71,0.0,26.32,6.4,0.84,0.01,0.0,0,1,24.444444,2
18434,2,3,2,0,22.65,0.0,27.49,5.1,0.36,0.0,0.0,0,1,24.444444,2
18435,2,4,2,0,22.58,0.0,28.7,4.1,0.24,0.0,0.0,0,1,24.444444,2
18436,2,5,2,0,22.59,0.0,30.03,6.3,0.48,0.0,0.0,0,1,24.444444,2
18437,2,6,2,0,22.56,0.0,31.68,4.0,1.08,0.0,0.0,0,1,24.444444,2
18438,2,7,2,0,22.57,0.0,33.16,5.7,7.56,0.0,0.0,0,1,24.444444,2
18439,2,8,2,0,22.64,0.0,34.25,5.0,12.6,0.0,70.8087,0,1,24.444444,2
18440,2,9,2,0,22.9,0.0,33.92,4.7,7.92,0.27,288.09,0,1,24.444444,2
18441,2,10,2,0,23.07,0.0,31.77,4.7,4.08,1.95,498.926,0,1,24.444444,2
18442,2,11,2,0,23.19,0.0,28.8,5.3,8.4,3.28,658.968,0,1,24.444444,2
18443,2,12,2,0,23.24,0.0,25.99,4.2,4.2,3.54,771.649,0,1,24.444444,2
18444,2,13,2,0,23.34,0.0,22.44,6.1,1.92,5.39,821.348,0,1,24.444444,2
18445,2,14,2,0,23.39,0.0,18.58,4.2,1.8,5.65,798.592,0,1,24.444444,2
18446,2,15,2,0,23.6,0.0,16.23,11.3,5.16,11.97,710.34,0,1,24.444444,2
18447,2,16,2,0,23.59,0.0,14.23,5.8,0.96,9.14,556.884,0,1,24.444444,2
18448,2,17,2,0,23.52,0.0,12.93,4.5,5.76,6.63,336.345,0,1,24.444444,2
18449,2,18,2,0,23.36,0.0,12.54,4.1,1.8,2.37,81.0597,0,1,24.444444,2
18450,2,19,2,0,23.29,0.0,12.88,7.1,3.84,1.69,0.0,0,1,24.444444,2
18451,2,20,2,0,23.48,0.0,13.31,15.2,2.88,4.5,0.0,0,1,24.444444,2
18452,2,21,2,0,23.25,0.0,14.03,8.6,26.4,1.14,0.0,0,1,24.444444,2
18453,2,22,2,0,23.08,0.0,14.74,8.9,1.68,0.97,0.0,0,1,24.444444,2
18454,2,23,2,0,22.91,0.0,15.12,6.9,1.32,0.33,0.0,0,1,24.444444,2
18455,2,24,2,0,22.79,0.0,15.46,6.8,1.56,0.12,0.0,0,1,24.444444,2
18456,2,1,3,0,22.69,0.0,15.79,5.6,0.24,0.0,0.0,0,1,24.444444,2
18457,2,2,3,0,22.64,0.0,16.22,6.6,0.48,0.0,0.0,0,1,24.444444,2
18458,2,3,3,0,22.56,0.0,16.77,4.1,0.12,0.0,0.0,0,1,24.444444,2
18459,2,4,3,0,22.53,0.0,17.11,3.9,0.12,0.0,0.0,0,1,24.444444,2
18460,2,5,3,0,22.5,0.0,17.32,3.6,0.24,0.0,0.0,0,1,24.444444,2
18461,2,6,3,0,22.49,0.0,17.48,4.6,3.72,0.0,0.0,0,1,24.444444,2
18462,2,7,3,0,22.48,0.0,17.54,3.4,1.08,0.0,0.0,0,1,24.444444,2
18463,2,8,3,0,22.52,0.0,17.4,6.5,26.4,0.0,74.7947,0,1,24.444444,2
18464,2,9,3,0,22.72,0.0,16.74,6.3,5.88,0.02,303.995,0,1,24.444444,2
18465,2,10,3,0,22.88,0.0,15.88,6.1,10.68,0.54,522.084,0,1,24.444444,2
18466,2,11,3,0,22.96,0.0,14.76,5.9,5.28,1.31,684.924,0,1,24.444444,2
18467,2,12,3,0,23.03,0.0,13.87,4.6,9.36,1.69,784.307,0,1,24.444444,2
18468,2,13,3,0,23.1,0.0,13.21,3.8,1.2,2.45,820.578,0,1,24.444444,2
18469,2,14,3,0,23.22,0.0,12.34,4.1,2.64,3.48,795.329,0,1,24.444444,2
18470,2,15,3,0,23.65,0.0,11.54,17.4,2.88,13.02,693.8,0,1,24.444444,2
18471,2,16,3,0,23.54,0.0,11.42,4.0,2.76,6.32,540.616,0,1,24.444444,2
18472,2,17,3,0,23.48,0.0,11.63,4.7,4.44,5.42,322.909,0,1,24.444444,2
18473,2,18,3,0,23.32,0.0,12.68,4.7,3.12,1.88,74.3857,0,1,24.444444,2
18474,2,19,3,0,23.1,0.0,14.23,4.0,9.6,0.68,0.0,0,1,24.444444,2
18475,2,20,3,0,23.11,0.0,15.43,7.6,4.92,1.02,0.0,0,1,24.444444,2
18476,2,21,3,0,22.98,0.0,16.48,6.3,8.64,0.43,0.0,0,1,24.444444,2
18477,2,22,3,0,22.87,0.0,17.33,7.4,8.88,0.35,0.0,0,1,24.444444,2
18478,2,23,3,0,22.93,0.0,18.04,12.0,3.48,0.91,0.0,0,1,24.444444,2
18479,2,24,3,0,22.75,0.0,18.71,7.0,1.56,0.04,0.0,0,1,24.444444,2
18480,2,1,4,0,22.76,0.0,19.27,11.8,0.84,0.35,0.0,0,1,24.444444,2
18481,2,2,4,0,22.62,0.0,20.02,4.6,0.36,0.0,0.0,0,1,24.444444,2
18482,2,3,4,0,22.71,0.0,20.51,12.2,0.24,0.31,0.0,0,1,24.444444,2
18483,2,4,4,0,22.57,0.0,21.18,3.4,0.36,0.0,0.0,0,1,24.444444,2
18484,2,5,4,0,22.54,0.0,21.22,4.7,0.24,0.0,0.0,0,1,24.444444,2
18485,2,6,4,0,22.53,0.0,20.91,5.2,4.08,0.0,0.0,0,1,24.444444,2
18486,2,7,4,0,22.51,0.0,20.77,5.2,7.92,0.0,0.0,0,1,24.444444,2
18487,2,8,4,0,22.63,0.0,20.52,9.1,11.28,0.0,74.1742,0,1,24.444444,2
18488,2,9,4,0,22.9,0.0,20.01,8.0,3.96,0.23,296.976,0,1,24.444444,2
18489,2,10,4,0,23.09,0.0,19.03,9.4,3.24,1.7,500.706,0,1,24.444444,2
18490,2,11,4,0,23.13,0.0,17.91,8.9,3.0,2.25,654.702,0,1,24.444444,2
18491,2,12,4,0,23.17,0.0,16.85,8.5,7.68,2.64,747.487,0,1,24.444444,2
18492,2,13,4,0,23.26,0.0,16.1,8.9,5.52,4.02,770.949,0,1,24.444444,2
18493,2,14,4,0,23.42,0.0,15.7,9.0,0.6,6.08,682.853,0,1,24.444444,2
18494,2,15,4,0,23.58,0.0,15.43,9.9,3.12,9.68,648.305,0,1,24.444444,2
18495,2,16,4,0,23.66,0.0,15.33,9.8,3.36,11.44,516.505,0,1,24.444444,2
18496,2,17,4,0,23.65,0.0,15.41,7.4,1.8,8.76,317.161,0,1,24.444444,2
18497,2,18,4,0,23.59,0.0,15.88,9.1,2.76,5.32,77.9002,0,1,24.444444,2
18498,2,19,4,0,23.52,0.0,16.73,9.9,4.32,3.81,0.0,0,1,24.444444,2
18499,2,20,4,0,23.47,0.0,17.86,9.9,3.12,2.86,0.0,0,1,24.444444,2
18500,2,21,4,0,23.33,0.0,19.56,9.0,9.24,1.49,0.0,0,1,24.444444,2
18501,2,22,4,0,23.3,0.0,22.24,11.6,5.28,1.83,0.0,0,1,24.444444,2
18502,2,23,4,0,23.05,0.0,23.76,7.8,3.24,0.61,0.0,0,1,24.444444,2
18503,2,24,4,0,22.99,0.0,24.39,9.9,0.72,0.73,0.0,0,1,24.444444,2
18504,2,1,5,0,22.91,0.0,25.01,9.8,0.72,0.5,0.0,0,1,24.444444,2
18505,2,2,5,0,22.75,0.0,26.79,6.0,1.68,0.03,0.0,0,1,24.444444,2
18506,2,3,5,0,22.64,0.0,28.85,4.1,0.6,0.0,0.0,0,1,24.444444,2
18507,2,4,5,0,22.61,0.0,30.33,5.3,0.24,0.0,0.0,0,1,24.444444,2
18508,2,5,5,0,22.58,0.0,31.58,4.8,0.36,0.0,0.0,0,1,24.444444,2
18509,2,6,5,0,22.55,0.0,32.97,3.8,1.44,0.0,0.0,0,1,24.444444,2
18510,2,7,5,0,22.65,0.0,33.98,9.9,3.72,0.05,0.0,0,1,24.444444,2
18511,2,8,5,0,22.75,0.0,35.03,5.8,23.64,0.01,70.0337,0,1,24.444444,2
18512,2,9,5,0,23.07,0.0,35.88,5.4,12.72,0.93,279.705,0,1,24.444444,2
18513,2,10,5,0,23.42,0.0,38.01,8.5,12.48,5.22,474.675,0,1,24.444444,2
18514,2,11,5,0,23.55,0.0,40.7,5.2,15.24,5.75,620.909,0,1,24.444444,2
18515,2,12,5,0,23.71,0.0,42.58,8.1,11.64,10.14,707.015,0,1,24.444444,2
18516,2,13,5,0,23.81,0.0,43.42,7.1,0.48,12.78,735.315,0,1,24.444444,2
18517,2,14,5,0,23.92,0.0,42.93,8.5,1.68,17.51,710.065,0,1,24.444444,2
18518,2,15,5,0,24.01,0.0,41.86,9.7,2.76,22.41,634.211,0,1,24.444444,2
18519,2,16,5,0,24.04,0.0,41.08,9.4,2.04,23.54,492.795,0,1,24.444444,2
18520,2,17,5,0,24.04,0.0,40.93,7.9,0.6,20.06,290.869,0,1,24.444444,2
18521,2,18,5,0,24.06,0.0,41.05,9.3,0.96,16.37,64.1357,0,1,24.444444,2
18522,2,19,5,0,24.06,0.0,41.26,9.4,4.08,13.86,0.0,0,1,24.444444,2
18523,2,20,5,0,24.07,0.0,41.84,10.2,7.44,12.75,0.0,0,1,24.444444,2
18524,2,21,5,0,24.03,0.0,42.7,9.4,4.2,9.96,0.0,0,1,24.444444,2
18525,2,22,5,0,24.0,0.0,43.91,10.4,7.32,9.75,0.0,0,1,24.444444,2
18526,2,23,5,0,24.01,0.0,45.27,12.4,1.68,10.29,0.0,0,1,24.444444,2
18527,2,24,5,0,23.8,0.0,47.12,7.5,1.08,4.88,0.0,0,1,24.444444,2
18528,2,1,6,0,23.54,0.0,49.84,5.1,4.92,2.85,0.0,0,1,24.444444,2
18529,2,2,6,0,23.28,0.0,52.28,3.5,0.12,1.69,0.0,0,1,24.444444,2
18530,2,3,6,0,23.22,0.0,53.67,5.2,0.12,1.85,0.0,0,1,24.444444,2
18531,2,4,6,0,23.18,0.0,54.45,5.5,0.24,1.62,0.0,0,1,24.444444,2
18532,2,5,6,0,23.09,0.0,54.99,5.1,3.48,1.19,0.0,0,1,24.444444,2
18533,2,6,6,0,22.99,0.0,55.38,4.5,0.96,0.84,0.0,0,1,24.444444,2
18534,2,7,6,0,22.94,0.0,55.4,4.3,4.68,0.71,0.0,0,1,24.444444,2
18535,2,8,6,0,23.21,0.0,54.59,3.7,12.96,2.06,70.607,0,1,24.444444,2
18536,2,9,6,0,23.48,0.0,53.55,5.2,3.0,6.99,279.154,0,1,24.444444,2
18537,2,10,6,0,23.63,0.0,52.45,4.7,4.32,9.39,472.422,0,1,24.444444,2
18538,2,11,6,0,23.7,0.0,51.69,5.5,1.92,10.14,443.256,0,1,24.444444,2
18539,2,12,6,0,23.84,0.0,49.63,8.2,1.44,15.72,668.417,0,1,24.444444,2
18540,2,13,6,0,23.89,0.0,47.77,5.3,3.84,14.9,630.178,0,1,24.444444,2
18541,2,14,6,0,23.95,0.0,45.82,5.4,3.96,18.06,694.419,0,1,24.444444,2
18542,2,15,6,0,24.05,0.0,44.03,11.0,2.52,27.58,616.112,0,1,24.444444,2
18543,2,16,6,0,24.04,0.0,42.87,4.7,2.76,21.61,473.352,0,1,24.444444,2
18544,2,17,6,0,24.07,0.0,41.85,9.6,3.0,24.36,272.887,0,1,24.444444,2
18545,2,18,6,0,24.03,0.0,41.88,4.2,2.04,12.03,55.6648,0,1,24.444444,2
18546,2,19,6,0,24.07,0.0,42.04,10.5,7.44,16.05,0.0,0,1,24.444444,2
18547,2,20,6,0,24.08,0.0,42.24,10.5,3.24,14.58,0.0,0,1,24.444444,2
18548,2,21,6,0,24.06,0.0,42.76,9.1,12.48,11.29,0.0,0,1,24.444444,2
18549,2,22,6,0,24.03,0.0,43.77,8.3,2.16,10.27,0.0,0,1,24.444444,2
18550,2,23,6,0,23.96,0.0,44.39,7.2,2.04,7.57,0.0,0,1,24.444444,2
18551,2,24,6,0,23.82,0.0,43.82,7.1,0.84,5.56,0.0,0,1,24.444444,2
18552,2,1,7,0,23.59,0.0,43.4,5.2,0.36,2.88,0.0,0,1,24.444444,2
18553,2,2,7,0,23.27,0.0,42.65,3.7,0.48,1.28,0.0,0,1,24.444444,2
18554,2,3,7,0,23.02,0.0,40.55,3.3,0.48,0.7,0.0,0,1,24.444444,2
18555,2,4,7,0,22.89,0.0,38.44,3.5,0.48,0.39,0.0,0,1,24.444444,2
18556,2,5,7,0,22.82,0.0,36.16,3.4,0.24,0.2,0.0,0,1,24.444444,2
18557,2,6,7,0,22.76,0.0,34.08,3.7,0.84,0.08,0.0,0,1,24.444444,2
18558,2,7,7,0,22.74,0.0,32.09,4.5,1.44,0.05,0.0,0,1,24.444444,2
18559,2,8,7,0,22.85,0.0,30.19,3.6,3.72,0.04,75.2237,0,1,24.444444,2
18560,2,9,7,0,23.13,0.0,28.21,5.8,19.44,1.19,298.605,0,1,24.444444,2
18561,2,10,7,0,23.2,0.0,26.64,4.9,8.64,2.18,505.36,0,1,24.444444,2
18562,2,11,7,0,23.23,0.0,25.38,4.9,11.64,2.85,651.433,0,1,24.444444,2
18563,2,12,7,0,23.24,0.0,24.65,4.3,4.8,2.86,749.753,0,1,24.444444,2
18564,2,13,7,0,23.29,0.0,24.14,4.0,5.04,3.83,754.083,0,1,24.444444,2
18565,2,14,7,0,23.78,0.0,22.99,17.8,2.64,13.95,724.966,0,1,24.444444,2
18566,2,15,7,0,23.62,0.0,22.7,4.0,1.68,8.0,647.077,0,1,24.444444,2
18567,2,16,7,0,23.64,0.0,22.32,4.1,7.44,9.86,503.663,0,1,24.444444,2
18568,2,17,7,0,23.77,0.0,21.93,11.2,8.64,14.35,305.436,0,1,24.444444,2
18569,2,18,7,0,23.61,0.0,22.28,4.3,13.56,4.99,74.9805,0,1,24.444444,2
18570,2,19,7,0,23.48,0.0,22.94,4.8,12.84,3.42,0.0,0,1,24.444444,2
18571,2,20,7,0,23.47,0.0,23.78,6.3,4.32,3.17,0.0,0,1,24.444444,2
18572,2,21,7,0,23.35,0.0,25.05,5.3,15.96,1.65,0.0,0,1,24.444444,2
18573,2,22,7,0,23.34,0.0,26.82,9.0,4.92,2.22,0.0,0,1,24.444444,2
18574,2,23,7,0,23.13,0.0,28.68,6.1,3.24,0.83,0.0,0,1,24.444444,2
18575,2,24,7,0,22.95,0.0,30.07,5.3,0.72,0.38,0.0,0,1,24.444444,2
18576,2,1,1,0,22.82,0.0,31.02,4.6,2.16,0.09,0.0,0,1,24.444444,2
18577,2,2,1,0,22.75,0.0,31.74,4.6,1.08,0.02,0.0,0,1,24.444444,2
18578,2,3,1,0,22.69,0.0,32.35,3.9,0.96,0.0,0.0,0,1,24.444444,2
18579,2,4,1,0,22.65,0.0,32.79,3.7,0.96,0.0,0.0,0,1,24.444444,2
18580,2,5,1,0,22.62,0.0,33.47,3.6,0.48,0.0,0.0,0,1,24.444444,2
18581,2,6,1,0,22.59,0.0,33.95,3.4,1.08,0.0,0.0,0,1,24.444444,2
18582,2,7,1,0,22.58,0.0,34.2,3.6,1.68,0.0,0.0,0,1,24.444444,2
18583,2,8,1,0,22.67,0.0,34.45,3.7,8.16,0.0,79.5015,0,1,24.444444,2
18584,2,9,1,0,23.0,0.0,34.43,4.8,10.08,0.41,250.072,0,1,24.444444,2
18585,2,10,1,0,23.2,0.0,34.66,4.6,8.88,2.19,461.151,0,1,24.444444,2
18586,2,11,1,0,23.33,0.0,35.05,4.7,14.16,3.81,643.59,0,1,24.444444,2
18587,2,12,1,0,23.42,0.0,35.84,3.5,18.96,4.75,733.412,0,1,24.444444,2
18588,2,13,1,0,23.57,0.0,36.61,5.2,1.92,6.69,688.07,0,1,24.444444,2
18589,2,14,1,0,23.67,0.0,37.54,6.3,6.0,9.97,711.549,0,1,24.444444,2
18590,2,15,1,0,23.73,0.0,38.21,4.7,7.2,11.48,630.641,0,1,24.444444,2
18591,2,16,1,0,23.75,0.0,39.0,4.8,5.52,9.35,294.621,0,1,24.444444,2
18592,2,17,1,0,23.7,0.0,40.47,4.6,22.2,7.0,112.137,0,1,24.444444,2
18593,2,18,1,0,23.66,0.0,41.89,5.4,8.76,6.46,16.7746,0,1,24.444444,2
18594,2,19,1,0,23.72,0.0,42.98,7.2,6.48,7.68,0.0,0,1,24.444444,2
18595,2,20,1,0,23.73,0.0,44.37,7.6,3.6,7.37,0.0,0,1,24.444444,2
18596,2,21,1,0,23.64,0.0,46.24,6.1,6.12,5.21,0.0,0,1,24.444444,2
18597,2,22,1,0,23.55,0.0,48.39,5.3,2.64,3.98,0.0,0,1,24.444444,2
18598,2,23,1,0,23.55,0.0,50.25,6.7,3.12,4.58,0.0,0,1,24.444444,2
18599,2,24,1,0,23.48,0.0,52.12,5.3,5.16,3.24,0.0,0,1,24.444444,2
18600,2,1,2,0,23.45,0.0,53.52,5.9,0.6,3.32,0.0,0,1,24.444444,2
18601,2,2,2,0,23.39,0.0,54.95,4.9,0.12,2.76,0.0,0,1,24.444444,2
18602,2,3,2,0,23.31,0.0,56.84,4.0,0.48,2.09,0.0,0,1,24.444444,2
18603,2,4,2,0,23.3,0.0,57.93,5.3,0.84,2.46,0.0,0,1,24.444444,2
18604,2,5,2,0,23.22,0.0,58.85,3.7,0.48,1.58,0.0,0,1,24.444444,2
18605,2,6,2,0,23.16,0.0,59.93,3.8,0.96,1.43,0.0,0,1,24.444444,2
18606,2,7,2,0,23.1,0.0,61.03,3.2,5.16,1.26,0.0,0,1,24.444444,2
18607,2,8,2,0,23.18,0.0,61.52,4.3,14.52,2.17,54.3573,0,1,24.444444,2
18608,2,9,2,0,23.3,0.0,61.33,4.4,4.2,2.83,167.535,0,1,24.444444,2
18609,2,10,2,0,23.5,0.0,60.71,4.9,8.4,5.32,332.643,0,1,24.444444,2
18610,2,11,2,0,23.57,0.0,60.5,5.4,6.12,6.8,219.123,0,1,24.444444,2
18611,2,12,2,0,23.58,0.0,60.66,4.2,3.84,6.47,310.858,0,1,24.444444,2
18612,2,13,2,0,23.63,0.0,60.72,5.4,3.12,8.94,329.151,0,1,24.444444,2
18613,2,14,2,0,23.78,0.0,59.87,6.3,1.08,12.47,360.843,0,1,24.444444,2
18614,2,15,2,0,23.94,0.0,57.64,10.4,1.92,16.4,368.149,0,1,24.444444,2
18615,2,16,2,0,23.75,0.0,56.06,4.7,2.52,5.87,168.411,0,1,24.444444,2
18616,2,17,2,0,23.41,0.0,55.05,4.3,1.68,2.14,54.4448,0,1,24.444444,2
18617,2,18,2,0,23.23,0.0,54.49,3.9,4.8,1.43,6.67052,0,1,24.444444,2
18618,2,19,2,0,23.23,0.0,53.65,4.6,6.12,1.85,0.0,0,1,24.444444,2
18619,2,20,2,0,23.34,0.0,52.73,8.9,3.72,3.17,0.0,0,1,24.444444,2
18620,2,21,2,0,23.27,0.0,52.42,7.9,20.76,2.07,0.0,0,1,24.444444,2
18621,2,22,2,0,23.21,0.0,52.06,7.9,5.4,1.7,0.0,0,1,24.444444,2
18622,2,23,2,0,23.11,0.0,51.67,7.4,1.08,1.17,0.0,0,1,24.444444,2
18623,2,24,2,0,22.98,0.0,51.25,6.5,0.96,0.67,0.0,0,1,24.444444,2
18624,2,1,3,0,22.83,0.0,51.04,3.9,0.84,0.18,0.0,0,1,24.444444,2
18625,2,2,3,0,22.83,0.0,50.24,6.6,0.36,0.48,0.0,0,1,24.444444,2
18626,2,3,3,0,22.82,0.0,49.49,7.6,0.48,0.49,0.0,0,1,24.444444,2
18627,2,4,3,0,22.7,0.0,48.93,3.6,0.12,0.0,0.0,0,1,24.444444,2
18628,2,5,3,0,22.65,0.0,47.73,3.9,0.12,0.0,0.0,0,1,24.444444,2
18629,2,6,3,0,22.62,0.0,46.53,3.7,0.96,0.0,0.0,0,1,24.444444,2
18630,2,7,3,0,22.59,0.0,45.81,3.6,3.48,0.0,0.0,0,1,24.444444,2
18631,2,8,3,0,22.77,0.0,45.21,5.3,31.8,0.02,80.9732,0,1,24.444444,2
18632,2,9,3,0,23.13,0.0,44.7,5.2,9.24,1.47,298.874,0,1,24.444444,2
18633,2,10,3,0,23.37,0.0,44.99,7.9,8.76,5.21,496.544,0,1,24.444444,2
18634,2,11,3,0,23.42,0.0,45.61,4.4,5.64,4.58,641.784,0,1,24.444444,2
18635,2,12,3,0,23.46,0.0,45.84,3.8,3.12,5.71,721.907,0,1,24.444444,2
18636,2,13,3,0,23.6,0.0,44.88,4.5,0.72,8.55,738.824,0,1,24.444444,2
18637,2,14,3,0,23.69,0.0,42.36,3.8,2.04,10.44,739.172,0,1,24.444444,2
18638,2,15,3,0,23.92,0.0,39.99,10.3,1.68,19.07,648.444,0,1,24.444444,2
18639,2,16,3,0,23.9,0.0,38.04,3.6,1.92,15.25,514.248,0,1,24.444444,2
18640,2,17,3,0,23.87,0.0,36.54,4.2,1.56,14.76,309.734,0,1,24.444444,2
18641,2,18,3,0,23.83,0.0,35.85,4.1,7.68,9.64,81.8796,0,1,24.444444,2
18642,2,19,3,0,23.75,0.0,36.29,4.3,3.84,7.0,0.0,0,1,24.444444,2
18643,2,20,3,0,23.76,0.0,36.89,6.1,5.04,7.33,0.0,0,1,24.444444,2
18644,2,21,3,0,23.69,0.0,37.84,5.7,9.24,5.7,0.0,0,1,24.444444,2
18645,2,22,3,0,23.91,0.0,38.09,14.5,6.6,10.95,0.0,0,1,24.444444,2
18646,2,23,3,0,23.8,0.0,39.31,10.1,1.44,6.23,0.0,0,1,24.444444,2
18647,2,24,3,0,23.58,0.0,41.42,7.1,1.8,3.18,0.0,0,1,24.444444,2
18648,2,1,8,0,23.44,0.0,43.02,7.5,0.96,2.54,0.0,0,1,24.444444,2
18649,2,2,8,0,23.13,0.0,44.6,3.9,0.24,0.84,0.0,0,1,24.444444,2
18650,2,3,8,0,22.93,0.0,45.7,3.2,0.24,0.47,0.0,0,1,24.444444,2
18651,2,4,8,0,22.89,0.0,45.93,3.9,0.24,0.49,0.0,0,1,24.444444,2
18652,2,5,8,0,22.86,0.0,45.03,4.9,0.48,0.44,0.0,0,1,24.444444,2
18653,2,6,8,0,22.79,0.0,43.85,4.3,1.2,0.18,0.0,0,1,24.444444,2
18654,2,7,8,0,22.76,0.0,42.65,4.5,10.32,0.15,0.0,0,1,24.444444,2
18655,2,8,8,0,23.18,0.0,40.54,8.7,9.72,1.71,82.2163,0,1,24.444444,2
18656,2,9,8,0,23.41,0.0,38.54,8.8,3.6,4.55,305.944,0,1,24.444444,2
18657,2,10,8,0,23.53,0.0,37.02,9.2,2.88,6.18,514.908,0,1,24.444444,2
18658,2,11,8,0,23.63,0.0,35.52,8.8,6.96,6.51,664.628,0,1,24.444444,2
18659,2,12,8,0,23.67,0.0,34.36,8.6,8.52,7.6,742.917,0,1,24.444444,2
18660,2,13,8,0,23.71,0.0,33.49,7.5,8.52,9.05,769.94,0,1,24.444444,2
18661,2,14,8,0,23.76,0.0,32.74,7.2,1.92,11.57,721.444,0,1,24.444444,2
18662,2,15,8,0,23.93,0.0,31.63,9.8,3.36,17.22,652.173,0,1,24.444444,2
18663,2,16,8,0,23.98,0.0,30.68,9.2,0.84,19.19,524.517,0,1,24.444444,2
18664,2,17,8,0,24.01,0.0,29.65,10.0,4.56,18.94,329.371,0,1,24.444444,2
18665,2,18,8,0,24.0,0.0,29.27,9.0,1.92,12.74,92.7848,0,1,24.444444,2
18666,2,19,8,0,23.95,0.0,29.27,8.7,3.96,9.49,0.0,0,1,24.444444,2
18667,2,20,8,0,23.92,0.0,29.47,8.6,3.84,8.41,0.0,0,1,24.444444,2
18668,2,21,8,0,23.88,0.0,29.87,10.2,7.8,7.44,0.0,0,1,24.444444,2
18669,2,22,8,0,23.9,0.0,30.48,13.5,11.4,7.95,0.0,0,1,24.444444,2
18670,2,23,8,0,23.7,0.0,31.72,10.4,2.16,3.87,0.0,0,1,24.444444,2
18671,2,24,8,0,23.48,0.0,32.94,9.3,0.36,2.28,0.0,0,1,24.444444,2
18672,2,1,5,0,23.36,0.0,33.62,9.5,0.12,1.93,0.0,0,1,24.444444,2
18673,2,2,5,0,22.97,0.0,35.07,3.8,0.36,0.31,0.0,0,1,24.444444,2
18674,2,3,5,0,22.8,0.0,36.17,3.4,0.6,0.1,0.0,0,1,24.444444,2
18675,2,4,5,0,22.75,0.0,37.14,3.7,0.24,0.04,0.0,0,1,24.444444,2
18676,2,5,5,0,22.82,0.0,38.0,8.3,6.96,0.58,0.0,0,1,24.444444,2
18677,2,6,5,0,22.75,0.0,39.45,4.8,4.08,0.07,0.0,0,1,24.444444,2
18678,2,7,5,0,22.92,0.0,39.81,13.0,4.08,1.26,0.0,0,1,24.444444,2
18679,2,8,5,0,23.08,0.0,40.04,4.5,22.56,0.55,82.0171,0,1,24.444444,2
18680,2,9,5,0,23.31,0.0,39.75,5.9,9.48,3.74,299.039,0,1,24.444444,2
18681,2,10,5,0,23.52,0.0,39.14,7.8,12.0,7.38,492.293,0,1,24.444444,2
18682,2,11,5,0,23.64,0.0,38.72,6.5,9.96,7.56,637.962,0,1,24.444444,2
18683,2,12,5,0,23.75,0.0,38.32,8.1,6.0,10.32,717.186,0,1,24.444444,2
18684,2,13,5,0,23.8,0.0,37.69,6.7,1.08,11.46,751.521,0,1,24.444444,2
18685,2,14,5,0,23.9,0.0,37.39,9.2,0.84,16.38,729.659,0,1,24.444444,2
18686,2,15,5,0,24.0,0.0,37.85,10.3,2.04,21.35,650.831,0,1,24.444444,2
18687,2,16,5,0,24.02,0.0,37.82,9.0,1.2,22.31,521.882,0,1,24.444444,2
18688,2,17,5,0,24.03,0.0,37.4,7.6,3.12,19.09,327.625,0,1,24.444444,2
18689,2,18,5,0,24.03,0.0,37.66,8.8,2.28,14.59,91.9798,0,1,24.444444,2
18690,2,19,5,0,24.01,0.0,38.85,9.1,6.6,11.42,0.0,0,1,24.444444,2
18691,2,20,5,0,24.0,0.0,40.23,10.2,8.16,10.8,0.0,0,1,24.444444,2
18692,2,21,5,0,23.95,0.0,41.7,10.2,5.64,9.29,0.0,0,1,24.444444,2
18693,2,22,5,0,23.93,0.0,43.04,11.3,2.64,8.73,0.0,0,1,24.444444,2
18694,2,23,5,0,23.88,0.0,43.93,11.7,1.32,7.34,0.0,0,1,24.444444,2
18695,2,24,5,0,23.56,0.0,45.46,6.8,0.36,2.72,0.0,0,1,24.444444,2
18696,2,1,6,0,23.26,0.0,46.74,4.7,0.48,1.45,0.0,0,1,24.444444,2
18697,2,2,6,0,23.1,0.0,47.44,3.6,1.08,0.95,0.0,0,1,24.444444,2
18698,2,3,6,0,22.95,0.0,48.12,3.6,1.2,0.55,0.0,0,1,24.444444,2
18699,2,4,6,0,22.87,0.0,48.11,5.2,0.0,0.47,0.0,0,1,24.444444,2
18700,2,5,6,0,22.78,0.0,48.05,3.3,0.6,0.14,0.0,0,1,24.444444,2
18701,2,6,6,0,22.78,0.0,48.73,4.3,2.52,0.33,0.0,0,1,24.444444,2
18702,2,7,6,0,22.82,0.0,49.62,5.0,9.48,0.47,0.0,0,1,24.444444,2
18703,2,8,6,0,23.13,0.0,49.44,4.6,12.72,1.67,82.8574,0,1,24.444444,2
18704,2,9,6,0,23.42,0.0,48.56,4.7,4.92,5.78,297.332,0,1,24.444444,2
18705,2,10,6,0,23.59,0.0,47.59,5.5,3.12,9.29,493.31,0,1,24.444444,2
18706,2,11,6,0,23.7,0.0,47.04,5.0,7.08,10.48,635.967,0,1,24.444444,2
18707,2,12,6,0,23.87,0.0,46.07,10.8,2.16,17.6,729.257,0,1,24.444444,2
18708,2,13,6,0,23.86,0.0,45.37,4.9,2.4,13.72,748.864,0,1,24.444444,2
18709,2,14,6,0,23.92,0.0,44.55,5.2,4.08,17.22,731.235,0,1,24.444444,2
18710,2,15,6,0,24.05,0.0,43.21,11.5,3.0,28.13,652.393,0,1,24.444444,2
18711,2,16,6,0,24.04,0.0,42.5,5.3,7.08,22.41,516.163,0,1,24.444444,2
18712,2,17,6,0,24.06,0.0,42.12,9.4,3.36,24.94,315.982,0,1,24.444444,2
18713,2,18,6,0,24.05,0.0,42.79,6.3,6.0,16.0,80.2714,0,1,24.444444,2
18714,2,19,6,0,24.07,0.0,43.78,11.2,1.92,18.39,0.0,0,1,24.444444,2
18715,2,20,6,0,24.08,0.0,44.39,9.7,3.84,14.61,0.0,0,1,24.444444,2
18716,2,21,6,0,24.07,0.0,45.62,9.3,3.72,12.82,0.0,0,1,24.444444,2
18717,2,22,6,0,24.02,0.0,47.99,7.9,2.88,10.21,0.0,0,1,24.444444,2
18718,2,23,6,0,23.91,0.0,50.68,6.4,1.44,7.36,0.0,0,1,24.444444,2
18719,2,24,6,0,23.78,0.0,53.33,5.7,1.92,5.89,0.0,0,1,24.444444,2
18720,2,1,7,0,23.71,0.0,55.24,6.3,0.72,5.35,0.0,0,1,24.444444,2
18721,2,2,7,0,23.5,0.0,57.58,3.7,0.48,2.94,0.0,0,1,24.444444,2
18722,2,3,7,0,23.37,0.0,59.53,3.6,0.96,2.57,0.0,0,1,24.444444,2
18723,2,4,7,0,23.3,0.0,60.89,4.3,0.36,2.34,0.0,0,1,24.444444,2
18724,2,5,7,0,23.31,0.0,61.3,5.4,0.0,2.92,0.0,0,1,24.444444,2
18725,2,6,7,0,23.25,0.0,62.53,3.4,1.32,1.88,0.0,0,1,24.444444,2
18726,2,7,7,0,23.27,0.0,63.31,4.7,1.68,2.4,0.0,0,1,24.444444,2
18727,2,8,7,0,23.47,0.0,62.54,3.1,5.4,4.62,82.6879,0,1,24.444444,2
18728,2,9,7,0,23.53,0.0,62.21,4.4,7.92,5.56,202.778,0,1,24.444444,2
18729,2,10,7,0,23.64,0.0,61.52,4.5,14.76,9.28,388.894,0,1,24.444444,2
18730,2,11,7,0,23.74,0.0,60.01,4.8,15.72,13.19,480.949,0,1,24.444444,2
18731,2,12,7,0,23.83,0.0,57.66,3.8,8.52,14.8,519.366,0,1,24.444444,2
18732,2,13,7,0,23.93,0.0,54.89,5.0,6.0,18.88,699.905,0,1,24.444444,2
18733,2,14,7,0,24.02,0.0,51.58,7.3,4.68,24.41,711.161,0,1,24.444444,2
18734,2,15,7,0,24.05,0.0,49.02,5.8,1.56,26.4,630.838,0,1,24.444444,2
18735,2,16,7,0,24.05,0.0,47.48,5.4,9.6,26.52,486.214,0,1,24.444444,2
18736,2,17,7,0,24.05,0.0,46.72,4.3,12.0,22.22,295.456,0,1,24.444444,2
18737,2,18,7,0,24.05,0.0,46.86,4.4,14.64,16.46,71.985,0,1,24.444444,2
18738,2,19,7,0,24.05,0.0,47.9,4.3,17.76,12.96,0.0,0,1,24.444444,2
18739,2,20,7,0,24.07,0.0,48.54,7.9,2.4,15.34,0.0,0,1,24.444444,2
18740,2,21,7,0,24.06,0.0,49.32,7.7,1.8,12.86,0.0,0,1,24.444444,2
18741,2,22,7,0,24.03,0.0,50.25,7.8,1.32,11.14,0.0,0,1,24.444444,2
18742,2,23,7,0,23.89,0.0,51.82,4.9,0.96,6.9,0.0,0,1,24.444444,2
18743,2,24,7,0,23.89,0.0,53.27,7.4,0.84,7.97,0.0,0,1,24.444444,2
18744,2,1,1,0,23.83,0.0,54.91,7.1,0.96,7.03,0.0,0,1,24.444444,2
18745,2,2,1,0,23.61,0.0,58.16,3.1,1.32,3.64,0.0,0,1,24.444444,2
18746,2,3,1,0,23.62,0.0,61.05,4.9,0.6,4.99,0.0,0,1,24.444444,2
18747,2,4,1,0,23.58,0.0,63.08,4.7,0.24,4.51,0.0,0,1,24.444444,2
18748,2,5,1,0,23.47,0.0,64.97,3.5,0.36,3.27,0.0,0,1,24.444444,2
18749,2,6,1,0,23.36,0.0,66.18,3.7,1.2,2.7,0.0,0,1,24.444444,2
18750,2,7,1,0,23.3,0.0,66.78,3.3,0.84,2.45,0.0,0,1,24.444444,2
18751,2,8,1,0,23.39,0.0,66.99,3.6,7.44,3.41,77.7449,0,1,24.444444,2
18752,2,9,1,0,23.53,0.0,66.48,3.6,5.52,6.6,208.974,0,1,24.444444,2
18753,2,10,1,0,23.68,0.0,64.85,4.8,11.4,11.35,350.384,0,1,24.444444,2
18754,2,11,1,0,23.83,0.0,62.66,7.1,17.16,15.16,349.883,0,1,24.444444,2
18755,2,12,1,0,23.86,0.0,60.96,3.8,14.64,13.96,460.847,0,1,24.444444,2
18756,2,13,1,0,23.9,0.0,59.62,4.3,5.52,13.76,321.195,0,1,24.444444,2
18757,2,14,1,0,23.96,0.0,58.64,6.8,8.04,14.97,144.369,0,1,24.444444,2
18758,2,15,1,0,23.96,0.0,58.05,4.4,1.2,12.44,163.282,0,1,24.444444,2
18759,2,16,1,0,23.98,0.0,57.6,4.7,3.6,12.74,135.851,0,1,24.444444,2
18760,2,17,1,0,23.98,0.0,57.57,4.6,13.32,11.63,68.0749,0,1,24.444444,2
18761,2,18,1,0,23.96,0.0,58.37,4.8,7.44,10.18,11.3354,0,1,24.444444,2
18762,2,19,1,0,23.93,0.0,59.6,4.9,7.92,9.84,0.0,0,1,24.444444,2
18763,2,20,1,0,24.02,0.0,59.27,9.8,6.96,15.26,0.0,0,1,24.444444,2
18764,2,21,1,0,23.97,0.0,59.23,6.5,4.8,9.94,0.0,0,1,24.444444,2
18765,2,22,1,0,23.94,0.0,60.12,6.5,1.92,9.44,0.0,0,1,24.444444,2
18766,2,23,1,0,23.94,0.0,60.5,7.4,2.64,9.98,0.0,0,1,24.444444,2
18767,2,24,1,0,23.86,0.0,61.54,5.3,0.6,7.41,0.0,0,1,24.444444,2
18768,2,1,2,0,23.8,0.0,62.64,5.5,1.92,7.12,0.0,0,1,24.444444,2
18769,2,2,2,0,23.84,0.0,63.01,7.8,0.24,8.65,0.0,0,1,24.444444,2
18770,2,3,2,0,23.72,0.0,64.5,5.0,0.36,5.38,0.0,0,1,24.444444,2
18771,2,4,2,0,23.61,0.0,66.46,3.8,0.36,4.11,0.0,0,1,24.444444,2
18772,2,5,2,0,23.52,0.0,67.96,3.4,0.36,3.58,0.0,0,1,24.444444,2
18773,2,6,2,0,23.59,0.0,68.02,5.6,0.96,5.3,0.0,0,1,24.444444,2
18774,2,7,2,0,23.52,0.0,68.86,3.7,3.48,3.74,0.0,0,1,24.444444,2
18775,2,8,2,0,23.49,0.0,69.7,4.0,11.16,4.01,23.5371,0,1,24.444444,2
18776,2,9,2,0,23.53,0.0,69.93,4.7,14.76,4.68,100.288,0,1,24.444444,2
18777,2,10,2,0,23.59,0.0,69.38,5.0,6.0,6.94,196.135,0,1,24.444444,2
18778,2,11,2,0,23.65,0.0,68.41,4.6,8.28,8.44,241.002,0,1,24.444444,2
18779,2,12,2,0,23.63,0.0,68.28,3.6,3.84,6.14,167.948,0,1,24.444444,2
18780,2,13,2,0,23.63,0.0,68.04,4.8,1.08,7.0,142.413,0,1,24.444444,2
18781,2,14,2,0,23.61,0.0,67.56,4.6,1.08,6.0,94.6446,0,1,24.444444,2
18782,2,15,2,0,23.77,0.0,65.28,10.8,4.92,10.73,33.6854,0,1,24.444444,2
18783,2,16,2,0,23.54,0.0,64.89,4.2,1.44,3.43,40.2508,0,1,24.444444,2
18784,2,17,2,0,23.47,0.0,64.73,5.3,4.68,3.61,19.6586,0,1,24.444444,2
18785,2,18,2,0,23.44,0.0,65.12,4.8,6.6,3.5,0.686241,0,1,24.444444,2
18786,2,19,2,0,23.44,0.0,65.97,4.4,5.16,3.84,0.0,0,1,24.444444,2
18787,2,20,2,0,23.61,0.0,65.36,9.6,4.08,8.05,0.0,0,1,24.444444,2
18788,2,21,2,0,23.65,0.0,64.67,9.7,17.88,7.79,0.0,0,1,24.444444,2
18789,2,22,2,0,23.57,0.0,65.32,6.7,5.16,4.85,0.0,0,1,24.444444,2
18790,2,23,2,0,23.64,0.0,65.07,10.1,1.56,7.78,0.0,0,1,24.444444,2
18791,2,24,2,0,23.6,0.0,64.91,8.3,0.36,5.36,0.0,0,1,24.444444,2
18792,2,1,3,0,23.45,0.0,65.98,5.5,0.6,3.26,0.0,0,1,24.444444,2
18793,2,2,3,0,23.33,0.0,67.38,3.6,1.8,2.34,0.0,0,1,24.444444,2
18794,2,3,3,0,23.29,0.0,68.38,3.9,0.24,2.35,0.0,0,1,24.444444,2
18795,2,4,3,0,23.24,0.0,69.0,3.5,0.36,1.99,0.0,0,1,24.444444,2
18796,2,5,3,0,23.24,0.0,68.92,5.1,0.48,2.42,0.0,0,1,24.444444,2
18797,2,6,3,0,23.23,0.0,68.16,5.3,4.44,2.34,0.0,0,1,24.444444,2
18798,2,7,3,0,23.19,0.0,67.69,3.5,2.16,1.8,0.0,0,1,24.444444,2
18799,2,8,3,0,23.44,0.0,66.32,3.9,24.24,4.45,86.8447,0,1,24.444444,2
18800,2,9,3,0,23.5,0.0,66.16,6.1,4.92,4.96,134.195,0,1,24.444444,2
18801,2,10,3,0,23.55,0.0,66.3,5.7,3.12,6.04,256.384,0,1,24.444444,2
18802,2,11,3,0,23.56,0.0,66.78,5.4,8.16,5.26,108.396,0,1,24.444444,2
18803,2,12,3,0,23.53,0.0,67.83,4.1,10.08,4.81,194.188,0,1,24.444444,2
18804,2,13,3,0,23.48,0.0,69.02,3.8,1.56,3.59,111.411,0,1,24.444444,2
18805,2,14,3,0,23.52,0.0,68.35,6.8,0.96,5.51,48.0727,0,1,24.444444,2
18806,2,15,3,0,23.66,0.0,67.45,9.5,0.96,10.03,99.8401,0,1,24.444444,2
18807,2,16,3,0,23.54,0.0,69.15,3.6,1.2,4.31,68.6425,0,1,24.444444,2
18808,2,17,3,0,23.5,0.0,71.38,3.6,1.68,4.71,18.3666,0,1,24.444444,2
18809,2,18,3,0,23.52,0.0,73.32,3.6,5.28,5.54,0.0,0,1,24.444444,2
18810,2,19,3,0,23.54,0.0,74.82,3.7,10.32,6.77,0.0,0,1,24.444444,2
18811,2,20,3,0,23.61,0.0,74.15,6.7,8.88,8.97,0.0,0,1,24.444444,2
18812,2,21,3,0,23.56,0.0,73.02,5.4,8.4,6.04,0.0,0,1,24.444444,2
18813,2,22,3,0,23.74,0.0,69.47,11.6,7.56,12.26,0.0,0,1,24.444444,2
18814,2,23,3,0,23.63,0.0,66.96,7.2,0.96,5.41,0.0,0,1,24.444444,2
18815,2,24,3,0,23.48,0.0,64.57,7.0,1.2,3.49,0.0,0,1,24.444444,2
18816,2,1,4,0,23.46,0.0,58.22,10.0,0.6,3.55,0.0,0,1,24.444444,2
18817,2,2,4,0,23.03,0.0,53.94,3.9,0.36,0.47,0.0,0,1,24.444444,2
18818,2,3,4,0,22.84,0.0,49.34,3.9,0.36,0.25,0.0,0,1,24.444444,2
18819,2,4,4,0,22.77,0.0,45.42,3.8,0.24,0.06,0.0,0,1,24.444444,2
18820,2,5,4,0,22.68,0.0,42.08,3.8,0.24,0.0,0.0,0,1,24.444444,2
18821,2,6,4,0,22.69,0.0,39.09,7.0,6.12,0.01,0.0,0,1,24.444444,2
18822,2,7,4,0,22.69,0.0,36.94,7.8,7.32,0.03,0.0,0,1,24.444444,2
18823,2,8,4,0,22.7,0.0,35.41,8.9,14.16,0.12,1.78079,0,1,24.444444,2
18824,2,9,4,0,22.67,0.0,34.27,7.9,5.04,0.0,36.1475,0,1,24.444444,2
18825,2,10,4,0,22.77,0.0,33.36,10.7,1.8,0.39,302.957,0,1,24.444444,2
18826,2,11,4,0,22.87,0.0,32.18,8.3,8.52,0.44,428.49,0,1,24.444444,2
18827,2,12,4,0,23.07,0.0,31.46,8.5,7.2,1.42,721.744,0,1,24.444444,2
18828,2,13,4,0,23.24,0.0,31.0,7.2,7.32,2.3,822.427,0,1,24.444444,2
18829,2,14,4,0,23.4,0.0,30.73,7.9,0.72,4.21,802.959,0,1,24.444444,2
18830,2,15,4,0,23.52,0.0,30.4,9.9,6.36,7.21,625.975,0,1,24.444444,2
18831,2,16,4,0,23.57,0.0,29.63,8.6,2.04,8.66,557.909,0,1,24.444444,2
18832,2,17,4,0,23.58,0.0,29.06,8.0,2.76,7.72,342.198,0,1,24.444444,2
18833,2,18,4,0,23.54,0.0,28.98,8.6,1.92,5.04,95.7512,0,1,24.444444,2
18834,2,19,4,0,23.49,0.0,29.65,10.4,5.28,3.92,0.0,0,1,24.444444,2
18835,2,20,4,0,23.41,0.0,30.43,8.6,4.56,2.53,0.0,0,1,24.444444,2
18836,2,21,4,0,23.34,0.0,31.25,8.4,5.64,2.02,0.0,0,1,24.444444,2
18837,2,22,4,0,23.39,0.0,31.46,11.9,6.0,3.13,0.0,0,1,24.444444,2
18838,2,23,4,0,23.26,0.0,30.91,9.2,1.44,1.46,0.0,0,1,24.444444,2
18839,2,24,4,0,23.3,0.0,29.99,13.6,1.2,2.37,0.0,0,1,24.444444,2
18840,2,1,5,0,23.16,0.0,29.74,11.6,0.96,1.26,0.0,0,1,24.444444,2
18841,2,2,5,0,22.76,0.0,30.22,4.1,0.36,0.0,0.0,0,1,24.444444,2
18842,2,3,5,0,22.66,0.0,29.9,5.5,0.48,0.0,0.0,0,1,24.444444,2
18843,2,4,5,0,22.6,0.0,29.52,3.3,0.0,0.0,0.0,0,1,24.444444,2
18844,2,5,5,0,22.65,0.0,29.22,8.1,0.6,0.0,0.0,0,1,24.444444,2
18845,2,6,5,0,22.55,0.0,29.53,3.0,1.8,0.0,0.0,0,1,24.444444,2
18846,2,7,5,0,22.66,0.0,29.57,11.3,4.08,0.06,0.0,0,1,24.444444,2
18847,2,8,5,0,22.82,0.0,29.78,5.7,11.04,0.04,101.878,0,1,24.444444,2
18848,2,9,5,0,23.15,0.0,29.59,7.0,14.04,1.79,326.54,0,1,24.444444,2
18849,2,10,5,0,23.33,0.0,29.18,7.1,8.76,3.9,527.849,0,1,24.444444,2
18850,2,11,5,0,23.42,0.0,28.47,6.1,10.8,4.44,672.008,0,1,24.444444,2
18851,2,12,5,0,23.58,0.0,27.74,8.9,9.24,7.01,768.281,0,1,24.444444,2
18852,2,13,5,0,23.65,0.0,27.11,6.9,1.2,8.1,805.329,0,1,24.444444,2
18853,2,14,5,0,23.78,0.0,26.09,8.7,1.68,12.11,780.388,0,1,24.444444,2
18854,2,15,5,0,23.93,0.0,25.49,10.2,2.52,16.67,692.672,0,1,24.444444,2
18855,2,16,5,0,23.97,0.0,25.28,8.9,0.24,17.93,548.575,0,1,24.444444,2
18856,2,17,5,0,23.97,0.0,25.2,7.9,2.52,16.22,336.319,0,1,24.444444,2
18857,2,18,5,0,23.97,0.0,25.72,9.1,2.16,12.09,96.7164,0,1,24.444444,2
18858,2,19,5,0,23.89,0.0,26.83,8.6,3.84,8.17,0.0,0,1,24.444444,2
18859,2,20,5,0,23.87,0.0,27.45,9.7,5.28,7.6,0.0,0,1,24.444444,2
18860,2,21,5,0,23.82,0.0,27.86,10.3,6.48,6.54,0.0,0,1,24.444444,2
18861,2,22,5,0,23.77,0.0,28.46,10.5,4.44,5.71,0.0,0,1,24.444444,2
18862,2,23,5,0,23.76,0.0,29.79,12.5,3.36,5.84,0.0,0,1,24.444444,2
18863,2,24,5,0,23.44,0.0,30.68,7.2,1.08,1.8,0.0,0,1,24.444444,2
18864,2,1,6,0,23.08,0.0,30.49,5.1,2.04,0.71,0.0,0,1,24.444444,2
18865,2,2,6,0,22.84,0.0,29.94,4.0,1.8,0.15,0.0,0,1,24.444444,2
18866,2,3,6,0,22.76,0.0,29.26,4.6,0.24,0.05,0.0,0,1,24.444444,2
18867,2,4,6,0,22.7,0.0,28.47,4.3,0.24,0.0,0.0,0,1,24.444444,2
18868,2,5,6,0,22.69,0.0,27.51,5.9,0.84,0.0,0.0,0,1,24.444444,2
18869,2,6,6,0,22.62,0.0,26.73,4.1,4.68,0.0,0.0,0,1,24.444444,2
18870,2,7,6,0,22.63,0.0,25.86,6.7,9.24,0.0,0.0,0,1,24.444444,2
18871,2,8,6,0,22.73,0.0,25.09,4.5,12.6,0.0,104.794,0,1,24.444444,2
18872,2,9,6,0,22.96,0.0,23.87,4.3,11.88,0.45,337.411,0,1,24.444444,2
18873,2,10,6,0,23.14,0.0,22.54,6.9,6.48,2.09,545.666,0,1,24.444444,2
18874,2,11,6,0,23.14,0.0,21.89,5.0,2.52,2.26,691.021,0,1,24.444444,2
18875,2,12,6,0,23.2,0.0,21.49,6.0,1.44,2.88,785.348,0,1,24.444444,2
18876,2,13,6,0,23.42,0.0,21.15,11.3,15.84,6.25,807.752,0,1,24.444444,2
18877,2,14,6,0,23.4,0.0,21.27,4.0,0.96,4.28,788.619,0,1,24.444444,2
18878,2,15,6,0,23.61,0.0,21.12,10.3,1.44,10.71,701.785,0,1,24.444444,2
18879,2,16,6,0,23.61,0.0,21.28,4.4,4.44,8.88,551.947,0,1,24.444444,2
18880,2,17,6,0,23.71,0.0,21.36,10.7,3.84,13.19,343.305,0,1,24.444444,2
18881,2,18,6,0,23.57,0.0,21.85,3.9,2.64,4.93,100.38,0,1,24.444444,2
18882,2,19,6,0,23.61,0.0,22.29,10.7,2.64,5.97,0.0,0,1,24.444444,2
18883,2,20,6,0,23.57,0.0,23.0,10.0,2.76,4.07,0.0,0,1,24.444444,2
18884,2,21,6,0,23.45,0.0,23.82,8.4,8.04,2.39,0.0,0,1,24.444444,2
18885,2,22,6,0,23.44,0.0,24.82,10.9,1.68,3.02,0.0,0,1,24.444444,2
18886,2,23,6,0,23.21,0.0,26.1,6.6,2.88,0.97,0.0,0,1,24.444444,2
18887,2,24,6,0,23.06,0.0,27.38,8.0,1.68,0.83,0.0,0,1,24.444444,2
18888,2,1,7,0,22.87,0.0,28.58,5.9,0.48,0.18,0.0,0,1,24.444444,2
18889,2,2,7,0,22.7,0.0,29.44,3.5,0.36,0.0,0.0,0,1,24.444444,2
18890,2,3,7,0,22.64,0.0,30.05,5.0,0.6,0.0,0.0,0,1,24.444444,2
18891,2,4,7,0,22.59,0.0,30.51,3.4,0.36,0.0,0.0,0,1,24.444444,2
18892,2,5,7,0,22.55,0.0,30.89,3.4,0.6,0.0,0.0,0,1,24.444444,2
18893,2,6,7,0,22.53,0.0,31.38,3.6,1.8,0.0,0.0,0,1,24.444444,2
18894,2,7,7,0,22.52,0.0,31.64,3.7,2.64,0.0,0.0,0,1,24.444444,2
18895,2,8,7,0,22.66,0.0,31.69,3.6,5.52,0.0,103.875,0,1,24.444444,2
18896,2,9,7,0,23.01,0.0,31.34,4.2,7.56,1.08,318.289,0,1,24.444444,2
18897,2,10,7,0,23.2,0.0,30.65,3.8,15.96,2.6,506.391,0,1,24.444444,2
18898,2,11,7,0,23.29,0.0,29.66,4.8,15.36,3.53,670.623,0,1,24.444444,2
18899,2,12,7,0,23.5,0.0,28.06,9.4,7.92,6.52,734.934,0,1,24.444444,2
18900,2,13,7,0,23.51,0.0,26.42,4.5,10.92,5.64,794.232,0,1,24.444444,2
18901,2,14,7,0,23.61,0.0,24.7,5.5,5.88,8.51,744.508,0,1,24.444444,2
18902,2,15,7,0,23.68,0.0,22.77,4.0,1.08,11.12,657.345,0,1,24.444444,2
18903,2,16,7,0,23.73,0.0,21.17,4.1,11.16,13.57,506.73,0,1,24.444444,2
18904,2,17,7,0,23.74,0.0,20.26,4.6,14.64,13.36,344.178,0,1,24.444444,2
18905,2,18,7,0,23.74,0.0,20.12,7.3,14.16,9.73,105.004,0,1,24.444444,2
18906,2,19,7,0,23.57,0.0,22.02,4.0,10.68,3.82,0.0,0,1,24.444444,2
18907,2,20,7,0,23.52,0.0,24.48,5.8,4.8,3.77,0.0,0,1,24.444444,2
18908,2,21,7,0,23.43,0.0,26.91,5.2,5.16,2.57,0.0,0,1,24.444444,2
18909,2,22,7,0,23.46,0.0,29.64,9.2,2.04,3.15,0.0,0,1,24.444444,2
18910,2,23,7,0,23.38,0.0,31.84,9.1,3.96,2.14,0.0,0,1,24.444444,2
18911,2,24,7,0,23.16,0.0,33.16,6.2,0.96,0.88,0.0,0,1,24.444444,2
18912,2,1,1,0,22.93,0.0,34.02,4.1,2.28,0.26,0.0,0,1,24.444444,2
18913,2,2,1,0,22.82,0.0,34.45,4.5,0.96,0.09,0.0,0,1,24.444444,2
18914,2,3,1,0,22.69,0.0,34.85,3.5,1.08,0.0,0.0,0,1,24.444444,2
18915,2,4,1,0,22.64,0.0,35.08,4.1,1.68,0.0,0.0,0,1,24.444444,2
18916,2,5,1,0,22.59,0.0,35.26,3.3,0.24,0.0,0.0,0,1,24.444444,2
18917,2,6,1,0,22.56,0.0,35.36,3.4,1.32,0.0,0.0,0,1,24.444444,2
18918,2,7,1,0,22.55,0.0,35.41,4.1,1.32,0.0,0.0,0,1,24.444444,2
18919,2,8,1,0,22.72,0.0,35.31,3.4,6.84,0.01,106.595,0,1,24.444444,2
18920,2,9,1,0,23.13,0.0,34.98,4.8,6.6,1.6,324.376,0,1,24.444444,2
18921,2,10,1,0,23.33,0.0,35.19,4.9,13.68,3.89,520.325,0,1,24.444444,2
18922,2,11,1,0,23.52,0.0,35.69,7.2,13.8,5.82,673.903,0,1,24.444444,2
18923,2,12,1,0,23.61,0.0,37.36,6.3,21.24,6.47,689.439,0,1,24.444444,2
18924,2,13,1,0,23.65,0.0,38.94,5.4,3.48,6.37,568.057,0,1,24.444444,2
18925,2,14,1,0,23.7,0.0,40.26,4.8,2.4,9.11,643.01,0,1,24.444444,2
18926,2,15,1,0,23.79,0.0,41.11,5.1,2.64,13.46,666.944,0,1,24.444444,2
18927,2,16,1,0,23.83,0.0,41.81,4.4,5.28,14.61,518.091,0,1,24.444444,2
18928,2,17,1,0,23.82,0.0,42.26,5.1,17.04,13.85,317.636,0,1,24.444444,2
18929,2,18,1,0,23.89,0.0,42.68,8.7,7.32,12.47,85.4768,0,1,24.444444,2
18930,2,19,1,0,23.73,0.0,43.99,4.4,4.32,6.23,0.0,0,1,24.444444,2
18931,2,20,1,0,23.67,0.0,45.05,5.8,3.96,6.18,0.0,0,1,24.444444,2
18932,2,21,1,0,23.75,0.0,45.47,9.3,6.6,7.86,0.0,0,1,24.444444,2
18933,2,22,1,0,23.72,0.0,46.06,8.7,3.12,6.57,0.0,0,1,24.444444,2
18934,2,23,1,0,23.56,0.0,47.46,6.0,3.6,3.47,0.0,0,1,24.444444,2
18935,2,24,1,0,23.48,0.0,48.86,7.0,0.72,3.24,0.0,0,1,24.444444,2
18936,3,1,2,0,23.55,0.0,50.17,8.9,1.2,4.9,0.0,0,1,24.444444,2
18937,3,2,2,0,23.56,0.0,53.26,8.6,0.96,4.7,0.0,0,1,24.444444,2
18938,3,3,2,0,23.54,0.0,56.07,8.8,0.72,4.68,0.0,0,1,24.444444,2
18939,3,4,2,0,23.3,0.0,59.71,3.3,0.96,1.65,0.0,0,1,24.444444,2
18940,3,5,2,0,23.2,0.0,62.57,3.6,0.6,1.56,0.0,0,1,24.444444,2
18941,3,6,2,0,23.12,0.0,64.13,3.3,5.04,1.31,0.0,0,1,24.444444,2
18942,3,7,2,0,23.39,0.0,63.28,9.6,11.76,4.71,0.0,0,1,24.444444,2
18943,3,8,2,0,23.46,0.0,63.04,4.0,12.24,3.52,83.7434,0,1,24.444444,2
18944,3,9,2,0,23.65,0.0,61.78,9.5,3.72,9.94,209.607,0,1,24.444444,2
18945,3,10,2,0,23.78,0.0,60.11,9.1,5.88,14.32,360.692,0,1,24.444444,2
18946,3,11,2,0,23.9,0.0,57.6,9.8,3.6,18.54,480.39,0,1,24.444444,2
18947,3,12,2,0,24.02,0.0,54.64,11.1,3.48,21.26,528.048,0,1,24.444444,2
18948,3,13,2,0,23.99,0.0,53.33,3.8,1.92,14.92,467.938,0,1,24.444444,2
18949,3,14,2,0,24.06,0.0,52.03,8.2,1.32,23.13,452.565,0,1,24.444444,2
18950,3,15,2,0,24.07,0.0,49.67,13.2,3.36,31.08,472.506,0,1,24.444444,2
18951,3,16,2,0,24.08,0.0,48.97,9.7,1.68,20.95,81.9661,0,1,24.444444,2
18952,3,17,2,0,24.07,0.0,49.09,7.8,3.48,18.7,90.0994,0,1,24.444444,2
18953,3,18,2,0,24.07,0.0,49.29,8.4,2.28,19.9,78.83,0,1,24.444444,2
18954,3,19,2,0,24.07,0.0,50.14,8.5,6.24,18.13,0.0,0,1,24.444444,2
18955,3,20,2,0,24.07,0.0,51.12,9.9,6.72,19.33,0.0,0,1,24.444444,2
18956,3,21,2,0,24.07,0.0,51.52,14.1,9.12,23.64,0.0,0,1,24.444444,2
18957,3,22,2,0,24.07,0.0,51.41,17.6,7.8,26.86,0.0,0,1,24.444444,2
18958,3,23,2,0,24.07,0.0,51.36,17.6,0.72,25.36,0.0,0,1,24.444444,2
18959,3,24,2,0,24.05,0.0,52.99,9.1,1.2,12.27,0.0,0,1,24.444444,2
18960,3,1,3,0,24.03,0.0,55.6,8.3,0.48,10.81,0.0,0,1,24.444444,2
18961,3,2,3,0,23.73,0.0,57.48,3.3,0.12,4.08,0.0,0,1,24.444444,2
18962,3,3,3,0,23.41,0.0,56.63,3.4,0.24,2.56,0.0,0,1,24.444444,2
18963,3,4,3,0,23.34,0.0,54.82,5.0,0.36,2.5,0.0,0,1,24.444444,2
18964,3,5,3,0,23.19,0.0,53.85,3.8,1.08,1.38,0.0,0,1,24.444444,2
18965,3,6,3,0,23.02,0.0,52.62,3.1,3.36,0.78,0.0,0,1,24.444444,2
18966,3,7,3,0,23.05,0.0,49.89,4.4,10.08,1.03,0.0,0,1,24.444444,2
18967,3,8,3,0,23.39,0.0,46.5,5.7,7.08,3.88,112.946,0,1,24.444444,2
18968,3,9,3,0,23.53,0.0,42.49,7.3,3.24,7.31,340.244,0,1,24.444444,2
18969,3,10,3,0,23.57,0.0,38.26,5.0,1.44,6.1,543.681,0,1,24.444444,2
18970,3,11,3,0,23.63,0.0,35.89,4.1,1.56,5.27,684.281,0,1,24.444444,2
18971,3,12,3,0,23.64,0.0,34.48,4.3,3.12,5.94,764.383,0,1,24.444444,2
18972,3,13,3,0,23.67,0.0,33.09,4.0,7.2,7.33,794.712,0,1,24.444444,2
18973,3,14,3,0,23.88,0.0,30.97,9.1,0.36,13.52,771.138,0,1,24.444444,2
18974,3,15,3,0,24.01,0.0,28.96,10.3,2.16,18.08,680.393,0,1,24.444444,2
18975,3,16,3,0,23.92,0.0,28.08,3.3,3.96,14.53,536.633,0,1,24.444444,2
18976,3,17,3,0,24.01,0.0,27.24,8.2,2.16,18.33,337.504,0,1,24.444444,2
18977,3,18,3,0,24.03,0.0,27.1,8.7,6.72,14.32,107.03,0,1,24.444444,2
18978,3,19,3,0,24.03,0.0,27.68,9.4,9.48,11.11,0.0,0,1,24.444444,2
18979,3,20,3,0,24.02,0.0,28.43,9.9,5.88,10.23,0.0,0,1,24.444444,2
18980,3,21,3,0,23.89,0.0,29.75,7.6,5.64,6.21,0.0,0,1,24.444444,2
18981,3,22,3,0,23.82,0.0,32.16,9.6,4.8,5.79,0.0,0,1,24.444444,2
18982,3,23,3,0,23.72,0.0,34.55,9.6,1.08,4.59,0.0,0,1,24.444444,2
18983,3,24,3,0,23.49,0.0,36.05,6.6,0.96,2.39,0.0,0,1,24.444444,2
18984,3,1,4,0,23.5,0.0,36.91,9.6,0.24,3.08,0.0,0,1,24.444444,2
18985,3,2,4,0,23.37,0.0,38.43,8.2,0.36,2.04,0.0,0,1,24.444444,2
18986,3,3,4,0,23.03,0.0,40.59,3.1,2.28,0.55,0.0,0,1,24.444444,2
18987,3,4,4,0,22.94,0.0,42.43,3.8,0.48,0.65,0.0,0,1,24.444444,2
18988,3,5,4,0,23.14,0.0,43.64,8.4,0.48,1.81,0.0,0,1,24.444444,2
18989,3,6,4,0,22.99,0.0,45.97,3.4,2.64,0.65,0.0,0,1,24.444444,2
18990,3,7,4,0,23.14,0.0,47.61,9.2,3.12,2.22,0.0,0,1,24.444444,2
18991,3,8,4,0,23.19,0.0,50.31,8.5,10.8,2.25,16.4946,0,1,24.444444,2
18992,3,9,4,0,23.23,0.0,52.77,8.9,8.88,2.73,42.7043,0,1,24.444444,2
18993,3,10,4,0,23.28,0.0,54.41,6.9,3.12,2.79,191.336,0,1,24.444444,2
18994,3,11,4,0,23.44,0.0,55.76,9.2,8.76,4.74,144.169,0,1,24.444444,2
18995,3,12,4,0,23.59,0.0,58.17,8.2,7.2,6.16,202.546,0,1,24.444444,2
18996,3,13,4,0,23.65,0.0,60.56,7.7,3.12,7.96,148.314,0,1,24.444444,2
18997,3,14,4,0,23.8,0.0,60.69,9.0,0.24,11.63,203.651,0,1,24.444444,2
18998,3,15,4,0,23.93,0.0,59.51,9.6,2.52,13.33,184.15,0,1,24.444444,2
18999,3,16,4,0,23.95,0.0,58.73,9.2,2.64,12.14,68.9768,0,1,24.444444,2
19000,3,17,4,0,23.97,0.0,58.43,8.3,3.36,12.28,102.398,0,1,24.444444,2
19001,3,18,4,0,23.99,0.0,58.55,8.0,7.08,13.36,83.9657,0,1,24.444444,2
19002,3,19,4,0,24.0,0.0,59.38,8.5,9.96,12.55,0.0,0,1,24.444444,2
19003,3,20,4,0,24.02,0.0,59.89,10.0,7.56,14.34,0.0,0,1,24.444444,2
19004,3,21,4,0,24.03,0.0,59.91,10.3,5.76,14.24,0.0,0,1,24.444444,2
19005,3,22,4,0,24.03,0.0,59.8,10.9,1.8,14.92,0.0,0,1,24.444444,2
19006,3,23,4,0,24.0,0.0,59.54,9.5,1.32,10.27,0.0,0,1,24.444444,2
19007,3,24,4,0,23.98,0.0,57.68,11.8,1.08,10.13,0.0,0,1,24.444444,2
19008,3,1,5,0,23.86,0.0,55.15,9.9,0.48,6.33,0.0,0,1,24.444444,2
19009,3,2,5,0,23.7,0.0,53.43,9.1,0.6,4.2,0.0,0,1,24.444444,2
19010,3,3,5,0,23.6,0.0,51.25,9.6,0.36,3.4,0.0,0,1,24.444444,2
19011,3,4,5,0,23.4,0.0,49.81,8.1,0.36,2.15,0.0,0,1,24.444444,2
19012,3,5,5,0,23.36,0.0,48.31,10.1,4.44,2.53,0.0,0,1,24.444444,2
19013,3,6,5,0,23.34,0.0,47.16,10.9,3.6,2.44,0.0,0,1,24.444444,2
19014,3,7,5,0,23.24,0.0,46.79,8.2,24.6,1.58,0.0,0,1,24.444444,2
19015,3,8,5,0,23.52,0.0,45.7,10.3,9.0,6.05,116.034,0,1,24.444444,2
19016,3,9,5,0,23.62,0.0,44.62,10.3,9.6,9.74,333.631,0,1,24.444444,2
19017,3,10,5,0,23.67,0.0,43.01,10.1,7.68,10.37,534.957,0,1,24.444444,2
19018,3,11,5,0,23.7,0.0,41.47,8.6,1.2,8.92,668.23,0,1,24.444444,2
19019,3,12,5,0,23.79,0.0,40.54,10.6,0.84,11.37,744.607,0,1,24.444444,2
19020,3,13,5,0,23.85,0.0,39.81,9.5,1.56,12.39,775.78,0,1,24.444444,2
19021,3,14,5,0,23.94,0.0,39.04,8.7,1.08,14.9,735.029,0,1,24.444444,2
19022,3,15,5,0,24.03,0.0,38.18,9.7,1.92,20.2,666.345,0,1,24.444444,2
19023,3,16,5,0,24.04,0.0,37.52,9.1,0.96,22.46,528.077,0,1,24.444444,2
19024,3,17,5,0,24.05,0.0,37.13,8.2,8.88,21.64,337.587,0,1,24.444444,2
19025,3,18,5,0,24.06,0.0,36.95,8.7,6.36,18.16,104.482,0,1,24.444444,2
19026,3,19,5,0,24.07,0.0,36.95,9.4,3.96,14.94,0.0,0,1,24.444444,2
19027,3,20,5,0,24.07,0.0,37.29,9.6,6.0,13.47,0.0,0,1,24.444444,2
19028,3,21,5,0,24.07,0.0,37.54,11.0,4.32,12.8,0.0,0,1,24.444444,2
19029,3,22,5,0,24.06,0.0,37.89,11.4,1.56,11.25,0.0,0,1,24.444444,2
19030,3,23,5,0,24.0,0.0,38.5,10.1,1.2,8.2,0.0,0,1,24.444444,2
19031,3,24,5,0,23.86,0.0,40.14,8.9,1.44,5.6,0.0,0,1,24.444444,2
19032,3,1,6,0,23.75,0.0,42.4,9.8,0.96,4.84,0.0,0,1,24.444444,2
19033,3,2,6,0,23.56,0.0,43.97,8.4,0.96,2.93,0.0,0,1,24.444444,2
19034,3,3,6,0,23.38,0.0,45.43,7.9,0.36,2.08,0.0,0,1,24.444444,2
19035,3,4,6,0,23.02,0.0,47.24,3.5,0.24,0.62,0.0,0,1,24.444444,2
19036,3,5,6,0,23.08,0.0,47.47,8.2,2.88,1.44,0.0,0,1,24.444444,2
19037,3,6,6,0,22.85,0.0,48.12,3.1,6.12,0.18,0.0,0,1,24.444444,2
19038,3,7,6,0,22.98,0.0,47.6,8.5,8.76,1.09,0.0,0,1,24.444444,2
19039,3,8,6,0,23.36,0.0,46.98,7.5,14.04,3.75,116.771,0,1,24.444444,2
19040,3,9,6,0,23.54,0.0,47.19,8.1,5.4,8.96,327.781,0,1,24.444444,2
19041,3,10,6,0,23.65,0.0,47.14,8.7,4.2,11.63,512.422,0,1,24.444444,2
19042,3,11,6,0,23.77,0.0,46.65,9.9,12.84,13.96,642.158,0,1,24.444444,2
19043,3,12,6,0,23.85,0.0,46.17,8.6,3.0,13.97,727.735,0,1,24.444444,2
19044,3,13,6,0,23.91,0.0,45.22,8.2,0.96,15.51,766.035,0,1,24.444444,2
19045,3,14,6,0,23.99,0.0,42.98,7.4,3.24,17.69,727.535,0,1,24.444444,2
19046,3,15,6,0,24.06,0.0,40.74,10.6,1.32,25.72,647.602,0,1,24.444444,2
19047,3,16,6,0,24.07,0.0,39.65,11.3,2.16,28.93,513.575,0,1,24.444444,2
19048,3,17,6,0,24.08,0.0,38.81,8.4,6.48,24.93,319.716,0,1,24.444444,2
19049,3,18,6,0,24.08,0.0,38.37,8.8,2.04,21.13,97.8917,0,1,24.444444,2
19050,3,19,6,0,24.08,0.0,38.27,8.9,7.68,17.61,0.0,0,1,24.444444,2
19051,3,20,6,0,24.08,0.0,38.34,9.8,1.92,17.05,0.0,0,1,24.444444,2
19052,3,21,6,0,24.07,0.0,39.0,8.9,3.6,12.97,0.0,0,1,24.444444,2
19053,3,22,6,0,24.07,0.0,41.02,10.2,5.28,12.32,0.0,0,1,24.444444,2
19054,3,23,6,0,24.04,0.0,43.49,10.2,0.84,10.64,0.0,0,1,24.444444,2
19055,3,24,6,0,24.05,0.0,45.1,13.0,1.32,11.97,0.0,0,1,24.444444,2
19056,3,1,7,0,23.7,0.0,47.5,4.9,0.84,3.54,0.0,0,1,24.444444,2
19057,3,2,7,0,23.4,0.0,49.78,3.8,0.96,2.21,0.0,0,1,24.444444,2
19058,3,3,7,0,23.2,0.0,50.97,3.3,0.48,1.39,0.0,0,1,24.444444,2
19059,3,4,7,0,23.06,0.0,51.35,3.2,0.36,1.0,0.0,0,1,24.444444,2
19060,3,5,7,0,23.05,0.0,51.04,6.1,0.12,1.19,0.0,0,1,24.444444,2
19061,3,6,7,0,22.91,0.0,51.01,3.5,2.04,0.56,0.0,0,1,24.444444,2
19062,3,7,7,0,23.04,0.0,50.44,4.5,3.12,1.14,0.0,0,1,24.444444,2
19063,3,8,7,0,23.37,0.0,48.75,3.8,9.96,3.55,119.739,0,1,24.444444,2
19064,3,9,7,0,23.5,0.0,46.82,3.7,10.68,7.52,333.898,0,1,24.444444,2
19065,3,10,7,0,23.62,0.0,45.11,4.7,11.76,10.0,524.795,0,1,24.444444,2
19066,3,11,7,0,23.7,0.0,43.55,4.4,8.16,10.2,661.475,0,1,24.444444,2
19067,3,12,7,0,23.75,0.0,42.22,3.7,5.04,10.17,748.318,0,1,24.444444,2
19068,3,13,7,0,23.86,0.0,40.48,5.6,10.08,13.7,751.704,0,1,24.444444,2
19069,3,14,7,0,24.01,0.0,38.94,10.0,5.28,20.83,746.848,0,1,24.444444,2
19070,3,15,7,0,24.06,0.0,37.77,10.5,15.6,25.67,663.058,0,1,24.444444,2
19071,3,16,7,0,24.05,0.0,36.89,4.2,3.12,20.49,529.459,0,1,24.444444,2
19072,3,17,7,0,24.04,0.0,36.62,3.7,3.96,18.76,339.27,0,1,24.444444,2
19073,3,18,7,0,24.06,0.0,36.6,9.4,8.88,19.98,105.354,0,1,24.444444,2
19074,3,19,7,0,24.08,0.0,37.09,10.1,4.56,16.9,0.0,0,1,24.444444,2
19075,3,20,7,0,24.08,0.0,37.87,8.6,8.16,13.26,0.0,0,1,24.444444,2
19076,3,21,7,0,23.97,0.0,39.22,5.2,7.08,7.97,0.0,0,1,24.444444,2
19077,3,22,7,0,23.95,0.0,40.79,7.7,2.64,8.69,0.0,0,1,24.444444,2
19078,3,23,7,0,23.75,0.0,42.43,4.0,1.92,4.59,0.0,0,1,24.444444,2
19079,3,24,7,0,23.69,0.0,43.35,6.5,1.56,4.79,0.0,0,1,24.444444,2
19080,3,1,1,0,23.57,0.0,44.35,6.1,3.96,3.24,0.0,0,1,24.444444,2
19081,3,2,1,0,23.29,0.0,45.51,3.3,0.48,1.45,0.0,0,1,24.444444,2
19082,3,3,1,0,23.39,0.0,45.53,8.4,0.24,3.08,0.0,0,1,24.444444,2
19083,3,4,1,0,23.21,0.0,46.49,3.7,0.48,1.03,0.0,0,1,24.444444,2
19084,3,5,1,0,23.25,0.0,46.87,8.2,0.84,2.23,0.0,0,1,24.444444,2
19085,3,6,1,0,23.07,0.0,47.92,3.5,3.24,0.83,0.0,0,1,24.444444,2
19086,3,7,1,0,23.35,0.0,47.83,9.5,3.72,3.55,0.0,0,1,24.444444,2
19087,3,8,1,0,23.51,0.0,48.09,3.8,6.0,4.3,120.059,0,1,24.444444,2
19088,3,9,1,0,23.58,0.0,48.07,5.2,8.16,5.81,263.19,0,1,24.444444,2
19089,3,10,1,0,23.64,0.0,47.97,5.1,29.28,6.31,346.502,0,1,24.444444,2
19090,3,11,1,0,23.75,0.0,47.59,7.9,9.72,10.5,358.141,0,1,24.444444,2
19091,3,12,1,0,23.91,0.0,46.71,10.1,18.6,15.68,538.956,0,1,24.444444,2
19092,3,13,1,0,23.92,0.0,46.44,4.3,12.96,12.83,683.148,0,1,24.444444,2
19093,3,14,1,0,24.04,0.0,45.62,9.9,12.6,21.12,644.275,0,1,24.444444,2
19094,3,15,1,0,24.07,0.0,45.02,8.9,1.32,23.01,568.031,0,1,24.444444,2
19095,3,16,1,0,24.07,0.0,44.39,6.8,2.64,22.04,473.394,0,1,24.444444,2
19096,3,17,1,0,24.05,0.0,44.11,4.4,8.88,18.1,298.687,0,1,24.444444,2
19097,3,18,1,0,24.07,0.0,44.82,9.8,7.2,20.56,84.6765,0,1,24.444444,2
19098,3,19,1,0,24.08,0.0,46.35,9.5,10.44,17.75,0.0,0,1,24.444444,2
19099,3,20,1,0,24.07,0.0,48.01,9.7,6.6,17.02,0.0,0,1,24.444444,2
19100,3,21,1,0,24.05,0.0,50.51,6.1,3.0,11.47,0.0,0,1,24.444444,2
19101,3,22,1,0,24.07,0.0,51.91,12.3,4.08,18.8,0.0,0,1,24.444444,2
19102,3,23,1,0,24.05,0.0,52.79,8.7,1.2,12.59,0.0,0,1,24.444444,2
19103,3,24,1,0,23.93,0.0,54.81,4.9,0.48,7.63,0.0,0,1,24.444444,2
19104,3,1,2,0,23.97,0.0,55.77,8.5,0.48,10.5,0.0,0,1,24.444444,2
19105,3,2,2,0,23.95,0.0,56.42,7.7,0.72,9.04,0.0,0,1,24.444444,2
19106,3,3,2,0,23.94,0.0,56.86,8.4,0.48,9.33,0.0,0,1,24.444444,2
19107,3,4,2,0,23.74,0.0,58.44,3.3,0.36,4.79,0.0,0,1,24.444444,2
19108,3,5,2,0,23.69,0.0,59.89,3.5,1.32,5.09,0.0,0,1,24.444444,2
19109,3,6,2,0,23.71,0.0,60.72,4.9,2.28,6.34,0.0,0,1,24.444444,2
19110,3,7,2,0,23.82,0.0,60.24,8.3,17.28,10.9,0.0,0,1,24.444444,2
19111,3,8,2,0,23.81,0.0,59.56,4.2,6.24,11.68,121.498,0,1,24.444444,2
19112,3,9,2,0,23.95,0.0,57.15,10.9,8.76,18.85,218.679,0,1,24.444444,2
19113,3,10,2,0,24.02,0.0,54.28,9.7,4.2,18.71,316.628,0,1,24.444444,2
19114,3,11,2,0,24.05,0.0,52.62,11.1,2.52,21.51,257.761,0,1,24.444444,2
19115,3,12,2,0,24.07,0.0,51.69,9.6,4.2,22.46,441.765,0,1,24.444444,2
19116,3,13,2,0,24.07,0.0,51.82,5.8,5.28,20.73,642.358,0,1,24.444444,2
19117,3,14,2,0,24.07,0.0,51.74,8.4,2.28,26.1,514.045,0,1,24.444444,2
19118,3,15,2,0,24.07,0.0,51.03,10.5,2.28,28.29,418.923,0,1,24.444444,2
19119,3,16,2,0,24.07,0.0,51.14,9.2,2.52,22.89,251.549,0,1,24.444444,2
19120,3,17,2,0,24.07,0.0,52.41,8.7,2.52,18.46,32.1761,0,1,24.444444,2
19121,3,18,2,0,24.07,0.0,52.98,9.2,3.72,18.95,4.64764,0,1,24.444444,2
19122,3,19,2,0,24.07,0.0,53.71,8.2,7.68,17.54,0.0,0,1,24.444444,2
19123,3,20,2,0,24.07,0.0,54.39,10.5,8.64,19.62,0.0,0,1,24.444444,2
19124,3,21,2,0,24.07,0.0,53.21,19.3,6.96,30.86,0.0,0,1,24.444444,2
19125,3,22,2,0,24.07,0.0,52.05,17.2,3.96,26.76,0.0,0,1,24.444444,2
19126,3,23,2,0,24.07,0.0,52.84,11.9,1.2,18.51,0.0,0,1,24.444444,2
19127,3,24,2,0,24.06,0.0,54.98,9.1,0.6,14.28,0.0,0,1,24.444444,2
19128,3,1,3,1,23.99,0.0,58.12,5.1,0.84,9.2,0.0,0,1,24.444444,2
19129,3,2,3,1,23.88,0.0,61.14,3.4,0.84,7.51,0.0,0,1,24.444444,2
19130,3,3,3,1,23.82,0.0,63.36,3.4,0.36,7.25,0.0,0,1,24.444444,2
19131,3,4,3,1,23.79,0.0,65.19,3.6,0.72,7.41,0.0,0,1,24.444444,2
19132,3,5,3,1,23.78,0.0,66.23,4.1,2.28,7.87,0.0,0,1,24.444444,2
19133,3,6,3,1,23.75,0.0,67.07,3.6,5.64,7.17,0.0,0,1,24.444444,2
19134,3,7,3,1,23.91,0.0,65.86,8.7,17.28,13.56,0.0,0,1,24.444444,2
19135,3,8,3,1,23.96,0.0,63.9,8.4,4.08,14.94,107.308,0,1,24.444444,2
19136,3,9,3,1,23.94,0.0,62.61,5.1,3.36,12.99,176.153,0,1,24.444444,2
19137,3,10,3,1,23.98,0.0,61.4,4.9,5.04,17.3,309.352,0,1,24.444444,2
19138,3,11,3,1,24.01,0.0,60.43,3.5,5.16,18.24,396.326,0,1,24.444444,2
19139,3,12,3,1,24.04,0.0,59.84,3.8,3.0,20.11,423.588,0,1,24.444444,2
19140,3,13,3,1,24.07,0.0,58.65,9.2,4.08,27.79,348.496,0,1,24.444444,2
19141,3,14,3,1,24.07,0.0,56.88,9.6,0.96,30.64,418.968,0,1,24.444444,2
19142,3,15,3,1,24.07,0.0,56.63,3.5,2.88,23.35,397.589,0,1,24.444444,2
19143,3,16,3,1,24.07,0.0,56.5,8.4,6.6,30.79,299.362,0,1,24.444444,2
19144,3,17,3,1,24.07,0.0,56.0,9.2,4.08,30.43,176.83,0,1,24.444444,2
19145,3,18,3,1,24.07,0.0,56.44,8.6,5.88,27.3,40.0075,0,1,24.444444,2
19146,3,19,3,1,24.07,0.0,57.29,9.8,7.68,26.86,0.0,0,1,24.444444,2
19147,3,20,3,1,24.07,0.0,58.37,8.7,6.24,24.18,0.0,0,1,24.444444,2
19148,3,21,3,1,24.07,0.0,58.73,11.5,6.6,28.2,0.0,0,1,24.444444,2
19149,3,22,3,1,24.07,0.0,58.67,9.5,3.6,23.55,0.0,0,1,24.444444,2
19150,3,23,3,1,24.07,0.0,59.75,6.0,1.44,16.58,0.0,0,1,24.444444,2
19151,3,24,3,1,24.07,0.0,60.84,8.3,0.96,19.32,0.0,0,1,24.444444,2
19152,3,1,4,1,24.07,0.0,61.56,7.1,0.6,16.85,0.0,0,1,24.444444,2
19153,3,2,4,1,24.06,0.0,62.29,7.7,0.24,17.33,0.0,0,1,24.444444,2
19154,3,3,4,1,24.01,0.0,64.08,3.5,0.24,10.88,0.0,0,1,24.444444,2
19155,3,4,4,1,24.05,0.0,64.45,8.8,0.24,18.61,0.0,0,1,24.444444,2
19156,3,5,4,1,24.0,0.0,65.39,3.8,0.84,10.79,0.0,0,1,24.444444,2
19157,3,6,4,1,24.04,0.0,65.79,8.4,0.96,18.11,0.0,0,1,24.444444,2
19158,3,7,4,1,24.05,0.0,65.22,8.0,6.6,16.87,0.0,0,1,24.444444,2
19159,3,8,4,1,24.05,0.0,65.5,8.7,14.16,16.71,16.6398,0,1,24.444444,2
19160,3,9,4,1,24.04,0.0,65.45,8.3,7.08,17.29,63.7078,0,1,24.444444,2
19161,3,10,4,1,24.05,0.0,64.82,8.5,4.32,21.81,190.2,0,1,24.444444,2
19162,3,11,4,1,24.06,0.0,63.72,8.2,9.12,22.62,181.283,0,1,24.444444,2
19163,3,12,4,1,24.06,0.0,62.91,7.2,8.28,21.24,205.672,0,1,24.444444,2
19164,3,13,4,1,24.07,0.0,61.95,8.8,3.6,24.4,207.841,0,1,24.444444,2
19165,3,14,4,1,24.07,0.0,59.94,9.8,2.16,27.01,256.525,0,1,24.444444,2
19166,3,15,4,1,24.07,0.0,58.94,8.9,2.4,25.85,240.802,0,1,24.444444,2
19167,3,16,4,1,24.07,0.0,59.21,7.4,1.92,22.76,201.664,0,1,24.444444,2
19168,3,17,4,1,24.07,0.0,60.37,7.8,2.88,21.97,86.2447,0,1,24.444444,2
19169,3,18,4,1,24.07,0.0,61.86,8.7,7.92,23.68,19.8529,0,1,24.444444,2
19170,3,19,4,1,24.07,0.0,62.17,10.1,19.44,25.01,0.0,0,1,24.444444,2
19171,3,20,4,1,24.07,0.0,62.09,10.4,6.96,24.73,0.0,0,1,24.444444,2
19172,3,21,4,1,24.07,0.0,62.2,10.1,7.8,23.93,0.0,0,1,24.444444,2
19173,3,22,4,1,24.07,0.0,62.16,11.6,5.16,24.84,0.0,0,1,24.444444,2
19174,3,23,4,1,24.07,0.0,62.91,9.1,2.04,19.93,0.0,0,1,24.444444,2
19175,3,24,4,1,24.07,0.0,64.33,7.6,0.72,17.16,0.0,0,1,24.444444,2
19176,3,1,5,1,24.06,0.0,66.01,8.2,0.72,17.97,0.0,0,1,24.444444,2
19177,3,2,5,1,24.06,0.0,67.47,8.3,0.72,18.36,0.0,0,1,24.444444,2
19178,3,3,5,1,24.07,0.0,67.8,9.9,0.6,21.11,0.0,0,1,24.444444,2
19179,3,4,5,1,24.06,0.0,68.34,8.2,0.24,17.78,0.0,0,1,24.444444,2
19180,3,5,5,1,24.06,0.0,68.39,9.7,1.2,18.61,0.0,0,1,24.444444,2
19181,3,6,5,1,24.05,0.0,67.34,10.0,7.68,16.66,0.0,0,1,24.444444,2
19182,3,7,5,1,24.04,0.0,65.11,10.5,18.24,14.7,0.0,0,1,24.444444,2
19183,3,8,5,1,24.03,0.0,62.91,11.7,17.88,13.65,7.22385,0,1,24.444444,2
19184,3,9,5,1,23.97,0.0,62.09,8.6,12.72,8.84,31.8147,0,1,24.444444,2
19185,3,10,5,1,23.95,0.0,61.93,8.6,9.36,9.06,55.5096,0,1,24.444444,2
19186,3,11,5,1,23.93,0.0,62.02,8.1,4.32,8.66,58.7991,0,1,24.444444,2
19187,3,12,5,1,23.99,0.0,61.2,11.4,1.68,13.24,103.934,0,1,24.444444,2
19188,3,13,5,1,23.99,0.0,60.26,10.3,1.08,11.5,117.758,0,1,24.444444,2
19189,3,14,5,1,23.98,0.0,60.29,9.9,1.92,10.43,76.1058,0,1,24.444444,2
19190,3,15,5,1,23.96,0.0,60.29,9.3,0.96,9.66,78.3599,0,1,24.444444,2
19191,3,16,5,1,23.9,0.0,60.6,8.2,1.92,8.01,61.3815,0,1,24.444444,2
19192,3,17,5,1,23.91,0.0,60.89,9.3,1.56,9.46,48.9273,0,1,24.444444,2
19193,3,18,5,1,23.94,0.0,61.41,9.7,4.56,10.84,10.4466,0,1,24.444444,2
19194,3,19,5,1,23.92,0.0,62.2,8.6,8.28,9.45,0.0,0,1,24.444444,2
19195,3,20,5,1,23.97,0.0,62.06,11.3,3.24,12.63,0.0,0,1,24.444444,2
19196,3,21,5,1,24.0,0.0,61.18,13.0,2.88,15.16,0.0,0,1,24.444444,2
19197,3,22,5,1,23.97,0.0,61.28,10.2,4.32,10.52,0.0,0,1,24.444444,2
19198,3,23,5,1,23.92,0.0,62.33,9.5,1.32,8.92,0.0,0,1,24.444444,2
19199,3,24,5,1,23.85,0.0,63.34,8.6,0.72,7.79,0.0,0,1,24.444444,2
19200,3,1,6,1,23.72,0.0,64.66,5.3,0.48,4.84,0.0,0,1,24.444444,2
19201,3,2,6,1,23.76,0.0,65.07,8.0,0.96,7.52,0.0,0,1,24.444444,2
19202,3,3,6,1,23.57,0.0,66.82,3.3,0.24,3.36,0.0,0,1,24.444444,2
19203,3,4,6,1,23.67,0.0,67.22,7.7,1.08,6.61,0.0,0,1,24.444444,2
19204,3,5,6,1,23.57,0.0,68.18,4.6,0.36,3.94,0.0,0,1,24.444444,2
19205,3,6,6,1,23.66,0.0,68.0,8.2,6.36,7.13,0.0,0,1,24.444444,2
19206,3,7,6,1,23.67,0.0,67.61,7.5,8.04,6.69,0.0,0,1,24.444444,2
19207,3,8,6,1,23.7,0.0,66.87,8.4,8.16,7.6,60.8753,0,1,24.444444,2
19208,3,9,6,1,23.8,0.0,65.12,9.7,2.64,10.13,140.231,0,1,24.444444,2
19209,3,10,6,1,23.91,0.0,62.83,10.3,3.24,12.79,215.596,0,1,24.444444,2
19210,3,11,6,1,23.93,0.0,61.78,8.6,11.16,11.93,241.134,0,1,24.444444,2
19211,3,12,6,1,23.93,0.0,61.11,7.4,4.44,11.24,212.701,0,1,24.444444,2
19212,3,13,6,1,23.96,0.0,59.97,8.3,2.4,12.16,155.337,0,1,24.444444,2
19213,3,14,6,1,24.02,0.0,57.81,11.3,1.56,18.15,286.548,0,1,24.444444,2
19214,3,15,6,1,24.03,0.0,56.17,9.9,0.72,16.12,158.907,0,1,24.444444,2
19215,3,16,6,1,24.03,0.0,55.36,7.9,1.92,15.71,212.569,0,1,24.444444,2
19216,3,17,6,1,24.04,0.0,54.31,9.0,7.56,21.05,271.911,0,1,24.444444,2
19217,3,18,6,1,24.05,0.0,54.17,8.5,3.0,17.69,75.8551,0,1,24.444444,2
19218,3,19,6,1,24.06,0.0,54.18,11.8,12.0,18.64,0.0,0,1,24.444444,2
19219,3,20,6,1,24.05,0.0,54.93,9.1,4.68,13.94,0.0,0,1,24.444444,2
19220,3,21,6,1,24.05,0.0,56.27,9.9,2.64,14.56,0.0,0,1,24.444444,2
19221,3,22,6,1,24.05,0.0,57.63,9.7,3.72,13.89,0.0,0,1,24.444444,2
19222,3,23,6,1,24.03,0.0,58.65,9.0,0.48,12.19,0.0,0,1,24.444444,2
19223,3,24,6,1,23.98,0.0,59.67,7.6,1.44,9.67,0.0,0,1,24.444444,2
19224,3,1,7,1,23.79,0.0,62.01,3.5,0.6,5.37,0.0,0,1,24.444444,2
19225,3,2,7,1,23.73,0.0,63.96,4.8,0.96,5.77,0.0,0,1,24.444444,2
19226,3,3,7,1,23.59,0.0,65.65,3.3,0.36,4.01,0.0,0,1,24.444444,2
19227,3,4,7,1,23.52,0.0,66.81,3.6,0.24,3.74,0.0,0,1,24.444444,2
19228,3,5,7,1,23.44,0.0,67.5,3.7,0.24,3.42,0.0,0,1,24.444444,2
19229,3,6,7,1,23.38,0.0,68.03,3.7,2.28,3.05,0.0,0,1,24.444444,2
19230,3,7,7,1,23.43,0.0,67.78,3.6,4.32,4.54,0.0,0,1,24.444444,2
19231,3,8,7,1,23.6,0.0,65.91,4.2,10.32,11.43,130.534,0,1,24.444444,2
19232,3,9,7,1,23.66,0.0,63.52,3.7,5.76,15.3,338.301,0,1,24.444444,2
19233,3,10,7,1,23.74,0.0,59.97,4.2,8.76,17.95,516.118,0,1,24.444444,2
19234,3,11,7,1,23.87,0.0,55.93,5.2,6.12,19.07,645.723,0,1,24.444444,2
19235,3,12,7,1,23.98,0.0,52.66,6.3,3.72,20.57,728.527,0,1,24.444444,2
19236,3,13,7,1,24.07,0.0,49.11,10.2,6.96,27.53,740.226,0,1,24.444444,2
19237,3,14,7,1,24.07,0.0,46.57,10.4,5.64,31.4,740.174,0,1,24.444444,2
19238,3,15,7,1,24.07,0.0,45.83,6.7,4.32,30.76,649.202,0,1,24.444444,2
19239,3,16,7,1,24.07,0.0,45.31,5.4,2.4,30.48,513.336,0,1,24.444444,2
19240,3,17,7,1,24.07,0.0,45.3,9.4,12.12,34.69,328.697,0,1,24.444444,2
19241,3,18,7,1,24.07,0.0,46.39,9.7,10.2,30.97,101.792,0,1,24.444444,2
19242,3,19,7,1,24.07,0.0,47.63,10.1,7.68,25.91,0.0,0,1,24.444444,2
19243,3,20,7,1,24.07,0.0,49.05,4.8,8.76,16.69,0.0,0,1,24.444444,2
19244,3,21,7,1,24.07,0.0,49.96,11.9,3.6,24.3,0.0,0,1,24.444444,2
19245,3,22,7,1,24.07,0.0,52.26,5.6,2.28,13.84,0.0,0,1,24.444444,2
19246,3,23,7,1,24.07,0.0,55.8,7.2,1.08,14.83,0.0,0,1,24.444444,2
19247,3,24,7,1,24.0,0.0,58.81,4.0,1.08,9.94,0.0,0,1,24.444444,2
19248,3,1,1,1,23.94,0.0,61.52,3.7,2.88,8.91,0.0,0,1,24.444444,2
19249,3,2,1,1,24.01,0.0,62.0,8.8,0.84,14.12,0.0,0,1,24.444444,2
19250,3,3,1,1,23.92,0.0,63.23,5.0,0.48,8.5,0.0,0,1,24.444444,2
19251,3,4,1,1,23.99,0.0,63.33,10.1,0.12,14.09,0.0,0,1,24.444444,2
19252,3,5,1,1,23.79,0.0,65.15,3.4,0.48,5.95,0.0,0,1,24.444444,2
19253,3,6,1,1,23.9,0.0,65.57,8.5,1.56,10.94,0.0,0,1,24.444444,2
19254,3,7,1,1,23.78,0.0,66.52,3.4,1.68,7.88,0.0,0,1,24.444444,2
19255,3,8,1,1,23.79,0.0,65.77,4.2,15.84,15.41,133.019,0,1,24.444444,2
19256,3,9,1,1,23.85,0.0,63.31,5.2,11.28,20.33,339.649,0,1,24.444444,2
19257,3,10,1,1,23.91,0.0,61.09,4.3,16.8,21.62,526.877,0,1,24.444444,2
19258,3,11,1,1,24.05,0.0,57.43,9.0,12.96,27.65,655.27,0,1,24.444444,2
19259,3,12,1,1,24.07,0.0,55.52,5.2,17.16,23.98,744.602,0,1,24.444444,2
19260,3,13,1,1,24.07,0.0,53.57,9.5,14.64,32.81,766.411,0,1,24.444444,2
19261,3,14,1,1,24.08,0.01,50.87,11.4,3.36,37.8,747.264,0,1,24.444444,2
19262,3,15,1,1,24.07,0.0,49.41,4.6,4.44,32.2,661.137,0,1,24.444444,2
19263,3,16,1,1,24.07,0.0,48.1,6.3,4.68,35.81,523.536,0,1,24.444444,2
19264,3,17,1,1,24.07,0.0,47.22,9.2,3.0,37.94,334.905,0,1,24.444444,2
19265,3,18,1,1,24.07,0.0,47.03,10.1,5.16,33.76,114.751,0,1,24.444444,2
19266,3,19,1,1,24.07,0.0,47.72,10.1,7.2,27.11,0.0,0,1,24.444444,2
19267,3,20,1,1,24.07,0.0,48.74,8.6,6.6,23.02,0.0,0,1,24.444444,2
19268,3,21,1,1,24.07,0.0,50.21,9.3,3.48,22.02,0.0,0,1,24.444444,2
19269,3,22,1,1,24.07,0.0,52.41,5.8,2.16,14.61,0.0,0,1,24.444444,2
19270,3,23,1,1,24.07,0.0,54.32,7.7,2.52,14.97,0.0,0,1,24.444444,2
19271,3,24,1,1,24.07,0.0,55.44,9.1,0.96,14.95,0.0,0,1,24.444444,2
19272,3,1,2,1,24.05,0.0,56.81,8.3,0.6,12.8,0.0,0,1,24.444444,2
19273,3,2,2,1,24.03,0.0,58.4,8.0,0.6,11.64,0.0,0,1,24.444444,2
19274,3,3,2,1,23.84,0.0,60.34,3.1,0.72,5.91,0.0,0,1,24.444444,2
19275,3,4,2,1,23.77,0.0,61.69,4.0,0.36,6.29,0.0,0,1,24.444444,2
19276,3,5,2,1,23.71,0.0,62.74,3.6,0.84,5.72,0.0,0,1,24.444444,2
19277,3,6,2,1,23.84,0.0,62.16,7.9,3.48,9.59,0.0,0,1,24.444444,2
19278,3,7,2,1,23.8,0.0,62.11,4.6,12.24,8.38,0.0,0,1,24.444444,2
19279,3,8,2,1,23.89,0.0,60.75,8.8,5.76,15.46,104.284,0,1,24.444444,2
19280,3,9,2,1,23.99,0.0,58.08,10.3,3.96,23.91,333.763,0,1,24.444444,2
19281,3,10,2,1,24.04,0.0,55.82,9.7,9.12,25.59,492.134,0,1,24.444444,2
19282,3,11,2,1,24.07,0.0,54.85,9.5,3.36,27.15,593.036,0,1,24.444444,2
19283,3,12,2,1,24.07,0.0,54.68,5.9,2.88,24.22,607.714,0,1,24.444444,2
19284,3,13,2,1,24.07,0.0,53.96,8.7,1.8,31.82,765.56,0,1,24.444444,2
19285,3,14,2,1,24.07,0.0,52.94,8.7,1.2,36.22,727.702,0,1,24.444444,2
19286,3,15,2,1,24.09,0.01,51.44,11.4,1.08,43.23,643.692,0,1,24.444444,2
19287,3,16,2,1,24.07,0.0,50.83,8.9,1.44,40.16,506.025,0,1,24.444444,2
19288,3,17,2,1,24.07,0.0,51.06,11.9,1.44,42.15,315.367,0,1,24.444444,2
19289,3,18,2,1,24.07,0.0,52.64,9.0,7.56,33.63,99.3283,0,1,24.444444,2
19290,3,19,2,1,24.07,0.0,53.75,11.7,8.52,31.72,0.0,0,1,24.444444,2
19291,3,20,2,1,24.07,0.0,54.05,14.5,10.68,33.86,0.0,0,1,24.444444,2
19292,3,21,2,1,24.07,0.0,54.62,11.4,8.52,27.8,0.0,0,1,24.444444,2
19293,3,22,2,1,24.07,0.0,54.66,14.0,4.56,29.87,0.0,0,1,24.444444,2
19294,3,23,2,1,24.07,0.0,55.36,9.9,1.8,22.26,0.0,0,1,24.444444,2
19295,3,24,2,1,24.07,0.0,57.03,8.0,1.32,18.24,0.0,0,1,24.444444,2
19296,3,1,3,1,24.03,0.0,59.33,4.1,0.48,10.96,0.0,0,1,24.444444,2
19297,3,2,3,1,23.95,0.0,61.56,3.9,0.12,8.69,0.0,0,1,24.444444,2
19298,3,3,3,1,23.86,0.0,63.89,3.4,0.48,7.72,0.0,0,1,24.444444,2
19299,3,4,3,1,23.83,0.0,65.68,3.6,0.36,7.53,0.0,0,1,24.444444,2
19300,3,5,3,1,23.77,0.0,67.12,3.8,2.4,6.97,0.0,0,1,24.444444,2
19301,3,6,3,1,23.73,0.0,68.16,3.8,4.56,6.66,0.0,0,1,24.444444,2
19302,3,7,3,1,23.76,0.0,68.58,3.9,19.56,8.72,0.0,0,1,24.444444,2
19303,3,8,3,1,23.89,0.0,66.6,8.0,1.8,18.29,140.372,0,1,24.444444,2
19304,3,9,3,1,23.95,0.0,64.38,6.3,12.12,18.82,255.634,0,1,24.444444,2
19305,3,10,3,1,23.97,0.0,62.13,4.0,8.04,18.79,377.06,0,1,24.444444,2
19306,3,11,3,1,24.01,0.0,60.36,3.8,2.04,20.34,519.012,0,1,24.444444,2
19307,3,12,3,1,24.06,0.0,58.99,4.0,1.32,23.11,582.883,0,1,24.444444,2
19308,3,13,3,1,24.07,0.0,56.51,8.9,1.68,33.3,600.186,0,1,24.444444,2
19309,3,14,3,1,24.07,0.0,54.5,9.8,5.16,35.01,472.216,0,1,24.444444,2
19310,3,15,3,1,24.07,0.0,54.07,3.7,4.8,24.61,272.965,0,1,24.444444,2
19311,3,16,3,1,24.07,0.0,54.68,8.1,2.52,29.47,154.115,0,1,24.444444,2
19312,3,17,3,1,24.07,0.0,54.62,9.0,6.24,29.95,90.6752,0,1,24.444444,2
19313,3,18,3,1,24.07,0.0,54.22,10.2,6.12,30.24,24.616,0,1,24.444444,2
19314,3,19,3,1,24.07,0.0,54.55,9.0,3.36,26.3,0.0,0,1,24.444444,2
19315,3,20,3,1,24.07,0.0,55.38,8.3,5.88,23.95,0.0,0,1,24.444444,2
19316,3,21,3,1,24.07,0.0,56.19,10.0,13.2,25.37,0.0,0,1,24.444444,2
19317,3,22,3,1,24.07,0.0,56.91,9.6,3.24,23.17,0.0,0,1,24.444444,2
19318,3,23,3,1,24.07,0.0,58.61,5.6,1.92,15.87,0.0,0,1,24.444444,2
19319,3,24,3,1,24.07,0.0,59.86,9.5,3.72,21.4,0.0,0,1,24.444444,2
19320,3,1,4,1,24.07,0.0,60.74,8.0,0.48,18.0,0.0,0,1,24.444444,2
19321,3,2,4,1,24.07,0.0,62.05,7.8,0.6,16.7,0.0,0,1,24.444444,2
19322,3,3,4,1,24.0,0.0,64.7,3.1,0.72,9.9,0.0,0,1,24.444444,2
19323,3,4,4,1,24.04,0.0,66.02,7.9,0.24,16.44,0.0,0,1,24.444444,2
19324,3,5,4,1,23.96,0.0,67.48,3.2,1.2,9.0,0.0,0,1,24.444444,2
19325,3,6,4,1,24.02,0.0,67.96,8.0,2.76,15.45,0.0,0,1,24.444444,2
19326,3,7,4,1,24.04,0.0,67.12,8.8,7.92,16.86,0.0,0,1,24.444444,2
19327,3,8,4,1,24.04,0.0,66.72,8.2,15.12,17.05,85.3675,0,1,24.444444,2
19328,3,9,4,1,24.05,0.0,66.03,7.3,11.28,20.11,208.374,0,1,24.444444,2
19329,3,10,4,1,24.07,0.0,63.79,8.8,3.72,28.3,366.789,0,1,24.444444,2
19330,3,11,4,1,24.07,0.0,61.16,8.1,5.04,30.39,472.611,0,1,24.444444,2
19331,3,12,4,1,24.07,0.0,59.68,6.4,6.36,28.13,469.469,0,1,24.444444,2
19332,3,13,4,1,24.07,0.0,58.27,9.3,3.48,33.41,303.842,0,1,24.444444,2
19333,3,14,4,1,24.07,0.0,55.72,9.9,1.32,39.5,582.064,0,1,24.444444,2
19334,3,15,4,1,24.07,0.0,51.97,9.5,1.08,41.1,569.762,0,1,24.444444,2
19335,3,16,4,1,24.07,0.0,50.36,7.3,1.32,36.55,418.204,0,1,24.444444,2
19336,3,17,4,1,24.07,0.0,50.63,8.0,4.68,33.96,222.706,0,1,24.444444,2
19337,3,18,4,1,24.07,0.0,52.49,8.4,3.72,31.64,65.7838,0,1,24.444444,2
19338,3,19,4,1,24.07,0.0,53.63,9.5,5.4,28.64,0.0,0,1,24.444444,2
19339,3,20,4,1,24.07,0.0,53.95,10.3,8.4,23.27,0.0,0,1,24.444444,2
19340,3,21,4,1,24.07,0.0,52.98,9.9,13.08,16.17,0.0,0,1,24.444444,2
19341,3,22,4,1,24.06,0.0,52.0,9.6,4.44,13.1,0.0,0,1,24.444444,2
19342,3,23,4,1,24.04,0.0,50.96,9.8,1.56,11.48,0.0,0,1,24.444444,2
19343,3,24,4,1,23.99,0.0,51.18,8.6,0.72,9.0,0.0,0,1,24.444444,2
19344,3,1,5,1,23.94,0.0,52.66,8.0,0.24,7.94,0.0,0,1,24.444444,2
19345,3,2,5,1,23.94,0.0,54.39,8.7,0.36,8.88,0.0,0,1,24.444444,2
19346,3,3,5,1,23.98,0.0,56.04,10.4,0.6,11.06,0.0,0,1,24.444444,2
19347,3,4,5,1,23.97,0.0,57.72,9.9,1.2,10.23,0.0,0,1,24.444444,2
19348,3,5,5,1,23.92,0.0,59.97,8.2,0.72,8.49,0.0,0,1,24.444444,2
19349,3,6,5,1,23.91,0.0,61.77,8.7,3.72,9.09,0.0,0,1,24.444444,2
19350,3,7,5,1,23.97,0.0,62.11,12.0,29.04,13.69,0.0,0,1,24.444444,2
19351,3,8,5,1,23.94,0.0,62.23,9.4,6.24,9.67,88.7925,0,1,24.444444,2
19352,3,9,5,1,23.94,0.0,62.1,10.7,16.56,10.11,59.7891,0,1,24.444444,2
19353,3,10,5,1,23.85,0.0,62.29,8.5,6.48,6.93,35.9317,0,1,24.444444,2
19354,3,11,5,1,23.87,0.0,62.44,10.6,2.52,8.95,31.0794,0,1,24.444444,2
19355,3,12,5,1,23.83,0.0,63.01,8.2,1.44,7.29,45.855,0,1,24.444444,2
19356,3,13,5,1,23.84,0.0,63.04,8.3,9.24,8.31,82.3483,0,1,24.444444,2
19357,3,14,5,1,23.9,0.0,61.5,9.4,0.72,10.56,114.994,0,1,24.444444,2
19358,3,15,5,1,23.97,0.0,59.35,9.2,3.72,15.1,328.515,0,1,24.444444,2
19359,3,16,5,1,24.01,0.0,57.07,8.1,1.56,19.14,427.188,0,1,24.444444,2
19360,3,17,5,1,24.03,0.0,55.29,10.1,2.28,17.84,167.021,0,1,24.444444,2
19361,3,18,5,1,24.04,0.0,54.81,10.5,2.64,17.05,47.8596,0,1,24.444444,2
19362,3,19,5,1,24.03,0.0,55.21,8.7,3.96,13.35,0.0,0,1,24.444444,2
19363,3,20,5,1,24.03,0.0,56.19,10.0,3.12,13.42,0.0,0,1,24.444444,2
19364,3,21,5,1,24.03,0.0,57.33,11.1,5.16,13.91,0.0,0,1,24.444444,2
19365,3,22,5,1,24.01,0.0,58.26,9.9,5.52,11.29,0.0,0,1,24.444444,2
19366,3,23,5,1,23.98,0.0,59.29,10.3,1.92,9.8,0.0,0,1,24.444444,2
19367,3,24,5,1,23.84,0.0,59.71,8.5,0.6,6.78,0.0,0,1,24.444444,2
19368,3,1,6,1,23.58,0.0,61.24,4.3,0.6,3.22,0.0,0,1,24.444444,2
19369,3,2,6,1,23.61,0.0,61.65,7.6,0.48,5.0,0.0,0,1,24.444444,2
19370,3,3,6,1,23.42,0.0,62.82,4.1,0.6,2.38,0.0,0,1,24.444444,2
19371,3,4,6,1,23.34,0.0,63.45,5.7,0.72,2.76,0.0,0,1,24.444444,2
19372,3,5,6,1,23.25,0.0,64.36,4.2,0.84,1.91,0.0,0,1,24.444444,2
19373,3,6,6,1,23.35,0.0,64.03,7.9,5.16,3.63,0.0,0,1,24.444444,2
19374,3,7,6,1,23.51,0.0,63.01,9.3,6.12,5.33,0.0,0,1,24.444444,2
19375,3,8,6,1,23.58,0.0,62.77,8.5,8.16,5.15,92.6638,0,1,24.444444,2
19376,3,9,6,1,23.61,0.0,63.19,9.6,7.8,6.33,101.912,0,1,24.444444,2
19377,3,10,6,1,23.67,0.0,62.99,9.0,7.08,8.08,177.786,0,1,24.444444,2
19378,3,11,6,1,23.78,0.0,62.03,8.3,9.0,10.93,369.385,0,1,24.444444,2
19379,3,12,6,1,23.83,0.0,61.26,8.4,1.44,10.79,301.71,0,1,24.444444,2
19380,3,13,6,1,23.84,0.0,60.21,9.6,1.32,9.65,198.067,0,1,24.444444,2
19381,3,14,6,1,23.83,0.0,58.21,10.5,2.88,8.76,172.377,0,1,24.444444,2
19382,3,15,6,1,23.79,0.0,56.18,10.0,1.08,6.98,136.143,0,1,24.444444,2
19383,3,16,6,1,23.67,0.0,54.69,8.0,1.44,4.27,50.908,0,1,24.444444,2
19384,3,17,6,1,23.66,0.0,52.17,9.0,2.88,4.96,61.7239,0,1,24.444444,2
19385,3,18,6,1,23.63,0.0,50.32,8.6,3.12,4.36,16.6544,0,1,24.444444,2
19386,3,19,6,1,23.58,0.0,47.66,9.3,4.44,3.66,0.0,0,1,24.444444,2
19387,3,20,6,1,23.49,0.0,45.94,9.5,4.68,2.85,0.0,0,1,24.444444,2
19388,3,21,6,1,23.38,0.0,44.64,9.3,1.68,2.33,0.0,0,1,24.444444,2
19389,3,22,6,1,23.29,0.0,43.42,9.3,6.6,1.82,0.0,0,1,24.444444,2
19390,3,23,6,1,23.22,0.0,42.34,9.6,1.44,1.55,0.0,0,1,24.444444,2
19391,3,24,6,1,23.09,0.0,41.45,8.0,1.08,0.9,0.0,0,1,24.444444,2
19392,3,1,7,1,22.87,0.0,40.97,3.9,0.48,0.16,0.0,0,1,24.444444,2
19393,3,2,7,1,22.76,0.0,39.87,3.6,0.96,0.02,0.0,0,1,24.444444,2
19394,3,3,7,1,22.7,0.0,38.09,3.3,0.48,0.0,0.0,0,1,24.444444,2
19395,3,4,7,1,22.68,0.0,36.28,3.5,0.48,0.0,0.0,0,1,24.444444,2
19396,3,5,7,1,22.69,0.0,34.62,4.9,0.36,0.0,0.0,0,1,24.444444,2
19397,3,6,7,1,22.64,0.0,33.71,4.0,3.0,0.0,0.0,0,1,24.444444,2
19398,3,7,7,1,22.64,0.0,33.68,3.8,7.32,0.0,0.0,0,1,24.444444,2
19399,3,8,7,1,22.82,0.0,33.36,3.8,4.92,0.01,153.413,0,1,24.444444,2
19400,3,9,7,1,22.95,0.0,32.81,4.0,11.4,0.17,333.385,0,1,24.444444,2
19401,3,10,7,1,23.12,0.0,31.9,5.1,12.6,0.75,489.311,0,1,24.444444,2
19402,3,11,7,1,23.22,0.0,30.79,5.6,5.28,1.9,639.992,0,1,24.444444,2
19403,3,12,7,1,23.29,0.0,29.27,5.5,4.44,2.64,782.635,0,1,24.444444,2
19404,3,13,7,1,23.53,0.0,28.06,10.5,3.36,5.65,806.783,0,1,24.444444,2
19405,3,14,7,1,23.66,0.0,26.91,10.6,6.48,8.49,828.369,0,1,24.444444,2
19406,3,15,7,1,23.62,0.0,26.11,4.5,5.52,7.37,741.047,0,1,24.444444,2
19407,3,16,7,1,23.63,0.0,25.37,4.0,1.56,8.74,599.933,0,1,24.444444,2
19408,3,17,7,1,23.71,0.0,24.13,9.3,4.8,12.72,392.145,0,1,24.444444,2
19409,3,18,7,1,23.7,0.0,23.51,9.3,7.68,9.36,141.918,0,1,24.444444,2
19410,3,19,7,1,23.61,0.0,23.27,10.0,4.56,4.67,0.0,0,1,24.444444,2
19411,3,20,7,1,23.36,0.0,23.19,6.0,4.44,1.63,0.0,0,1,24.444444,2
19412,3,21,7,1,23.3,0.0,22.85,8.8,5.76,1.96,0.0,0,1,24.444444,2
19413,3,22,7,1,23.11,0.0,22.89,6.2,6.24,0.74,0.0,0,1,24.444444,2
19414,3,23,7,1,23.12,0.0,22.86,10.1,1.08,1.32,0.0,0,1,24.444444,2
19415,3,24,7,1,22.83,0.0,23.4,3.9,1.56,0.02,0.0,0,1,24.444444,2
19416,3,1,1,1,22.69,0.0,23.54,4.0,0.84,0.0,0.0,0,1,24.444444,2
19417,3,2,1,1,22.74,0.0,23.36,8.7,0.6,0.13,0.0,0,1,24.444444,2
19418,3,3,1,1,22.61,0.0,23.44,3.3,0.72,0.0,0.0,0,1,24.444444,2
19419,3,4,1,1,22.66,0.0,23.51,8.2,0.48,0.0,0.0,0,1,24.444444,2
19420,3,5,1,1,22.57,0.0,23.81,3.4,0.36,0.0,0.0,0,1,24.444444,2
19421,3,6,1,1,22.6,0.0,23.9,9.1,2.04,0.0,0.0,0,1,24.444444,2
19422,3,7,1,1,22.57,0.0,24.37,3.4,2.28,0.0,0.0,0,1,24.444444,2
19423,3,8,1,1,22.66,0.0,24.6,4.3,10.56,0.0,165.785,0,1,24.444444,2
19424,3,9,1,1,22.9,0.0,24.41,4.4,12.36,0.3,402.246,0,1,24.444444,2
19425,3,10,1,1,23.15,0.0,24.28,8.0,21.96,1.78,601.935,0,1,24.444444,2
19426,3,11,1,1,23.31,0.0,24.23,9.4,20.16,2.99,726.123,0,1,24.444444,2
19427,3,12,1,1,23.29,0.0,24.12,6.7,23.76,2.62,797.392,0,1,24.444444,2
19428,3,13,1,1,23.57,0.0,23.57,12.6,11.52,6.82,816.073,0,1,24.444444,2
19429,3,14,1,1,23.64,0.0,22.62,8.8,6.12,7.14,781.984,0,1,24.444444,2
19430,3,15,1,1,23.61,0.0,21.74,4.3,4.2,7.3,705.037,0,1,24.444444,2
19431,3,16,1,1,23.64,0.0,21.21,5.0,7.2,10.02,562.277,0,1,24.444444,2
19432,3,17,1,1,23.74,0.0,20.64,9.7,10.44,14.39,368.765,0,1,24.444444,2
19433,3,18,1,1,23.77,0.0,20.64,9.8,5.4,10.99,136.211,0,1,24.444444,2
19434,3,19,1,1,23.71,0.0,20.9,10.0,10.32,6.51,0.0,0,1,24.444444,2
19435,3,20,1,1,23.64,0.0,21.06,8.4,3.24,4.81,0.0,0,1,24.444444,2
19436,3,21,1,1,23.51,0.0,21.73,6.8,5.04,2.93,0.0,0,1,24.444444,2
19437,3,22,1,1,23.28,0.0,24.22,5.1,1.32,1.14,0.0,0,1,24.444444,2
19438,3,23,1,1,23.06,0.0,27.63,4.1,3.0,0.49,0.0,0,1,24.444444,2
19439,3,24,1,1,22.94,0.0,30.16,4.9,2.04,0.34,0.0,0,1,24.444444,2
19440,3,1,2,1,23.0,0.0,31.67,9.7,0.96,0.93,0.0,0,1,24.444444,2
19441,3,2,2,1,22.89,0.0,32.9,7.9,0.72,0.35,0.0,0,1,24.444444,2
19442,3,3,2,1,22.7,0.0,33.54,3.5,0.48,0.0,0.0,0,1,24.444444,2
19443,3,4,2,1,22.65,0.0,33.61,4.8,0.24,0.0,0.0,0,1,24.444444,2
19444,3,5,2,1,22.61,0.0,33.61,3.9,1.08,0.0,0.0,0,1,24.444444,2
19445,3,6,2,1,22.68,0.0,33.53,9.4,2.04,0.04,0.0,0,1,24.444444,2
19446,3,7,2,1,22.66,0.0,33.71,3.9,11.52,0.0,0.0,0,1,24.444444,2
19447,3,8,2,1,23.13,0.0,33.1,9.5,6.24,1.3,162.314,0,1,24.444444,2
19448,3,9,2,1,23.34,0.0,33.05,9.2,5.28,4.7,386.821,0,1,24.444444,2
19449,3,10,2,1,23.45,0.0,33.04,10.7,6.24,6.35,589.032,0,1,24.444444,2
19450,3,11,2,1,23.7,0.0,33.25,15.9,2.16,9.43,729.52,0,1,24.444444,2
19451,3,12,2,1,23.62,0.0,34.75,5.8,3.0,3.93,728.946,0,1,24.444444,2
19452,3,13,2,1,23.69,0.0,35.68,7.8,1.92,7.0,794.845,0,1,24.444444,2
19453,3,14,2,1,23.85,0.0,36.14,10.2,2.4,11.64,756.326,0,1,24.444444,2
19454,3,15,2,1,23.93,0.0,36.66,8.4,1.68,13.79,703.821,0,1,24.444444,2
19455,3,16,2,1,23.95,0.0,36.88,8.2,7.56,15.98,560.377,0,1,24.444444,2
19456,3,17,2,1,23.99,0.0,37.16,9.2,2.16,17.04,358.948,0,1,24.444444,2
19457,3,18,2,1,24.01,0.0,37.55,9.4,2.04,14.45,123.519,0,1,24.444444,2
19458,3,19,2,1,23.99,0.0,38.01,9.2,8.64,9.64,0.0,0,1,24.444444,2
19459,3,20,2,1,24.07,0.0,38.1,16.5,7.44,15.65,0.0,0,1,24.444444,2
19460,3,21,2,1,24.06,0.0,38.64,13.2,15.96,11.55,0.0,0,1,24.444444,2
19461,3,22,2,1,24.05,0.0,39.6,13.7,7.44,11.53,0.0,0,1,24.444444,2
19462,3,23,2,1,23.94,0.0,40.88,9.1,1.92,6.68,0.0,0,1,24.444444,2
19463,3,24,2,1,23.83,0.0,42.35,8.4,1.32,5.63,0.0,0,1,24.444444,2
19464,3,1,3,1,23.61,0.0,44.39,5.1,0.72,3.19,0.0,0,1,24.444444,2
19465,3,2,3,1,23.51,0.0,46.15,4.8,1.2,2.93,0.0,0,1,24.444444,2
19466,3,3,3,1,23.37,0.0,48.31,3.4,0.36,2.14,0.0,0,1,24.444444,2
19467,3,4,3,1,23.29,0.0,49.88,3.7,0.24,2.01,0.0,0,1,24.444444,2
19468,3,5,3,1,23.23,0.0,51.09,3.5,1.32,1.6,0.0,0,1,24.444444,2
19469,3,6,3,1,23.15,0.0,52.62,3.3,4.68,1.28,0.0,0,1,24.444444,2
19470,3,7,3,1,23.32,0.0,53.2,3.9,18.24,2.71,0.0,0,1,24.444444,2
19471,3,8,3,1,23.59,0.0,52.37,7.2,10.56,9.95,155.56,0,1,24.444444,2
19472,3,9,3,1,23.64,0.0,51.55,5.1,6.48,11.64,368.497,0,1,24.444444,2
19473,3,10,3,1,23.68,0.0,50.95,3.5,8.88,11.68,516.503,0,1,24.444444,2
19474,3,11,3,1,23.79,0.0,50.16,4.8,5.76,13.19,587.814,0,1,24.444444,2
19475,3,12,3,1,23.85,0.0,49.74,3.7,2.64,13.32,647.366,0,1,24.444444,2
19476,3,13,3,1,24.02,0.0,48.93,9.6,3.24,20.72,731.756,0,1,24.444444,2
19477,3,14,3,1,24.07,0.0,48.24,9.5,0.96,23.66,631.546,0,1,24.444444,2
19478,3,15,3,1,24.05,0.0,48.03,3.3,1.92,20.3,677.709,0,1,24.444444,2
19479,3,16,3,1,24.07,0.0,47.57,7.9,4.56,26.47,445.034,0,1,24.444444,2
19480,3,17,3,1,24.07,0.0,47.23,8.9,4.56,28.23,329.921,0,1,24.444444,2
19481,3,18,3,1,24.07,0.0,47.59,9.3,7.92,25.41,110.779,0,1,24.444444,2
19482,3,19,3,1,24.07,0.0,48.23,9.9,9.36,20.87,0.0,0,1,24.444444,2
19483,3,20,3,1,24.07,0.0,49.06,8.7,3.84,17.85,0.0,0,1,24.444444,2
19484,3,21,3,1,24.07,0.0,49.96,10.7,5.28,19.5,0.0,0,1,24.444444,2
19485,3,22,3,1,24.07,0.0,51.2,7.5,5.76,13.84,0.0,0,1,24.444444,2
19486,3,23,3,1,24.03,0.0,53.21,5.5,4.56,10.59,0.0,0,1,24.444444,2
19487,3,24,3,1,23.96,0.0,55.53,4.6,0.96,8.43,0.0,0,1,24.444444,2
19488,3,1,4,1,24.0,0.0,57.12,7.9,0.6,11.51,0.0,0,1,24.444444,2
19489,3,2,4,1,23.99,0.0,58.61,7.3,0.6,10.6,0.0,0,1,24.444444,2
19490,3,3,4,1,23.9,0.0,61.1,5.2,0.72,7.96,0.0,0,1,24.444444,2
19491,3,4,4,1,23.96,0.0,62.43,8.9,0.48,11.61,0.0,0,1,24.444444,2
19492,3,5,4,1,23.78,0.0,64.5,3.3,0.84,5.61,0.0,0,1,24.444444,2
19493,3,6,4,1,23.9,0.0,64.94,8.7,2.76,10.76,0.0,0,1,24.444444,2
19494,3,7,4,1,23.94,0.0,64.45,8.7,3.96,12.65,0.0,0,1,24.444444,2
19495,3,8,4,1,23.96,0.0,63.8,8.7,17.52,13.37,88.3796,0,1,24.444444,2
19496,3,9,4,1,23.91,0.0,64.15,6.7,7.08,9.28,82.0524,0,1,24.444444,2
19497,3,10,4,1,23.95,0.0,64.11,8.9,1.68,11.93,104.246,0,1,24.444444,2
19498,3,11,4,1,23.94,0.0,63.93,8.0,3.6,10.14,39.6037,0,1,24.444444,2
19499,3,12,4,1,23.9,0.0,64.22,7.1,9.72,8.8,43.4543,0,1,24.444444,2
19500,3,13,4,1,23.95,0.0,63.62,9.1,3.36,12.55,108.971,0,1,24.444444,2
19501,3,14,4,1,24.0,0.0,62.57,9.7,0.72,15.1,171.461,0,1,24.444444,2
19502,3,15,4,1,24.0,0.0,61.94,8.9,1.2,13.75,158.968,0,1,24.444444,2
19503,3,16,4,1,23.98,0.0,61.96,7.3,2.28,11.58,135.53,0,1,24.444444,2
19504,3,17,4,1,24.01,0.0,61.41,9.1,1.08,14.42,95.3837,0,1,24.444444,2
19505,3,18,4,1,24.01,0.0,61.19,8.4,4.44,13.44,27.6016,0,1,24.444444,2
19506,3,19,4,1,24.01,0.0,61.38,9.3,7.68,13.53,0.0,0,1,24.444444,2
19507,3,20,4,1,24.02,0.0,61.23,10.3,5.52,14.32,0.0,0,1,24.444444,2
19508,3,21,4,1,24.03,0.0,60.79,11.0,17.88,15.1,0.0,0,1,24.444444,2
19509,3,22,4,1,24.02,0.0,60.76,10.0,4.08,13.39,0.0,0,1,24.444444,2
19510,3,23,4,1,23.97,0.0,60.52,9.1,0.84,9.56,0.0,0,1,24.444444,2
19511,3,24,4,1,23.85,0.0,58.37,8.6,0.96,6.75,0.0,0,1,24.444444,2
19512,3,1,5,1,23.85,0.0,54.28,10.0,0.36,7.16,0.0,0,1,24.444444,2
19513,3,2,5,1,23.73,0.0,51.26,8.6,0.48,4.53,0.0,0,1,24.444444,2
19514,3,3,5,1,23.65,0.0,48.63,9.5,0.24,3.85,0.0,0,1,24.444444,2
19515,3,4,5,1,23.47,0.0,46.88,8.5,0.12,2.45,0.0,0,1,24.444444,2
19516,3,5,5,1,23.31,0.0,45.64,8.0,1.2,1.75,0.0,0,1,24.444444,2
19517,3,6,5,1,23.35,0.0,44.18,11.0,8.16,2.5,0.0,0,1,24.444444,2
19518,3,7,5,1,23.44,0.0,42.78,10.0,17.76,2.92,0.0,0,1,24.444444,2
19519,3,8,5,1,23.57,0.0,41.33,10.0,14.64,6.27,165.098,0,1,24.444444,2
19520,3,9,5,1,23.64,0.0,39.93,11.2,15.36,9.74,383.402,0,1,24.444444,2
19521,3,10,5,1,23.65,0.0,38.66,8.0,8.16,8.2,565.703,0,1,24.444444,2
19522,3,11,5,1,23.7,0.0,37.99,9.3,2.4,8.86,702.3,0,1,24.444444,2
19523,3,12,5,1,23.77,0.0,37.59,9.0,1.32,9.13,763.252,0,1,24.444444,2
19524,3,13,5,1,23.85,0.0,37.11,8.4,1.8,10.7,725.798,0,1,24.444444,2
19525,3,14,5,1,23.98,0.0,36.46,9.8,0.96,14.93,748.452,0,1,24.444444,2
19526,3,15,5,1,24.04,0.0,35.91,9.4,1.56,18.93,663.933,0,1,24.444444,2
19527,3,16,5,1,24.05,0.0,35.8,8.1,1.32,20.88,519.998,0,1,24.444444,2
19528,3,17,5,1,24.07,0.0,36.08,9.4,6.24,23.46,324.072,0,1,24.444444,2
19529,3,18,5,1,24.08,0.0,36.5,9.2,3.72,20.68,115.831,0,1,24.444444,2
19530,3,19,5,1,24.08,0.0,36.98,10.0,2.52,16.45,0.0,0,1,24.444444,2
19531,3,20,5,1,24.08,0.0,37.68,11.2,3.6,16.11,0.0,0,1,24.444444,2
19532,3,21,5,1,24.08,0.0,38.57,10.1,2.76,14.08,0.0,0,1,24.444444,2
19533,3,22,5,1,24.07,0.0,39.5,10.2,5.16,12.07,0.0,0,1,24.444444,2
19534,3,23,5,1,24.02,0.0,40.68,9.0,1.32,8.96,0.0,0,1,24.444444,2
19535,3,24,5,1,23.93,0.0,42.0,8.9,1.08,6.84,0.0,0,1,24.444444,2
19536,3,1,6,1,23.55,0.0,44.23,4.2,0.36,2.7,0.0,0,1,24.444444,2
19537,3,2,6,1,23.73,0.0,44.95,10.2,0.36,5.9,0.0,0,1,24.444444,2
19538,3,3,6,1,23.47,0.0,47.15,4.9,0.24,2.34,0.0,0,1,24.444444,2
19539,3,4,6,1,23.23,0.0,49.51,3.5,0.72,1.39,0.0,0,1,24.444444,2
19540,3,5,6,1,23.11,0.0,51.24,3.1,0.36,1.12,0.0,0,1,24.444444,2
19541,3,6,6,1,23.33,0.0,51.32,9.1,3.6,3.12,0.0,0,1,24.444444,2
19542,3,7,6,1,23.35,0.0,52.2,7.9,7.08,3.05,0.0,0,1,24.444444,2
19543,3,8,6,1,23.45,0.0,53.03,8.7,8.52,3.98,80.2735,0,1,24.444444,2
19544,3,9,6,1,23.67,0.0,53.4,11.5,8.16,8.6,171.174,0,1,24.444444,2
19545,3,10,6,1,23.87,0.0,52.73,12.3,3.84,14.63,421.973,0,1,24.444444,2
19546,3,11,6,1,23.91,0.0,52.44,9.2,4.32,13.73,513.095,0,1,24.444444,2
19547,3,12,6,1,23.94,0.0,52.51,7.7,1.56,13.84,496.203,0,1,24.444444,2
19548,3,13,6,1,23.99,0.0,52.64,7.5,2.52,15.31,469.546,0,1,24.444444,2
19549,3,14,6,1,24.07,0.0,51.83,13.2,1.2,26.65,527.77,0,1,24.444444,2
19550,3,15,6,1,24.07,0.0,51.54,10.3,1.8,25.39,402.785,0,1,24.444444,2
19551,3,16,6,1,24.07,0.0,51.95,8.5,1.44,25.06,362.029,0,1,24.444444,2
19552,3,17,6,1,24.07,0.0,52.56,7.8,2.64,23.41,182.882,0,1,24.444444,2
19553,3,18,6,1,24.07,0.0,53.01,8.2,2.16,22.94,52.9521,0,1,24.444444,2
19554,3,19,6,1,24.07,0.0,53.18,11.2,5.04,25.24,0.0,0,1,24.444444,2
19555,3,20,6,1,24.07,0.0,53.75,9.3,1.56,21.56,0.0,0,1,24.444444,2
19556,3,21,6,1,24.07,0.0,54.79,9.9,5.4,21.47,0.0,0,1,24.444444,2
19557,3,22,6,1,24.07,0.0,55.74,9.9,1.32,20.09,0.0,0,1,24.444444,2
19558,3,23,6,1,24.07,0.0,57.23,8.2,0.96,16.91,0.0,0,1,24.444444,2
19559,3,24,6,1,24.07,0.0,59.2,8.2,0.24,15.8,0.0,0,1,24.444444,2
19560,3,1,7,1,23.95,0.0,62.44,3.5,0.36,8.57,0.0,0,1,24.444444,2
19561,3,2,7,1,23.84,0.0,65.6,3.1,0.36,7.59,0.0,0,1,24.444444,2
19562,3,3,7,1,23.79,0.0,68.01,3.4,0.48,7.32,0.0,0,1,24.444444,2
19563,3,4,7,1,23.73,0.0,69.87,3.4,2.04,6.83,0.0,0,1,24.444444,2
19564,3,5,7,1,23.68,0.0,70.9,3.7,1.08,6.35,0.0,0,1,24.444444,2
19565,3,6,7,1,23.65,0.0,71.18,4.2,4.2,5.92,0.0,0,1,24.444444,2
19566,3,7,7,1,23.56,0.0,71.01,3.6,5.76,4.4,0.0,0,1,24.444444,2
19567,3,8,7,1,23.53,0.0,70.39,4.8,7.68,4.2,3.14915,0,1,24.444444,2
19568,3,9,7,1,23.46,0.0,69.83,4.1,8.28,3.62,29.4968,0,1,24.444444,2
19569,3,10,7,1,23.54,0.0,68.93,4.1,8.64,5.71,216.689,0,1,24.444444,2
19570,3,11,7,1,23.6,0.0,68.14,3.6,8.76,6.91,408.038,0,1,24.444444,2
19571,3,12,7,1,23.65,0.0,67.13,5.6,5.4,8.08,215.902,0,1,24.444444,2
19572,3,13,7,1,23.8,0.0,65.34,9.8,10.68,11.91,116.666,0,1,24.444444,2
19573,3,14,7,1,23.94,0.0,62.94,11.3,4.68,15.26,234.551,0,1,24.444444,2
19574,3,15,7,1,23.87,0.0,61.63,4.6,15.6,9.46,329.641,0,1,24.444444,2
19575,3,16,7,1,23.89,0.0,60.93,5.9,2.28,10.52,190.779,0,1,24.444444,2
19576,3,17,7,1,23.97,0.0,59.66,9.8,8.64,14.61,122.807,0,1,24.444444,2
19577,3,18,7,1,24.0,0.0,58.89,9.1,9.48,16.3,112.894,0,1,24.444444,2
19578,3,19,7,1,24.03,0.0,57.71,11.3,5.4,15.97,0.0,0,1,24.444444,2
19579,3,20,7,1,23.98,0.0,57.75,7.3,5.52,9.73,0.0,0,1,24.444444,2
19580,3,21,7,1,23.99,0.0,58.46,9.0,5.28,11.3,0.0,0,1,24.444444,2
19581,3,22,7,1,23.86,0.0,60.31,5.0,1.32,6.77,0.0,0,1,24.444444,2
19582,3,23,7,1,23.84,0.0,61.37,7.4,1.08,7.91,0.0,0,1,24.444444,2
19583,3,24,7,1,23.67,0.0,62.85,4.7,1.32,4.47,0.0,0,1,24.444444,2
19584,3,1,1,1,23.5,0.0,64.32,3.6,1.32,3.0,0.0,0,1,24.444444,2
19585,3,2,1,1,23.58,0.0,64.07,8.2,1.08,5.37,0.0,0,1,24.444444,2
19586,3,3,1,1,23.36,0.0,64.69,3.7,0.84,2.17,0.0,0,1,24.444444,2
19587,3,4,1,1,23.49,0.0,63.9,8.5,0.6,4.38,0.0,0,1,24.444444,2
19588,3,5,1,1,23.31,0.0,64.71,3.6,0.84,1.98,0.0,0,1,24.444444,2
19589,3,6,1,1,23.48,0.0,64.84,9.0,2.64,5.11,0.0,0,1,24.444444,2
19590,3,7,1,1,23.48,0.0,65.84,4.1,1.68,3.82,38.7293,0,1,24.444444,2
19591,3,8,1,1,23.48,0.0,66.05,4.2,13.08,3.69,119.026,0,1,24.444444,2
19592,3,9,1,1,23.51,0.0,65.2,4.3,14.04,4.73,228.683,0,1,24.444444,2
19593,3,10,1,1,23.69,0.0,63.0,7.6,11.52,10.64,363.714,0,1,24.444444,2
19594,3,11,1,1,23.9,0.0,59.8,11.6,13.44,18.15,480.988,0,1,24.444444,2
19595,3,12,1,1,23.87,0.0,58.48,4.7,14.76,11.81,690.799,0,1,24.444444,2
19596,3,13,1,1,24.03,0.0,56.3,12.3,7.44,23.54,739.854,0,1,24.444444,2
19597,3,14,1,1,24.07,0.0,54.32,8.9,8.16,24.12,704.582,0,1,24.444444,2
19598,3,15,1,1,24.06,0.0,52.53,4.3,4.44,23.23,624.5,0,1,24.444444,2
19599,3,16,1,1,24.07,0.0,51.25,4.5,5.52,26.71,480.938,0,1,24.444444,2
19600,3,17,1,1,24.07,0.0,49.73,9.5,6.84,32.77,305.811,0,1,24.444444,2
19601,3,18,1,1,24.07,0.0,48.1,12.1,7.32,33.08,105.084,0,1,24.444444,2
19602,3,19,1,1,24.07,0.0,47.36,13.9,4.08,30.8,0.0,0,1,24.444444,2
19603,3,20,1,1,24.07,0.0,47.38,11.3,6.36,26.18,0.0,0,1,24.444444,2
19604,3,21,1,1,24.07,0.0,48.54,8.7,3.96,20.75,0.0,0,1,24.444444,2
19605,3,22,1,1,24.07,0.0,50.88,4.7,2.4,12.98,0.0,0,1,24.444444,2
19606,3,23,1,1,24.01,0.0,54.53,3.8,3.84,10.41,0.0,0,1,24.444444,2
19607,3,24,1,1,24.06,0.0,56.12,8.4,0.84,15.05,0.0,0,1,24.444444,2
19608,3,1,2,1,24.05,0.0,57.06,7.9,0.72,13.32,0.0,0,1,24.444444,2
19609,3,2,2,1,24.06,0.0,57.67,10.4,0.6,15.35,0.0,0,1,24.444444,2
19610,3,3,2,1,23.93,0.0,59.4,4.7,2.04,7.59,0.0,0,1,24.444444,2
19611,3,4,2,1,23.84,0.0,61.97,4.7,0.24,7.01,0.0,0,1,24.444444,2
19612,3,5,2,1,23.69,0.0,64.25,3.4,0.72,4.81,0.0,0,1,24.444444,2
19613,3,6,2,1,23.83,0.0,62.97,9.3,2.64,9.54,0.0,0,1,24.444444,2
19614,3,7,2,1,23.75,0.0,61.17,4.0,16.08,6.99,37.129,0,1,24.444444,2
19615,3,8,2,1,23.83,0.0,58.48,9.3,4.56,17.01,163.238,0,1,24.444444,2
19616,3,9,2,1,23.86,0.0,54.29,6.9,3.24,15.6,361.207,0,1,24.444444,2
19617,3,10,2,1,24.0,0.0,51.27,12.8,8.04,20.95,423.955,0,1,24.444444,2
19618,3,11,2,1,24.05,0.0,49.17,13.3,5.52,21.55,351.106,0,1,24.444444,2
19619,3,12,2,1,24.0,0.0,48.23,4.7,2.76,11.46,451.58,0,1,24.444444,2
19620,3,13,2,1,24.04,0.0,47.92,9.0,2.52,16.74,419.954,0,1,24.444444,2
19621,3,14,2,1,24.06,0.0,47.29,9.2,1.44,17.61,405.094,0,1,24.444444,2
19622,3,15,2,1,24.06,0.0,47.26,8.5,2.16,18.16,453.759,0,1,24.444444,2
19623,3,16,2,1,24.06,0.0,47.34,8.4,5.28,19.11,296.918,0,1,24.444444,2
19624,3,17,2,1,24.07,0.0,47.37,8.1,3.0,20.58,304.795,0,1,24.444444,2
19625,3,18,2,1,24.07,0.0,47.98,8.5,4.32,19.06,106.49,0,1,24.444444,2
19626,3,19,2,1,24.07,0.0,48.84,9.6,2.4,16.16,0.0,0,1,24.444444,2
19627,3,20,2,1,24.07,0.0,49.53,12.4,3.84,18.46,0.0,0,1,24.444444,2
19628,3,21,2,1,24.07,0.0,50.0,14.6,15.36,20.57,0.0,0,1,24.444444,2
19629,3,22,2,1,24.07,0.0,50.94,12.2,7.56,16.16,0.0,0,1,24.444444,2
19630,3,23,2,1,24.06,0.0,52.96,10.3,3.0,12.82,0.0,0,1,24.444444,2
19631,3,24,2,1,24.03,0.0,55.14,9.3,1.32,10.63,0.0,0,1,24.444444,2
19632,3,1,3,1,23.81,0.0,58.38,3.5,1.44,5.33,0.0,0,1,24.444444,2
19633,3,2,3,1,23.71,0.0,62.71,3.2,0.36,5.3,0.0,0,1,24.444444,2
19634,3,3,3,1,23.66,0.0,66.17,3.3,0.48,5.27,0.0,0,1,24.444444,2
19635,3,4,3,1,23.63,0.0,68.49,3.6,0.24,5.43,0.0,0,1,24.444444,2
19636,3,5,3,1,23.62,0.0,69.97,3.6,0.48,5.55,0.0,0,1,24.444444,2
19637,3,6,3,1,23.64,0.0,70.68,4.2,4.32,6.5,0.0,0,1,24.444444,2
19638,3,7,3,1,23.71,0.0,70.24,4.6,24.84,9.42,38.1182,0,1,24.444444,2
19639,3,8,3,1,23.83,0.0,68.06,7.7,10.92,16.24,149.485,0,1,24.444444,2
19640,3,9,3,1,23.86,0.0,65.81,5.3,9.6,14.87,275.868,0,1,24.444444,2
19641,3,10,3,1,23.9,0.0,64.76,4.3,10.2,15.1,326.948,0,1,24.444444,2
19642,3,11,3,1,23.96,0.0,63.79,4.6,6.96,16.92,321.404,0,1,24.444444,2
19643,3,12,3,1,24.0,0.0,62.75,4.0,2.64,18.93,415.952,0,1,24.444444,2
19644,3,13,3,1,24.05,0.0,61.15,8.7,4.32,25.36,302.735,0,1,24.444444,2
19645,3,14,3,1,24.07,0.0,59.67,9.9,1.56,26.36,234.785,0,1,24.444444,2
19646,3,15,3,1,24.05,0.0,60.34,3.0,1.92,17.58,263.531,0,1,24.444444,2
19647,3,16,3,1,24.07,0.0,60.54,7.9,3.0,24.75,168.911,0,1,24.444444,2
19648,3,17,3,1,24.07,0.0,59.83,8.9,2.4,25.44,101.052,0,1,24.444444,2
19649,3,18,3,1,24.07,0.0,59.85,8.7,11.52,24.24,31.9079,0,1,24.444444,2
19650,3,19,3,1,24.07,0.0,59.85,9.7,15.24,24.04,0.0,0,1,24.444444,2
19651,3,20,3,1,24.07,0.0,60.1,8.0,5.28,20.05,0.0,0,1,24.444444,2
19652,3,21,3,1,24.07,0.0,60.08,10.6,4.92,23.73,0.0,0,1,24.444444,2
19653,3,22,3,1,24.07,0.0,59.6,12.1,6.12,25.19,0.0,0,1,24.444444,2
19654,3,23,3,1,24.05,0.0,61.03,5.3,0.96,14.01,0.0,0,1,24.444444,2
19655,3,24,3,1,24.06,0.0,62.44,8.3,1.2,17.92,0.0,0,1,24.444444,2
19656,3,1,4,1,23.98,0.0,64.34,3.0,0.48,9.77,0.0,0,1,24.444444,2
19657,3,2,4,1,24.03,0.0,65.32,7.8,0.6,16.37,0.0,0,1,24.444444,2
19658,3,3,4,1,23.98,0.0,66.52,4.1,0.36,10.62,0.0,0,1,24.444444,2
19659,3,4,4,1,24.05,0.0,65.98,10.4,0.24,20.0,0.0,0,1,24.444444,2
19660,3,5,4,1,23.95,0.0,67.63,3.4,1.2,9.31,0.0,0,1,24.444444,2
19661,3,6,4,1,24.02,0.0,68.31,8.4,2.4,17.06,0.0,0,1,24.444444,2
19662,3,7,4,1,24.03,0.0,66.98,8.2,6.6,20.34,45.9733,0,1,24.444444,2
19663,3,8,4,1,24.05,0.0,65.38,9.1,9.12,24.07,154.429,0,1,24.444444,2
19664,3,9,4,1,24.06,0.0,63.87,9.1,7.56,25.03,222.126,0,1,24.444444,2
19665,3,10,4,1,24.07,0.0,63.12,9.3,6.24,28.91,339.789,0,1,24.444444,2
19666,3,11,4,1,24.07,0.0,62.18,8.6,4.92,29.13,381.173,0,1,24.444444,2
19667,3,12,4,1,24.07,0.0,62.06,6.8,7.92,25.28,243.427,0,1,24.444444,2
19668,3,13,4,1,24.07,0.0,61.75,8.8,4.44,28.53,201.305,0,1,24.444444,2
19669,3,14,4,1,24.07,0.0,59.99,12.9,0.36,34.45,176.948,0,1,24.444444,2
19670,3,15,4,1,24.07,0.0,59.72,8.8,4.92,26.03,96.0346,0,1,24.444444,2
19671,3,16,4,1,24.07,0.0,60.53,8.0,1.92,24.81,77.7699,0,1,24.444444,2
19672,3,17,4,1,24.07,0.0,61.32,7.9,2.88,26.3,89.5026,0,1,24.444444,2
19673,3,18,4,1,24.07,0.0,61.96,8.4,6.36,28.39,73.5001,0,1,24.444444,2
19674,3,19,4,1,24.07,0.0,62.18,9.4,6.72,27.05,0.0,0,1,24.444444,2
19675,3,20,4,1,24.07,0.0,62.3,9.9,11.16,27.01,0.0,0,1,24.444444,2
19676,3,21,4,1,24.07,0.0,62.39,10.1,15.96,26.57,0.0,0,1,24.444444,2
19677,3,22,4,1,24.07,0.0,63.13,9.1,4.44,24.1,0.0,0,1,24.444444,2
19678,3,23,4,1,24.07,0.0,64.44,8.8,1.56,23.35,0.0,0,1,24.444444,2
19679,3,24,4,1,24.07,0.0,65.72,7.4,0.96,20.51,0.0,0,1,24.444444,2
19680,4,1,5,1,24.05,0.0,67.96,4.3,0.48,14.82,0.0,0,1,24.444444,2
19681,4,2,5,1,24.07,0.0,68.28,8.8,0.6,22.11,0.0,0,1,24.444444,2
19682,4,3,5,1,24.07,0.0,66.99,9.5,0.36,22.46,0.0,0,1,24.444444,2
19683,4,4,5,1,24.01,0.0,68.75,2.9,0.6,10.91,0.0,0,1,24.444444,2
19684,4,5,5,1,23.99,0.0,71.63,3.5,1.32,11.81,0.0,0,1,24.444444,2
19685,4,6,5,1,24.05,0.0,70.92,9.4,4.92,21.87,0.0,0,1,24.444444,2
19686,4,7,5,1,24.06,0.0,69.13,8.7,17.04,19.43,18.0918,0,1,24.444444,2
19687,4,8,5,1,24.05,0.0,68.41,8.9,5.76,17.34,50.5817,0,1,24.444444,2
19688,4,9,5,1,24.05,0.0,67.6,9.2,3.84,15.77,31.3564,0,1,24.444444,2
19689,4,10,5,1,24.02,0.0,66.66,8.6,5.76,11.36,18.0103,0,1,24.444444,2
19690,4,11,5,1,23.97,0.0,64.1,9.3,3.36,9.62,44.7513,0,1,24.444444,2
19691,4,12,5,1,23.93,0.0,61.29,8.5,1.68,8.79,170.349,0,1,24.444444,2
19692,4,13,5,1,23.94,0.0,59.6,9.1,4.08,9.65,284.958,0,1,24.444444,2
19693,4,14,5,1,23.92,0.0,58.85,9.8,0.96,8.58,97.3463,0,1,24.444444,2
19694,4,15,5,1,23.78,0.0,58.56,9.1,4.08,5.29,27.5535,0,1,24.444444,2
19695,4,16,5,1,23.56,0.0,57.83,8.5,2.88,3.23,15.8869,0,1,24.444444,2
19696,4,17,5,1,23.48,0.0,56.71,9.0,2.04,3.23,0.753286,0,1,24.444444,2
19697,4,18,5,1,23.49,0.0,55.39,9.5,2.76,3.6,0.0,0,1,24.444444,2
19698,4,19,5,1,23.44,0.0,54.88,8.4,8.52,3.03,0.0,0,1,24.444444,2
19699,4,20,5,1,23.48,0.0,53.94,10.2,1.56,3.79,0.0,0,1,24.444444,2
19700,4,21,5,1,23.48,0.0,53.49,9.5,6.72,3.56,0.0,0,1,24.444444,2
19701,4,22,5,1,23.58,0.0,52.62,12.5,4.68,5.2,0.0,0,1,24.444444,2
19702,4,23,5,1,23.23,0.0,52.82,5.8,0.6,1.26,0.0,0,1,24.444444,2
19703,4,24,5,1,23.28,0.0,51.38,9.9,0.96,2.52,0.0,0,1,24.444444,2
19704,4,1,6,1,23.09,0.0,50.2,3.9,0.12,0.77,0.0,0,1,24.444444,2
19705,4,2,6,1,23.13,0.0,47.89,8.1,0.48,1.53,0.0,0,1,24.444444,2
19706,4,3,6,1,22.91,0.0,46.61,3.5,0.36,0.3,0.0,0,1,24.444444,2
19707,4,4,6,1,22.96,0.0,44.52,8.1,3.84,0.94,0.0,0,1,24.444444,2
19708,4,5,6,1,22.83,0.0,42.92,3.3,1.8,0.18,0.0,0,1,24.444444,2
19709,4,6,6,1,22.92,0.0,40.97,7.8,12.12,0.86,0.0,0,1,24.444444,2
19710,4,7,6,1,23.0,0.0,39.32,7.4,17.76,0.84,44.8959,0,1,24.444444,2
19711,4,8,6,1,23.24,0.0,37.67,8.1,4.32,1.76,169.447,0,1,24.444444,2
19712,4,9,6,1,23.46,0.0,36.4,7.9,1.08,5.22,395.762,0,1,24.444444,2
19713,4,10,6,1,23.55,0.0,35.54,7.7,2.28,6.39,587.067,0,1,24.444444,2
19714,4,11,6,1,23.65,0.0,34.19,8.6,2.4,6.5,723.517,0,1,24.444444,2
19715,4,12,6,1,23.72,0.0,33.23,8.5,2.4,7.44,785.545,0,1,24.444444,2
19716,4,13,6,1,23.84,0.0,32.91,9.6,1.92,10.59,807.828,0,1,24.444444,2
19717,4,14,6,1,23.97,0.0,32.24,10.1,0.96,13.9,778.61,0,1,24.444444,2
19718,4,15,6,1,24.06,0.0,31.74,13.7,3.96,21.54,690.858,0,1,24.444444,2
19719,4,16,6,1,24.06,0.0,31.51,8.4,1.8,19.23,556.773,0,1,24.444444,2
19720,4,17,6,1,24.07,0.0,31.23,9.2,5.52,20.77,360.02,0,1,24.444444,2
19721,4,18,6,1,24.07,0.0,31.52,9.1,2.52,18.22,135.034,0,1,24.444444,2
19722,4,19,6,1,24.08,0.0,32.29,9.1,4.92,12.68,1.42656,0,1,24.444444,2
19723,4,20,6,1,24.08,0.0,32.47,10.8,6.12,12.85,0.0,0,1,24.444444,2
19724,4,21,6,1,24.06,0.0,32.6,9.2,2.76,9.95,0.0,0,1,24.444444,2
19725,4,22,6,1,23.99,0.0,32.79,8.3,4.32,7.73,0.0,0,1,24.444444,2
19726,4,23,6,1,23.77,0.0,33.01,4.8,0.72,3.83,0.0,0,1,24.444444,2
19727,4,24,6,1,23.56,0.0,33.38,5.0,0.84,2.95,0.0,0,1,24.444444,2
19728,4,1,7,1,23.36,0.0,33.76,3.5,2.52,1.8,0.0,0,1,24.444444,2
19729,4,2,7,1,23.21,0.0,34.32,3.7,0.24,1.25,0.0,0,1,24.444444,2
19730,4,3,7,1,23.07,0.0,34.86,3.4,3.12,0.82,0.0,0,1,24.444444,2
19731,4,4,7,1,22.97,0.0,35.09,3.1,0.12,0.54,0.0,0,1,24.444444,2
19732,4,5,7,1,22.9,0.0,35.35,3.7,1.2,0.42,0.0,0,1,24.444444,2
19733,4,6,7,1,22.82,0.0,35.87,3.2,13.44,0.15,0.0,0,1,24.444444,2
19734,4,7,7,1,23.02,0.0,36.24,3.2,7.2,0.53,40.289,0,1,24.444444,2
19735,4,8,7,1,23.45,0.0,36.23,8.7,15.96,6.51,184.601,0,1,24.444444,2
19736,4,9,7,1,23.51,0.0,35.87,5.3,15.0,7.45,400.257,0,1,24.444444,2
19737,4,10,7,1,23.54,0.0,34.73,3.8,4.56,6.89,571.509,0,1,24.444444,2
19738,4,11,7,1,23.64,0.0,33.29,4.6,0.96,6.83,698.396,0,1,24.444444,2
19739,4,12,7,1,23.72,0.0,32.18,5.4,9.96,8.34,770.63,0,1,24.444444,2
19740,4,13,7,1,23.79,0.0,31.46,4.1,5.64,9.2,732.661,0,1,24.444444,2
19741,4,14,7,1,23.98,0.0,30.62,10.5,4.44,17.44,770.944,0,1,24.444444,2
19742,4,15,7,1,24.0,0.0,30.28,3.6,5.52,15.7,667.164,0,1,24.444444,2
19743,4,16,7,1,24.02,0.0,29.93,4.1,13.44,19.35,536.509,0,1,24.444444,2
19744,4,17,7,1,24.03,0.0,29.8,4.0,2.76,19.9,354.588,0,1,24.444444,2
19745,4,18,7,1,24.04,0.0,30.12,4.0,3.84,17.16,134.695,0,1,24.444444,2
19746,4,19,7,1,24.05,0.0,30.71,4.3,6.36,11.54,2.14981,0,1,24.444444,2
19747,4,20,7,1,24.06,0.0,31.3,7.0,7.2,12.46,0.0,0,1,24.444444,2
19748,4,21,7,1,24.07,0.0,32.03,9.0,1.8,12.27,0.0,0,1,24.444444,2
19749,4,22,7,1,23.94,0.0,34.22,5.1,3.36,6.6,0.0,0,1,24.444444,2
19750,4,23,7,1,23.91,0.0,36.42,7.4,3.84,7.18,0.0,0,1,24.444444,2
19751,4,24,7,1,23.7,0.0,38.26,3.7,0.6,3.65,0.0,0,1,24.444444,2
19752,4,1,1,1,23.5,0.0,40.0,4.5,0.36,2.83,0.0,0,1,24.444444,2
19753,4,2,1,1,23.29,0.0,41.91,3.4,0.36,1.6,0.0,0,1,24.444444,2
19754,4,3,1,1,23.15,0.0,43.71,3.2,0.24,1.1,0.0,0,1,24.444444,2
19755,4,4,1,1,23.05,0.0,45.0,3.5,0.36,0.91,0.0,0,1,24.444444,2
19756,4,5,1,1,22.96,0.0,46.03,3.1,0.24,0.66,0.0,0,1,24.444444,2
19757,4,6,1,1,23.06,0.0,45.97,7.7,0.84,1.37,0.0,0,1,24.444444,2
19758,4,7,1,1,23.22,0.0,45.53,3.8,6.72,1.51,42.749,0,1,24.444444,2
19759,4,8,1,1,23.44,0.0,44.96,4.4,3.72,5.86,187.632,0,1,24.444444,2
19760,4,9,1,1,23.55,0.0,43.27,7.4,13.92,10.54,401.732,0,1,24.444444,2
19761,4,10,1,1,23.6,0.0,41.95,3.7,10.2,8.66,568.43,0,1,24.444444,2
19762,4,11,1,1,23.68,0.0,40.85,4.3,3.96,9.01,680.15,0,1,24.444444,2
19763,4,12,1,1,23.76,0.0,40.15,4.3,2.52,9.88,764.85,0,1,24.444444,2
19764,4,13,1,1,23.86,0.0,39.37,5.0,3.96,12.45,717.546,0,1,24.444444,2
19765,4,14,1,1,24.03,0.0,38.12,9.0,7.68,19.64,733.512,0,1,24.444444,2
19766,4,15,1,1,24.04,0.0,37.42,3.9,5.28,19.42,616.928,0,1,24.444444,2
19767,4,16,1,1,24.05,0.0,36.91,4.7,6.36,23.81,504.85,0,1,24.444444,2
19768,4,17,1,1,24.06,0.0,36.52,4.4,2.76,24.14,355.906,0,1,24.444444,2
19769,4,18,1,1,24.08,0.0,36.46,8.9,2.28,25.83,136.951,0,1,24.444444,2
19770,4,19,1,1,24.08,0.0,37.03,7.7,3.36,18.31,2.13096,0,1,24.444444,2
19771,4,20,1,1,24.08,0.0,38.58,9.7,5.4,18.94,0.0,0,1,24.444444,2
19772,4,21,1,1,24.06,0.0,41.22,4.9,1.44,11.64,0.0,0,1,24.444444,2
19773,4,22,1,1,24.07,0.0,42.52,9.3,3.36,14.18,0.0,0,1,24.444444,2
19774,4,23,1,1,23.99,0.0,43.97,5.8,1.44,8.32,0.0,0,1,24.444444,2
19775,4,24,1,1,23.85,0.0,45.84,5.0,0.84,6.04,0.0,0,1,24.444444,2
19776,4,1,2,1,23.59,0.0,47.9,3.2,2.28,3.49,0.0,0,1,24.444444,2
19777,4,2,2,1,23.42,0.0,49.81,3.1,0.36,2.55,0.0,0,1,24.444444,2
19778,4,3,2,1,23.42,0.0,51.36,5.2,0.6,2.84,0.0,0,1,24.444444,2
19779,4,4,2,1,23.26,0.0,52.97,3.6,0.36,1.63,0.0,0,1,24.444444,2
19780,4,5,2,1,23.36,0.0,53.26,7.8,1.44,3.14,0.0,0,1,24.444444,2
19781,4,6,2,1,23.19,0.0,54.62,4.0,4.44,1.34,0.0,0,1,24.444444,2
19782,4,7,2,1,23.4,0.0,54.57,4.3,11.4,3.61,44.9927,0,1,24.444444,2
19783,4,8,2,1,23.55,0.0,54.07,4.1,5.52,8.28,183.735,0,1,24.444444,2
19784,4,9,2,1,23.6,0.0,53.3,4.1,5.04,11.72,380.727,0,1,24.444444,2
19785,4,10,2,1,23.74,0.0,51.98,6.6,6.12,15.99,539.661,0,1,24.444444,2
19786,4,11,2,1,23.84,0.0,49.93,5.0,1.44,14.9,613.315,0,1,24.444444,2
19787,4,12,2,1,23.93,0.0,47.75,4.9,1.92,15.92,711.335,0,1,24.444444,2
19788,4,13,2,1,24.06,0.0,45.66,9.4,6.84,22.82,760.334,0,1,24.444444,2
19789,4,14,2,1,24.08,0.0,43.63,13.0,4.08,31.39,729.151,0,1,24.444444,2
19790,4,15,2,1,24.07,0.0,42.78,9.1,1.56,31.06,636.577,0,1,24.444444,2
19791,4,16,2,1,24.08,0.0,42.7,3.7,0.48,26.93,503.841,0,1,24.444444,2
19792,4,17,2,1,24.08,0.0,42.7,3.7,9.48,26.82,327.023,0,1,24.444444,2
19793,4,18,2,1,24.08,0.0,42.61,9.5,2.04,30.28,120.019,0,1,24.444444,2
19794,4,19,2,1,24.08,0.0,42.84,10.7,4.08,25.67,2.26778,0,1,24.444444,2
19795,4,20,2,1,24.08,0.0,43.44,10.6,8.16,23.39,0.0,0,1,24.444444,2
19796,4,21,2,1,24.07,0.0,44.1,9.0,1.32,19.15,0.0,0,1,24.444444,2
19797,4,22,2,1,24.07,0.0,44.97,9.8,4.2,17.82,0.0,0,1,24.444444,2
19798,4,23,2,1,24.06,0.0,46.7,6.2,0.48,11.13,0.0,0,1,24.444444,2
19799,4,24,2,1,23.94,0.0,49.16,3.6,0.72,7.17,0.0,0,1,24.444444,2
19800,4,1,3,1,23.79,0.0,51.45,3.1,3.24,5.35,0.0,0,1,24.444444,2
19801,4,2,3,1,23.64,0.0,52.79,3.6,0.24,4.22,0.0,0,1,24.444444,2
19802,4,3,3,1,23.5,0.0,53.91,3.5,0.36,3.03,0.0,0,1,24.444444,2
19803,4,4,3,1,23.38,0.0,54.71,3.5,3.12,2.58,0.0,0,1,24.444444,2
19804,4,5,3,1,23.4,0.0,55.03,5.0,6.0,2.9,0.0,0,1,24.444444,2
19805,4,6,3,1,23.39,0.0,55.46,5.8,8.16,2.99,0.0,0,1,24.444444,2
19806,4,7,3,1,23.57,0.0,55.32,9.7,25.44,5.63,21.8391,0,1,24.444444,2
19807,4,8,3,1,23.51,0.0,56.7,4.9,6.48,3.18,95.9614,0,1,24.444444,2
19808,4,9,3,1,23.61,0.0,57.36,5.6,8.16,6.74,256.002,0,1,24.444444,2
19809,4,10,3,1,23.69,0.0,57.43,3.5,9.6,9.11,469.979,0,1,24.444444,2
19810,4,11,3,1,23.76,0.0,56.25,4.4,2.52,10.84,527.221,0,1,24.444444,2
19811,4,12,3,1,23.82,0.0,54.21,4.1,1.08,10.78,423.521,0,1,24.444444,2
19812,4,13,3,1,23.98,0.0,51.45,9.4,1.2,17.41,342.844,0,1,24.444444,2
19813,4,14,3,1,24.06,0.0,49.22,9.7,6.36,22.33,632.565,0,1,24.444444,2
19814,4,15,3,1,24.07,0.0,47.42,8.9,2.16,24.65,587.514,0,1,24.444444,2
19815,4,16,3,1,24.07,0.0,46.08,8.4,2.16,24.81,432.335,0,1,24.444444,2
19816,4,17,3,1,24.07,0.0,45.58,8.9,4.32,26.98,333.565,0,1,24.444444,2
19817,4,18,3,1,24.08,0.0,45.6,9.2,3.72,24.93,121.514,0,1,24.444444,2
19818,4,19,3,1,24.08,0.0,46.3,6.1,2.04,15.3,2.27871,0,1,24.444444,2
19819,4,20,3,1,24.07,0.0,47.38,7.3,5.88,14.89,0.0,0,1,24.444444,2
19820,4,21,3,1,24.07,0.0,48.28,11.3,7.2,18.63,0.0,0,1,24.444444,2
19821,4,22,3,1,24.07,0.0,49.4,11.1,3.84,16.74,0.0,0,1,24.444444,2
19822,4,23,3,1,23.98,0.0,52.11,4.7,0.48,8.01,0.0,0,1,24.444444,2
19823,4,24,3,1,23.89,0.0,55.1,4.9,0.12,7.31,0.0,0,1,24.444444,2
19824,4,1,4,1,23.92,0.0,56.77,7.6,0.36,9.01,0.0,0,1,24.444444,2
19825,4,2,4,1,23.81,0.0,58.82,5.5,0.6,6.47,0.0,0,1,24.444444,2
19826,4,3,4,1,23.68,0.0,60.73,4.7,0.0,4.74,0.0,0,1,24.444444,2
19827,4,4,4,1,23.43,0.0,62.06,2.9,0.48,2.51,0.0,0,1,24.444444,2
19828,4,5,4,1,23.25,0.0,62.36,3.4,1.2,1.87,0.0,0,1,24.444444,2
19829,4,6,4,1,23.15,0.0,61.99,3.3,6.12,1.41,0.0,0,1,24.444444,2
19830,4,7,4,1,23.51,0.0,59.89,7.0,15.6,7.14,39.5854,0,1,24.444444,2
19831,4,8,4,1,23.69,0.0,57.63,8.2,9.6,15.3,188.539,0,1,24.444444,2
19832,4,9,4,1,23.79,0.0,54.25,8.8,6.48,18.78,377.357,0,1,24.444444,2
19833,4,10,4,1,23.89,0.0,50.01,8.6,10.08,19.01,529.68,0,1,24.444444,2
19834,4,11,4,1,24.03,0.0,46.19,12.9,0.72,22.54,668.486,0,1,24.444444,2
19835,4,12,4,1,24.06,0.0,43.06,7.2,1.2,16.85,737.346,0,1,24.444444,2
19836,4,13,4,1,24.08,0.0,39.76,9.0,5.88,21.21,730.965,0,1,24.444444,2
19837,4,14,4,1,24.08,0.0,37.6,10.1,3.24,26.3,666.11,0,1,24.444444,2
19838,4,15,4,1,24.08,0.0,36.65,9.2,1.32,29.27,631.657,0,1,24.444444,2
19839,4,16,4,1,24.08,0.0,36.56,7.6,3.72,29.61,506.848,0,1,24.444444,2
19840,4,17,4,1,24.08,0.0,36.57,8.2,1.68,30.47,327.855,0,1,24.444444,2
19841,4,18,4,1,24.08,0.0,36.67,9.6,5.76,29.03,128.057,0,1,24.444444,2
19842,4,19,4,1,24.08,0.0,37.03,10.6,9.84,24.21,1.96279,0,1,24.444444,2
19843,4,20,4,1,24.08,0.0,37.49,9.6,3.84,21.29,0.0,0,1,24.444444,2
19844,4,21,4,1,24.08,0.0,38.2,10.1,4.2,19.29,0.0,0,1,24.444444,2
19845,4,22,4,1,24.08,0.0,39.18,8.1,3.48,14.56,0.0,0,1,24.444444,2
19846,4,23,4,1,24.07,0.0,40.48,8.0,1.44,12.57,0.0,0,1,24.444444,2
19847,4,24,4,1,24.05,0.0,41.98,7.9,0.72,10.31,0.0,0,1,24.444444,2
19848,4,1,5,1,23.87,0.0,44.01,3.8,0.24,5.51,0.0,0,1,24.444444,2
19849,4,2,5,1,23.92,0.0,44.7,8.5,0.36,7.65,0.0,0,1,24.444444,2
19850,4,3,5,1,23.92,0.0,44.43,10.0,0.48,7.56,0.0,0,1,24.444444,2
19851,4,4,5,1,23.58,0.0,45.32,4.1,1.08,2.64,0.0,0,1,24.444444,2
19852,4,5,5,1,23.31,0.0,46.37,3.3,1.2,1.64,0.0,0,1,24.444444,2
19853,4,6,5,1,23.58,0.0,45.42,9.0,6.72,5.12,0.0,0,1,24.444444,2
19854,4,7,5,1,23.78,0.0,43.85,8.2,20.4,9.24,43.2335,0,1,24.444444,2
19855,4,8,5,1,23.8,0.0,42.39,9.1,9.0,12.86,192.642,0,1,24.444444,2
19856,4,9,5,1,23.82,0.0,40.94,9.0,6.48,14.52,403.218,0,1,24.444444,2
19857,4,10,5,1,23.88,0.0,39.9,8.2,7.56,15.02,574.606,0,1,24.444444,2
19858,4,11,5,1,23.95,0.0,38.9,8.4,2.04,14.83,698.406,0,1,24.444444,2
19859,4,12,5,1,24.01,0.0,37.84,8.0,1.92,14.72,783.236,0,1,24.444444,2
19860,4,13,5,1,24.07,0.0,36.75,9.4,3.12,18.23,785.556,0,1,24.444444,2
19861,4,14,5,1,24.08,0.0,35.64,10.0,1.92,22.51,765.048,0,1,24.444444,2
19862,4,15,5,1,24.08,0.0,34.22,9.2,1.2,25.62,669.338,0,1,24.444444,2
19863,4,16,5,1,24.08,0.0,32.94,8.0,5.52,26.51,534.771,0,1,24.444444,2
19864,4,17,5,1,24.08,0.0,32.25,9.6,3.48,28.69,346.968,0,1,24.444444,2
19865,4,18,5,1,24.08,0.0,32.12,9.3,2.52,25.49,132.605,0,1,24.444444,2
19866,4,19,5,1,24.08,0.0,32.53,8.9,6.36,18.93,2.78147,0,1,24.444444,2
19867,4,20,5,1,24.08,0.0,33.05,10.6,2.28,18.84,0.0,0,1,24.444444,2
19868,4,21,5,1,24.08,0.0,33.67,10.0,5.28,16.5,0.0,0,1,24.444444,2
19869,4,22,5,1,24.08,0.0,34.14,12.9,1.92,17.93,0.0,0,1,24.444444,2
19870,4,23,5,1,24.07,0.0,34.08,8.8,2.04,11.18,0.0,0,1,24.444444,2
19871,4,24,5,1,24.06,0.0,34.27,9.9,0.96,9.89,0.0,0,1,24.444444,2
19872,4,1,6,1,23.8,0.0,35.57,3.6,0.6,4.08,0.0,0,1,24.444444,2
19873,4,2,6,1,23.85,0.0,35.8,7.8,0.36,6.03,0.0,0,1,24.444444,2
19874,4,3,6,1,23.63,0.0,36.33,3.5,0.36,2.72,0.0,0,1,24.444444,2
19875,4,4,6,1,23.63,0.0,36.49,8.0,0.48,3.79,0.0,0,1,24.444444,2
19876,4,5,6,1,23.26,0.0,37.65,3.2,0.72,1.14,0.0,0,1,24.444444,2
19877,4,6,6,1,23.37,0.0,37.66,7.4,5.76,2.51,0.0,0,1,24.444444,2
19878,4,7,6,1,23.67,0.0,36.68,9.0,21.6,6.91,40.3169,0,1,24.444444,2
19879,4,8,6,1,23.74,0.0,36.12,8.7,10.08,10.96,183.749,0,1,24.444444,2
19880,4,9,6,1,23.78,0.0,35.69,7.9,8.4,13.4,378.262,0,1,24.444444,2
19881,4,10,6,1,23.83,0.0,34.66,6.0,4.2,12.49,506.933,0,1,24.444444,2
19882,4,11,6,1,23.98,0.0,32.98,10.0,1.8,16.53,597.182,0,1,24.444444,2
19883,4,12,6,1,24.04,0.0,31.44,8.8,4.56,16.06,572.435,0,1,24.444444,2
19884,4,13,6,1,24.07,0.0,30.1,10.1,0.84,19.49,560.247,0,1,24.444444,2
19885,4,14,6,1,24.08,0.0,29.77,10.9,2.16,22.65,546.07,0,1,24.444444,2
19886,4,15,6,1,24.08,0.0,30.15,9.7,1.08,24.05,543.777,0,1,24.444444,2
19887,4,16,6,1,24.08,0.0,31.23,8.6,4.68,24.92,488.396,0,1,24.444444,2
19888,4,17,6,1,24.08,0.0,32.69,11.1,4.44,27.16,313.094,0,1,24.444444,2
19889,4,18,6,1,24.08,0.0,34.85,8.4,5.28,21.17,115.079,0,1,24.444444,2
19890,4,19,6,1,24.08,0.0,36.65,9.5,2.76,17.8,2.29708,0,1,24.444444,2
19891,4,20,6,1,24.08,0.0,38.01,10.1,3.84,16.98,0.0,0,1,24.444444,2
19892,4,21,6,1,24.08,0.0,39.3,13.6,4.08,19.39,0.0,0,1,24.444444,2
19893,4,22,6,1,24.07,0.0,40.86,9.4,1.2,12.52,0.0,0,1,24.444444,2
19894,4,23,6,1,23.96,0.0,42.3,5.0,3.84,6.95,0.0,0,1,24.444444,2
19895,4,24,6,1,23.85,0.0,43.39,4.5,0.48,5.62,0.0,0,1,24.444444,2
19896,4,1,7,1,23.69,0.0,44.62,3.5,2.52,4.02,0.0,0,1,24.444444,2
19897,4,2,7,1,23.55,0.0,46.15,3.5,1.56,2.95,0.0,0,1,24.444444,2
19898,4,3,7,1,23.36,0.0,48.18,3.1,0.48,2.05,0.0,0,1,24.444444,2
19899,4,4,7,1,23.24,0.0,49.66,3.3,0.24,1.62,0.0,0,1,24.444444,2
19900,4,5,7,1,23.17,0.0,50.84,3.8,0.6,1.39,0.0,0,1,24.444444,2
19901,4,6,7,1,23.1,0.0,51.68,3.2,14.16,1.14,0.0,0,1,24.444444,2
19902,4,7,7,1,23.35,0.0,51.45,3.4,7.2,3.12,47.4439,0,1,24.444444,2
19903,4,8,7,1,23.55,0.0,51.08,3.6,7.56,8.17,191.041,0,1,24.444444,2
19904,4,9,7,1,23.67,0.0,49.8,5.9,8.64,13.41,392.385,0,1,24.444444,2
19905,4,10,7,1,23.78,0.0,47.3,6.9,6.6,15.41,572.242,0,1,24.444444,2
19906,4,11,7,1,23.83,0.0,45.6,4.3,7.44,12.86,693.349,0,1,24.444444,2
19907,4,12,7,1,23.91,0.0,45.08,5.0,7.08,14.19,771.37,0,1,24.444444,2
19908,4,13,7,1,23.98,0.0,44.92,4.3,4.08,15.44,790.119,0,1,24.444444,2
19909,4,14,7,1,24.07,0.0,44.32,11.2,9.12,27.22,751.657,0,1,24.444444,2
19910,4,15,7,1,24.07,0.0,43.84,4.2,14.28,22.28,677.93,0,1,24.444444,2
19911,4,16,7,1,24.06,0.0,43.77,3.8,10.08,23.19,532.78,0,1,24.444444,2
19912,4,17,7,1,24.07,0.0,43.59,4.7,9.12,24.28,341.702,0,1,24.444444,2
19913,4,18,7,1,24.08,0.0,43.93,4.1,5.4,20.52,125.954,0,1,24.444444,2
19914,4,19,7,1,24.08,0.0,45.29,5.5,8.4,16.4,3.08747,0,1,24.444444,2
19915,4,20,7,1,24.07,0.0,46.52,4.5,3.6,13.21,0.0,0,1,24.444444,2
19916,4,21,7,1,24.07,0.0,47.34,11.3,1.8,20.63,0.0,0,1,24.444444,2
19917,4,22,7,1,24.04,0.0,48.93,4.4,3.12,10.47,0.0,0,1,24.444444,2
19918,4,23,7,1,24.02,0.0,51.29,5.4,1.92,10.49,0.0,0,1,24.444444,2
19919,4,24,7,1,23.92,0.0,53.91,3.4,0.84,7.32,0.0,0,1,24.444444,2
19920,4,1,1,1,23.89,0.0,56.05,4.8,0.84,7.86,0.0,0,1,24.444444,2
19921,4,2,1,1,23.81,0.0,58.25,3.8,0.72,6.44,0.0,0,1,24.444444,2
19922,4,3,1,1,23.74,0.0,60.65,3.8,0.48,5.99,0.0,0,1,24.444444,2
19923,4,4,1,1,23.68,0.0,62.75,3.3,0.24,5.17,0.0,0,1,24.444444,2
19924,4,5,1,1,23.64,0.0,64.48,3.2,0.24,5.05,0.0,0,1,24.444444,2
19925,4,6,1,1,23.8,0.0,64.36,8.2,2.16,10.14,0.0,0,1,24.444444,2
19926,4,7,1,1,23.7,0.0,65.25,3.3,5.04,5.43,21.7395,0,1,24.444444,2
19927,4,8,1,1,23.66,0.0,66.37,4.0,2.4,5.74,82.2819,0,1,24.444444,2
19928,4,9,1,1,23.66,0.0,66.7,3.7,7.68,6.33,100.102,0,1,24.444444,2
19929,4,10,1,1,23.79,0.0,65.4,4.9,4.32,12.22,346.737,0,1,24.444444,2
19930,4,11,1,1,23.97,0.0,63.02,8.0,4.8,20.85,532.411,0,1,24.444444,2
19931,4,12,1,1,24.01,0.0,61.97,4.9,4.44,18.01,411.64,0,1,24.444444,2
19932,4,13,1,1,24.02,0.0,61.11,4.8,5.76,18.7,280.18,0,1,24.444444,2
19933,4,14,1,1,24.07,0.0,58.47,11.9,3.12,31.85,312.605,0,1,24.444444,2
19934,4,15,1,1,24.06,0.0,57.03,3.7,5.64,23.57,502.628,0,1,24.444444,2
19935,4,16,1,1,24.07,0.0,56.55,4.2,4.32,26.35,413.994,0,1,24.444444,2
19936,4,17,1,1,24.07,0.0,56.75,4.7,5.88,26.87,280.713,0,1,24.444444,2
19937,4,18,1,1,24.07,0.0,56.37,11.2,5.28,33.27,95.7222,0,1,24.444444,2
19938,4,19,1,1,24.07,0.0,56.86,6.9,8.4,22.46,0.62654,0,1,24.444444,2
19939,4,20,1,1,24.07,0.0,57.87,7.5,4.44,21.64,0.0,0,1,24.444444,2
19940,4,21,1,1,24.07,0.0,58.98,6.2,4.08,18.07,0.0,0,1,24.444444,2
19941,4,22,1,1,24.07,0.0,60.06,6.7,4.56,17.13,0.0,0,1,24.444444,2
19942,4,23,1,1,24.05,0.0,61.62,4.2,0.72,12.67,0.0,0,1,24.444444,2
19943,4,24,1,1,24.04,0.0,63.53,4.7,0.72,12.86,0.0,0,1,24.444444,2
19944,4,1,2,1,24.0,0.0,65.37,3.8,0.48,10.64,0.0,0,1,24.444444,2
19945,4,2,2,1,23.96,0.0,67.3,3.6,0.24,9.73,0.0,0,1,24.444444,2
19946,4,3,2,1,23.91,0.0,69.27,3.3,0.48,9.05,0.0,0,1,24.444444,2
19947,4,4,2,1,23.89,0.0,71.06,3.7,0.72,9.32,0.0,0,1,24.444444,2
19948,4,5,2,1,23.85,0.0,72.53,3.2,0.48,8.64,0.0,0,1,24.444444,2
19949,4,6,2,1,23.78,0.0,73.22,3.8,5.88,7.07,0.0,0,1,24.444444,2
19950,4,7,2,1,23.67,0.0,72.51,3.7,7.92,5.41,0.0,0,1,24.444444,2
19951,4,8,2,1,23.63,0.0,71.37,4.0,6.0,5.09,44.1412,0,1,24.444444,2
19952,4,9,2,1,23.66,0.0,70.37,4.1,3.84,6.35,166.164,0,1,24.444444,2
19953,4,10,2,1,23.81,0.0,68.12,7.3,6.96,11.97,282.693,0,1,24.444444,2
19954,4,11,2,1,23.86,0.0,66.42,4.9,5.16,10.95,242.276,0,1,24.444444,2
19955,4,12,2,1,23.91,0.0,64.85,4.1,4.2,14.16,521.276,0,1,24.444444,2
19956,4,13,2,1,24.03,0.0,62.16,9.4,1.32,23.73,617.198,0,1,24.444444,2
19957,4,14,2,1,24.05,0.0,60.0,9.2,3.72,24.24,489.949,0,1,24.444444,2
19958,4,15,2,1,24.06,0.0,58.37,9.6,5.64,21.95,216.734,0,1,24.444444,2
19959,4,16,2,1,24.03,0.0,58.27,4.1,1.8,12.58,123.171,0,1,24.444444,2
19960,4,17,2,1,24.05,0.0,58.4,7.9,1.8,16.83,38.8044,0,1,24.444444,2
19961,4,18,2,1,24.07,0.0,58.48,8.8,2.64,17.97,11.2347,0,1,24.444444,2
19962,4,19,2,1,24.07,0.0,58.97,9.3,4.32,17.15,0.0,0,1,24.444444,2
19963,4,20,2,1,24.07,0.0,58.94,9.6,15.0,16.48,0.0,0,1,24.444444,2
19964,4,21,2,1,24.07,0.0,58.72,9.6,3.12,15.98,0.0,0,1,24.444444,2
19965,4,22,2,1,24.07,0.0,58.1,12.8,4.2,19.77,0.0,0,1,24.444444,2
19966,4,23,2,1,23.95,0.0,59.35,5.1,2.04,8.03,0.0,0,1,24.444444,2
19967,4,24,2,1,23.81,0.0,61.61,3.6,1.56,6.27,0.0,0,1,24.444444,2
19968,4,1,3,1,23.76,0.0,63.04,3.6,0.6,6.23,0.0,0,1,24.444444,2
19969,4,2,3,1,23.7,0.0,64.21,3.4,0.36,5.64,0.0,0,1,24.444444,2
19970,4,3,3,1,23.68,0.0,65.3,3.6,0.24,5.73,0.0,0,1,24.444444,2
19971,4,4,3,1,23.85,0.0,64.87,8.9,0.84,10.85,0.0,0,1,24.444444,2
19972,4,5,3,1,23.72,0.0,66.22,4.9,1.2,5.83,0.0,0,1,24.444444,2
19973,4,6,3,1,23.64,0.0,68.29,4.4,4.92,5.22,0.0,0,1,24.444444,2
19974,4,7,3,1,23.66,0.0,68.78,6.8,27.84,6.46,3.12804,0,1,24.444444,2
19975,4,8,3,1,23.51,0.0,69.18,5.5,7.44,3.61,10.5691,0,1,24.444444,2
19976,4,9,3,1,23.43,0.0,69.37,5.0,9.12,3.37,50.9642,0,1,24.444444,2
19977,4,10,3,1,23.46,0.0,68.82,3.7,0.84,3.93,237.696,0,1,24.444444,2
19978,4,11,3,1,23.55,0.0,67.28,3.3,3.12,6.47,461.072,0,1,24.444444,2
19979,4,12,3,1,23.64,0.0,65.62,3.9,1.32,8.34,525.976,0,1,24.444444,2
19980,4,13,3,1,23.87,0.0,62.33,9.2,3.24,14.27,320.13,0,1,24.444444,2
19981,4,14,3,1,23.99,0.0,59.59,9.9,0.72,17.65,437.669,0,1,24.444444,2
19982,4,15,3,1,24.02,0.0,58.32,9.1,4.92,16.88,227.183,0,1,24.444444,2
19983,4,16,3,1,24.04,0.0,57.47,8.6,1.92,17.43,243.858,0,1,24.444444,2
19984,4,17,3,1,24.06,0.0,56.93,9.8,1.92,18.7,126.886,0,1,24.444444,2
19985,4,18,3,1,24.06,0.0,57.02,8.6,2.16,16.89,37.9042,0,1,24.444444,2
19986,4,19,3,1,24.05,0.0,57.99,6.4,2.16,13.1,0.0,0,1,24.444444,2
19987,4,20,3,1,24.05,0.0,58.72,7.8,3.24,14.67,0.0,0,1,24.444444,2
19988,4,21,3,1,24.07,0.0,57.79,15.1,6.36,25.36,0.0,0,1,24.444444,2
19989,4,22,3,1,24.03,0.0,58.67,6.0,0.84,11.01,0.0,0,1,24.444444,2
19990,4,23,3,1,24.01,0.0,61.05,6.8,0.96,11.2,0.0,0,1,24.444444,2
19991,4,24,3,1,23.9,0.0,63.56,4.1,0.36,8.03,0.0,0,1,24.444444,2
19992,4,1,4,1,23.87,0.0,65.53,4.2,0.84,8.15,0.0,0,1,24.444444,2
19993,4,2,4,1,23.92,0.0,66.06,7.0,0.36,10.58,0.0,0,1,24.444444,2
19994,4,3,4,1,23.78,0.0,67.51,3.8,0.24,6.39,0.0,0,1,24.444444,2
19995,4,4,4,1,23.71,0.0,69.25,3.8,2.04,5.96,0.0,0,1,24.444444,2
19996,4,5,4,1,23.66,0.0,70.3,3.7,1.32,5.57,0.0,0,1,24.444444,2
19997,4,6,4,1,23.62,0.0,70.72,3.8,6.6,4.95,0.0,0,1,24.444444,2
19998,4,7,4,1,23.72,0.0,69.17,7.6,12.84,8.71,31.911,0,1,24.444444,2
19999,4,8,4,1,23.79,0.0,67.11,8.5,11.28,9.96,114.431,0,1,24.444444,2
20000,4,9,4,1,23.82,0.0,65.34,6.5,3.96,10.77,244.823,0,1,24.444444,2
20001,4,10,4,1,23.92,0.0,62.86,8.5,11.64,16.92,398.191,0,1,24.444444,2
20002,4,11,4,1,24.0,0.0,60.62,8.9,2.52,19.04,664.554,0,1,24.444444,2
20003,4,12,4,1,24.04,0.0,58.98,8.6,1.2,20.21,727.494,0,1,24.444444,2
20004,4,13,4,1,24.06,0.0,57.23,8.6,0.84,23.55,639.405,0,1,24.444444,2
20005,4,14,4,1,24.07,0.0,54.56,10.0,3.48,28.81,477.498,0,1,24.444444,2
20006,4,15,4,1,24.07,0.0,52.42,9.3,2.52,30.47,610.517,0,1,24.444444,2
20007,4,16,4,1,24.07,0.0,51.6,7.8,1.44,29.79,507.372,0,1,24.444444,2
20008,4,17,4,1,24.07,0.0,51.24,8.0,5.52,29.41,327.101,0,1,24.444444,2
20009,4,18,4,1,24.07,0.0,51.02,9.6,3.48,28.75,122.128,0,1,24.444444,2
20010,4,19,4,1,24.07,0.0,51.04,11.4,6.0,25.98,3.82234,0,1,24.444444,2
20011,4,20,4,1,24.07,0.0,51.83,9.1,10.2,20.98,0.0,0,1,24.444444,2
20012,4,21,4,1,24.07,0.0,52.9,11.0,6.48,22.88,0.0,0,1,24.444444,2
20013,4,22,4,1,24.07,0.0,53.86,8.7,1.44,18.18,0.0,0,1,24.444444,2
20014,4,23,4,1,24.07,0.0,54.33,12.4,5.04,21.44,0.0,0,1,24.444444,2
20015,4,24,4,1,24.07,0.0,55.07,9.8,0.48,16.14,0.0,0,1,24.444444,2
20016,4,1,5,1,23.96,0.0,57.47,3.6,0.72,8.04,0.0,0,1,24.444444,2
20017,4,2,5,1,24.03,0.0,58.66,9.1,0.6,13.96,0.0,0,1,24.444444,2
20018,4,3,5,1,24.03,0.0,59.21,9.5,0.36,13.73,0.0,0,1,24.444444,2
20019,4,4,5,1,23.82,0.0,62.09,2.9,0.84,5.81,0.0,0,1,24.444444,2
20020,4,5,5,1,23.75,0.0,64.93,3.4,2.16,6.28,0.0,0,1,24.444444,2
20021,4,6,5,1,23.93,0.0,64.61,9.1,5.16,13.36,0.0,0,1,24.444444,2
20022,4,7,5,1,23.97,0.0,63.13,8.2,25.8,16.52,49.7707,0,1,24.444444,2
20023,4,8,5,1,24.0,0.0,61.65,9.4,7.92,16.96,132.071,0,1,24.444444,2
20024,4,9,5,1,24.01,0.0,60.37,9.3,7.44,16.48,224.274,0,1,24.444444,2
20025,4,10,5,1,24.02,0.0,59.7,8.7,6.6,15.48,244.064,0,1,24.444444,2
20026,4,11,5,1,24.02,0.0,59.3,8.4,0.84,14.63,183.59,0,1,24.444444,2
20027,4,12,5,1,24.02,0.0,58.91,8.3,0.96,14.85,154.2,0,1,24.444444,2
20028,4,13,5,1,24.04,0.0,58.04,9.0,2.64,18.05,261.961,0,1,24.444444,2
20029,4,14,5,1,24.05,0.0,56.36,9.7,3.96,19.88,254.752,0,1,24.444444,2
20030,4,15,5,1,24.05,0.0,55.55,9.6,5.76,17.47,125.859,0,1,24.444444,2
20031,4,16,5,1,24.05,0.0,55.98,7.9,2.04,13.89,64.7296,0,1,24.444444,2
20032,4,17,5,1,24.05,0.0,56.15,9.7,2.4,17.59,73.3175,0,1,24.444444,2
20033,4,18,5,1,24.05,0.0,55.94,8.9,6.36,19.0,118.667,0,1,24.444444,2
20034,4,19,5,1,24.05,0.0,55.97,10.0,4.2,16.71,3.79602,0,1,24.444444,2
20035,4,20,5,1,24.05,0.0,56.57,10.3,13.56,15.3,0.0,0,1,24.444444,2
20036,4,21,5,1,24.05,0.0,57.15,9.7,5.04,14.26,0.0,0,1,24.444444,2
20037,4,22,5,1,24.07,0.0,56.65,14.0,2.4,19.88,0.0,0,1,24.444444,2
20038,4,23,5,1,23.94,0.0,58.22,5.1,1.32,7.85,0.0,0,1,24.444444,2
20039,4,24,5,1,24.01,0.0,59.16,9.9,0.6,13.15,0.0,0,1,24.444444,2
20040,4,1,6,1,23.85,0.0,60.68,4.0,2.28,6.34,0.0,0,1,24.444444,2
20041,4,2,6,1,23.91,0.0,61.37,7.9,0.24,9.7,0.0,0,1,24.444444,2
20042,4,3,6,1,23.75,0.0,62.9,3.4,0.84,5.25,0.0,0,1,24.444444,2
20043,4,4,6,1,23.85,0.0,63.13,7.7,0.36,9.36,0.0,0,1,24.444444,2
20044,4,5,6,1,23.71,0.0,64.38,3.6,1.44,5.11,0.0,0,1,24.444444,2
20045,4,6,6,1,23.79,0.0,64.93,7.5,13.68,9.2,0.0,0,1,24.444444,2
20046,4,7,6,1,23.85,0.0,64.27,7.6,14.04,10.56,35.7473,0,1,24.444444,2
20047,4,8,6,1,23.85,0.0,63.67,8.5,5.4,9.34,34.9514,0,1,24.444444,2
20048,4,9,6,1,23.87,0.0,63.14,8.3,1.2,9.7,120.067,0,1,24.444444,2
20049,4,10,6,1,23.85,0.0,63.33,6.5,7.08,8.47,161.449,0,1,24.444444,2
20050,4,11,6,1,23.94,0.0,62.06,10.1,4.44,13.03,167.676,0,1,24.444444,2
20051,4,12,6,1,23.96,0.0,60.45,8.6,1.92,12.78,218.227,0,1,24.444444,2
20052,4,13,6,1,24.01,0.0,59.12,9.7,1.8,16.32,265.834,0,1,24.444444,2
20053,4,14,6,1,24.02,0.0,57.62,10.0,3.12,16.14,223.551,0,1,24.444444,2
20054,4,15,6,1,24.02,0.0,56.92,9.5,5.04,14.54,143.65,0,1,24.444444,2
20055,4,16,6,1,24.03,0.0,56.53,9.8,8.04,14.58,77.7451,0,1,24.444444,2
20056,4,17,6,1,24.02,0.0,56.7,8.3,2.28,13.51,90.5296,0,1,24.444444,2
20057,4,18,6,1,24.03,0.0,56.9,8.7,2.28,16.4,85.0639,0,1,24.444444,2
20058,4,19,6,1,24.03,0.0,57.34,7.9,9.96,13.42,3.23104,0,1,24.444444,2
20059,4,20,6,1,24.03,0.0,57.79,8.7,4.2,13.69,0.0,0,1,24.444444,2
20060,4,21,6,1,24.04,0.0,57.82,10.4,3.48,15.88,0.0,0,1,24.444444,2
20061,4,22,6,1,24.05,0.0,57.26,11.4,1.56,16.78,0.0,0,1,24.444444,2
20062,4,23,6,1,23.96,0.0,58.19,4.9,1.2,8.35,0.0,0,1,24.444444,2
20063,4,24,6,1,23.91,0.0,59.52,5.0,0.36,8.24,0.0,0,1,24.444444,2
20064,4,1,7,1,23.82,0.0,60.74,3.8,0.48,6.58,0.0,0,1,24.444444,2
20065,4,2,7,1,23.75,0.0,61.71,3.5,0.36,5.88,0.0,0,1,24.444444,2
20066,4,3,7,1,23.71,0.0,62.67,3.7,0.6,5.72,0.0,0,1,24.444444,2
20067,4,4,7,1,23.68,0.0,63.57,3.5,0.72,5.51,0.0,0,1,24.444444,2
20068,4,5,7,1,23.68,0.0,64.16,4.0,1.08,6.24,0.0,0,1,24.444444,2
20069,4,6,7,1,23.68,0.0,64.54,3.7,3.96,6.67,0.0,0,1,24.444444,2
20070,4,7,7,1,23.72,0.0,63.97,3.0,5.76,7.59,58.3108,0,1,24.444444,2
20071,4,8,7,1,23.81,0.0,62.39,6.2,9.96,10.86,148.304,0,1,24.444444,2
20072,4,9,7,1,23.81,0.0,61.44,3.8,15.72,8.92,221.194,0,1,24.444444,2
20073,4,10,7,1,23.84,0.0,60.67,4.7,7.44,10.49,183.229,0,1,24.444444,2
20074,4,11,7,1,23.89,0.0,59.58,4.5,7.32,12.42,353.434,0,1,24.444444,2
20075,4,12,7,1,23.96,0.0,57.98,6.1,14.64,14.29,250.775,0,1,24.444444,2
20076,4,13,7,1,23.98,0.0,56.89,5.2,10.32,13.07,222.606,0,1,24.444444,2
20077,4,14,7,1,24.04,0.0,55.58,10.5,9.24,20.98,240.996,0,1,24.444444,2
20078,4,15,7,1,24.01,0.0,55.02,4.2,5.52,13.64,302.8,0,1,24.444444,2
20079,4,16,7,1,24.0,0.0,55.51,4.0,13.92,12.98,204.858,0,1,24.444444,2
20080,4,17,7,1,24.0,0.0,56.26,4.0,2.28,13.4,124.23,0,1,24.444444,2
20081,4,18,7,1,24.02,0.0,56.73,4.8,9.24,15.99,111.703,0,1,24.444444,2
20082,4,19,7,1,24.03,0.0,56.9,6.6,6.48,14.52,4.04504,0,1,24.444444,2
20083,4,20,7,1,23.99,0.0,57.61,4.3,2.28,10.14,0.0,0,1,24.444444,2
20084,4,21,7,1,24.03,0.0,57.8,8.3,1.68,14.64,0.0,0,1,24.444444,2
20085,4,22,7,1,24.02,0.0,57.65,7.9,3.72,12.93,0.0,0,1,24.444444,2
20086,4,23,7,1,23.98,0.0,58.4,5.9,1.8,9.38,0.0,0,1,24.444444,2
20087,4,24,7,1,23.85,0.0,59.98,3.7,4.08,6.48,0.0,0,1,24.444444,2
20088,4,1,1,1,23.8,0.0,61.02,4.8,0.72,6.86,0.0,0,1,24.444444,2
20089,4,2,1,1,23.72,0.0,62.54,3.4,0.6,5.24,0.0,0,1,24.444444,2
20090,4,3,1,1,23.67,0.0,64.03,3.7,1.68,5.17,0.0,0,1,24.444444,2
20091,4,4,1,1,23.62,0.0,65.43,3.4,0.48,4.61,0.0,0,1,24.444444,2
20092,4,5,1,1,23.59,0.0,66.74,3.8,0.6,4.6,0.0,0,1,24.444444,2
20093,4,6,1,1,23.73,0.0,66.06,7.9,3.6,9.66,0.0,0,1,24.444444,2
20094,4,7,1,1,23.76,0.0,65.43,3.4,4.32,8.88,52.5812,0,1,24.444444,2
20095,4,8,1,1,23.78,0.0,64.16,5.1,6.84,13.85,187.291,0,1,24.444444,2
20096,4,9,1,1,23.85,0.0,61.21,5.7,11.52,17.09,351.286,0,1,24.444444,2
20097,4,10,1,1,23.91,0.0,58.46,4.9,4.08,17.92,516.593,0,1,24.444444,2
20098,4,11,1,1,23.97,0.0,55.8,4.0,3.0,17.37,626.822,0,1,24.444444,2
20099,4,12,1,1,24.02,0.0,53.17,4.8,3.6,18.68,694.944,0,1,24.444444,2
20100,4,13,1,1,24.05,0.0,51.22,4.4,3.6,18.53,774.286,0,1,24.444444,2
20101,4,14,1,1,24.07,0.0,49.17,8.6,8.16,27.5,734.482,0,1,24.444444,2
20102,4,15,1,1,24.07,0.0,47.25,4.1,3.48,23.98,626.715,0,1,24.444444,2
20103,4,16,1,1,24.07,0.0,46.41,5.3,4.56,25.04,435.468,0,1,24.444444,2
20104,4,17,1,1,24.08,0.0,46.07,3.9,6.24,21.44,237.866,0,1,24.444444,2
20105,4,18,1,1,24.07,0.0,46.1,8.8,10.92,25.26,90.1323,0,1,24.444444,2
20106,4,19,1,1,24.08,0.0,46.52,6.6,8.88,18.71,3.20671,0,1,24.444444,2
20107,4,20,1,1,24.08,0.0,47.38,6.4,8.52,16.43,0.0,0,1,24.444444,2
20108,4,21,1,1,24.07,0.0,48.59,5.4,5.64,13.63,0.0,0,1,24.444444,2
20109,4,22,1,1,24.06,0.0,50.52,5.1,3.24,11.84,0.0,0,1,24.444444,2
20110,4,23,1,1,24.02,0.0,53.21,4.2,0.96,9.91,0.0,0,1,24.444444,2
20111,4,24,1,1,23.97,0.0,55.99,3.8,0.72,8.8,0.0,0,1,24.444444,2
20112,4,1,2,1,23.89,0.0,58.8,3.0,0.48,7.44,0.0,0,1,24.444444,2
20113,4,2,2,1,23.83,0.0,61.31,3.4,0.72,7.06,0.0,0,1,24.444444,2
20114,4,3,2,1,23.76,0.0,63.34,3.4,0.24,6.34,0.0,0,1,24.444444,2
20115,4,4,2,1,23.72,0.0,64.93,3.5,0.72,6.0,0.0,0,1,24.444444,2
20116,4,5,2,1,23.7,0.0,66.01,3.9,1.32,6.3,0.0,0,1,24.444444,2
20117,4,6,2,1,23.69,0.0,66.69,3.6,5.04,6.77,0.0,0,1,24.444444,2
20118,4,7,2,1,23.78,0.0,65.64,4.2,8.28,11.98,52.8829,0,1,24.444444,2
20119,4,8,2,1,23.81,0.0,63.49,5.0,10.2,15.21,184.526,0,1,24.444444,2
20120,4,9,2,1,23.86,0.0,61.04,4.6,4.56,18.11,376.721,0,1,24.444444,2
20121,4,10,2,1,23.94,0.0,58.77,4.9,1.92,20.06,548.6,0,1,24.444444,2
20122,4,11,2,1,24.0,0.0,57.08,4.2,1.68,19.54,602.44,0,1,24.444444,2
20123,4,12,2,1,24.03,0.0,55.84,3.9,1.8,20.3,598.484,0,1,24.444444,2
20124,4,13,2,1,24.07,0.0,53.68,9.0,8.64,29.21,620.745,0,1,24.444444,2
20125,4,14,2,1,24.07,0.0,51.94,10.9,2.4,33.17,523.751,0,1,24.444444,2
20126,4,15,2,1,24.07,0.0,50.74,9.2,4.2,31.51,485.249,0,1,24.444444,2
20127,4,16,2,1,24.07,0.0,51.03,5.2,5.64,24.89,303.575,0,1,24.444444,2
20128,4,17,2,1,24.07,0.0,52.34,3.5,3.84,21.33,182.21,0,1,24.444444,2
20129,4,18,2,1,24.07,0.0,52.66,11.0,2.88,30.28,71.8621,0,1,24.444444,2
20130,4,19,2,1,24.07,0.0,52.75,9.2,2.4,24.61,1.35531,0,1,24.444444,2
20131,4,20,2,1,24.07,0.0,52.85,11.3,12.0,25.66,0.0,0,1,24.444444,2
20132,4,21,2,1,24.07,0.0,53.39,9.0,5.04,21.08,0.0,0,1,24.444444,2
20133,4,22,2,1,24.07,0.0,53.74,13.2,4.56,25.78,0.0,0,1,24.444444,2
20134,4,23,2,1,24.07,0.0,55.27,6.3,0.84,14.31,0.0,0,1,24.444444,2
20135,4,24,2,1,24.07,0.0,57.66,7.6,1.32,15.08,0.0,0,1,24.444444,2
20136,4,1,3,1,23.98,0.0,60.22,3.2,0.6,8.66,0.0,0,1,24.444444,2
20137,4,2,3,1,23.9,0.0,62.35,3.2,0.24,7.95,0.0,0,1,24.444444,2
20138,4,3,3,1,23.85,0.0,63.59,3.5,0.36,7.61,0.0,0,1,24.444444,2
20139,4,4,3,1,23.92,0.0,63.55,6.6,1.68,10.25,0.0,0,1,24.444444,2
20140,4,5,3,1,23.84,0.0,64.26,4.5,2.52,7.43,0.0,0,1,24.444444,2
20141,4,6,3,1,23.83,0.0,65.03,5.0,4.68,8.9,0.0,0,1,24.444444,2
20142,4,7,3,1,23.85,0.0,64.73,4.0,18.84,13.25,60.5366,0,1,24.444444,2
20143,4,8,3,1,23.88,0.0,63.33,5.0,6.96,17.54,200.36,0,1,24.444444,2
20144,4,9,3,1,23.94,0.0,61.73,5.2,5.04,19.25,351.403,0,1,24.444444,2
20145,4,10,3,1,23.98,0.0,60.65,3.9,5.28,18.74,442.513,0,1,24.444444,2
20146,4,11,3,1,24.01,0.0,59.28,4.0,1.2,19.64,538.931,0,1,24.444444,2
20147,4,12,3,1,24.04,0.0,58.16,5.7,1.2,23.8,514.916,0,1,24.444444,2
20148,4,13,3,1,24.07,0.0,56.57,9.4,1.68,31.24,605.441,0,1,24.444444,2
20149,4,14,3,1,24.07,0.0,54.96,10.1,3.48,34.15,716.722,0,1,24.444444,2
20150,4,15,3,1,24.07,0.0,53.48,9.0,8.04,34.91,656.096,0,1,24.444444,2
20151,4,16,3,1,24.07,0.0,51.99,7.9,1.32,34.69,512.532,0,1,24.444444,2
20152,4,17,3,1,24.07,0.0,51.24,9.1,2.04,34.51,280.921,0,1,24.444444,2
20153,4,18,3,1,24.07,0.0,50.53,8.6,5.16,30.54,116.305,0,1,24.444444,2
20154,4,19,3,1,24.07,0.0,51.24,5.7,3.84,21.18,5.28249,0,1,24.444444,2
20155,4,20,3,1,24.07,0.0,51.65,8.0,3.72,22.26,0.0,0,1,24.444444,2
20156,4,21,3,1,24.07,0.0,51.36,11.8,3.84,25.39,0.0,0,1,24.444444,2
20157,4,22,3,1,24.07,0.0,51.39,10.7,1.8,22.32,0.0,0,1,24.444444,2
20158,4,23,3,1,24.07,0.0,52.56,6.3,0.96,14.56,0.0,0,1,24.444444,2
20159,4,24,3,1,24.05,0.0,54.54,5.1,0.72,11.35,0.0,0,1,24.444444,2
20160,4,1,4,1,23.99,0.0,56.86,4.2,0.6,9.12,0.0,0,1,24.444444,2
20161,4,2,4,1,23.95,0.0,58.79,4.4,0.12,8.5,0.0,0,1,24.444444,2
20162,4,3,4,1,23.86,0.0,60.63,3.5,0.36,7.09,0.0,0,1,24.444444,2
20163,4,4,4,1,23.81,0.0,62.25,3.8,0.6,6.91,0.0,0,1,24.444444,2
20164,4,5,4,1,23.75,0.0,64.04,3.4,1.68,6.1,0.0,0,1,24.444444,2
20165,4,6,4,1,23.73,0.0,65.37,3.6,7.68,6.75,0.0,0,1,24.444444,2
20166,4,7,4,1,23.99,0.0,62.55,12.9,23.4,23.45,51.9591,0,1,24.444444,2
20167,4,8,4,1,24.02,0.0,60.56,9.7,8.16,20.37,179.679,0,1,24.444444,2
20168,4,9,4,1,24.04,0.0,58.99,10.4,2.52,23.36,295.238,0,1,24.444444,2
20169,4,10,4,1,24.05,0.0,57.73,8.4,6.36,23.62,401.608,0,1,24.444444,2
20170,4,11,4,1,24.07,0.0,56.1,9.4,2.04,27.1,554.211,0,1,24.444444,2
20171,4,12,4,1,24.07,0.0,54.78,8.6,2.64,26.61,488.344,0,1,24.444444,2
20172,4,13,4,1,24.07,0.0,52.99,9.2,3.0,27.9,399.672,0,1,24.444444,2
20173,4,14,4,1,24.07,0.0,50.72,9.9,3.24,29.33,408.333,0,1,24.444444,2
20174,4,15,4,1,24.07,0.0,50.12,9.4,1.08,28.02,295.493,0,1,24.444444,2
20175,4,16,4,1,24.07,0.0,50.87,7.7,3.24,28.93,387.773,0,1,24.444444,2
20176,4,17,4,1,24.07,0.0,51.47,7.4,2.52,30.08,285.97,0,1,24.444444,2
20177,4,18,4,1,24.07,0.0,51.83,9.2,6.48,30.38,119.711,0,1,24.444444,2
20178,4,19,4,1,24.08,0.0,52.56,9.5,9.84,24.27,5.25479,0,1,24.444444,2
20179,4,20,4,1,24.07,0.0,53.44,8.8,8.64,20.99,0.0,0,1,24.444444,2
20180,4,21,4,1,24.07,0.0,54.1,10.3,5.64,20.84,0.0,0,1,24.444444,2
20181,4,22,4,1,24.06,0.0,56.15,6.9,0.96,13.53,0.0,0,1,24.444444,2
20182,4,23,4,1,24.07,0.0,58.01,10.0,0.84,16.85,0.0,0,1,24.444444,2
20183,4,24,4,1,24.04,0.0,59.42,7.6,0.0,12.08,0.0,0,1,24.444444,2
20184,4,1,5,1,23.91,0.0,61.66,4.1,0.6,6.98,0.0,0,1,24.444444,2
20185,4,2,5,1,23.97,0.0,62.61,8.8,0.12,11.13,0.0,0,1,24.444444,2
20186,4,3,5,1,23.98,0.0,62.74,9.5,0.72,11.27,0.0,0,1,24.444444,2
20187,4,4,5,1,23.91,0.0,63.71,7.4,1.2,8.4,0.0,0,1,24.444444,2
20188,4,5,5,1,23.74,0.0,66.14,3.9,1.92,5.08,0.0,0,1,24.444444,2
20189,4,6,5,1,23.87,0.0,66.56,8.9,4.44,11.26,0.0,0,1,24.444444,2
20190,4,7,5,1,23.9,0.0,65.1,8.3,28.56,13.37,41.1636,0,1,24.444444,2
20191,4,8,5,1,23.9,0.0,63.58,8.7,9.0,11.06,126.121,0,1,24.444444,2
20192,4,9,5,1,23.94,0.0,61.64,9.5,11.4,14.7,254.242,0,1,24.444444,2
20193,4,10,5,1,23.98,0.0,59.73,9.1,3.24,19.35,530.213,0,1,24.444444,2
20194,4,11,5,1,24.01,0.0,58.2,8.1,6.24,18.15,674.404,0,1,24.444444,2
20195,4,12,5,1,24.04,0.0,57.32,8.1,2.88,19.41,735.783,0,1,24.444444,2
20196,4,13,5,1,24.07,0.0,56.0,9.3,1.92,24.02,745.944,0,1,24.444444,2
20197,4,14,5,1,24.07,0.0,53.88,9.8,1.08,29.66,702.381,0,1,24.444444,2
20198,4,15,5,1,24.07,0.0,51.88,8.6,2.52,32.25,628.668,0,1,24.444444,2
20199,4,16,5,1,24.07,0.0,50.78,7.8,1.68,33.94,501.715,0,1,24.444444,2
20200,4,17,5,1,24.07,0.0,49.8,8.8,1.32,36.34,329.613,0,1,24.444444,2
20201,4,18,5,1,24.07,0.0,49.52,7.9,2.52,32.67,131.45,0,1,24.444444,2
20202,4,19,5,1,24.07,0.0,50.08,9.1,4.2,28.15,6.02097,0,1,24.444444,2
20203,4,20,5,1,24.07,0.0,50.31,10.2,4.08,26.97,0.0,0,1,24.444444,2
20204,4,21,5,1,24.07,0.0,50.83,9.8,6.48,25.27,0.0,0,1,24.444444,2
20205,4,22,5,1,24.08,0.0,50.19,19.5,1.32,37.06,0.0,0,1,24.444444,2
20206,4,23,5,1,24.07,0.0,50.02,5.1,1.32,14.83,0.0,0,1,24.444444,2
20207,4,24,5,1,24.07,0.0,50.64,10.0,0.72,19.63,0.0,0,1,24.444444,2
20208,4,1,6,1,24.04,0.0,51.3,3.9,0.12,9.92,0.0,0,1,24.444444,2
20209,4,2,6,1,24.05,0.0,51.97,7.9,1.32,13.36,0.0,0,1,24.444444,2
20210,4,3,6,1,23.94,0.0,52.72,3.8,0.24,7.15,0.0,0,1,24.444444,2
20211,4,4,6,1,23.97,0.0,52.85,7.8,2.88,9.62,0.0,0,1,24.444444,2
20212,4,5,6,1,23.78,0.0,54.0,3.4,1.32,4.83,0.0,0,1,24.444444,2
20213,4,6,6,1,23.86,0.0,54.21,7.6,9.36,9.51,0.0,0,1,24.444444,2
20214,4,7,6,1,23.95,0.0,53.21,8.9,11.64,17.66,48.2071,0,1,24.444444,2
20215,4,8,6,1,23.98,0.0,51.47,8.4,3.24,19.98,209.757,0,1,24.444444,2
20216,4,9,6,1,24.0,0.0,50.02,8.7,6.48,21.5,410.8,0,1,24.444444,2
20217,4,10,6,1,24.01,0.0,49.45,6.8,5.4,19.73,575.586,0,1,24.444444,2
20218,4,11,6,1,24.05,0.0,48.26,9.7,1.32,22.92,694.229,0,1,24.444444,2
20219,4,12,6,1,24.07,0.0,46.61,10.0,3.0,23.36,734.826,0,1,24.444444,2
20220,4,13,6,1,24.07,0.0,44.87,9.4,0.96,24.07,767.164,0,1,24.444444,2
20221,4,14,6,1,24.07,0.0,43.48,10.3,0.96,28.72,726.446,0,1,24.444444,2
20222,4,15,6,1,24.07,0.0,42.54,10.3,3.0,32.85,647.886,0,1,24.444444,2
20223,4,16,6,1,24.08,0.0,41.72,8.5,5.76,33.27,517.639,0,1,24.444444,2
20224,4,17,6,1,24.08,0.0,41.38,8.8,5.52,34.43,344.357,0,1,24.444444,2
20225,4,18,6,1,24.08,0.0,41.46,8.5,1.8,31.71,139.111,0,1,24.444444,2
20226,4,19,6,1,24.08,0.0,41.74,9.6,2.4,26.39,6.12675,0,1,24.444444,2
20227,4,20,6,1,24.08,0.0,42.12,9.4,5.52,23.62,0.0,0,1,24.444444,2
20228,4,21,6,1,24.08,0.0,42.35,12.2,4.92,25.52,0.0,0,1,24.444444,2
20229,4,22,6,1,24.07,0.0,42.45,17.1,1.32,29.2,0.0,0,1,24.444444,2
20230,4,23,6,1,24.07,0.0,43.97,5.4,0.72,13.28,0.0,0,1,24.444444,2
20231,4,24,6,1,24.06,0.0,46.7,4.8,0.36,10.83,0.0,0,1,24.444444,2
20232,4,1,7,1,23.97,0.0,49.49,3.3,0.84,7.55,0.0,0,1,24.444444,2
20233,4,2,7,1,23.86,0.0,52.15,3.3,0.6,6.32,0.0,0,1,24.444444,2
20234,4,3,7,1,23.78,0.0,53.9,3.7,0.96,5.65,0.0,0,1,24.444444,2
20235,4,4,7,1,23.71,0.0,55.2,3.7,0.36,5.17,0.0,0,1,24.444444,2
20236,4,5,7,1,23.62,0.0,56.16,3.5,0.24,3.88,0.0,0,1,24.444444,2
20237,4,6,7,1,23.59,0.0,56.59,3.9,10.68,4.49,0.0,0,1,24.444444,2
20238,4,7,7,1,23.74,0.0,56.18,3.6,9.36,11.94,50.2867,0,1,24.444444,2
20239,4,8,7,1,23.82,0.0,55.02,5.2,3.84,18.44,208.245,0,1,24.444444,2
20240,4,9,7,1,23.89,0.0,52.75,5.3,9.6,18.82,382.43,0,1,24.444444,2
20241,4,10,7,1,23.95,0.0,50.58,5.0,8.16,18.45,546.364,0,1,24.444444,2
20242,4,11,7,1,24.0,0.0,48.95,3.8,4.8,17.28,632.265,0,1,24.444444,2
20243,4,12,7,1,24.04,0.0,48.04,4.1,8.04,17.95,741.628,0,1,24.444444,2
20244,4,13,7,1,24.06,0.0,47.06,4.2,6.48,19.31,774.403,0,1,24.444444,2
20245,4,14,7,1,24.07,0.0,45.25,10.0,8.28,30.06,730.824,0,1,24.444444,2
20246,4,15,7,1,24.07,0.0,44.01,4.1,3.6,26.1,648.702,0,1,24.444444,2
20247,4,16,7,1,24.08,0.0,43.32,3.4,12.96,26.72,509.685,0,1,24.444444,2
20248,4,17,7,1,24.08,0.0,43.55,3.9,3.6,24.91,266.241,0,1,24.444444,2
20249,4,18,7,1,24.08,0.0,44.45,4.1,11.28,22.2,95.2963,0,1,24.444444,2
20250,4,19,7,1,24.08,0.0,45.42,5.2,4.08,19.82,3.97701,0,1,24.444444,2
20251,4,20,7,1,24.07,0.0,46.24,6.6,6.36,19.57,0.0,0,1,24.444444,2
20252,4,21,7,1,24.07,0.0,47.15,5.6,5.28,17.13,0.0,0,1,24.444444,2
20253,4,22,7,1,24.07,0.0,48.56,4.9,2.4,14.31,0.0,0,1,24.444444,2
20254,4,23,7,1,24.07,0.0,50.24,5.6,1.92,13.15,0.0,0,1,24.444444,2
20255,4,24,7,1,24.03,0.0,52.11,4.1,1.08,10.01,0.0,0,1,24.444444,2
20256,4,1,1,1,24.01,0.0,53.57,4.7,3.48,9.6,0.0,0,1,24.444444,2
20257,4,2,1,1,23.93,0.0,54.92,3.5,0.72,7.47,0.0,0,1,24.444444,2
20258,4,3,1,1,23.92,0.0,56.08,5.2,0.72,8.15,0.0,0,1,24.444444,2
20259,4,4,1,1,23.81,0.0,57.62,3.6,0.36,5.96,0.0,0,1,24.444444,2
20260,4,5,1,1,23.71,0.0,59.5,3.2,0.96,4.97,0.0,0,1,24.444444,2
20261,4,6,1,1,23.72,0.0,60.61,4.0,5.4,6.81,0.0,0,1,24.444444,2
20262,4,7,1,1,23.79,0.0,60.26,3.3,3.84,12.83,53.7113,0,1,24.444444,2
20263,4,8,1,1,23.8,0.0,59.26,3.2,5.64,15.88,205.097,0,1,24.444444,2
20264,4,9,1,1,23.86,0.0,58.24,4.4,13.08,17.37,359.695,0,1,24.444444,2
20265,4,10,1,1,23.93,0.0,57.39,4.0,7.2,18.19,497.393,0,1,24.444444,2
20266,4,11,1,1,24.01,0.0,56.49,4.9,12.48,20.03,619.469,0,1,24.444444,2
20267,4,12,1,1,24.06,0.0,55.29,7.6,3.24,24.74,708.435,0,1,24.444444,2
20268,4,13,1,1,24.07,0.0,54.39,5.3,2.04,23.71,729.541,0,1,24.444444,2
20269,4,14,1,1,24.07,0.0,52.71,8.7,7.08,32.9,692.878,0,1,24.444444,2
20270,4,15,1,1,24.07,0.0,51.28,5.6,7.32,32.42,618.652,0,1,24.444444,2
20271,4,16,1,1,24.07,0.0,51.19,4.2,11.04,31.23,469.139,0,1,24.444444,2
20272,4,17,1,1,24.08,0.0,51.56,5.4,5.52,27.84,111.727,0,1,24.444444,2
20273,4,18,1,1,24.07,0.0,51.37,9.9,12.84,34.77,87.112,0,1,24.444444,2
20274,4,19,1,1,24.07,0.0,51.83,6.6,3.24,26.02,5.24019,0,1,24.444444,2
20275,4,20,1,1,24.07,0.0,52.28,12.3,4.56,31.77,0.0,0,1,24.444444,2
20276,4,21,1,1,24.07,0.0,52.8,10.2,2.16,27.31,0.0,0,1,24.444444,2
20277,4,22,1,1,24.07,0.0,53.92,9.7,5.16,24.62,0.0,0,1,24.444444,2
20278,4,23,1,1,24.07,0.0,56.43,3.9,0.96,14.67,0.0,0,1,24.444444,2
20279,4,24,1,1,24.06,0.0,59.54,3.7,1.08,13.36,0.0,0,1,24.444444,2
20280,4,1,2,1,24.03,0.0,62.38,3.2,4.08,11.34,0.0,0,1,24.444444,2
20281,4,2,2,1,23.98,0.0,64.65,3.2,0.36,10.08,0.0,0,1,24.444444,2
20282,4,3,2,1,23.95,0.0,66.16,3.3,0.36,9.45,0.0,0,1,24.444444,2
20283,4,4,2,1,23.91,0.0,67.67,3.2,0.6,8.92,0.0,0,1,24.444444,2
20284,4,5,2,1,23.87,0.0,69.44,3.2,0.96,8.51,0.0,0,1,24.444444,2
20285,4,6,2,1,23.86,0.0,70.45,3.5,8.88,10.29,0.0,0,1,24.444444,2
20286,4,7,2,1,23.92,0.0,69.34,4.5,7.32,19.09,58.3299,0,1,24.444444,2
20287,4,8,2,1,23.95,0.0,67.57,3.7,4.92,22.03,205.844,0,1,24.444444,2
20288,4,9,2,1,23.99,0.0,65.49,4.1,3.72,24.62,375.233,0,1,24.444444,2
20289,4,10,2,1,24.03,0.0,62.6,5.0,8.76,27.31,531.931,0,1,24.444444,2
20290,4,11,2,1,24.05,0.0,60.23,4.7,1.92,26.94,632.839,0,1,24.444444,2
20291,4,12,2,1,24.07,0.0,59.43,3.5,3.24,26.1,699.614,0,1,24.444444,2
20292,4,13,2,1,24.07,0.0,57.83,9.4,2.28,37.5,711.057,0,1,24.444444,2
20293,4,14,2,1,24.07,0.0,55.39,10.1,2.16,40.97,675.918,0,1,24.444444,2
20294,4,15,2,1,24.07,0.0,53.61,10.9,1.8,44.09,625.756,0,1,24.444444,2
20295,4,16,2,1,24.07,0.0,53.65,4.4,0.96,35.24,419.078,0,1,24.444444,2
20296,4,17,2,1,24.07,0.0,53.36,7.6,6.96,40.1,317.348,0,1,24.444444,2
20297,4,18,2,1,24.07,0.0,52.77,8.8,3.84,37.95,125.755,0,1,24.444444,2
20298,4,19,2,1,24.07,0.0,52.94,10.1,3.72,33.21,5.88633,0,1,24.444444,2
20299,4,20,2,1,24.07,0.0,53.5,9.1,7.68,29.31,0.0,0,1,24.444444,2
20300,4,21,2,1,24.07,0.0,54.03,10.1,6.24,28.78,0.0,0,1,24.444444,2
20301,4,22,2,1,24.07,0.0,54.2,12.6,1.92,30.27,0.0,0,1,24.444444,2
20302,4,23,2,1,24.07,0.0,55.74,5.6,0.48,18.52,0.0,0,1,24.444444,2
20303,4,24,2,1,24.07,0.0,58.73,4.5,0.48,15.72,0.0,0,1,24.444444,2
20304,4,1,3,1,24.05,0.0,61.6,3.2,5.16,12.92,0.0,0,1,24.444444,2
20305,4,2,3,1,24.04,0.0,64.18,3.4,0.36,13.05,0.0,0,1,24.444444,2
20306,4,3,3,1,24.03,0.0,66.46,3.5,0.0,12.96,0.0,0,1,24.444444,2
20307,4,4,3,1,24.02,0.0,68.22,3.8,1.8,13.26,0.0,0,1,24.444444,2
20308,4,5,3,1,24.02,0.0,69.59,4.3,1.56,13.89,0.0,0,1,24.444444,2
20309,4,6,3,1,24.01,0.0,70.64,3.6,4.56,13.4,0.0,0,1,24.444444,2
20310,4,7,3,1,24.04,0.0,69.92,6.8,15.84,21.35,57.3445,0,1,24.444444,2
20311,4,8,3,1,24.04,0.0,68.43,5.9,3.48,20.61,150.799,0,1,24.444444,2
20312,4,9,3,1,24.04,0.0,68.14,4.6,2.76,18.76,153.54,0,1,24.444444,2
20313,4,10,3,1,24.04,0.0,67.49,4.8,7.44,21.07,207.031,0,1,24.444444,2
20314,4,11,3,1,24.05,0.0,66.51,4.3,2.76,20.41,192.087,0,1,24.444444,2
20315,4,12,3,1,24.04,0.0,65.54,3.9,0.84,16.06,151.156,0,1,24.444444,2
20316,4,13,3,1,24.06,0.0,63.21,8.5,0.72,19.92,106.927,0,1,24.444444,2
20317,4,14,3,1,24.07,0.0,61.43,10.1,1.8,21.77,105.741,0,1,24.444444,2
20318,4,15,3,1,24.07,0.0,59.56,9.2,0.96,22.6,204.798,0,1,24.444444,2
20319,4,16,3,1,24.07,0.0,57.84,8.2,0.84,26.91,398.793,0,1,24.444444,2
20320,4,17,3,1,24.07,0.0,56.85,8.9,2.16,29.43,300.666,0,1,24.444444,2
20321,4,18,3,1,24.07,0.0,56.63,8.4,2.76,26.52,116.367,0,1,24.444444,2
20322,4,19,3,1,24.07,0.0,57.42,5.3,4.44,17.29,5.07652,0,1,24.444444,2
20323,4,20,3,1,24.07,0.0,58.47,7.5,5.04,18.87,0.0,0,1,24.444444,2
20324,4,21,3,1,24.07,0.0,58.9,9.4,6.72,21.07,0.0,0,1,24.444444,2
20325,4,22,3,1,24.07,0.0,59.91,7.0,2.28,16.89,0.0,0,1,24.444444,2
20326,4,23,3,1,24.06,0.0,62.19,6.1,0.96,15.85,0.0,0,1,24.444444,2
20327,4,24,3,1,24.05,0.0,65.48,4.6,1.08,13.8,0.0,0,1,24.444444,2
20328,4,1,4,1,24.06,0.0,67.18,7.6,0.48,18.83,0.0,0,1,24.444444,2
20329,4,2,4,1,24.06,0.0,68.13,7.6,0.72,19.19,0.0,0,1,24.444444,2
20330,4,3,4,1,24.02,0.0,70.87,3.3,0.24,12.36,0.0,0,1,24.444444,2
20331,4,4,4,1,24.0,0.0,74.25,3.0,0.36,12.37,0.0,0,1,24.444444,2
20332,4,5,4,1,23.99,0.0,76.64,3.1,1.8,12.94,0.0,0,1,24.444444,2
20333,4,6,4,1,23.99,0.0,77.87,3.4,0.96,14.64,0.0,0,1,24.444444,2
20334,4,7,4,1,24.03,0.0,75.9,7.6,19.2,26.02,61.0271,0,1,24.444444,2
20335,4,8,4,1,24.06,0.0,71.23,10.8,2.4,33.34,174.584,0,1,24.444444,2
20336,4,9,4,1,24.07,0.0,68.28,8.5,2.4,28.87,221.016,0,1,24.444444,2
20337,4,10,4,1,24.07,0.0,66.64,8.8,12.6,27.76,134.999,0,1,24.444444,2
20338,4,11,4,1,24.07,0.0,65.74,8.0,0.6,22.24,54.5361,0,1,24.444444,2
20339,4,12,4,1,24.07,0.0,64.55,8.8,2.64,21.32,209.923,0,1,24.444444,2
20340,4,13,4,1,24.07,0.0,63.18,9.2,0.6,23.76,299.904,0,1,24.444444,2
20341,4,14,4,1,24.07,0.0,61.68,9.8,4.32,29.25,381.6,0,1,24.444444,2
20342,4,15,4,1,24.07,0.0,60.55,9.3,0.84,29.5,325.135,0,1,24.444444,2
20343,4,16,4,1,24.07,0.0,60.03,8.4,3.48,27.62,246.874,0,1,24.444444,2
20344,4,17,4,1,24.07,0.0,60.69,8.8,7.92,26.37,92.9188,0,1,24.444444,2
20345,4,18,4,1,24.07,0.0,62.02,8.7,9.96,27.37,40.9171,0,1,24.444444,2
20346,4,19,4,1,24.07,0.0,62.52,12.7,9.96,33.04,0.0,0,1,24.444444,2
20347,4,20,4,1,24.07,0.0,62.61,9.1,7.2,24.61,0.0,0,1,24.444444,2
20348,4,21,4,1,24.07,0.0,62.34,11.0,2.4,26.45,0.0,0,1,24.444444,2
20349,4,22,4,1,24.07,0.0,62.77,7.3,3.36,18.85,0.0,0,1,24.444444,2
20350,4,23,4,1,24.07,0.0,62.3,12.2,0.48,26.18,0.0,0,1,24.444444,2
20351,4,24,4,1,24.07,0.0,61.75,9.5,0.48,20.14,0.0,0,1,24.444444,2
20352,4,1,5,1,24.03,0.0,63.94,4.0,0.36,11.15,0.0,0,1,24.444444,2
20353,4,2,5,1,24.06,0.0,65.4,8.5,0.36,17.58,0.0,0,1,24.444444,2
20354,4,3,5,1,24.06,0.0,65.68,8.9,2.4,17.89,0.0,0,1,24.444444,2
20355,4,4,5,1,24.0,0.0,67.77,4.2,1.44,10.44,0.0,0,1,24.444444,2
20356,4,5,5,1,23.97,0.0,70.96,3.9,2.28,10.76,0.0,0,1,24.444444,2
20357,4,6,5,1,24.04,0.0,71.13,9.0,11.52,21.08,0.0,0,1,24.444444,2
20358,4,7,5,1,24.05,0.0,69.41,8.8,19.92,24.01,59.0111,0,1,24.444444,2
20359,4,8,5,1,24.06,0.0,67.16,9.7,4.56,26.69,153.194,0,1,24.444444,2
20360,4,9,5,1,24.07,0.0,65.07,8.8,7.8,31.41,349.316,0,1,24.444444,2
20361,4,10,5,1,24.07,0.0,62.57,9.1,9.84,35.36,522.336,0,1,24.444444,2
20362,4,11,5,1,24.07,0.0,61.17,8.6,4.2,36.19,599.067,0,1,24.444444,2
20363,4,12,5,1,24.07,0.0,60.1,8.6,0.96,36.66,655.444,0,1,24.444444,2
20364,4,13,5,1,24.07,0.0,58.89,9.2,0.96,38.21,749.494,0,1,24.444444,2
20365,4,14,5,1,24.07,0.0,57.17,9.7,2.28,42.14,714.487,0,1,24.444444,2
20366,4,15,5,1,24.07,0.0,55.91,9.0,5.88,43.53,599.148,0,1,24.444444,2
20367,4,16,5,1,24.07,0.0,55.64,8.1,2.28,42.4,405.934,0,1,24.444444,2
20368,4,17,5,1,24.07,0.0,55.46,9.0,1.68,44.14,304.086,0,1,24.444444,2
20369,4,18,5,1,24.07,0.0,55.46,9.7,2.28,41.86,124.225,0,1,24.444444,2
20370,4,19,5,1,24.07,0.0,56.36,9.6,5.88,35.43,6.51863,0,1,24.444444,2
20371,4,20,5,1,24.07,0.0,57.25,10.2,8.88,33.73,0.0,0,1,24.444444,2
20372,4,21,5,1,24.07,0.0,58.09,9.3,3.96,31.0,0.0,0,1,24.444444,2
20373,4,22,5,1,24.07,0.0,58.77,10.3,1.92,31.15,0.0,0,1,24.444444,2
20374,4,23,5,1,24.07,0.0,60.58,5.3,1.32,21.78,0.0,0,1,24.444444,2
20375,4,24,5,1,24.07,0.0,61.97,9.4,0.96,27.55,0.0,0,1,24.444444,2
20376,4,1,6,1,24.07,0.0,63.34,5.2,0.24,19.05,0.0,0,1,24.444444,2
20377,4,2,6,1,24.07,0.0,64.41,7.9,0.36,22.75,0.0,0,1,24.444444,2
20378,4,3,6,1,24.05,0.0,65.8,3.5,0.12,14.25,0.0,0,1,24.444444,2
20379,4,4,6,1,24.07,0.0,66.45,7.8,0.72,21.04,0.0,0,1,24.444444,2
20380,4,5,6,1,24.04,0.0,67.66,3.6,2.52,13.77,0.0,0,1,24.444444,2
20381,4,6,6,1,24.06,0.0,68.63,7.6,6.0,22.24,0.0,0,1,24.444444,2
20382,4,7,6,1,24.07,0.0,67.14,8.6,19.8,27.24,69.2029,0,1,24.444444,2
20383,4,8,6,1,24.07,0.0,65.43,9.6,6.36,29.07,134.778,0,1,24.444444,2
20384,4,9,6,1,24.07,0.0,63.95,8.3,2.04,29.94,270.208,0,1,24.444444,2
20385,4,10,6,1,24.07,0.0,62.67,8.2,5.88,30.37,301.82,0,1,24.444444,2
20386,4,11,6,1,24.07,0.0,62.43,9.1,2.16,29.02,116.85,0,1,24.444444,2
20387,4,12,6,1,24.07,0.0,62.07,9.1,3.72,27.44,73.5948,0,1,24.444444,2
20388,4,13,6,1,24.07,0.0,61.94,9.2,3.6,25.84,57.8598,0,1,24.444444,2
20389,4,14,6,1,24.07,0.0,61.93,10.7,4.56,27.94,73.1008,0,1,24.444444,2
20390,4,15,6,1,24.07,0.0,61.73,12.7,1.2,28.17,53.9714,0,1,24.444444,2
20391,4,16,6,1,24.07,0.0,61.5,8.4,9.36,18.54,42.7406,0,1,24.444444,2
20392,4,17,6,1,24.07,0.0,61.22,8.6,4.56,17.1,53.4221,0,1,24.444444,2
20393,4,18,6,1,24.06,0.0,61.22,8.6,2.4,16.5,21.7721,0,1,24.444444,2
20394,4,19,6,1,24.07,0.0,60.58,10.5,6.0,18.38,0.0,0,1,24.444444,2
20395,4,20,6,1,24.06,0.0,60.26,9.6,6.6,15.63,0.0,0,1,24.444444,2
20396,4,21,6,1,24.06,0.0,60.53,9.7,9.96,15.33,0.0,0,1,24.444444,2
20397,4,22,6,1,24.06,0.0,60.87,10.8,1.92,16.02,0.0,0,1,24.444444,2
20398,4,23,6,1,23.95,0.0,62.8,5.0,1.32,8.27,0.0,0,1,24.444444,2
20399,4,24,6,1,23.9,0.0,65.22,4.9,0.84,8.23,0.0,0,1,24.444444,2
20400,5,1,7,1,23.84,0.0,66.83,4.6,1.44,7.55,0.0,0,1,24.444444,2
20401,5,2,7,1,23.76,0.0,68.57,3.4,0.6,6.35,0.0,0,1,24.444444,2
20402,5,3,7,1,23.74,0.0,70.39,3.4,0.24,6.8,0.0,0,1,24.444444,2
20403,5,4,7,1,23.74,0.0,72.1,3.7,0.6,7.61,0.0,0,1,24.444444,2
20404,5,5,7,1,23.75,0.0,74.06,3.6,1.44,8.4,0.0,0,1,24.444444,2
20405,5,6,7,1,23.78,0.0,76.49,3.4,2.76,9.66,0.0,0,1,24.444444,2
20406,5,7,7,1,23.81,0.0,78.56,3.6,8.28,10.66,7.73385,0,1,24.444444,2
20407,5,8,7,1,23.85,0.0,78.82,5.1,6.48,11.78,20.5043,0,1,24.444444,2
20408,5,9,7,1,23.87,0.0,78.5,5.4,20.88,11.26,14.9729,0,1,24.444444,2
20409,5,10,7,1,23.84,0.0,78.54,4.4,20.04,9.93,31.9328,0,1,24.444444,2
20410,5,11,7,1,23.81,0.0,77.98,4.5,4.32,8.69,45.4705,0,1,24.444444,2
20411,5,12,7,1,23.78,0.0,76.52,4.8,4.08,8.51,68.8708,0,1,24.444444,2
20412,5,13,7,1,23.85,0.0,74.13,6.9,5.04,10.77,64.8758,0,1,24.444444,2
20413,5,14,7,1,23.99,0.0,69.78,12.7,4.56,18.17,54.4266,0,1,24.444444,2
20414,5,15,7,1,23.93,0.0,67.86,7.8,6.36,10.12,64.875,0,1,24.444444,2
20415,5,16,7,1,23.8,0.0,68.76,4.6,1.8,6.61,51.8758,0,1,24.444444,2
20416,5,17,7,1,23.74,0.0,69.26,4.3,12.12,6.51,58.4246,0,1,24.444444,2
20417,5,18,7,1,23.71,0.0,69.34,3.8,6.24,6.9,26.5568,0,1,24.444444,2
20418,5,19,7,1,23.73,0.0,68.39,4.1,3.24,7.49,0.0,0,1,24.444444,2
20419,5,20,7,1,23.78,0.0,67.18,5.8,7.44,9.0,0.0,0,1,24.444444,2
20420,5,21,7,1,23.81,0.0,66.0,6.0,2.76,9.17,0.0,0,1,24.444444,2
20421,5,22,7,1,23.84,0.0,64.87,6.4,0.72,9.52,0.0,0,1,24.444444,2
20422,5,23,7,1,23.89,0.0,63.92,7.2,0.96,10.18,0.0,0,1,24.444444,2
20423,5,24,7,1,23.79,0.0,64.71,4.3,0.72,6.58,0.0,0,1,24.444444,2
20424,5,1,1,1,23.76,0.0,66.06,5.5,0.96,7.18,0.0,0,1,24.444444,2
20425,5,2,1,1,23.86,0.0,66.12,8.5,0.6,10.4,0.0,0,1,24.444444,2
20426,5,3,1,1,23.71,0.0,67.71,3.6,0.36,4.91,0.0,0,1,24.444444,2
20427,5,4,1,1,23.68,0.0,68.86,5.0,0.84,6.0,0.0,0,1,24.444444,2
20428,5,5,1,1,23.69,0.0,69.43,5.1,0.48,6.9,0.0,0,1,24.444444,2
20429,5,6,1,1,23.68,0.0,70.53,3.5,2.76,6.44,0.0,0,1,24.444444,2
20430,5,7,1,1,23.7,0.0,71.88,3.4,8.16,7.56,46.7081,0,1,24.444444,2
20431,5,8,1,1,23.74,0.0,73.02,4.0,4.68,9.01,114.873,0,1,24.444444,2
20432,5,9,1,1,23.84,0.0,72.5,4.6,14.28,12.55,184.009,0,1,24.444444,2
20433,5,10,1,1,23.95,0.0,70.04,5.5,10.8,17.12,238.72,0,1,24.444444,2
20434,5,11,1,1,23.99,0.0,68.77,4.8,5.04,17.52,252.425,0,1,24.444444,2
20435,5,12,1,1,24.01,0.0,68.16,4.0,7.2,19.87,371.149,0,1,24.444444,2
20436,5,13,1,1,24.04,0.0,66.81,5.1,9.48,25.28,415.055,0,1,24.444444,2
20437,5,14,1,1,24.07,0.0,64.18,9.7,1.68,32.33,289.403,0,1,24.444444,2
20438,5,15,1,1,24.07,0.0,63.12,5.2,11.76,21.78,132.518,0,1,24.444444,2
20439,5,16,1,1,24.07,0.0,63.01,6.1,7.08,23.06,120.202,0,1,24.444444,2
20440,5,17,1,1,24.07,0.0,63.22,4.1,6.96,20.25,84.3902,0,1,24.444444,2
20441,5,18,1,1,24.07,0.0,61.01,14.8,15.48,38.55,37.1739,0,1,24.444444,2
20442,5,19,1,1,24.07,0.0,59.81,5.4,6.36,20.94,8.93534,0,1,24.444444,2
20443,5,20,1,1,24.07,0.0,60.65,7.5,3.6,22.52,0.0,0,1,24.444444,2
20444,5,21,1,1,24.07,0.0,61.13,6.0,2.28,18.5,0.0,0,1,24.444444,2
20445,5,22,1,1,24.07,0.0,60.51,12.8,1.2,27.31,0.0,0,1,24.444444,2
20446,5,23,1,1,24.05,0.0,61.24,5.1,0.96,13.14,0.0,0,1,24.444444,2
20447,5,24,1,1,24.02,0.0,63.75,3.9,0.12,10.89,0.0,0,1,24.444444,2
20448,5,1,2,1,23.97,0.0,66.04,3.2,0.48,9.73,0.0,0,1,24.444444,2
20449,5,2,2,1,23.93,0.0,67.67,3.7,0.48,9.06,0.0,0,1,24.444444,2
20450,5,3,2,1,23.87,0.0,68.44,3.3,0.6,8.34,0.0,0,1,24.444444,2
20451,5,4,2,1,23.83,0.0,70.08,3.0,0.84,7.87,0.0,0,1,24.444444,2
20452,5,5,2,1,23.79,0.0,71.3,3.7,6.24,7.91,0.0,0,1,24.444444,2
20453,5,6,2,1,23.77,0.0,71.82,3.8,4.68,7.63,0.0,0,1,24.444444,2
20454,5,7,2,1,23.77,0.0,71.81,4.3,15.48,8.34,17.7198,0,1,24.444444,2
20455,5,8,2,1,23.82,0.0,70.94,4.8,12.24,9.51,103.736,0,1,24.444444,2
20456,5,9,2,1,23.84,0.0,69.76,4.5,12.24,9.58,131.563,0,1,24.444444,2
20457,5,10,2,1,23.87,0.0,68.67,4.2,8.16,10.54,198.119,0,1,24.444444,2
20458,5,11,2,1,23.93,0.0,66.87,5.3,3.84,14.2,274.706,0,1,24.444444,2
20459,5,12,2,1,23.96,0.0,65.46,4.3,2.28,14.05,420.858,0,1,24.444444,2
20460,5,13,2,1,23.99,0.0,64.37,3.8,2.52,16.3,699.578,0,1,24.444444,2
20461,5,14,2,1,24.04,0.0,62.11,7.7,1.56,25.21,455.163,0,1,24.444444,2
20462,5,15,2,1,24.04,0.0,60.59,4.5,3.12,19.23,286.55,0,1,24.444444,2
20463,5,16,2,1,24.04,0.0,59.57,4.0,1.8,20.21,319.943,0,1,24.444444,2
20464,5,17,2,1,24.05,0.0,57.93,3.8,4.08,23.28,300.597,0,1,24.444444,2
20465,5,18,2,1,24.07,0.0,56.66,5.7,5.88,23.96,122.696,0,1,24.444444,2
20466,5,19,2,1,24.07,0.0,56.22,5.6,7.2,18.41,9.68318,0,1,24.444444,2
20467,5,20,2,1,24.07,0.0,56.1,7.8,7.8,19.15,0.0,0,1,24.444444,2
20468,5,21,2,1,24.07,0.0,56.39,6.8,2.64,16.41,0.0,0,1,24.444444,2
20469,5,22,2,1,24.07,0.0,56.21,12.0,2.28,23.09,0.0,0,1,24.444444,2
20470,5,23,2,1,24.06,0.0,56.26,6.1,0.72,12.95,0.0,0,1,24.444444,2
20471,5,24,2,1,23.99,0.0,57.37,3.6,1.44,8.72,0.0,0,1,24.444444,2
20472,5,1,3,1,24.01,0.0,56.33,7.0,0.36,11.07,0.0,0,1,24.444444,2
20473,5,2,3,1,23.91,0.0,55.16,5.1,0.36,7.14,0.0,0,1,24.444444,2
20474,5,3,3,1,23.71,0.0,54.7,3.4,0.36,4.28,0.0,0,1,24.444444,2
20475,5,4,3,1,23.58,0.0,53.51,3.3,1.8,3.53,0.0,0,1,24.444444,2
20476,5,5,3,1,23.63,0.0,51.3,5.9,2.64,4.48,0.0,0,1,24.444444,2
20477,5,6,3,1,23.66,0.0,49.21,5.6,7.56,5.04,0.0,0,1,24.444444,2
20478,5,7,3,1,23.71,0.0,47.18,4.4,26.16,8.25,59.6026,0,1,24.444444,2
20479,5,8,3,1,23.76,0.0,45.05,7.0,5.88,12.39,214.852,0,1,24.444444,2
20480,5,9,3,1,23.78,0.0,42.85,5.4,6.6,12.22,411.891,0,1,24.444444,2
20481,5,10,3,1,23.82,0.0,41.45,5.9,11.52,12.69,596.009,0,1,24.444444,2
20482,5,11,3,1,23.83,0.0,40.85,4.0,6.6,9.85,709.314,0,1,24.444444,2
20483,5,12,3,1,23.88,0.0,40.26,4.0,8.4,9.91,765.594,0,1,24.444444,2
20484,5,13,3,1,23.93,0.0,40.3,3.4,2.64,10.82,783.375,0,1,24.444444,2
20485,5,14,3,1,24.05,0.0,40.19,10.3,2.64,21.46,761.79,0,1,24.444444,2
20486,5,15,3,1,24.04,0.0,40.0,4.0,0.84,19.03,670.945,0,1,24.444444,2
20487,5,16,3,1,24.06,0.0,39.84,4.1,10.44,22.02,545.232,0,1,24.444444,2
20488,5,17,3,1,24.07,0.0,39.77,7.6,1.44,27.53,356.146,0,1,24.444444,2
20489,5,18,3,1,24.08,0.0,39.75,3.9,2.76,21.77,149.916,0,1,24.444444,2
20490,5,19,3,1,24.08,0.0,40.11,5.5,12.96,17.32,12.3147,0,1,24.444444,2
20491,5,20,3,1,24.08,0.0,40.56,9.2,5.88,18.25,0.0,0,1,24.444444,2
20492,5,21,3,1,24.08,0.0,41.65,8.2,10.32,15.08,0.0,0,1,24.444444,2
20493,5,22,3,1,24.08,0.0,43.39,8.4,2.52,13.74,0.0,0,1,24.444444,2
20494,5,23,3,1,24.02,0.0,44.91,5.1,0.72,8.48,0.0,0,1,24.444444,2
20495,5,24,3,1,23.91,0.0,46.28,4.5,1.68,6.46,0.0,0,1,24.444444,2
20496,5,1,4,1,23.84,0.0,47.43,5.5,0.24,6.07,0.0,0,1,24.444444,2
20497,5,2,4,1,23.92,0.0,48.16,9.3,0.36,8.31,0.0,0,1,24.444444,2
20498,5,3,4,1,23.64,0.0,50.42,3.6,0.12,3.29,0.0,0,1,24.444444,2
20499,5,4,4,1,23.55,0.0,52.41,4.7,0.12,3.52,0.0,0,1,24.444444,2
20500,5,5,4,1,23.43,0.0,53.98,3.2,0.72,2.67,0.0,0,1,24.444444,2
20501,5,6,4,1,23.5,0.0,54.67,4.0,9.0,4.03,0.0,0,1,24.444444,2
20502,5,7,4,1,23.77,0.0,53.58,8.9,15.72,14.61,59.6666,0,1,24.444444,2
20503,5,8,4,1,23.93,0.0,51.06,12.3,13.44,21.08,225.165,0,1,24.444444,2
20504,5,9,4,1,23.9,0.0,49.41,6.6,6.36,16.34,424.846,0,1,24.444444,2
20505,5,10,4,1,23.97,0.0,48.38,9.2,6.24,18.6,586.889,0,1,24.444444,2
20506,5,11,4,1,24.03,0.0,47.16,10.0,1.8,18.77,692.571,0,1,24.444444,2
20507,5,12,4,1,24.04,0.0,46.13,7.4,5.04,16.59,764.436,0,1,24.444444,2
20508,5,13,4,1,24.07,0.0,44.58,9.0,4.2,20.77,763.367,0,1,24.444444,2
20509,5,14,4,1,24.07,0.0,42.69,9.9,3.12,25.46,748.925,0,1,24.444444,2
20510,5,15,4,1,24.08,0.0,41.01,9.1,2.4,28.33,664.249,0,1,24.444444,2
20511,5,16,4,1,24.08,0.0,39.58,8.0,2.28,29.36,535.752,0,1,24.444444,2
20512,5,17,4,1,24.08,0.0,38.89,9.0,3.24,31.66,357.201,0,1,24.444444,2
20513,5,18,4,1,24.08,0.0,38.39,9.7,2.16,30.78,151.09,0,1,24.444444,2
20514,5,19,4,1,24.08,0.0,38.24,11.3,5.88,26.37,13.0339,0,1,24.444444,2
20515,5,20,4,1,24.08,0.0,38.03,12.0,4.56,23.73,0.0,0,1,24.444444,2
20516,5,21,4,1,24.08,0.0,37.93,11.4,2.52,21.72,0.0,0,1,24.444444,2
20517,5,22,4,1,24.07,0.0,37.71,12.4,3.72,20.88,0.0,0,1,24.444444,2
20518,5,23,4,1,24.08,0.0,37.44,9.3,0.96,15.34,0.0,0,1,24.444444,2
20519,5,24,4,1,24.08,0.0,37.82,9.8,0.48,14.06,0.0,0,1,24.444444,2
20520,5,1,5,1,24.08,0.0,38.21,10.5,0.36,13.37,0.0,0,1,24.444444,2
20521,5,2,5,1,24.05,0.0,38.38,8.5,0.0,9.97,0.0,0,1,24.444444,2
20522,5,3,5,1,24.07,0.0,37.46,13.6,0.72,13.82,0.0,0,1,24.444444,2
20523,5,4,5,1,23.86,0.0,37.59,4.3,0.12,4.5,0.0,0,1,24.444444,2
20524,5,5,5,1,23.9,0.0,37.71,8.5,2.16,6.64,0.0,0,1,24.444444,2
20525,5,6,5,1,23.9,0.0,38.56,8.3,4.08,8.06,0.0,0,1,24.444444,2
20526,5,7,5,1,23.94,0.0,39.08,9.5,18.6,14.23,58.5636,0,1,24.444444,2
20527,5,8,5,1,23.95,0.0,39.21,9.0,12.24,15.74,232.675,0,1,24.444444,2
20528,5,9,5,1,24.0,0.0,38.83,11.8,3.84,19.36,438.29,0,1,24.444444,2
20529,5,10,5,1,24.0,0.0,38.2,7.6,7.32,15.16,590.398,0,1,24.444444,2
20530,5,11,5,1,24.02,0.0,38.09,8.5,10.08,14.79,702.741,0,1,24.444444,2
20531,5,12,5,1,24.03,0.0,38.17,8.1,3.12,14.61,777.655,0,1,24.444444,2
20532,5,13,5,1,24.06,0.0,38.53,8.8,0.96,17.4,782.875,0,1,24.444444,2
20533,5,14,5,1,24.08,0.0,38.58,10.0,4.32,22.29,747.705,0,1,24.444444,2
20534,5,15,5,1,24.07,0.0,38.39,9.2,0.96,25.8,658.67,0,1,24.444444,2
20535,5,16,5,1,24.08,0.0,38.31,8.4,0.6,27.99,530.736,0,1,24.444444,2
20536,5,17,5,1,24.08,0.0,38.04,8.6,1.92,29.18,353.541,0,1,24.444444,2
20537,5,18,5,1,24.08,0.0,37.81,10.6,2.52,29.4,150.232,0,1,24.444444,2
20538,5,19,5,1,24.08,0.0,37.82,9.8,6.6,22.46,12.9559,0,1,24.444444,2
20539,5,20,5,1,24.08,0.0,37.81,9.9,5.04,19.34,0.0,0,1,24.444444,2
20540,5,21,5,1,24.08,0.0,37.88,12.6,5.28,20.91,0.0,0,1,24.444444,2
20541,5,22,5,1,24.08,0.0,38.28,9.9,1.8,16.38,0.0,0,1,24.444444,2
20542,5,23,5,1,24.08,0.0,38.92,8.0,1.44,12.28,0.0,0,1,24.444444,2
20543,5,24,5,1,24.08,0.0,39.74,11.0,0.12,13.55,0.0,0,1,24.444444,2
20544,5,1,6,1,24.0,0.0,40.67,6.0,0.24,6.79,0.0,0,1,24.444444,2
20545,5,2,6,1,23.72,0.0,42.89,3.4,0.48,3.68,0.0,0,1,24.444444,2
20546,5,3,6,1,23.68,0.0,45.3,6.2,0.24,4.38,0.0,0,1,24.444444,2
20547,5,4,6,1,23.52,0.0,47.7,4.6,3.12,2.8,0.0,0,1,24.444444,2
20548,5,5,6,1,23.5,0.0,49.52,6.0,3.48,3.18,0.0,0,1,24.444444,2
20549,5,6,6,1,23.53,0.0,50.22,5.0,8.88,3.92,0.0,0,1,24.444444,2
20550,5,7,6,1,23.75,0.0,49.44,8.0,7.32,13.05,61.4121,0,1,24.444444,2
20551,5,8,6,1,23.83,0.0,48.1,8.7,5.52,17.28,224.784,0,1,24.444444,2
20552,5,9,6,1,23.84,0.0,46.59,5.9,6.6,15.79,416.501,0,1,24.444444,2
20553,5,10,6,1,23.92,0.0,44.48,7.6,2.52,16.83,566.873,0,1,24.444444,2
20554,5,11,6,1,23.95,0.0,43.53,4.2,3.12,12.83,673.86,0,1,24.444444,2
20555,5,12,6,1,24.02,0.0,42.88,6.9,2.04,16.08,750.3,0,1,24.444444,2
20556,5,13,6,1,24.04,0.0,41.87,5.4,3.72,16.22,769.778,0,1,24.444444,2
20557,5,14,6,1,24.07,0.0,40.87,9.3,0.84,24.46,730.136,0,1,24.444444,2
20558,5,15,6,1,24.07,0.0,40.58,3.6,2.76,22.53,644.865,0,1,24.444444,2
20559,5,16,6,1,24.08,0.0,40.12,8.1,1.68,30.68,518.232,0,1,24.444444,2
20560,5,17,6,1,24.08,0.0,39.87,12.1,3.0,36.06,348.284,0,1,24.444444,2
20561,5,18,6,1,24.08,0.0,40.28,10.2,2.88,32.17,150.854,0,1,24.444444,2
20562,5,19,6,1,24.08,0.0,40.75,9.1,1.68,24.78,13.7011,0,1,24.444444,2
20563,5,20,6,1,24.08,0.0,41.27,8.4,4.08,20.57,0.0,0,1,24.444444,2
20564,5,21,6,1,24.08,0.0,42.41,6.1,2.64,16.05,0.0,0,1,24.444444,2
20565,5,22,6,1,24.07,0.0,44.08,9.1,1.8,17.91,0.0,0,1,24.444444,2
20566,5,23,6,1,24.06,0.0,45.46,5.1,1.32,10.83,0.0,0,1,24.444444,2
20567,5,24,6,1,24.0,0.0,47.15,4.5,0.84,8.47,0.0,0,1,24.444444,2
20568,5,1,7,1,23.88,0.0,48.7,3.4,0.12,6.02,0.0,0,1,24.444444,2
20569,5,2,7,1,23.74,0.0,50.31,3.7,0.12,4.82,0.0,0,1,24.444444,2
20570,5,3,7,1,23.6,0.0,51.91,3.4,0.48,3.75,0.0,0,1,24.444444,2
20571,5,4,7,1,23.52,0.0,52.78,3.8,0.48,3.28,0.0,0,1,24.444444,2
20572,5,5,7,1,23.59,0.0,52.77,7.2,0.24,4.38,0.0,0,1,24.444444,2
20573,5,6,7,1,23.49,0.0,53.69,3.4,9.0,3.31,0.0,0,1,24.444444,2
20574,5,7,7,1,23.66,0.0,53.44,3.7,4.8,10.37,59.7167,0,1,24.444444,2
20575,5,8,7,1,23.71,0.0,52.73,3.4,9.12,13.98,225.413,0,1,24.444444,2
20576,5,9,7,1,23.77,0.0,51.37,4.6,15.72,16.08,421.478,0,1,24.444444,2
20577,5,10,7,1,23.84,0.0,50.2,5.0,9.36,15.89,574.27,0,1,24.444444,2
20578,5,11,7,1,23.91,0.0,49.58,4.7,1.68,14.3,689.82,0,1,24.444444,2
20579,5,12,7,1,23.97,0.0,49.48,4.0,6.48,14.34,742.621,0,1,24.444444,2
20580,5,13,7,1,24.03,0.0,49.38,5.3,3.96,17.98,753.882,0,1,24.444444,2
20581,5,14,7,1,24.07,0.0,48.12,11.8,15.0,29.85,725.63,0,1,24.444444,2
20582,5,15,7,1,24.07,0.0,46.64,4.7,8.76,25.09,646.438,0,1,24.444444,2
20583,5,16,7,1,24.07,0.0,46.15,6.1,2.64,29.78,524.933,0,1,24.444444,2
20584,5,17,7,1,24.08,0.0,46.29,4.7,8.28,29.13,346.445,0,1,24.444444,2
20585,5,18,7,1,24.08,0.0,46.68,4.7,6.72,27.26,147.111,0,1,24.444444,2
20586,5,19,7,1,24.08,0.0,47.27,7.8,4.92,24.73,15.9616,0,1,24.444444,2
20587,5,20,7,1,24.08,0.0,47.87,6.7,4.44,19.87,0.0,0,1,24.444444,2
20588,5,21,7,1,24.07,0.0,48.65,6.9,2.52,18.52,0.0,0,1,24.444444,2
20589,5,22,7,1,24.07,0.0,50.26,4.4,1.32,13.45,0.0,0,1,24.444444,2
20590,5,23,7,1,24.07,0.0,51.65,7.1,0.48,15.7,0.0,0,1,24.444444,2
20591,5,24,7,1,24.05,0.0,53.18,4.5,0.84,11.17,0.0,0,1,24.444444,2
20592,5,1,1,1,24.06,0.0,54.38,7.9,0.72,14.8,0.0,0,1,24.444444,2
20593,5,2,1,1,24.06,0.0,55.15,8.2,0.48,14.27,0.0,0,1,24.444444,2
20594,5,3,1,1,23.97,0.0,57.14,3.7,0.6,7.86,0.0,0,1,24.444444,2
20595,5,4,1,1,24.0,0.0,58.84,6.8,0.48,11.09,0.0,0,1,24.444444,2
20596,5,5,1,1,23.92,0.0,61.18,3.6,0.72,7.72,0.0,0,1,24.444444,2
20597,5,6,1,1,23.88,0.0,63.33,3.6,1.8,8.04,0.0,0,1,24.444444,2
20598,5,7,1,1,23.89,0.0,64.49,4.0,6.36,8.81,10.2725,0,1,24.444444,2
20599,5,8,1,1,23.92,0.0,64.52,4.8,7.2,10.7,103.139,0,1,24.444444,2
20600,5,9,1,1,23.98,0.0,62.73,6.3,8.52,15.87,228.071,0,1,24.444444,2
20601,5,10,1,1,24.01,0.0,60.63,4.1,11.64,16.42,330.1,0,1,24.444444,2
20602,5,11,1,1,24.02,0.0,59.22,4.7,4.08,19.78,418.301,0,1,24.444444,2
20603,5,12,1,1,24.03,0.0,57.71,4.2,9.0,20.09,426.99,0,1,24.444444,2
20604,5,13,1,1,24.05,0.0,55.81,4.2,7.68,21.68,448.864,0,1,24.444444,2
20605,5,14,1,1,24.07,0.0,53.82,10.9,3.6,31.04,380.47,0,1,24.444444,2
20606,5,15,1,1,24.07,0.0,53.3,4.6,3.96,20.9,258.375,0,1,24.444444,2
20607,5,16,1,1,24.07,0.0,53.64,4.4,1.92,24.61,358.751,0,1,24.444444,2
20608,5,17,1,1,24.07,0.0,54.34,3.5,6.36,24.87,249.893,0,1,24.444444,2
20609,5,18,1,1,24.07,0.0,53.59,14.0,7.2,38.61,123.169,0,1,24.444444,2
20610,5,19,1,1,24.07,0.0,54.16,4.8,5.88,20.46,15.0288,0,1,24.444444,2
20611,5,20,1,1,24.07,0.0,55.15,9.8,3.72,25.61,0.0,0,1,24.444444,2
20612,5,21,1,1,24.07,0.0,56.0,6.7,1.32,19.94,0.0,0,1,24.444444,2
20613,5,22,1,1,24.07,0.0,57.4,8.4,0.96,21.37,0.0,0,1,24.444444,2
20614,5,23,1,1,24.07,0.0,59.31,5.0,1.08,15.57,0.0,0,1,24.444444,2
20615,5,24,1,1,24.07,0.0,61.19,6.6,0.48,17.28,0.0,0,1,24.444444,2
20616,5,1,2,1,24.04,0.0,63.48,3.7,0.36,12.04,0.0,0,1,24.444444,2
20617,5,2,2,1,24.0,0.0,66.02,3.3,0.24,10.49,0.0,0,1,24.444444,2
20618,5,3,2,1,23.97,0.0,67.82,3.6,0.36,10.34,0.0,0,1,24.444444,2
20619,5,4,2,1,23.94,0.0,69.55,3.6,0.36,9.83,0.0,0,1,24.444444,2
20620,5,5,2,1,23.91,0.0,71.14,3.3,0.84,9.31,0.0,0,1,24.444444,2
20621,5,6,2,1,23.92,0.0,71.94,3.7,4.92,12.14,0.0,0,1,24.444444,2
20622,5,7,2,1,23.95,0.0,70.97,4.3,11.64,19.43,71.8084,0,1,24.444444,2
20623,5,8,2,1,23.99,0.0,68.8,5.1,9.36,23.67,210.907,0,1,24.444444,2
20624,5,9,2,1,24.02,0.0,66.7,4.4,14.04,26.51,401.113,0,1,24.444444,2
20625,5,10,2,1,24.03,0.0,64.63,4.5,4.08,28.86,551.92,0,1,24.444444,2
20626,5,11,2,1,24.05,0.0,62.99,4.1,4.32,27.78,660.721,0,1,24.444444,2
20627,5,12,2,1,24.07,0.0,62.3,4.5,3.12,28.76,728.924,0,1,24.444444,2
20628,5,13,2,1,24.07,0.0,61.56,3.3,1.56,29.34,737.675,0,1,24.444444,2
20629,5,14,2,1,24.07,0.0,58.98,7.7,1.68,39.89,695.546,0,1,24.444444,2
20630,5,15,2,1,24.07,0.0,56.56,4.2,1.56,36.71,611.381,0,1,24.444444,2
20631,5,16,2,1,24.07,0.0,55.73,3.8,2.88,34.39,356.009,0,1,24.444444,2
20632,5,17,2,1,24.07,0.0,54.65,4.1,6.48,33.2,221.268,0,1,24.444444,2
20633,5,18,2,1,24.07,0.0,53.83,6.7,4.68,36.04,133.23,0,1,24.444444,2
20634,5,19,2,1,24.07,0.0,53.98,6.8,4.68,30.09,13.3464,0,1,24.444444,2
20635,5,20,2,1,24.07,0.0,54.21,11.8,9.72,34.13,0.0,0,1,24.444444,2
20636,5,21,2,1,24.07,0.0,54.99,8.4,7.08,27.43,0.0,0,1,24.444444,2
20637,5,22,2,1,24.07,0.0,56.22,9.3,2.64,26.96,0.0,0,1,24.444444,2
20638,5,23,2,1,24.07,0.0,57.92,6.5,1.56,21.17,0.0,0,1,24.444444,2
20639,5,24,2,1,24.07,0.0,60.56,3.4,0.36,15.31,0.0,0,1,24.444444,2
20640,5,1,3,1,24.06,0.0,63.54,3.4,0.24,14.66,0.0,0,1,24.444444,2
20641,5,2,3,1,24.05,0.0,65.76,3.7,0.36,13.96,0.0,0,1,24.444444,2
20642,5,3,3,1,24.04,0.0,67.06,5.2,0.12,14.95,0.0,0,1,24.444444,2
20643,5,4,3,1,24.01,0.0,68.55,3.7,0.0,11.56,0.0,0,1,24.444444,2
20644,5,5,3,1,23.99,0.0,70.32,3.9,1.92,11.35,0.0,0,1,24.444444,2
20645,5,6,3,1,24.01,0.0,70.91,5.1,7.68,16.84,0.0,0,1,24.444444,2
20646,5,7,3,1,24.02,0.0,69.62,5.1,22.92,23.67,69.6345,0,1,24.444444,2
20647,5,8,3,1,24.03,0.0,67.67,4.4,8.04,24.45,210.742,0,1,24.444444,2
20648,5,9,3,1,24.05,0.0,65.13,6.8,5.4,31.45,364.0,0,1,24.444444,2
20649,5,10,3,1,24.06,0.0,62.66,4.6,5.28,28.97,507.576,0,1,24.444444,2
20650,5,11,3,1,24.07,0.0,60.66,6.6,3.6,31.68,650.064,0,1,24.444444,2
20651,5,12,3,1,24.07,0.0,59.5,4.1,2.64,30.0,665.76,0,1,24.444444,2
20652,5,13,3,1,24.07,0.0,58.5,3.5,1.08,32.06,608.844,0,1,24.444444,2
20653,5,14,3,1,24.07,0.0,56.21,10.0,5.76,43.61,659.724,0,1,24.444444,2
20654,5,15,3,1,24.07,0.0,55.24,4.7,1.92,37.2,542.543,0,1,24.444444,2
20655,5,16,3,1,24.07,0.0,54.9,3.4,1.2,32.93,260.5,0,1,24.444444,2
20656,5,17,3,1,24.07,0.0,54.24,4.1,2.4,34.0,227.406,0,1,24.444444,2
20657,5,18,3,1,24.07,0.0,52.85,8.9,5.04,38.37,103.588,0,1,24.444444,2
20658,5,19,3,1,24.07,0.0,52.22,5.9,5.4,29.18,14.0674,0,1,24.444444,2
20659,5,20,3,1,24.07,0.0,52.6,10.1,4.56,32.02,0.0,0,1,24.444444,2
20660,5,21,3,1,24.07,0.0,53.72,6.7,15.72,25.48,0.0,0,1,24.444444,2
20661,5,22,3,1,24.07,0.0,55.62,5.9,3.6,22.93,0.0,0,1,24.444444,2
20662,5,23,3,1,24.07,0.0,57.46,5.1,1.32,20.32,0.0,0,1,24.444444,2
20663,5,24,3,1,24.07,0.0,59.3,6.5,0.48,21.03,0.0,0,1,24.444444,2
20664,5,1,4,1,24.07,0.0,61.07,5.6,0.24,18.01,0.0,0,1,24.444444,2
20665,5,2,4,1,24.05,0.0,63.69,2.9,0.24,12.57,0.0,0,1,24.444444,2
20666,5,3,4,1,24.04,0.0,65.26,4.6,0.6,13.94,0.0,0,1,24.444444,2
20667,5,4,4,1,24.02,0.0,67.17,3.6,0.0,11.54,0.0,0,1,24.444444,2
20668,5,5,4,1,24.03,0.0,68.28,6.0,2.76,15.1,0.0,0,1,24.444444,2
20669,5,6,4,1,24.03,0.0,68.71,5.8,6.0,16.97,0.0,0,1,24.444444,2
20670,5,7,4,1,24.05,0.0,67.96,8.2,9.48,25.9,69.9296,0,1,24.444444,2
20671,5,8,4,1,24.07,0.0,65.71,9.3,10.8,31.37,201.417,0,1,24.444444,2
20672,5,9,4,1,24.07,0.0,63.87,7.3,3.72,28.71,287.881,0,1,24.444444,2
20673,5,10,4,1,24.07,0.0,62.97,5.8,4.44,27.3,450.432,0,1,24.444444,2
20674,5,11,4,1,24.07,0.0,62.18,8.1,3.72,34.46,539.284,0,1,24.444444,2
20675,5,12,4,1,24.07,0.0,60.1,8.5,4.56,35.48,567.473,0,1,24.444444,2
20676,5,13,4,1,24.07,0.0,58.25,8.9,3.6,36.51,682.652,0,1,24.444444,2
20677,5,14,4,1,24.07,0.0,56.69,9.7,1.32,41.43,593.532,0,1,24.444444,2
20678,5,15,4,1,24.07,0.0,55.64,8.9,2.76,43.66,524.08,0,1,24.444444,2
20679,5,16,4,1,24.07,0.0,54.83,7.4,2.52,43.61,489.168,0,1,24.444444,2
20680,5,17,4,1,24.07,0.0,54.24,9.3,2.52,46.07,320.233,0,1,24.444444,2
20681,5,18,4,1,24.07,0.0,53.89,10.1,4.68,44.72,136.545,0,1,24.444444,2
20682,5,19,4,1,24.07,0.0,54.43,9.6,5.64,37.65,15.0489,0,1,24.444444,2
20683,5,20,4,1,24.07,0.0,55.7,9.2,2.88,33.86,0.0,0,1,24.444444,2
20684,5,21,4,1,24.07,0.0,56.93,7.7,1.56,29.99,0.0,0,1,24.444444,2
20685,5,22,4,1,24.07,0.0,57.65,9.7,1.92,30.98,0.0,0,1,24.444444,2
20686,5,23,4,1,24.07,0.0,58.61,9.4,1.68,29.48,0.0,0,1,24.444444,2
20687,5,24,4,1,24.07,0.0,59.13,10.3,0.6,30.12,0.0,0,1,24.444444,2
20688,5,1,5,1,24.07,0.0,61.5,2.9,0.48,16.76,0.0,0,1,24.444444,2
20689,5,2,5,1,24.07,0.0,63.16,9.1,0.36,25.56,0.0,0,1,24.444444,2
20690,5,3,5,1,24.07,0.0,62.95,9.6,0.36,24.59,0.0,0,1,24.444444,2
20691,5,4,5,1,24.07,0.0,64.68,5.0,0.12,16.31,0.0,0,1,24.444444,2
20692,5,5,5,1,24.07,0.0,65.92,9.4,2.16,23.89,0.0,0,1,24.444444,2
20693,5,6,5,1,24.07,0.0,64.88,10.4,2.88,28.24,0.0,0,1,24.444444,2
20694,5,7,5,1,24.07,0.0,63.05,9.0,23.52,31.21,73.895,0,1,24.444444,2
20695,5,8,5,1,24.07,0.0,59.85,8.7,15.84,32.4,220.3,0,1,24.444444,2
20696,5,9,5,1,24.07,0.0,57.12,8.4,4.8,32.6,397.294,0,1,24.444444,2
20697,5,10,5,1,24.07,0.0,55.35,10.2,6.48,35.09,547.534,0,1,24.444444,2
20698,5,11,5,1,24.07,0.0,54.69,8.2,5.04,31.57,649.625,0,1,24.444444,2
20699,5,12,5,1,24.07,0.0,54.33,8.0,2.28,31.62,701.97,0,1,24.444444,2
20700,5,13,5,1,24.07,0.0,53.54,10.6,1.2,36.15,693.7,0,1,24.444444,2
20701,5,14,5,1,24.07,0.0,52.81,9.7,6.48,39.09,667.547,0,1,24.444444,2
20702,5,15,5,1,24.07,0.0,51.73,8.8,1.44,42.46,604.434,0,1,24.444444,2
20703,5,16,5,1,24.07,0.0,50.43,8.2,1.8,43.98,485.078,0,1,24.444444,2
20704,5,17,5,1,24.07,0.0,49.64,8.5,2.04,45.12,326.229,0,1,24.444444,2
20705,5,18,5,1,24.07,0.0,49.43,9.0,1.56,43.47,141.902,0,1,24.444444,2
20706,5,19,5,1,24.07,0.0,49.42,10.7,1.92,38.69,14.6848,0,1,24.444444,2
20707,5,20,5,1,24.07,0.0,49.4,13.2,3.24,37.89,0.0,0,1,24.444444,2
20708,5,21,5,1,24.07,0.0,49.49,10.6,4.92,32.65,0.0,0,1,24.444444,2
20709,5,22,5,1,24.09,0.01,48.89,17.1,2.16,38.91,0.0,0,1,24.444444,2
20710,5,23,5,1,24.07,0.0,48.85,9.3,1.2,26.39,0.0,0,1,24.444444,2
20711,5,24,5,1,24.07,0.0,49.69,10.3,0.96,25.93,0.0,0,1,24.444444,2
20712,5,1,6,1,24.07,0.0,51.11,4.8,0.6,16.83,0.0,0,1,24.444444,2
20713,5,2,6,1,24.07,0.0,52.3,5.8,1.2,16.03,0.0,0,1,24.444444,2
20714,5,3,6,1,24.05,0.0,53.05,3.5,0.12,11.06,0.0,0,1,24.444444,2
20715,5,4,6,1,24.05,0.0,53.8,6.3,0.84,13.24,0.0,0,1,24.444444,2
20716,5,5,6,1,24.04,0.0,53.9,6.3,2.28,11.84,0.0,0,1,24.444444,2
20717,5,6,6,1,23.97,0.0,54.21,2.7,5.64,10.34,0.0,0,1,24.444444,2
20718,5,7,6,1,24.04,0.0,53.17,8.1,8.88,24.03,65.3267,0,1,24.444444,2
20719,5,8,6,1,24.07,0.0,51.05,9.1,7.08,28.5,223.887,0,1,24.444444,2
20720,5,9,6,1,24.06,0.0,48.96,5.8,4.8,24.96,407.593,0,1,24.444444,2
20721,5,10,6,1,24.07,0.0,46.87,6.4,2.64,25.0,564.698,0,1,24.444444,2
20722,5,11,6,1,24.07,0.0,45.68,4.7,4.08,21.64,668.705,0,1,24.444444,2
20723,5,12,6,1,24.07,0.0,44.56,7.8,1.08,25.77,735.106,0,1,24.444444,2
20724,5,13,6,1,24.07,0.0,43.86,5.6,4.08,24.7,732.058,0,1,24.444444,2
20725,5,14,6,1,24.07,0.0,43.36,9.1,1.8,32.45,706.727,0,1,24.444444,2
20726,5,15,6,1,24.07,0.0,42.69,4.1,1.08,31.0,620.846,0,1,24.444444,2
20727,5,16,6,1,24.07,0.0,42.0,8.3,2.76,37.96,470.259,0,1,24.444444,2
20728,5,17,6,1,24.08,0.0,41.19,7.8,1.32,36.42,262.466,0,1,24.444444,2
20729,5,18,6,1,24.08,0.0,40.75,8.7,1.08,36.25,145.023,0,1,24.444444,2
20730,5,19,6,1,24.08,0.0,40.63,10.0,2.28,31.71,18.41,0,1,24.444444,2
20731,5,20,6,1,24.08,0.0,41.15,7.4,1.92,26.04,0.0,0,1,24.444444,2
20732,5,21,6,1,24.07,0.0,42.14,10.9,5.88,28.27,0.0,0,1,24.444444,2
20733,5,22,6,1,24.07,0.0,43.6,10.0,0.84,25.62,0.0,0,1,24.444444,2
20734,5,23,6,1,24.07,0.0,45.8,6.0,0.72,19.33,0.0,0,1,24.444444,2
20735,5,24,6,1,24.07,0.0,48.09,4.6,0.72,16.09,0.0,0,1,24.444444,2
20736,5,1,7,1,24.07,0.0,49.77,3.6,0.84,13.46,0.0,0,1,24.444444,2
20737,5,2,7,1,24.07,0.0,51.59,6.3,0.48,15.94,0.0,0,1,24.444444,2
20738,5,3,7,1,24.07,0.0,53.88,4.8,0.6,13.05,0.0,0,1,24.444444,2
20739,5,4,7,1,24.04,0.0,56.21,3.5,0.48,11.07,0.0,0,1,24.444444,2
20740,5,5,7,1,24.05,0.0,57.48,6.6,0.96,14.14,0.0,0,1,24.444444,2
20741,5,6,7,1,24.03,0.0,58.31,4.9,5.28,14.38,0.0,0,1,24.444444,2
20742,5,7,7,1,24.02,0.0,58.0,3.5,5.28,17.7,67.1794,0,1,24.444444,2
20743,5,8,7,1,24.02,0.0,56.44,4.1,7.32,19.7,224.012,0,1,24.444444,2
20744,5,9,7,1,24.03,0.0,54.16,5.9,8.16,20.68,334.336,0,1,24.444444,2
20745,5,10,7,1,24.05,0.0,51.96,7.4,12.72,23.36,395.1,0,1,24.444444,2
20746,5,11,7,1,24.05,0.0,51.37,4.0,5.28,19.61,598.894,0,1,24.444444,2
20747,5,12,7,1,24.07,0.0,51.08,6.8,7.92,24.02,708.714,0,1,24.444444,2
20748,5,13,7,1,24.07,0.0,50.76,5.0,7.08,24.14,534.425,0,1,24.444444,2
20749,5,14,7,1,24.11,0.03,48.58,19.3,1.32,44.92,584.592,0,1,24.444444,2
20750,5,15,7,1,24.07,0.0,47.88,5.8,1.44,26.85,319.769,0,1,24.444444,2
20751,5,16,7,1,24.07,0.0,48.37,4.7,2.64,24.79,192.791,0,1,24.444444,2
20752,5,17,7,1,24.07,0.0,48.71,4.9,6.24,25.93,165.405,0,1,24.444444,2
20753,5,18,7,1,24.07,0.0,48.72,5.4,6.96,25.79,85.3637,0,1,24.444444,2
20754,5,19,7,1,24.07,0.0,49.24,4.5,6.72,21.74,11.0496,0,1,24.444444,2
20755,5,20,7,1,24.07,0.0,50.18,5.5,3.48,21.37,0.0,0,1,24.444444,2
20756,5,21,7,1,24.07,0.0,51.51,6.0,3.6,20.9,0.0,0,1,24.444444,2
20757,5,22,7,1,24.07,0.0,53.43,6.6,1.2,20.83,0.0,0,1,24.444444,2
20758,5,23,7,1,24.07,0.0,55.13,5.3,1.2,17.73,0.0,0,1,24.444444,2
20759,5,24,7,1,24.07,0.0,56.31,4.7,1.08,15.61,0.0,0,1,24.444444,2
20760,5,1,1,1,24.07,0.0,56.51,5.9,0.72,16.02,0.0,0,1,24.444444,2
20761,5,2,1,1,24.07,0.0,56.18,8.2,0.96,17.94,0.0,0,1,24.444444,2
20762,5,3,1,1,24.04,0.0,57.03,3.8,0.12,10.83,0.0,0,1,24.444444,2
20763,5,4,1,1,24.04,0.0,58.48,6.0,0.24,13.35,0.0,0,1,24.444444,2
20764,5,5,1,1,24.01,0.0,60.25,3.9,1.2,10.14,0.0,0,1,24.444444,2
20765,5,6,1,1,23.98,0.0,61.77,3.4,1.56,9.64,0.0,0,1,24.444444,2
20766,5,7,1,1,23.98,0.0,62.31,3.7,5.88,10.58,54.4994,0,1,24.444444,2
20767,5,8,1,1,23.98,0.0,62.43,4.2,2.76,11.09,95.3875,0,1,24.444444,2
20768,5,9,1,1,23.99,0.0,62.07,4.2,5.64,13.27,157.405,0,1,24.444444,2
20769,5,10,1,1,24.02,0.0,61.75,3.7,11.4,17.4,282.494,0,1,24.444444,2
20770,5,11,1,1,24.05,0.0,60.44,5.6,8.88,24.94,443.268,0,1,24.444444,2
20771,5,12,1,1,24.07,0.0,57.99,5.3,3.36,25.35,473.62,0,1,24.444444,2
20772,5,13,1,1,24.07,0.0,56.72,4.7,9.6,23.29,319.383,0,1,24.444444,2
20773,5,14,1,1,24.07,0.0,55.33,9.6,3.24,29.93,236.509,0,1,24.444444,2
20774,5,15,1,1,24.07,0.0,54.54,5.0,4.2,23.48,243.743,0,1,24.444444,2
20775,5,16,1,1,24.07,0.0,53.88,5.0,14.28,22.02,139.923,0,1,24.444444,2
20776,5,17,1,1,24.07,0.0,53.58,6.4,10.56,22.58,46.6144,0,1,24.444444,2
20777,5,18,1,1,24.07,0.0,54.59,4.9,8.76,20.18,12.5067,0,1,24.444444,2
20778,5,19,1,1,24.07,0.0,56.23,4.6,4.2,18.43,0.0,0,1,24.444444,2
20779,5,20,1,1,24.07,0.0,57.12,9.2,1.8,24.09,0.0,0,1,24.444444,2
20780,5,21,1,1,24.07,0.0,58.12,5.5,4.2,18.06,0.0,0,1,24.444444,2
20781,5,22,1,1,24.07,0.0,58.61,9.1,1.44,23.32,0.0,0,1,24.444444,2
20782,5,23,1,1,24.06,0.0,59.91,3.7,1.32,14.3,0.0,0,1,24.444444,2
20783,5,24,1,1,24.05,0.0,62.64,3.9,0.0,14.46,0.0,0,1,24.444444,2
20784,5,1,2,1,24.03,0.0,65.18,3.1,0.48,12.73,0.0,0,1,24.444444,2
20785,5,2,2,1,24.01,0.0,66.99,3.6,0.24,12.28,0.0,0,1,24.444444,2
20786,5,3,2,1,23.99,0.0,68.27,3.5,0.6,11.32,0.0,0,1,24.444444,2
20787,5,4,2,1,23.98,0.0,68.91,3.9,1.08,11.3,0.0,0,1,24.444444,2
20788,5,5,2,1,23.97,0.0,69.33,4.7,5.04,11.65,0.0,0,1,24.444444,2
20789,5,6,2,1,23.94,0.0,70.24,4.1,9.84,10.44,0.0,0,1,24.444444,2
20790,5,7,2,1,23.95,0.0,70.92,4.9,16.8,11.45,12.808,0,1,24.444444,2
20791,5,8,2,1,23.97,0.0,70.5,5.4,10.2,12.85,104.977,0,1,24.444444,2
20792,5,9,2,1,23.99,0.0,69.8,6.2,4.92,15.38,122.279,0,1,24.444444,2
20793,5,10,2,1,24.01,0.0,69.76,5.0,14.16,16.18,183.286,0,1,24.444444,2
20794,5,11,2,1,24.02,0.0,69.68,5.2,2.16,18.49,214.515,0,1,24.444444,2
20795,5,12,2,1,24.02,0.0,70.17,4.2,1.56,15.87,123.21,0,1,24.444444,2
20796,5,13,2,1,24.02,0.0,70.54,3.8,1.44,16.37,177.539,0,1,24.444444,2
20797,5,14,2,1,24.04,0.0,69.19,6.5,2.04,27.8,401.921,0,1,24.444444,2
20798,5,15,2,1,24.06,0.0,66.9,4.5,0.96,29.4,499.566,0,1,24.444444,2
20799,5,16,2,1,24.06,0.0,64.79,4.3,1.44,30.91,381.251,0,1,24.444444,2
20800,5,17,2,1,24.07,0.0,62.05,3.7,3.6,30.56,312.645,0,1,24.444444,2
20801,5,18,2,1,24.07,0.0,60.5,9.1,6.48,37.66,138.06,0,1,24.444444,2
20802,5,19,2,1,24.07,0.0,59.89,5.3,5.64,24.84,18.1355,0,1,24.444444,2
20803,5,20,2,1,24.07,0.0,60.09,8.5,15.24,26.56,0.0,0,1,24.444444,2
20804,5,21,2,1,24.07,0.0,60.16,8.2,10.32,24.75,0.0,0,1,24.444444,2
20805,5,22,2,1,24.07,0.0,61.45,7.1,2.04,22.19,0.0,0,1,24.444444,2
20806,5,23,2,1,24.07,0.0,63.83,4.9,1.32,17.92,0.0,0,1,24.444444,2
20807,5,24,2,1,24.07,0.0,65.61,6.4,0.6,19.97,0.0,0,1,24.444444,2
20808,5,1,3,1,24.07,0.0,66.57,5.1,0.48,17.07,0.0,0,1,24.444444,2
20809,5,2,3,1,24.05,0.0,67.66,4.6,0.24,15.16,0.0,0,1,24.444444,2
20810,5,3,3,1,24.04,0.0,68.23,4.8,0.36,14.52,0.0,0,1,24.444444,2
20811,5,4,3,1,24.01,0.0,69.22,3.5,0.24,11.17,0.0,0,1,24.444444,2
20812,5,5,3,1,24.04,0.0,68.83,8.0,1.92,17.24,0.0,0,1,24.444444,2
20813,5,6,3,1,24.02,0.0,68.38,5.1,6.84,15.8,0.0,0,1,24.444444,2
20814,5,7,3,1,24.02,0.0,67.75,4.7,20.88,18.85,51.3802,0,1,24.444444,2
20815,5,8,3,1,24.02,0.0,67.44,5.0,4.44,14.51,74.4503,0,1,24.444444,2
20816,5,9,3,1,24.01,0.0,67.31,5.0,8.04,13.91,141.373,0,1,24.444444,2
20817,5,10,3,1,24.02,0.0,66.47,5.7,3.36,15.74,163.136,0,1,24.444444,2
20818,5,11,3,1,24.02,0.0,66.07,3.8,2.04,14.79,183.941,0,1,24.444444,2
20819,5,12,3,1,24.03,0.0,65.43,3.8,4.56,19.81,411.339,0,1,24.444444,2
20820,5,13,3,1,24.05,0.0,63.91,3.6,0.96,22.69,582.713,0,1,24.444444,2
20821,5,14,3,1,24.07,0.0,61.6,10.2,2.52,31.16,248.878,0,1,24.444444,2
20822,5,15,3,1,24.07,0.0,60.53,3.9,0.6,21.95,204.589,0,1,24.444444,2
20823,5,16,3,1,24.07,0.0,59.67,4.1,4.2,29.02,353.217,0,1,24.444444,2
20824,5,17,3,1,24.07,0.0,58.15,7.9,0.84,37.38,293.996,0,1,24.444444,2
20825,5,18,3,1,24.07,0.0,56.99,6.7,6.84,33.9,142.568,0,1,24.444444,2
20826,5,19,3,1,24.07,0.0,56.98,6.7,1.92,27.78,16.4372,0,1,24.444444,2
20827,5,20,3,1,24.07,0.0,57.55,8.1,2.88,26.5,0.0,0,1,24.444444,2
20828,5,21,3,1,24.07,0.0,57.68,11.0,7.8,30.08,0.0,0,1,24.444444,2
20829,5,22,3,1,24.07,0.0,58.87,6.7,1.44,21.95,0.0,0,1,24.444444,2
20830,5,23,3,1,24.07,0.0,60.83,5.1,4.56,17.76,0.0,0,1,24.444444,2
20831,5,24,3,1,24.07,0.0,62.15,4.8,0.48,15.74,0.0,0,1,24.444444,2
20832,5,1,4,1,24.05,0.0,63.04,4.5,0.72,14.05,0.0,0,1,24.444444,2
20833,5,2,4,1,24.04,0.0,63.94,4.5,0.24,13.08,0.0,0,1,24.444444,2
20834,5,3,4,1,23.99,0.0,65.4,3.2,0.12,10.31,0.0,0,1,24.444444,2
20835,5,4,4,1,23.99,0.0,66.33,4.5,0.36,11.52,0.0,0,1,24.444444,2
20836,5,5,4,1,24.0,0.0,66.19,6.0,1.8,12.82,0.0,0,1,24.444444,2
20837,5,6,4,1,23.96,0.0,66.56,3.8,2.16,10.12,0.0,0,1,24.444444,2
20838,5,7,4,1,24.03,0.0,64.84,10.1,8.52,21.07,73.1317,0,1,24.444444,2
20839,5,8,4,1,24.05,0.0,62.25,11.0,9.48,22.04,141.446,0,1,24.444444,2
20840,5,9,4,1,24.05,0.0,60.07,7.8,3.84,22.49,317.958,0,1,24.444444,2
20841,5,10,4,1,24.06,0.0,58.95,8.8,5.28,28.36,506.64,0,1,24.444444,2
20842,5,11,4,1,24.07,0.0,58.06,9.2,1.44,29.92,483.439,0,1,24.444444,2
20843,5,12,4,1,24.07,0.0,57.59,8.8,1.2,30.5,511.402,0,1,24.444444,2
20844,5,13,4,1,24.07,0.0,57.49,9.9,1.32,34.06,719.654,0,1,24.444444,2
20845,5,14,4,1,24.07,0.0,56.79,10.3,0.36,38.99,630.991,0,1,24.444444,2
20846,5,15,4,1,24.07,0.0,56.07,9.2,1.32,40.32,496.457,0,1,24.444444,2
20847,5,16,4,1,24.07,0.0,55.35,11.1,0.6,43.68,365.765,0,1,24.444444,2
20848,5,17,4,1,24.07,0.0,55.93,8.8,0.96,40.26,233.444,0,1,24.444444,2
20849,5,18,4,1,24.07,0.0,56.38,9.1,1.08,39.54,108.127,0,1,24.444444,2
20850,5,19,4,1,24.07,0.0,56.68,10.8,5.04,38.18,15.3797,0,1,24.444444,2
20851,5,20,4,1,24.07,0.0,57.63,8.1,3.84,31.97,0.0,0,1,24.444444,2
20852,5,21,4,1,24.08,0.01,57.36,14.4,2.64,40.21,0.0,0,1,24.444444,2
20853,5,22,4,1,24.07,0.0,57.45,10.6,4.2,32.88,0.0,0,1,24.444444,2
20854,5,23,4,1,24.07,0.0,58.5,7.4,0.72,21.95,0.0,0,1,24.444444,2
20855,5,24,4,1,24.07,0.0,58.5,9.1,0.96,20.16,0.0,0,1,24.444444,2
20856,5,1,5,1,24.06,0.0,59.4,5.2,0.48,13.31,0.0,0,1,24.444444,2
20857,5,2,5,1,24.07,0.0,60.51,8.8,0.36,17.58,0.0,0,1,24.444444,2
20858,5,3,5,1,24.07,0.0,60.67,10.8,0.36,20.0,0.0,0,1,24.444444,2
20859,5,4,5,1,24.07,0.0,61.58,8.9,0.24,16.35,0.0,0,1,24.444444,2
20860,5,5,5,1,24.05,0.0,63.07,8.2,1.32,14.58,0.0,0,1,24.444444,2
20861,5,6,5,1,24.06,0.0,63.03,10.0,4.68,17.89,0.0,0,1,24.444444,2
20862,5,7,5,1,24.06,0.0,62.44,9.5,28.2,21.37,75.8879,0,1,24.444444,2
20863,5,8,5,1,24.06,0.0,61.52,8.5,5.88,25.41,224.016,0,1,24.444444,2
20864,5,9,5,1,24.07,0.0,60.18,8.8,3.12,28.45,360.441,0,1,24.444444,2
20865,5,10,5,1,24.07,0.0,58.81,7.9,9.84,29.14,490.847,0,1,24.444444,2
20866,5,11,5,1,24.07,0.0,57.56,12.3,0.84,36.64,494.918,0,1,24.444444,2
20867,5,12,5,1,24.07,0.0,56.94,7.8,3.24,31.23,517.576,0,1,24.444444,2
20868,5,13,5,1,24.07,0.0,56.96,9.2,0.84,35.13,410.926,0,1,24.444444,2
20869,5,14,5,1,24.07,0.0,56.16,9.6,1.44,39.54,539.104,0,1,24.444444,2
20870,5,15,5,1,24.07,0.0,55.31,9.3,1.8,43.71,530.876,0,1,24.444444,2
20871,5,16,5,1,24.07,0.0,54.76,8.1,3.6,43.66,448.421,0,1,24.444444,2
20872,5,17,5,1,24.07,0.0,54.73,9.2,3.48,42.3,226.606,0,1,24.444444,2
20873,5,18,5,1,24.07,0.0,55.43,9.2,4.92,42.25,135.416,0,1,24.444444,2
20874,5,19,5,1,24.07,0.0,56.62,10.3,7.2,38.98,17.8186,0,1,24.444444,2
20875,5,20,5,1,24.07,0.0,58.31,8.2,4.8,32.8,0.0,0,1,24.444444,2
20876,5,21,5,1,24.12,0.05,58.25,17.5,7.08,44.83,0.0,0,1,24.444444,2
20877,5,22,5,1,24.08,0.0,58.21,12.1,1.2,35.19,0.0,0,1,24.444444,2
20878,5,23,5,1,24.07,0.0,59.62,10.4,1.08,30.57,0.0,0,1,24.444444,2
20879,5,24,5,1,24.07,0.0,60.55,11.1,0.24,30.46,0.0,0,1,24.444444,2
20880,5,1,6,1,24.07,0.0,62.97,5.6,0.12,20.9,0.0,0,1,24.444444,2
20881,5,2,6,1,24.07,0.0,65.86,4.9,0.36,19.01,0.0,0,1,24.444444,2
20882,5,3,6,1,24.06,0.0,68.26,3.3,0.48,15.18,0.0,0,1,24.444444,2
20883,5,4,6,1,24.06,0.0,69.76,5.3,0.84,17.57,0.0,0,1,24.444444,2
20884,5,5,6,1,24.04,0.0,71.09,3.6,1.32,13.65,0.0,0,1,24.444444,2
20885,5,6,6,1,24.02,0.0,72.15,3.1,14.4,16.23,0.0,0,1,24.444444,2
20886,5,7,6,1,24.06,0.0,69.52,8.1,9.12,30.39,78.3313,0,1,24.444444,2
20887,5,8,6,1,24.06,0.0,66.25,6.3,6.6,30.31,220.339,0,1,24.444444,2
20888,5,9,6,1,24.07,0.0,63.54,5.6,10.08,31.24,387.8,0,1,24.444444,2
20889,5,10,6,1,24.07,0.0,60.68,8.6,4.44,35.95,530.94,0,1,24.444444,2
20890,5,11,6,1,24.07,0.0,58.96,4.3,1.68,27.86,639.822,0,1,24.444444,2
20891,5,12,6,1,24.07,0.0,58.59,7.2,1.08,33.42,689.541,0,1,24.444444,2
20892,5,13,6,1,24.07,0.0,58.27,4.3,2.52,31.28,690.586,0,1,24.444444,2
20893,5,14,6,1,24.07,0.0,57.38,8.7,0.96,42.04,666.183,0,1,24.444444,2
20894,5,15,6,1,24.07,0.0,55.56,9.0,0.84,46.64,593.66,0,1,24.444444,2
20895,5,16,6,1,24.07,0.0,53.66,8.1,3.48,47.12,467.913,0,1,24.444444,2
20896,5,17,6,1,24.14,0.06,51.66,12.1,2.88,50.05,279.617,0,1,24.444444,2
20897,5,18,6,1,24.09,0.01,50.77,9.0,2.64,43.78,119.947,0,1,24.444444,2
20898,5,19,6,1,24.08,0.0,50.78,10.3,1.92,39.58,17.861,0,1,24.444444,2
20899,5,20,6,1,24.07,0.0,51.82,9.4,1.44,34.05,0.0,0,1,24.444444,2
20900,5,21,6,1,24.07,0.0,53.15,8.4,0.84,30.73,0.0,0,1,24.444444,2
20901,5,22,6,1,24.07,0.0,53.48,8.9,1.44,28.85,0.0,0,1,24.444444,2
20902,5,23,6,1,24.07,0.0,54.34,6.8,2.28,23.8,0.0,0,1,24.444444,2
20903,5,24,6,1,24.07,0.0,56.56,4.5,0.96,18.61,0.0,0,1,24.444444,2
20904,5,1,7,1,24.07,0.0,59.54,3.7,1.68,16.0,0.0,0,1,24.444444,2
20905,5,2,7,1,24.07,0.0,61.61,4.5,0.6,16.84,0.0,0,1,24.444444,2
20906,5,3,7,1,24.06,0.0,63.46,3.3,0.0,14.42,0.0,0,1,24.444444,2
20907,5,4,7,1,24.05,0.0,64.77,3.5,0.72,14.21,0.0,0,1,24.444444,2
20908,5,5,7,1,24.05,0.0,64.4,4.0,1.56,14.46,0.0,0,1,24.444444,2
20909,5,6,7,1,24.04,0.0,63.31,3.5,4.56,14.22,0.0,0,1,24.444444,2
20910,5,7,7,1,24.04,0.0,61.68,3.8,6.96,17.44,77.7011,0,1,24.444444,2
20911,5,8,7,1,24.04,0.0,59.4,4.3,7.68,21.39,224.126,0,1,24.444444,2
20912,5,9,7,1,24.04,0.0,57.36,4.6,13.2,24.04,379.995,0,1,24.444444,2
20913,5,10,7,1,24.05,0.0,55.38,3.8,12.6,23.27,477.118,0,1,24.444444,2
20914,5,11,7,1,24.06,0.0,54.15,4.2,3.6,23.97,521.172,0,1,24.444444,2
20915,5,12,7,1,24.07,0.0,53.14,4.6,8.52,25.38,551.413,0,1,24.444444,2
20916,5,13,7,1,24.07,0.0,52.22,4.0,3.6,26.33,598.483,0,1,24.444444,2
20917,5,14,7,1,24.07,0.0,50.68,11.9,12.96,39.67,558.45,0,1,24.444444,2
20918,5,15,7,1,24.07,0.0,49.97,4.2,5.4,31.29,511.071,0,1,24.444444,2
20919,5,16,7,1,24.07,0.0,49.99,5.2,1.32,33.9,408.756,0,1,24.444444,2
20920,5,17,7,1,24.07,0.0,49.82,5.1,8.76,35.03,287.436,0,1,24.444444,2
20921,5,18,7,1,24.07,0.0,49.67,4.5,5.88,33.55,143.306,0,1,24.444444,2
20922,5,19,7,1,24.08,0.0,49.89,4.9,6.96,28.43,19.7087,0,1,24.444444,2
20923,5,20,7,1,24.07,0.0,50.48,5.0,6.36,24.64,0.0,0,1,24.444444,2
20924,5,21,7,1,24.07,0.0,51.48,5.4,2.28,23.5,0.0,0,1,24.444444,2
20925,5,22,7,1,24.07,0.0,53.17,4.3,1.32,20.53,0.0,0,1,24.444444,2
20926,5,23,7,1,24.07,0.0,54.56,5.4,0.96,20.93,0.0,0,1,24.444444,2
20927,5,24,7,1,24.07,0.0,55.38,4.3,1.44,18.02,0.0,0,1,24.444444,2
20928,5,1,1,1,24.07,0.0,56.35,3.5,0.72,14.77,0.0,0,1,24.444444,2
20929,5,2,1,1,24.07,0.0,55.51,8.4,0.48,19.99,0.0,0,1,24.444444,2
20930,5,3,1,1,24.05,0.0,54.44,3.7,0.12,11.62,0.0,0,1,24.444444,2
20931,5,4,1,1,24.03,0.0,55.34,3.4,0.6,10.2,0.0,0,1,24.444444,2
20932,5,5,1,1,24.01,0.0,56.77,3.9,1.8,10.17,0.0,0,1,24.444444,2
20933,5,6,1,1,24.01,0.0,57.6,3.5,3.6,13.94,0.0,0,1,24.444444,2
20934,5,7,1,1,24.02,0.0,57.05,3.9,10.2,20.56,67.4317,0,1,24.444444,2
20935,5,8,1,1,24.03,0.0,55.32,3.6,9.12,22.73,224.304,0,1,24.444444,2
20936,5,9,1,1,24.04,0.0,53.1,4.0,9.72,24.57,402.039,0,1,24.444444,2
20937,5,10,1,1,24.05,0.0,51.38,4.1,10.68,24.77,536.049,0,1,24.444444,2
20938,5,11,1,1,24.07,0.0,50.27,5.0,4.68,24.6,609.294,0,1,24.444444,2
20939,5,12,1,1,24.07,0.0,50.06,3.9,10.8,23.98,712.977,0,1,24.444444,2
20940,5,13,1,1,24.07,0.0,50.31,4.0,9.96,26.32,730.888,0,1,24.444444,2
20941,5,14,1,1,24.07,0.0,49.7,8.7,1.32,35.86,692.048,0,1,24.444444,2
20942,5,15,1,1,24.07,0.0,48.78,6.6,3.24,36.91,617.353,0,1,24.444444,2
20943,5,16,1,1,24.07,0.0,48.51,4.1,10.68,36.5,491.812,0,1,24.444444,2
20944,5,17,1,1,24.07,0.0,48.49,7.1,11.4,41.2,334.322,0,1,24.444444,2
20945,5,18,1,1,24.07,0.0,48.22,9.8,5.04,42.69,150.506,0,1,24.444444,2
20946,5,19,1,1,24.07,0.0,48.22,4.8,5.52,30.12,19.6071,0,1,24.444444,2
20947,5,20,1,1,24.07,0.0,48.41,10.4,1.68,32.89,0.0,0,1,24.444444,2
20948,5,21,1,1,24.07,0.0,49.07,6.0,2.28,24.95,0.0,0,1,24.444444,2
20949,5,22,1,1,24.07,0.0,50.5,7.6,1.08,24.8,0.0,0,1,24.444444,2
20950,5,23,1,1,24.07,0.0,52.39,5.2,0.96,19.65,0.0,0,1,24.444444,2
20951,5,24,1,1,24.07,0.0,54.54,4.3,0.72,16.3,0.0,0,1,24.444444,2
20952,5,1,2,1,24.06,0.0,56.65,3.1,0.0,12.51,0.0,0,1,24.444444,2
20953,5,2,2,1,24.03,0.0,58.26,3.1,0.24,10.53,0.0,0,1,24.444444,2
20954,5,3,2,1,24.01,0.0,59.44,3.7,0.96,10.22,0.0,0,1,24.444444,2
20955,5,4,2,1,23.97,0.0,60.86,3.4,0.48,9.0,0.0,0,1,24.444444,2
20956,5,5,2,1,23.94,0.0,62.2,3.7,3.24,8.81,0.0,0,1,24.444444,2
20957,5,6,2,1,23.95,0.0,62.71,3.7,5.88,13.6,0.0,0,1,24.444444,2
20958,5,7,2,1,23.99,0.0,61.82,4.1,15.12,21.29,62.5851,0,1,24.444444,2
20959,5,8,2,1,24.02,0.0,60.66,4.4,9.24,24.86,219.594,0,1,24.444444,2
20960,5,9,2,1,24.04,0.0,60.02,5.3,18.24,28.87,397.803,0,1,24.444444,2
20961,5,10,2,1,24.05,0.0,59.35,4.6,6.6,28.42,542.02,0,1,24.444444,2
20962,5,11,2,1,24.07,0.0,58.19,5.4,2.76,29.74,475.836,0,1,24.444444,2
20963,5,12,2,1,24.07,0.0,57.53,3.9,4.56,30.39,474.12,0,1,24.444444,2
20964,5,13,2,1,24.07,0.0,57.76,3.9,1.8,33.19,458.223,0,1,24.444444,2
20965,5,14,2,1,24.07,0.0,56.81,10.1,0.96,45.37,528.493,0,1,24.444444,2
20966,5,15,2,1,24.07,0.0,56.06,5.6,3.36,40.95,565.422,0,1,24.444444,2
20967,5,16,2,1,24.07,0.0,56.36,4.3,1.2,40.33,412.438,0,1,24.444444,2
20968,5,17,2,1,24.07,0.0,55.83,10.1,5.16,50.1,328.891,0,1,24.444444,2
20969,5,18,2,1,24.07,0.0,55.31,8.9,7.8,45.52,147.029,0,1,24.444444,2
20970,5,19,2,1,24.07,0.0,56.11,5.4,5.04,34.05,19.3759,0,1,24.444444,2
20971,5,20,2,1,24.07,0.0,57.31,8.1,14.52,33.85,0.0,0,1,24.444444,2
20972,5,21,2,1,24.07,0.0,58.03,7.2,4.32,30.82,0.0,0,1,24.444444,2
20973,5,22,2,1,24.07,0.0,59.09,7.9,0.48,30.02,0.0,0,1,24.444444,2
20974,5,23,2,1,24.07,0.0,60.43,6.7,3.12,26.35,0.0,0,1,24.444444,2
20975,5,24,2,1,24.07,0.0,62.42,3.3,0.36,19.1,0.0,0,1,24.444444,2
20976,5,1,3,1,24.07,0.0,63.64,6.2,0.48,22.25,0.0,0,1,24.444444,2
20977,5,2,3,1,24.07,0.0,64.92,3.6,0.24,16.41,0.0,0,1,24.444444,2
20978,5,3,3,1,24.06,0.0,67.07,3.3,0.36,15.22,0.0,0,1,24.444444,2
20979,5,4,3,1,24.06,0.0,68.61,4.9,0.6,17.24,0.0,0,1,24.444444,2
20980,5,5,3,1,24.04,0.0,69.99,3.5,2.88,14.36,0.0,0,1,24.444444,2
20981,5,6,3,1,24.05,0.0,70.08,5.9,5.4,23.92,0.0,0,1,24.444444,2
20982,5,7,3,1,24.06,0.0,68.68,5.3,23.4,29.09,67.7928,0,1,24.444444,2
20983,5,8,3,1,24.06,0.0,67.14,4.6,12.48,30.11,212.443,0,1,24.444444,2
20984,5,9,3,1,24.07,0.0,65.42,5.6,8.88,34.49,363.898,0,1,24.444444,2
20985,5,10,3,1,24.07,0.0,63.49,3.8,3.12,32.9,496.016,0,1,24.444444,2
20986,5,11,3,1,24.07,0.0,62.26,3.8,1.08,33.04,602.384,0,1,24.444444,2
20987,5,12,3,1,24.07,0.0,60.74,4.1,9.72,34.94,624.42,0,1,24.444444,2
20988,5,13,3,1,24.07,0.0,59.6,3.7,0.72,34.85,673.443,0,1,24.444444,2
20989,5,14,3,1,24.08,0.01,57.75,9.9,0.6,46.56,671.296,0,1,24.444444,2
20990,5,15,3,1,24.07,0.0,57.41,3.7,0.84,40.32,564.381,0,1,24.444444,2
20991,5,16,3,1,24.07,0.0,57.63,4.2,4.56,40.18,344.42,0,1,24.444444,2
20992,5,17,3,1,24.07,0.0,56.69,7.9,1.2,46.58,314.155,0,1,24.444444,2
20993,5,18,3,1,24.07,0.0,56.24,7.4,4.8,43.28,142.57,0,1,24.444444,2
20994,5,19,3,1,24.07,0.0,57.2,6.2,7.44,35.81,20.4313,0,1,24.444444,2
20995,5,20,3,1,24.07,0.0,58.2,8.3,3.36,35.0,0.0,0,1,24.444444,2
20996,5,21,3,1,24.07,0.0,58.94,7.6,9.6,31.78,0.0,0,1,24.444444,2
20997,5,22,3,1,24.07,0.0,58.94,11.2,2.04,35.17,0.0,0,1,24.444444,2
20998,5,23,3,1,24.07,0.0,59.64,6.4,3.0,25.65,0.0,0,1,24.444444,2
20999,5,24,3,1,24.07,0.0,61.39,5.2,1.8,22.09,0.0,0,1,24.444444,2
21000,5,1,4,1,24.07,0.0,63.29,4.1,0.48,18.54,0.0,0,1,24.444444,2
21001,5,2,4,1,24.06,0.0,65.77,3.0,0.12,15.33,0.0,0,1,24.444444,2
21002,5,3,4,1,24.05,0.0,68.08,3.0,0.36,14.37,0.0,0,1,24.444444,2
21003,5,4,4,1,24.04,0.0,69.62,3.3,0.24,14.05,0.0,0,1,24.444444,2
21004,5,5,4,1,24.04,0.0,70.52,4.7,2.52,15.71,0.0,0,1,24.444444,2
21005,5,6,4,1,24.04,0.0,70.64,4.1,6.0,19.7,0.0,0,1,24.444444,2
21006,5,7,4,1,24.06,0.0,68.47,8.2,10.56,33.39,73.5795,0,1,24.444444,2
21007,5,8,4,1,24.07,0.0,65.22,9.7,7.56,35.98,203.636,0,1,24.444444,2
21008,5,9,4,1,24.07,0.0,61.9,7.5,3.24,33.78,370.348,0,1,24.444444,2
21009,5,10,4,1,24.07,0.0,59.42,8.1,3.6,35.86,457.166,0,1,24.444444,2
21010,5,11,4,1,24.07,0.0,57.98,8.5,5.76,36.37,624.197,0,1,24.444444,2
21011,5,12,4,1,24.07,0.0,57.61,7.4,1.32,35.12,708.764,0,1,24.444444,2
21012,5,13,4,1,24.07,0.0,55.8,10.3,0.96,41.21,718.341,0,1,24.444444,2
21013,5,14,4,1,24.07,0.0,53.47,10.0,1.44,42.58,667.725,0,1,24.444444,2
21014,5,15,4,1,24.07,0.0,52.67,9.1,2.16,44.54,553.444,0,1,24.444444,2
21015,5,16,4,1,24.07,0.0,52.04,7.6,1.08,42.58,435.196,0,1,24.444444,2
21016,5,17,4,1,24.07,0.0,52.06,9.0,3.12,42.93,262.78,0,1,24.444444,2
21017,5,18,4,1,24.07,0.0,53.22,9.0,2.28,41.57,125.618,0,1,24.444444,2
21018,5,19,4,1,24.07,0.0,54.18,9.4,4.56,37.38,19.3612,0,1,24.444444,2
21019,5,20,4,1,24.07,0.0,55.46,8.1,3.48,32.44,0.0,0,1,24.444444,2
21020,5,21,4,1,24.07,0.0,56.29,11.4,3.24,36.08,0.0,0,1,24.444444,2
21021,5,22,4,1,24.07,0.0,56.87,11.0,4.56,33.92,0.0,0,1,24.444444,2
21022,5,23,4,1,24.07,0.0,58.38,7.4,1.92,27.06,0.0,0,1,24.444444,2
21023,5,24,4,1,24.07,0.0,60.11,8.1,1.8,27.34,0.0,0,1,24.444444,2
21024,5,1,5,1,24.07,0.0,61.99,4.5,0.48,20.4,0.0,0,1,24.444444,2
21025,5,2,5,1,24.07,0.0,63.87,4.6,0.48,19.81,0.0,0,1,24.444444,2
21026,5,3,5,1,24.07,0.0,63.88,9.4,0.48,26.84,0.0,0,1,24.444444,2
21027,5,4,5,1,24.07,0.0,64.14,5.1,0.12,18.1,0.0,0,1,24.444444,2
21028,5,5,5,1,24.07,0.0,64.77,8.2,1.44,23.07,0.0,0,1,24.444444,2
21029,5,6,5,1,24.07,0.0,63.97,8.9,6.12,27.74,0.0,0,1,24.444444,2
21030,5,7,5,1,24.07,0.0,62.56,8.9,23.4,30.1,65.1924,0,1,24.444444,2
21031,5,8,5,1,24.07,0.0,61.43,8.2,10.56,28.67,178.27,0,1,24.444444,2
21032,5,9,5,1,24.07,0.0,59.8,9.3,3.48,31.36,219.242,0,1,24.444444,2
21033,5,10,5,1,24.07,0.0,58.01,8.0,6.6,32.5,426.615,0,1,24.444444,2
21034,5,11,5,1,24.07,0.0,56.74,8.2,3.12,32.93,427.789,0,1,24.444444,2
21035,5,12,5,1,24.07,0.0,55.16,8.4,0.84,33.95,443.916,0,1,24.444444,2
21036,5,13,5,1,24.07,0.0,54.18,9.1,1.08,36.67,638.878,0,1,24.444444,2
21037,5,14,5,1,24.07,0.0,53.02,9.9,1.8,40.35,523.369,0,1,24.444444,2
21038,5,15,5,1,24.07,0.0,51.65,9.4,4.32,39.64,425.847,0,1,24.444444,2
21039,5,16,5,1,24.07,0.0,51.9,8.8,1.56,38.57,323.988,0,1,24.444444,2
21040,5,17,5,1,24.07,0.0,52.04,9.1,2.52,37.58,215.987,0,1,24.444444,2
21041,5,18,5,1,24.07,0.0,52.04,12.6,2.52,39.66,90.7951,0,1,24.444444,2
21042,5,19,5,1,24.07,0.0,52.84,10.4,3.36,33.78,14.8198,0,1,24.444444,2
21043,5,20,5,1,24.07,0.0,53.54,11.8,3.48,33.95,0.0,0,1,24.444444,2
21044,5,21,5,1,24.07,0.0,54.45,11.2,1.32,32.07,0.0,0,1,24.444444,2
21045,5,22,5,1,24.07,0.0,55.61,10.6,2.28,30.06,0.0,0,1,24.444444,2
21046,5,23,5,1,24.07,0.0,56.42,11.5,0.84,30.2,0.0,0,1,24.444444,2
21047,5,24,5,1,24.07,0.0,57.4,9.9,0.48,26.7,0.0,0,1,24.444444,2
21048,5,1,6,1,24.07,0.0,59.46,5.6,0.48,18.72,0.0,0,1,24.444444,2
21049,5,2,6,1,24.07,0.0,61.71,6.9,0.24,19.96,0.0,0,1,24.444444,2
21050,5,3,6,1,24.05,0.0,64.67,3.1,0.24,13.32,0.0,0,1,24.444444,2
21051,5,4,6,1,24.07,0.0,66.29,7.9,0.36,20.62,0.0,0,1,24.444444,2
21052,5,5,6,1,24.07,0.0,66.07,9.3,4.44,22.43,0.0,0,1,24.444444,2
21053,5,6,6,1,24.05,0.0,67.22,3.7,8.88,14.58,0.0,0,1,24.444444,2
21054,5,7,6,1,24.07,0.0,66.65,8.5,10.68,25.73,77.2907,0,1,24.444444,2
21055,5,8,6,1,24.07,0.0,64.35,9.3,9.84,28.77,182.267,0,1,24.444444,2
21056,5,9,6,1,24.07,0.0,62.66,7.7,5.52,28.83,279.373,0,1,24.444444,2
21057,5,10,6,1,24.07,0.0,61.7,3.8,2.4,25.69,371.752,0,1,24.444444,2
21058,5,11,6,1,24.07,0.0,60.94,5.2,0.84,30.15,380.653,0,1,24.444444,2
21059,5,12,6,1,24.07,0.0,59.28,8.5,1.32,37.62,528.394,0,1,24.444444,2
21060,5,13,6,1,24.07,0.0,58.44,5.6,6.6,32.92,461.286,0,1,24.444444,2
21061,5,14,6,1,24.07,0.0,57.51,10.4,1.32,34.12,149.892,0,1,24.444444,2
21062,5,15,6,1,24.07,0.0,57.16,3.8,1.68,26.8,421.177,0,1,24.444444,2
21063,5,16,6,1,24.07,0.0,56.11,9.1,2.28,38.16,409.316,0,1,24.444444,2
21064,5,17,6,1,24.07,0.0,55.64,8.1,1.92,32.71,142.538,0,1,24.444444,2
21065,5,18,6,1,24.07,0.0,55.4,9.0,2.4,35.85,150.185,0,1,24.444444,2
21066,5,19,6,1,24.07,0.0,54.98,10.7,3.36,33.3,22.8348,0,1,24.444444,2
21067,5,20,6,1,24.07,0.0,55.82,7.9,1.56,24.32,0.0,0,1,24.444444,2
21068,5,21,6,1,24.07,0.0,57.4,7.7,5.76,22.4,0.0,0,1,24.444444,2
21069,5,22,6,1,24.07,0.0,59.37,6.9,1.56,19.52,0.0,0,1,24.444444,2
21070,5,23,6,1,24.07,0.0,61.03,6.3,1.08,16.94,0.0,0,1,24.444444,2
21071,5,24,6,1,24.07,0.0,62.53,5.9,0.96,15.07,0.0,0,1,24.444444,2
21072,5,1,7,1,24.02,0.0,64.71,3.8,1.56,10.91,0.0,0,1,24.444444,2
21073,5,2,7,1,23.99,0.0,67.0,4.0,0.96,10.46,0.0,0,1,24.444444,2
21074,5,3,7,1,23.92,0.0,69.07,3.2,0.36,8.46,0.0,0,1,24.444444,2
21075,5,4,7,1,23.96,0.0,69.63,6.2,0.96,11.37,0.0,0,1,24.444444,2
21076,5,5,7,1,23.88,0.0,70.74,4.0,0.84,8.22,0.0,0,1,24.444444,2
21077,5,6,7,1,23.92,0.0,70.89,5.0,2.88,14.78,0.0,0,1,24.444444,2
21078,5,7,7,1,23.96,0.0,69.9,3.8,4.32,21.69,67.6771,0,1,24.444444,2
21079,5,8,7,1,24.0,0.0,67.64,4.7,2.76,26.79,216.773,0,1,24.444444,2
21080,5,9,7,1,24.02,0.0,65.95,4.7,13.8,29.27,390.678,0,1,24.444444,2
21081,5,10,7,1,24.03,0.0,64.76,4.0,9.36,28.81,535.597,0,1,24.444444,2
21082,5,11,7,1,24.06,0.0,63.15,5.4,4.8,29.69,635.886,0,1,24.444444,2
21083,5,12,7,1,24.07,0.0,61.45,5.5,8.28,31.02,668.736,0,1,24.444444,2
21084,5,13,7,1,24.07,0.0,58.19,5.8,3.0,34.15,662.977,0,1,24.444444,2
21085,5,14,7,1,24.07,0.0,53.67,10.7,2.4,42.55,678.573,0,1,24.444444,2
21086,5,15,7,1,24.07,0.0,51.66,4.9,2.4,38.35,603.231,0,1,24.444444,2
21087,5,16,7,1,24.07,0.0,50.68,5.1,2.52,41.32,480.886,0,1,24.444444,2
21088,5,17,7,1,24.07,0.0,50.1,4.1,7.56,41.04,323.619,0,1,24.444444,2
21089,5,18,7,1,24.07,0.0,49.93,5.5,6.12,41.04,148.114,0,1,24.444444,2
21090,5,19,7,1,24.07,0.0,51.02,3.6,3.24,32.43,21.2027,0,1,24.444444,2
21091,5,20,7,1,24.07,0.0,53.65,5.8,5.16,31.38,0.0,0,1,24.444444,2
21092,5,21,7,1,24.07,0.0,55.44,8.3,4.8,33.9,0.0,0,1,24.444444,2
21093,5,22,7,1,24.07,0.0,56.33,8.5,0.96,32.19,0.0,0,1,24.444444,2
21094,5,23,7,1,24.07,0.0,57.68,5.7,0.6,26.26,0.0,0,1,24.444444,2
21095,5,24,7,1,24.07,0.0,58.8,4.6,0.36,22.83,0.0,0,1,24.444444,2
21096,5,1,1,1,24.07,0.0,59.95,3.3,0.72,18.26,0.0,0,1,24.444444,2
21097,5,2,1,1,24.07,0.0,60.77,8.1,0.72,23.91,0.0,0,1,24.444444,2
21098,5,3,1,1,24.07,0.0,62.3,5.1,0.72,17.16,0.0,0,1,24.444444,2
21099,5,4,1,1,24.06,0.0,64.9,3.7,0.48,13.97,0.0,0,1,24.444444,2
21100,5,5,1,1,24.06,0.0,66.57,5.6,0.6,15.91,0.0,0,1,24.444444,2
21101,5,6,1,1,24.04,0.0,67.57,3.8,3.36,17.6,0.0,0,1,24.444444,2
21102,5,7,1,1,24.05,0.0,66.92,4.0,6.6,25.37,74.664,0,1,24.444444,2
21103,5,8,1,1,24.05,0.0,65.31,4.3,8.52,29.69,216.055,0,1,24.444444,2
21104,5,9,1,1,24.06,0.0,63.22,3.8,13.08,30.6,376.982,0,1,24.444444,2
21105,5,10,1,1,24.07,0.0,61.16,4.0,6.72,31.76,497.262,0,1,24.444444,2
21106,5,11,1,1,24.07,0.0,59.11,6.9,9.12,35.97,562.429,0,1,24.444444,2
21107,5,12,1,1,24.08,0.0,58.08,5.6,7.56,30.42,644.624,0,1,24.444444,2
21108,5,13,1,1,24.08,0.0,57.82,4.3,4.68,29.68,672.029,0,1,24.444444,2
21109,5,14,1,1,24.07,0.0,56.81,9.1,3.84,32.28,271.195,0,1,24.444444,2
21110,5,15,1,1,24.07,0.0,56.16,3.8,11.52,24.54,341.704,0,1,24.444444,2
21111,5,16,1,1,24.07,0.0,56.33,5.7,7.68,24.32,173.232,0,1,24.444444,2
21112,5,17,1,1,24.07,0.0,56.56,7.4,6.96,23.85,57.0243,0,1,24.444444,2
21113,5,18,1,1,24.07,0.0,57.35,10.8,5.88,31.34,51.0557,0,1,24.444444,2
21114,5,19,1,1,24.07,0.0,59.21,4.6,4.32,22.64,22.7751,0,1,24.444444,2
21115,5,20,1,1,24.07,0.0,61.01,6.9,2.52,23.55,0.0,0,1,24.444444,2
21116,5,21,1,1,24.07,0.0,61.93,5.3,3.48,19.92,0.0,0,1,24.444444,2
21117,5,22,1,1,24.07,0.0,61.49,9.2,1.92,24.97,0.0,0,1,24.444444,2
21118,5,23,1,1,24.07,0.0,61.83,5.1,1.32,16.7,0.0,0,1,24.444444,2
21119,5,24,1,1,24.05,0.0,63.82,3.8,0.48,13.83,0.0,0,1,24.444444,2
21120,5,1,8,1,24.03,0.0,66.1,3.2,0.24,12.22,0.0,0,1,24.444444,2
21121,5,2,8,1,24.02,0.0,67.87,4.6,0.24,13.18,0.0,0,1,24.444444,2
21122,5,3,8,1,23.99,0.0,69.65,3.7,0.6,11.03,0.0,0,1,24.444444,2
21123,5,4,8,1,23.99,0.0,70.57,4.7,0.72,11.96,0.0,0,1,24.444444,2
21124,5,5,8,1,23.97,0.0,71.38,4.1,2.16,10.7,0.0,0,1,24.444444,2
21125,5,6,8,1,23.99,0.0,71.14,5.1,7.68,17.66,0.0,0,1,24.444444,2
21126,5,7,8,1,24.01,0.0,69.66,4.3,16.68,24.13,68.6961,0,1,24.444444,2
21127,5,8,8,1,24.02,0.0,67.44,4.4,15.12,27.46,210.802,0,1,24.444444,2
21128,5,9,8,1,24.03,0.0,64.94,4.2,8.52,29.02,370.936,0,1,24.444444,2
21129,5,10,8,1,24.06,0.0,62.53,5.9,7.08,32.01,525.155,0,1,24.444444,2
21130,5,11,8,1,24.07,0.0,61.64,3.6,1.2,28.18,612.523,0,1,24.444444,2
21131,5,12,8,1,24.07,0.0,60.64,4.6,2.52,30.89,665.954,0,1,24.444444,2
21132,5,13,8,1,24.07,0.0,59.41,3.8,1.44,31.72,676.42,0,1,24.444444,2
21133,5,14,8,1,24.07,0.0,57.47,7.7,1.32,42.84,628.4,0,1,24.444444,2
21134,5,15,8,1,24.07,0.0,55.82,4.7,2.64,41.47,549.907,0,1,24.444444,2
21135,5,16,8,1,24.07,0.0,55.22,4.0,2.64,41.57,449.318,0,1,24.444444,2
21136,5,17,8,1,24.07,0.0,54.62,4.4,7.44,42.51,323.563,0,1,24.444444,2
21137,5,18,8,1,24.07,0.0,54.05,6.0,7.2,43.12,148.244,0,1,24.444444,2
21138,5,19,8,1,24.07,0.0,54.05,5.9,7.08,36.84,21.5763,0,1,24.444444,2
21139,5,20,8,1,24.07,0.0,54.2,8.9,12.12,35.39,0.0,0,1,24.444444,2
21140,5,21,8,1,24.07,0.0,54.65,6.5,2.28,29.8,0.0,0,1,24.444444,2
21141,5,22,8,1,24.07,0.0,55.58,7.2,1.44,28.81,0.0,0,1,24.444444,2
21142,5,23,8,1,24.07,0.0,57.14,4.7,0.96,23.17,0.0,0,1,24.444444,2
21143,5,24,8,1,24.07,0.0,58.69,4.8,0.6,21.56,0.0,0,1,24.444444,2
21144,6,1,3,1,24.07,0.0,60.43,3.4,0.48,17.88,0.0,0,1,24.444444,2
21145,6,2,3,1,24.07,0.0,62.33,3.3,0.36,15.49,0.0,0,1,24.444444,2
21146,6,3,3,1,24.06,0.0,63.65,3.9,0.12,14.6,0.0,0,1,24.444444,2
21147,6,4,3,1,24.04,0.0,64.99,3.7,1.56,13.11,0.0,0,1,24.444444,2
21148,6,5,3,1,24.02,0.0,66.45,3.5,2.64,12.05,0.0,0,1,24.444444,2
21149,6,6,3,1,24.03,0.0,66.66,3.9,3.24,19.25,0.0,0,1,24.444444,2
21150,6,7,3,1,24.06,0.0,64.72,6.7,31.92,29.93,61.4033,0,1,24.444444,2
21151,6,8,3,1,24.06,0.0,62.26,4.8,5.88,26.55,201.792,0,1,24.444444,2
21152,6,9,3,1,24.06,0.0,61.08,4.0,3.72,26.83,342.144,0,1,24.444444,2
21153,6,10,3,1,24.07,0.0,59.99,3.5,7.56,27.82,449.951,0,1,24.444444,2
21154,6,11,3,1,24.07,0.0,58.87,3.6,1.08,30.13,499.687,0,1,24.444444,2
21155,6,12,3,1,24.07,0.0,57.92,4.2,2.28,33.18,515.356,0,1,24.444444,2
21156,6,13,3,1,24.07,0.0,57.29,4.2,2.16,34.55,531.108,0,1,24.444444,2
21157,6,14,3,1,24.07,0.0,56.42,10.2,1.2,43.84,439.102,0,1,24.444444,2
21158,6,15,3,1,24.07,0.0,55.55,5.3,3.24,35.09,347.574,0,1,24.444444,2
21159,6,16,3,1,24.07,0.0,56.12,4.1,1.68,32.12,226.145,0,1,24.444444,2
21160,6,17,3,1,24.07,0.0,55.86,9.1,3.84,38.98,176.257,0,1,24.444444,2
21161,6,18,3,1,24.07,0.0,56.08,5.5,5.76,32.28,89.8575,0,1,24.444444,2
21162,6,19,3,1,24.07,0.0,57.24,3.9,3.72,27.11,17.1677,0,1,24.444444,2
21163,6,20,3,1,24.07,0.0,58.44,6.1,3.12,28.52,0.0,0,1,24.444444,2
21164,6,21,3,1,24.07,0.0,59.08,8.4,3.24,30.96,0.0,0,1,24.444444,2
21165,6,22,3,1,24.07,0.0,59.06,10.4,3.12,32.14,0.0,0,1,24.444444,2
21166,6,23,3,1,24.07,0.0,59.91,5.4,1.92,22.37,0.0,0,1,24.444444,2
21167,6,24,3,1,24.07,0.0,62.07,4.3,0.72,19.8,0.0,0,1,24.444444,2
21168,6,1,4,1,24.07,0.0,64.43,3.4,0.24,17.71,0.0,0,1,24.444444,2
21169,6,2,4,1,24.06,0.0,66.62,2.8,0.72,15.32,0.0,0,1,24.444444,2
21170,6,3,4,1,24.06,0.0,68.06,3.9,0.48,16.11,0.0,0,1,24.444444,2
21171,6,4,4,1,24.05,0.0,68.9,3.6,0.6,15.19,0.0,0,1,24.444444,2
21172,6,5,4,1,24.07,0.0,68.29,7.8,1.32,21.2,0.0,0,1,24.444444,2
21173,6,6,4,1,24.07,0.0,65.96,10.9,3.12,30.44,0.0,0,1,24.444444,2
21174,6,7,4,1,24.07,0.0,64.35,7.9,9.96,31.48,71.1434,0,1,24.444444,2
21175,6,8,4,1,24.07,0.0,62.07,10.4,3.12,36.91,208.284,0,1,24.444444,2
21176,6,9,4,1,24.07,0.0,60.25,10.1,2.04,36.79,293.714,0,1,24.444444,2
21177,6,10,4,1,24.07,0.0,58.64,8.9,4.56,37.71,400.124,0,1,24.444444,2
21178,6,11,4,1,24.07,0.0,57.54,9.3,1.2,40.26,600.511,0,1,24.444444,2
21179,6,12,4,1,24.07,0.0,56.87,9.0,6.96,39.49,634.511,0,1,24.444444,2
21180,6,13,4,1,24.07,0.0,56.25,8.6,3.48,40.15,625.48,0,1,24.444444,2
21181,6,14,4,1,24.07,0.0,55.32,10.0,3.84,44.43,491.595,0,1,24.444444,2
21182,6,15,4,1,24.07,0.0,54.92,9.3,2.28,42.84,474.957,0,1,24.444444,2
21183,6,16,4,1,24.07,0.0,55.24,8.9,1.68,40.08,282.436,0,1,24.444444,2
21184,6,17,4,1,24.07,0.0,55.66,8.8,1.2,36.69,167.022,0,1,24.444444,2
21185,6,18,4,1,24.07,0.0,56.41,9.7,2.04,36.2,105.774,0,1,24.444444,2
21186,6,19,4,1,24.07,0.0,57.56,9.8,4.08,32.96,21.0484,0,1,24.444444,2
21187,6,20,4,1,24.07,0.0,58.1,10.7,4.44,31.78,0.0,0,1,24.444444,2
21188,6,21,4,1,24.07,0.0,58.57,10.8,4.32,30.94,0.0,0,1,24.444444,2
21189,6,22,4,1,24.07,0.0,59.13,12.8,1.56,32.86,0.0,0,1,24.444444,2
21190,6,23,4,1,24.07,0.0,59.29,13.8,1.8,33.13,0.0,0,1,24.444444,2
21191,6,24,4,1,24.07,0.0,61.96,3.8,0.48,15.55,0.0,0,1,24.444444,2
21192,6,1,5,1,24.07,0.0,64.44,8.6,0.6,22.7,0.0,0,1,24.444444,2
21193,6,2,5,1,24.07,0.0,64.82,9.5,0.48,24.2,0.0,0,1,24.444444,2
21194,6,3,5,1,24.07,0.0,65.29,11.3,0.24,27.16,0.0,0,1,24.444444,2
21195,6,4,5,1,24.05,0.0,67.75,3.8,0.24,14.03,0.0,0,1,24.444444,2
21196,6,5,5,1,24.07,0.0,68.88,10.0,0.72,25.15,0.0,0,1,24.444444,2
21197,6,6,5,1,24.07,0.0,67.47,10.1,4.92,30.96,0.0,0,1,24.444444,2
21198,6,7,5,1,24.07,0.0,66.58,6.7,27.12,31.43,60.3265,0,1,24.444444,2
21199,6,8,5,1,24.06,0.0,66.73,3.7,8.4,28.17,202.505,0,1,24.444444,2
21200,6,9,5,1,24.11,0.04,64.11,9.5,7.44,40.6,377.144,0,1,24.444444,2
21201,6,10,5,1,24.08,0.0,62.11,4.2,2.76,33.7,482.865,0,1,24.444444,2
21202,6,11,5,1,24.08,0.0,60.65,9.7,2.28,43.86,530.94,0,1,24.444444,2
21203,6,12,5,1,24.16,0.09,57.71,13.4,0.96,47.79,550.852,0,1,24.444444,2
21204,6,13,5,1,24.1,0.03,56.79,9.2,4.68,43.69,641.709,0,1,24.444444,2
21205,6,14,5,1,24.1,0.02,55.58,10.0,1.32,46.44,628.677,0,1,24.444444,2
21206,6,15,5,1,24.07,0.0,54.66,8.2,8.52,45.15,533.366,0,1,24.444444,2
21207,6,16,5,1,24.08,0.0,55.07,8.2,1.44,37.24,188.174,0,1,24.444444,2
21208,6,17,5,1,24.07,0.0,56.09,8.8,1.44,31.75,37.3367,0,1,24.444444,2
21209,6,18,5,1,24.07,0.0,57.1,9.1,1.44,29.02,0.571212,0,1,24.444444,2
21210,6,19,5,1,24.07,0.0,57.89,10.3,1.68,28.74,0.0,0,1,24.444444,2
21211,6,20,5,1,24.07,0.0,57.7,14.4,3.0,33.19,0.0,0,1,24.444444,2
21212,6,21,5,1,24.07,0.0,58.19,10.4,1.56,25.63,0.0,0,1,24.444444,2
21213,6,22,5,1,24.07,0.0,59.44,10.9,3.0,25.72,0.0,0,1,24.444444,2
21214,6,23,5,1,24.07,0.0,61.61,6.5,0.48,17.74,0.0,0,1,24.444444,2
21215,6,24,5,1,24.07,0.0,62.99,10.9,0.36,24.64,0.0,0,1,24.444444,2
21216,6,1,6,1,24.04,0.0,65.16,3.7,0.6,12.27,0.0,0,1,24.444444,2
21217,6,2,6,1,24.01,0.0,68.63,3.2,0.36,11.74,0.0,0,1,24.444444,2
21218,6,3,6,1,24.01,0.0,71.2,3.8,0.36,12.93,0.0,0,1,24.444444,2
21219,6,4,6,1,23.99,0.0,73.36,3.2,0.36,12.2,0.0,0,1,24.444444,2
21220,6,5,6,1,23.97,0.0,74.77,3.1,7.32,11.77,0.0,0,1,24.444444,2
21221,6,6,6,1,23.96,0.0,75.57,3.3,6.12,11.57,0.0,0,1,24.444444,2
21222,6,7,6,1,23.96,0.0,75.52,4.1,16.56,12.33,19.9586,0,1,24.444444,2
21223,6,8,6,1,23.97,0.0,74.38,5.0,1.68,12.56,7.77488,0,1,24.444444,2
21224,6,9,6,1,23.99,0.0,73.35,5.4,3.84,14.78,58.0779,0,1,24.444444,2
21225,6,10,6,1,24.01,0.0,72.39,4.4,2.28,18.11,232.331,0,1,24.444444,2
21226,6,11,6,1,24.03,0.0,70.63,4.6,1.32,25.1,578.393,0,1,24.444444,2
21227,6,12,6,1,24.05,0.0,68.49,4.6,1.44,30.3,531.316,0,1,24.444444,2
21228,6,13,6,1,24.07,0.0,65.19,4.3,8.76,32.18,585.597,0,1,24.444444,2
21229,6,14,6,1,24.08,0.01,60.88,11.5,2.88,44.72,526.661,0,1,24.444444,2
21230,6,15,6,1,24.07,0.0,59.15,4.1,5.16,34.82,453.713,0,1,24.444444,2
21231,6,16,6,1,24.07,0.0,59.2,8.5,3.36,44.75,397.165,0,1,24.444444,2
21232,6,17,6,1,24.07,0.0,58.31,10.2,2.16,46.96,314.482,0,1,24.444444,2
21233,6,18,6,1,24.07,0.0,57.14,12.4,1.68,46.65,153.687,0,1,24.444444,2
21234,6,19,6,1,24.07,0.0,57.3,5.7,2.76,29.22,24.1259,0,1,24.444444,2
21235,6,20,6,1,24.07,0.0,57.94,11.4,1.68,34.26,0.0,0,1,24.444444,2
21236,6,21,6,1,24.07,0.0,59.14,9.8,2.76,29.74,0.0,0,1,24.444444,2
21237,6,22,6,1,24.07,0.0,61.69,6.3,1.32,22.35,0.0,0,1,24.444444,2
21238,6,23,6,1,24.07,0.0,64.17,5.3,0.36,19.43,0.0,0,1,24.444444,2
21239,6,24,6,1,24.07,0.0,66.28,4.1,0.72,16.52,0.0,0,1,24.444444,2
21240,6,1,7,1,24.06,0.0,68.35,4.8,0.6,16.7,0.0,0,1,24.444444,2
21241,6,2,7,1,24.04,0.0,69.87,3.6,0.12,13.57,0.0,0,1,24.444444,2
21242,6,3,7,1,24.02,0.0,70.78,3.7,0.6,12.78,0.0,0,1,24.444444,2
21243,6,4,7,1,24.05,0.0,70.37,7.1,0.48,17.75,0.0,0,1,24.444444,2
21244,6,5,7,1,24.04,0.0,70.16,6.0,0.84,15.11,0.0,0,1,24.444444,2
21245,6,6,7,1,24.01,0.0,71.06,3.6,3.24,13.19,0.0,0,1,24.444444,2
21246,6,7,7,1,24.03,0.0,70.34,5.6,8.88,22.27,76.0391,0,1,24.444444,2
21247,6,8,7,1,24.03,0.0,68.95,4.0,4.8,24.2,208.816,0,1,24.444444,2
21248,6,9,7,1,24.06,0.0,65.94,8.5,6.72,34.53,362.587,0,1,24.444444,2
21249,6,10,7,1,24.06,0.0,64.08,3.8,3.24,27.85,436.93,0,1,24.444444,2
21250,6,11,7,1,24.07,0.0,63.32,4.3,2.88,30.19,507.414,0,1,24.444444,2
21251,6,12,7,1,24.07,0.0,62.17,5.4,6.12,34.21,460.784,0,1,24.444444,2
21252,6,13,7,1,24.07,0.0,60.81,5.1,12.36,36.77,500.603,0,1,24.444444,2
21253,6,14,7,1,24.16,0.09,57.41,13.2,6.6,49.27,464.21,0,1,24.444444,2
21254,6,15,7,1,24.08,0.01,56.5,5.1,0.96,38.49,411.436,0,1,24.444444,2
21255,6,16,7,1,24.07,0.0,56.84,5.0,1.2,35.99,199.903,0,1,24.444444,2
21256,6,17,7,1,24.07,0.0,57.26,4.2,2.4,37.82,244.089,0,1,24.444444,2
21257,6,18,7,1,24.07,0.0,57.04,5.3,3.6,39.34,142.184,0,1,24.444444,2
21258,6,19,7,1,24.07,0.0,57.66,4.1,1.44,32.15,22.3586,0,1,24.444444,2
21259,6,20,7,1,24.07,0.0,58.92,7.5,2.4,33.88,0.0,0,1,24.444444,2
21260,6,21,7,1,24.07,0.0,59.72,7.2,4.08,32.08,0.0,0,1,24.444444,2
21261,6,22,7,1,24.07,0.0,60.45,6.5,2.76,29.31,0.0,0,1,24.444444,2
21262,6,23,7,1,24.07,0.0,61.04,7.0,0.72,28.6,0.0,0,1,24.444444,2
21263,6,24,7,1,24.07,0.0,61.38,8.8,0.6,30.11,0.0,0,1,24.444444,2
21264,6,1,1,1,24.07,0.0,62.36,6.4,0.84,25.2,0.0,0,1,24.444444,2
21265,6,2,1,1,24.07,0.0,64.12,5.1,0.36,22.61,0.0,0,1,24.444444,2
21266,6,3,1,1,24.07,0.0,66.6,3.6,0.48,19.45,0.0,0,1,24.444444,2
21267,6,4,1,1,24.07,0.0,69.45,3.5,1.44,19.31,0.0,0,1,24.444444,2
21268,6,5,1,1,24.06,0.0,72.0,3.5,1.32,19.08,0.0,0,1,24.444444,2
21269,6,6,1,1,24.06,0.0,72.81,3.4,1.8,23.59,0.0,0,1,24.444444,2
21270,6,7,1,1,24.06,0.0,71.74,3.6,2.28,28.59,70.6365,0,1,24.444444,2
21271,6,8,1,1,24.07,0.0,69.93,4.5,6.24,32.71,202.19,0,1,24.444444,2
21272,6,9,1,1,24.07,0.0,68.65,4.2,6.96,31.13,283.08,0,1,24.444444,2
21273,6,10,1,1,24.07,0.0,67.53,3.6,7.32,32.54,509.693,0,1,24.444444,2
21274,6,11,1,1,24.07,0.0,66.54,4.4,3.84,34.14,627.384,0,1,24.444444,2
21275,6,12,1,1,24.07,0.0,65.42,5.3,4.44,36.92,668.059,0,1,24.444444,2
21276,6,13,1,1,24.07,0.0,63.83,5.3,2.4,38.37,637.281,0,1,24.444444,2
21277,6,14,1,1,24.08,0.0,60.42,9.4,7.56,46.35,648.333,0,1,24.444444,2
21278,6,15,1,1,24.07,0.0,58.22,7.4,3.24,47.4,584.88,0,1,24.444444,2
21279,6,16,1,1,24.08,0.01,56.29,8.6,3.6,50.54,444.112,0,1,24.444444,2
21280,6,17,1,1,24.07,0.0,55.04,4.6,6.48,44.89,295.831,0,1,24.444444,2
21281,6,18,1,1,24.07,0.0,54.74,5.9,5.76,45.66,150.317,0,1,24.444444,2
21282,6,19,1,1,24.07,0.0,55.17,4.6,11.16,37.04,24.556,0,1,24.444444,2
21283,6,20,1,1,24.07,0.0,57.11,5.0,10.8,32.85,0.0,0,1,24.444444,2
21284,6,21,1,1,24.07,0.0,59.02,5.8,1.2,33.12,0.0,0,1,24.444444,2
21285,6,22,1,1,24.07,0.0,59.45,7.1,1.68,32.87,0.0,0,1,24.444444,2
21286,6,23,1,1,24.07,0.0,60.6,4.3,2.88,26.64,0.0,0,1,24.444444,2
21287,6,24,1,1,24.07,0.0,62.54,4.2,0.48,23.63,0.0,0,1,24.444444,2
21288,6,1,2,1,24.07,0.0,64.15,4.4,0.48,21.65,0.0,0,1,24.444444,2
21289,6,2,2,1,24.07,0.0,66.52,3.6,0.24,19.11,0.0,0,1,24.444444,2
21290,6,3,2,1,24.07,0.0,69.22,3.7,0.36,18.91,0.0,0,1,24.444444,2
21291,6,4,2,1,24.07,0.0,70.33,5.2,0.6,20.73,0.0,0,1,24.444444,2
21292,6,5,2,1,24.07,0.0,70.92,4.9,1.56,19.58,0.0,0,1,24.444444,2
21293,6,6,2,1,24.07,0.0,70.92,4.7,2.64,24.58,0.0,0,1,24.444444,2
21294,6,7,2,1,24.07,0.0,68.93,4.5,16.68,29.89,68.3863,0,1,24.444444,2
21295,6,8,2,1,24.08,0.0,65.14,7.1,5.16,35.94,210.587,0,1,24.444444,2
21296,6,9,2,1,24.07,0.0,61.65,5.9,7.8,34.19,378.225,0,1,24.444444,2
21297,6,10,2,1,24.07,0.0,60.71,4.0,4.68,31.2,521.604,0,1,24.444444,2
21298,6,11,2,1,24.07,0.0,60.76,4.2,1.08,31.39,619.441,0,1,24.444444,2
21299,6,12,2,1,24.07,0.0,60.43,4.0,3.24,32.18,671.397,0,1,24.444444,2
21300,6,13,2,1,24.07,0.0,59.71,3.7,0.84,33.79,678.205,0,1,24.444444,2
21301,6,14,2,1,24.1,0.03,57.01,10.6,1.92,47.04,654.45,0,1,24.444444,2
21302,6,15,2,1,24.14,0.07,53.81,11.6,1.8,50.66,583.875,0,1,24.444444,2
21303,6,16,2,1,24.08,0.0,53.19,4.4,0.72,44.09,471.318,0,1,24.444444,2
21304,6,17,2,1,24.07,0.0,52.84,4.6,0.96,45.58,322.354,0,1,24.444444,2
21305,6,18,2,1,24.07,0.0,52.66,5.5,5.28,45.26,152.288,0,1,24.444444,2
21306,6,19,2,1,24.08,0.01,52.7,8.9,1.68,43.45,24.6323,0,1,24.444444,2
21307,6,20,2,1,24.07,0.0,53.37,7.4,5.64,36.49,0.0,0,1,24.444444,2
21308,6,21,2,1,24.07,0.0,54.43,5.5,3.24,32.34,0.0,0,1,24.444444,2
21309,6,22,2,1,24.07,0.0,55.61,6.9,3.0,33.36,0.0,0,1,24.444444,2
21310,6,23,2,1,24.07,0.0,57.82,4.7,0.96,28.79,0.0,0,1,24.444444,2
21311,6,24,2,1,24.07,0.0,60.5,3.3,0.48,25.49,0.0,0,1,24.444444,2
21312,6,1,3,1,24.07,0.0,62.7,3.4,0.48,24.15,0.0,0,1,24.444444,2
21313,6,2,3,1,24.07,0.0,64.29,3.3,0.12,21.79,0.0,0,1,24.444444,2
21314,6,3,3,1,24.07,0.0,65.63,3.6,0.48,20.57,0.0,0,1,24.444444,2
21315,6,4,3,1,24.07,0.0,66.73,4.0,0.0,20.47,0.0,0,1,24.444444,2
21316,6,5,3,1,24.07,0.0,67.42,3.5,1.44,19.12,0.0,0,1,24.444444,2
21317,6,6,3,1,24.07,0.0,66.79,3.8,7.2,26.5,0.0,0,1,24.444444,2
21318,6,7,3,1,24.07,0.0,64.19,5.5,30.0,33.55,60.1059,0,1,24.444444,2
21319,6,8,3,1,24.07,0.0,61.3,5.5,7.68,33.53,205.992,0,1,24.444444,2
21320,6,9,3,1,24.08,0.01,59.13,4.8,3.6,35.31,385.408,0,1,24.444444,2
21321,6,10,3,1,24.08,0.0,57.2,4.2,3.12,34.43,514.752,0,1,24.444444,2
21322,6,11,3,1,24.07,0.0,56.32,3.4,0.96,33.0,605.971,0,1,24.444444,2
21323,6,12,3,1,24.07,0.0,56.2,4.1,1.56,34.57,690.041,0,1,24.444444,2
21324,6,13,3,1,24.07,0.0,55.49,3.8,1.56,36.15,695.936,0,1,24.444444,2
21325,6,14,3,1,24.13,0.06,53.42,9.7,3.36,46.98,660.596,0,1,24.444444,2
21326,6,15,3,1,24.08,0.0,51.74,3.4,1.8,42.97,587.646,0,1,24.444444,2
21327,6,16,3,1,24.08,0.0,49.94,4.8,1.8,44.54,406.856,0,1,24.444444,2
21328,6,17,3,1,24.11,0.03,48.21,9.0,1.32,47.26,270.989,0,1,24.444444,2
21329,6,18,3,1,24.08,0.0,47.93,4.6,5.52,39.12,127.232,0,1,24.444444,2
21330,6,19,3,1,24.07,0.0,48.94,4.0,4.32,33.49,23.9711,0,1,24.444444,2
21331,6,20,3,1,24.07,0.0,50.48,7.3,6.48,34.89,0.0,0,1,24.444444,2
21332,6,21,3,1,24.07,0.0,52.19,9.1,3.72,36.17,0.0,0,1,24.444444,2
21333,6,22,3,1,24.07,0.0,53.71,9.6,1.68,35.37,0.0,0,1,24.444444,2
21334,6,23,3,1,24.07,0.0,55.15,6.1,0.96,28.66,0.0,0,1,24.444444,2
21335,6,24,3,1,24.07,0.0,56.69,3.9,0.36,23.59,0.0,0,1,24.444444,2
21336,6,1,4,1,24.07,0.0,58.08,4.7,0.24,23.03,0.0,0,1,24.444444,2
21337,6,2,4,1,24.07,0.0,59.53,3.3,0.36,19.01,0.0,0,1,24.444444,2
21338,6,3,4,1,24.07,0.0,60.53,6.4,0.96,22.78,0.0,0,1,24.444444,2
21339,6,4,4,1,24.07,0.0,61.81,3.6,1.56,17.76,0.0,0,1,24.444444,2
21340,6,5,4,1,24.07,0.0,64.02,3.2,0.72,18.0,0.0,0,1,24.444444,2
21341,6,6,4,1,24.07,0.0,64.34,9.0,2.28,33.81,0.0,0,1,24.444444,2
21342,6,7,4,1,24.07,0.0,63.57,7.5,7.68,36.09,66.9742,0,1,24.444444,2
21343,6,8,4,1,24.09,0.01,61.21,10.8,9.0,41.41,202.307,0,1,24.444444,2
21344,6,9,4,1,24.2,0.12,58.75,9.9,7.68,41.14,374.906,0,1,24.444444,2
21345,6,10,4,1,24.22,0.14,56.6,10.8,3.24,43.66,479.851,0,1,24.444444,2
21346,6,11,4,1,24.2,0.12,54.05,11.5,3.0,44.79,560.541,0,1,24.444444,2
21347,6,12,4,1,24.13,0.06,52.51,9.3,3.24,43.31,555.006,0,1,24.444444,2
21348,6,13,4,1,24.12,0.04,51.11,8.9,4.08,43.33,545.033,0,1,24.444444,2
21349,6,14,4,1,24.12,0.05,49.16,9.7,4.92,44.56,481.031,0,1,24.444444,2
21350,6,15,4,1,24.12,0.04,48.15,9.6,2.88,44.97,411.053,0,1,24.444444,2
21351,6,16,4,1,24.1,0.02,48.13,8.4,0.84,44.98,361.349,0,1,24.444444,2
21352,6,17,4,1,24.1,0.02,48.59,9.6,2.88,45.73,222.113,0,1,24.444444,2
21353,6,18,4,1,24.09,0.01,49.36,9.2,1.8,46.42,152.233,0,1,24.444444,2
21354,6,19,4,1,24.08,0.0,50.2,8.5,5.04,40.54,27.2957,0,1,24.444444,2
21355,6,20,4,1,24.08,0.0,50.65,11.4,4.2,39.48,0.0,0,1,24.444444,2
21356,6,21,4,1,24.09,0.01,50.7,13.4,2.88,39.83,0.0,0,1,24.444444,2
21357,6,22,4,1,24.15,0.07,50.4,18.2,3.84,42.81,0.0,0,1,24.444444,2
21358,6,23,4,1,24.14,0.07,50.64,17.5,0.84,40.24,0.0,0,1,24.444444,2
21359,6,24,4,1,24.08,0.0,53.53,3.2,0.72,20.18,0.0,0,1,24.444444,2
21360,6,1,5,1,24.07,0.0,56.09,8.4,0.24,26.1,0.0,0,1,24.444444,2
21361,6,2,5,1,24.07,0.0,56.35,11.1,0.84,29.32,0.0,0,1,24.444444,2
21362,6,3,5,1,24.07,0.0,57.03,11.0,2.52,28.66,0.0,0,1,24.444444,2
21363,6,4,5,1,24.07,0.0,59.9,3.6,0.6,16.84,0.0,0,1,24.444444,2
21364,6,5,5,1,24.07,0.0,61.91,9.9,1.44,26.89,0.0,0,1,24.444444,2
21365,6,6,5,1,24.07,0.0,61.98,8.9,1.92,30.12,0.0,0,1,24.444444,2
21366,6,7,5,1,24.07,0.0,61.82,8.5,20.64,35.94,74.5799,0,1,24.444444,2
21367,6,8,5,1,24.07,0.0,62.26,4.0,7.44,28.6,180.039,0,1,24.444444,2
21368,6,9,5,1,24.07,0.0,61.47,9.8,8.16,35.96,210.179,0,1,24.444444,2
21369,6,10,5,1,24.07,0.0,61.31,4.2,3.72,24.27,162.835,0,1,24.444444,2
21370,6,11,5,1,24.07,0.0,60.45,8.4,3.12,34.16,412.93,0,1,24.444444,2
21371,6,12,5,1,24.07,0.0,59.26,8.9,3.96,36.9,603.938,0,1,24.444444,2
21372,6,13,5,1,24.07,0.0,57.79,9.4,1.2,41.19,633.971,0,1,24.444444,2
21373,6,14,5,1,24.08,0.01,56.75,10.3,3.12,45.39,492.097,0,1,24.444444,2
21374,6,15,5,1,24.07,0.0,55.96,8.1,0.96,45.57,521.676,0,1,24.444444,2
21375,6,16,5,1,24.09,0.02,54.56,10.4,0.84,50.66,453.395,0,1,24.444444,2
21376,6,17,5,1,24.08,0.01,53.39,9.2,1.8,49.82,325.254,0,1,24.444444,2
21377,6,18,5,1,24.08,0.0,53.59,8.3,3.36,47.01,157.845,0,1,24.444444,2
21378,6,19,5,1,24.08,0.01,54.5,10.8,1.08,44.65,25.7655,0,1,24.444444,2
21379,6,20,5,1,24.08,0.01,55.11,11.8,4.44,41.26,0.0,0,1,24.444444,2
21380,6,21,5,1,24.07,0.0,55.65,11.2,6.0,39.0,0.0,0,1,24.444444,2
21381,6,22,5,1,24.07,0.0,56.75,12.2,2.28,38.88,0.0,0,1,24.444444,2
21382,6,23,5,1,24.07,0.0,59.02,5.3,1.56,27.3,0.0,0,1,24.444444,2
21383,6,24,5,1,24.07,0.0,60.52,9.8,0.36,33.46,0.0,0,1,24.444444,2
21384,6,1,6,1,24.07,0.0,62.52,3.3,0.12,21.72,0.0,0,1,24.444444,2
21385,6,2,6,1,24.07,0.0,65.51,3.5,0.6,21.89,0.0,0,1,24.444444,2
21386,6,3,6,1,24.07,0.0,67.78,3.3,0.36,20.52,0.0,0,1,24.444444,2
21387,6,4,6,1,24.07,0.0,69.1,3.5,0.48,19.51,0.0,0,1,24.444444,2
21388,6,5,6,1,24.07,0.0,69.12,6.5,3.72,24.68,0.0,0,1,24.444444,2
21389,6,6,6,1,24.07,0.0,69.1,3.4,5.52,26.0,0.0,0,1,24.444444,2
21390,6,7,6,1,24.07,0.0,68.3,5.1,16.68,35.62,62.4656,0,1,24.444444,2
21391,6,8,6,1,24.08,0.0,67.32,4.4,6.6,35.81,192.315,0,1,24.444444,2
21392,6,9,6,1,24.07,0.0,66.75,5.4,2.16,32.02,231.029,0,1,24.444444,2
21393,6,10,6,1,24.07,0.0,66.28,3.8,2.4,32.2,322.471,0,1,24.444444,2
21394,6,11,6,1,24.07,0.0,65.51,4.3,2.28,33.14,355.583,0,1,24.444444,2
21395,6,12,6,1,24.08,0.0,64.79,4.2,7.2,29.61,572.488,0,1,24.444444,2
21396,6,13,6,1,24.07,0.0,64.39,3.7,1.2,29.46,560.151,0,1,24.444444,2
21397,6,14,6,1,24.08,0.0,63.26,10.8,2.16,39.84,66.0899,0,1,24.444444,2
21398,6,15,6,1,24.07,0.0,62.64,3.7,1.8,27.16,93.6668,0,1,24.444444,2
21399,6,16,6,1,24.07,0.0,61.23,8.7,2.4,40.67,333.144,0,1,24.444444,2
21400,6,17,6,1,24.07,0.0,59.33,9.8,0.84,45.57,255.518,0,1,24.444444,2
21401,6,18,6,1,24.08,0.01,58.42,9.8,3.0,47.22,145.093,0,1,24.444444,2
21402,6,19,6,1,24.07,0.0,58.79,6.5,1.56,37.52,26.1445,0,1,24.444444,2
21403,6,20,6,1,24.08,0.0,59.65,11.2,4.32,40.12,0.0,0,1,24.444444,2
21404,6,21,6,1,24.07,0.0,60.16,9.7,3.12,36.32,0.0,0,1,24.444444,2
21405,6,22,6,1,24.07,0.0,61.8,5.7,1.2,28.31,0.0,0,1,24.444444,2
21406,6,23,6,1,24.07,0.0,63.4,5.1,1.08,25.86,0.0,0,1,24.444444,2
21407,6,24,6,1,24.07,0.0,64.88,5.4,1.08,25.58,0.0,0,1,24.444444,2
21408,6,1,7,1,24.07,0.0,66.34,4.7,0.36,23.18,0.0,0,1,24.444444,2
21409,6,2,7,1,24.07,0.0,67.63,3.6,1.2,19.44,0.0,0,1,24.444444,2
21410,6,3,7,1,24.07,0.0,67.93,6.8,0.36,24.07,0.0,0,1,24.444444,2
21411,6,4,7,1,24.07,0.0,68.68,3.5,0.24,17.32,0.0,0,1,24.444444,2
21412,6,5,7,1,24.07,0.0,69.15,6.8,1.8,22.64,0.0,0,1,24.444444,2
21413,6,6,7,1,24.06,0.0,69.51,2.8,2.76,19.93,0.0,0,1,24.444444,2
21414,6,7,7,1,24.06,0.0,69.84,3.6,6.72,25.28,62.4914,0,1,24.444444,2
21415,6,8,7,1,24.07,0.0,69.55,5.8,1.92,29.47,138.968,0,1,24.444444,2
21416,6,9,7,1,24.07,0.0,68.4,3.9,8.52,34.26,335.417,0,1,24.444444,2
21417,6,10,7,1,24.07,0.0,67.19,4.5,1.44,37.61,479.381,0,1,24.444444,2
21418,6,11,7,1,24.07,0.0,65.86,6.4,1.68,40.94,527.232,0,1,24.444444,2
21419,6,12,7,1,24.07,0.0,64.81,3.9,0.96,35.2,550.207,0,1,24.444444,2
21420,6,13,7,1,24.07,0.0,64.02,5.5,5.64,33.97,263.47,0,1,24.444444,2
21421,6,14,7,1,24.13,0.06,60.82,15.5,7.8,49.05,308.648,0,1,24.444444,2
21422,6,15,7,1,24.07,0.0,60.17,4.0,3.72,32.54,278.682,0,1,24.444444,2
21423,6,16,7,1,24.07,0.0,60.46,4.6,1.2,36.23,264.477,0,1,24.444444,2
21424,6,17,7,1,24.07,0.0,60.25,3.8,1.56,37.53,255.514,0,1,24.444444,2
21425,6,18,7,1,24.07,0.0,60.27,3.9,3.24,34.73,116.137,0,1,24.444444,2
21426,6,19,7,1,24.07,0.0,61.0,3.4,4.08,29.37,23.8143,0,1,24.444444,2
21427,6,20,7,1,24.07,0.0,62.06,5.7,6.6,30.71,0.0,0,1,24.444444,2
21428,6,21,7,1,24.07,0.0,62.94,5.0,5.28,28.72,0.0,0,1,24.444444,2
21429,6,22,7,1,24.07,0.0,63.56,7.0,2.4,31.27,0.0,0,1,24.444444,2
21430,6,23,7,1,24.07,0.0,64.31,5.2,1.08,27.28,0.0,0,1,24.444444,2
21431,6,24,7,1,24.07,0.0,65.82,3.4,0.96,23.48,0.0,0,1,24.444444,2
21432,6,1,1,1,24.07,0.0,66.68,5.0,0.96,25.49,0.0,0,1,24.444444,2
21433,6,2,1,1,24.07,0.0,66.96,4.7,0.48,23.77,0.0,0,1,24.444444,2
21434,6,3,1,1,24.07,0.0,67.94,3.5,0.24,20.72,0.0,0,1,24.444444,2
21435,6,4,1,1,24.07,0.0,69.41,3.5,0.96,20.42,0.0,0,1,24.444444,2
21436,6,5,1,1,24.07,0.0,69.55,6.5,1.08,25.85,0.0,0,1,24.444444,2
21437,6,6,1,1,24.07,0.0,69.98,5.2,1.08,23.65,0.0,0,1,24.444444,2
21438,6,7,1,1,24.07,0.0,71.11,3.6,3.12,22.87,34.7203,0,1,24.444444,2
21439,6,8,1,1,24.07,0.0,70.78,4.4,5.88,28.26,141.206,0,1,24.444444,2
21440,6,9,1,1,24.07,0.0,69.26,4.0,5.28,33.27,288.619,0,1,24.444444,2
21441,6,10,1,1,24.07,0.0,66.39,4.1,10.56,36.28,437.459,0,1,24.444444,2
21442,6,11,1,1,24.07,0.0,64.64,4.8,2.76,36.42,437.36,0,1,24.444444,2
21443,6,12,1,1,24.07,0.0,64.4,4.9,8.64,34.65,532.822,0,1,24.444444,2
21444,6,13,1,1,24.07,0.0,63.49,7.2,2.76,36.35,390.787,0,1,24.444444,2
21445,6,14,1,1,24.07,0.0,61.53,9.7,3.96,41.1,427.997,0,1,24.444444,2
21446,6,15,1,1,24.07,0.0,60.49,3.9,6.36,33.05,365.235,0,1,24.444444,2
21447,6,16,1,1,24.07,0.0,59.64,6.9,3.24,38.5,292.904,0,1,24.444444,2
21448,6,17,1,1,24.07,0.0,59.45,4.3,3.6,30.69,216.006,0,1,24.444444,2
21449,6,18,1,1,24.07,0.0,59.82,6.2,4.56,32.93,106.32,0,1,24.444444,2
21450,6,19,1,1,24.07,0.0,61.35,4.4,8.76,28.07,22.9969,0,1,24.444444,2
21451,6,20,1,1,24.07,0.0,63.48,5.1,12.48,26.77,0.0,0,1,24.444444,2
21452,6,21,1,1,24.07,0.0,64.7,7.6,1.32,30.25,0.0,0,1,24.444444,2
21453,6,22,1,1,24.09,0.02,62.58,15.4,3.36,40.73,0.0,0,1,24.444444,2
21454,6,23,1,1,24.07,0.0,62.76,5.4,4.2,22.26,0.0,0,1,24.444444,2
21455,6,24,1,1,24.07,0.0,65.79,4.0,0.72,19.85,0.0,0,1,24.444444,2
21456,6,1,2,1,24.07,0.0,68.22,4.7,3.48,21.18,0.0,0,1,24.444444,2
21457,6,2,2,1,24.07,0.0,70.16,3.5,0.48,18.63,0.0,0,1,24.444444,2
21458,6,3,2,1,24.07,0.0,71.51,4.9,0.36,21.0,0.0,0,1,24.444444,2
21459,6,4,2,1,24.07,0.0,72.28,4.6,0.36,20.15,0.0,0,1,24.444444,2
21460,6,5,2,1,24.06,0.0,73.5,4.0,0.84,19.1,0.0,0,1,24.444444,2
21461,6,6,2,1,24.05,0.0,73.19,3.7,3.48,22.95,0.0,0,1,24.444444,2
21462,6,7,2,1,24.07,0.0,69.6,5.9,21.0,30.46,68.3122,0,1,24.444444,2
21463,6,8,2,1,24.07,0.0,67.71,4.9,8.16,28.26,182.997,0,1,24.444444,2
21464,6,9,2,1,24.07,0.0,66.84,5.1,6.0,31.21,239.063,0,1,24.444444,2
21465,6,10,2,1,24.07,0.0,66.3,4.6,5.16,31.74,396.349,0,1,24.444444,2
21466,6,11,2,1,24.07,0.0,66.05,4.4,6.24,34.11,507.987,0,1,24.444444,2
21467,6,12,2,1,24.07,0.0,65.59,3.9,2.76,28.71,313.783,0,1,24.444444,2
21468,6,13,2,1,24.07,0.0,65.1,3.9,4.92,22.1,179.688,0,1,24.444444,2
21469,6,14,2,1,24.07,0.0,63.72,9.2,2.4,30.93,124.358,0,1,24.444444,2
21470,6,15,2,1,24.07,0.0,63.33,4.0,1.32,23.56,224.291,0,1,24.444444,2
21471,6,16,2,1,24.07,0.0,64.2,4.6,2.52,27.14,254.651,0,1,24.444444,2
21472,6,17,2,1,24.07,0.0,65.36,6.0,1.32,26.17,19.4119,0,1,24.444444,2
21473,6,18,2,1,24.07,0.0,68.06,3.6,4.8,22.47,0.0,0,1,24.444444,2
21474,6,19,2,1,24.07,0.0,70.78,3.8,2.64,23.57,0.0,0,1,24.444444,2
21475,6,20,2,1,24.07,0.0,70.04,8.1,3.36,31.48,0.0,0,1,24.444444,2
21476,6,21,2,1,24.07,0.0,69.22,5.5,2.76,25.21,0.0,0,1,24.444444,2
21477,6,22,2,1,24.07,0.0,69.81,5.6,1.2,24.44,0.0,0,1,24.444444,2
21478,6,23,2,1,24.07,0.0,70.48,5.4,2.04,22.75,0.0,0,1,24.444444,2
21479,6,24,2,1,24.07,0.0,71.53,3.4,0.36,18.92,0.0,0,1,24.444444,2
21480,6,1,3,1,24.06,0.0,72.69,3.6,0.36,19.53,0.0,0,1,24.444444,2
21481,6,2,3,1,24.07,0.0,72.94,5.4,0.24,23.03,0.0,0,1,24.444444,2
21482,6,3,3,1,24.06,0.0,73.74,3.5,0.12,19.39,0.0,0,1,24.444444,2
21483,6,4,3,1,24.06,0.0,74.48,4.1,0.24,20.55,0.0,0,1,24.444444,2
21484,6,5,3,1,24.06,0.0,75.12,3.2,1.2,18.99,0.0,0,1,24.444444,2
21485,6,6,3,1,24.06,0.0,74.7,4.6,2.4,27.41,0.0,0,1,24.444444,2
21486,6,7,3,1,24.07,0.0,73.03,3.7,29.4,32.4,73.4154,0,1,24.444444,2
21487,6,8,3,1,24.07,0.0,71.01,4.2,7.32,36.43,207.572,0,1,24.444444,2
21488,6,9,3,1,24.09,0.01,69.1,4.8,0.72,39.57,347.503,0,1,24.444444,2
21489,6,10,3,1,24.09,0.02,67.13,4.7,2.76,41.05,461.241,0,1,24.444444,2
21490,6,11,3,1,24.08,0.0,65.42,3.7,1.56,41.31,448.167,0,1,24.444444,2
21491,6,12,3,1,24.07,0.0,63.71,4.0,0.72,41.63,551.634,0,1,24.444444,2
21492,6,13,3,1,24.07,0.0,62.26,3.9,2.28,42.15,437.584,0,1,24.444444,2
21493,6,14,3,1,24.23,0.15,59.62,9.9,2.52,50.21,400.543,0,1,24.444444,2
21494,6,15,3,1,24.09,0.02,59.19,3.2,4.08,42.85,418.409,0,1,24.444444,2
21495,6,16,3,1,24.07,0.0,58.5,4.0,0.96,46.81,421.791,0,1,24.444444,2
21496,6,17,3,1,24.19,0.12,57.6,8.7,0.84,52.99,291.927,0,1,24.444444,2
21497,6,18,3,1,24.15,0.08,58.78,4.6,4.56,48.53,149.181,0,1,24.444444,2
21498,6,19,3,1,24.13,0.05,60.13,5.8,3.6,45.39,29.2531,0,1,24.444444,2
21499,6,20,3,1,24.11,0.04,61.43,7.4,3.0,44.11,0.0,0,1,24.444444,2
21500,6,21,3,1,24.09,0.02,62.48,6.8,4.2,41.81,0.0,0,1,24.444444,2
21501,6,22,3,1,24.09,0.01,63.36,7.5,2.28,40.84,0.0,0,1,24.444444,2
21502,6,23,3,1,24.08,0.0,64.11,6.8,3.48,37.17,0.0,0,1,24.444444,2
21503,6,24,3,1,24.07,0.0,65.52,3.5,3.6,29.06,0.0,0,1,24.444444,2
21504,6,1,4,1,24.07,0.0,67.29,3.1,0.72,26.5,0.0,0,1,24.444444,2
21505,6,2,4,1,24.07,0.0,68.39,3.3,0.6,24.34,0.0,0,1,24.444444,2
21506,6,3,4,1,24.07,0.0,69.03,4.7,0.0,25.26,0.0,0,1,24.444444,2
21507,6,4,4,1,24.07,0.0,69.72,3.8,3.72,22.9,0.0,0,1,24.444444,2
21508,6,5,4,1,24.07,0.0,70.78,3.4,2.28,21.54,0.0,0,1,24.444444,2
21509,6,6,4,1,24.07,0.0,68.99,10.9,3.12,40.6,0.0,0,1,24.444444,2
21510,6,7,4,1,24.09,0.01,66.93,7.7,20.28,39.78,67.748,0,1,24.444444,2
21511,6,8,4,1,24.23,0.16,65.04,9.4,4.8,42.79,208.228,0,1,24.444444,2
21512,6,9,4,1,24.35,0.28,63.62,9.3,8.04,43.37,380.649,0,1,24.444444,2
21513,6,10,4,1,24.34,0.27,62.21,9.0,1.2,44.27,520.052,0,1,24.444444,2
21514,6,11,4,1,24.24,0.17,60.31,8.9,2.04,44.88,615.555,0,1,24.444444,2
21515,6,12,4,1,24.2,0.13,59.38,9.4,6.48,45.84,675.029,0,1,24.444444,2
21516,6,13,4,1,24.23,0.15,58.32,9.3,6.12,46.41,678.072,0,1,24.444444,2
21517,6,14,4,1,24.33,0.26,56.79,10.1,11.04,49.8,634.989,0,1,24.444444,2
21518,6,15,4,1,24.43,0.36,55.44,9.4,1.32,51.19,449.78,0,1,24.444444,2
21519,6,16,4,1,24.43,0.35,55.03,8.5,0.96,52.35,399.307,0,1,24.444444,2
21520,6,17,4,1,24.54,0.47,54.52,8.9,2.16,53.03,330.315,0,1,24.444444,2
21521,6,18,4,1,24.59,0.51,54.63,9.6,1.68,53.56,159.454,0,1,24.444444,2
21522,6,19,4,1,24.42,0.35,55.41,9.0,1.32,49.43,28.3699,0,1,24.444444,2
21523,6,20,4,1,24.36,0.29,55.84,10.3,1.92,45.78,0.0,0,1,24.444444,2
21524,6,21,4,1,24.33,0.26,55.93,11.4,1.68,45.26,0.0,0,1,24.444444,2
21525,6,22,4,1,24.35,0.28,55.31,14.7,1.68,46.4,0.0,0,1,24.444444,2
21526,6,23,4,1,24.24,0.17,55.87,12.2,2.52,42.13,0.0,0,1,24.444444,2
21527,6,24,4,1,24.08,0.01,59.31,3.4,0.48,29.22,0.0,0,1,24.444444,2
21528,6,1,5,1,24.08,0.01,61.43,9.8,1.44,37.44,0.0,0,1,24.444444,2
21529,6,2,5,1,24.1,0.03,61.22,12.7,0.24,39.56,0.0,0,1,24.444444,2
21530,6,3,5,1,24.1,0.03,61.34,13.5,0.48,38.79,0.0,0,1,24.444444,2
21531,6,4,5,1,24.07,0.0,64.46,3.4,0.24,21.74,0.0,0,1,24.444444,2
21532,6,5,5,1,24.07,0.0,66.5,10.1,1.92,33.69,0.0,0,1,24.444444,2
21533,6,6,5,1,24.07,0.0,66.13,8.5,3.12,35.26,0.0,0,1,24.444444,2
21534,6,7,5,1,24.07,0.0,65.83,5.7,19.92,36.65,65.238,0,1,24.444444,2
21535,6,8,5,1,24.09,0.02,65.33,6.3,8.64,39.41,199.296,0,1,24.444444,2
21536,6,9,5,1,24.32,0.25,63.42,10.7,6.12,45.89,371.401,0,1,24.444444,2
21537,6,10,5,1,24.25,0.17,62.83,4.5,4.32,40.31,510.941,0,1,24.444444,2
21538,6,11,5,1,24.19,0.11,61.53,8.1,7.08,44.98,600.174,0,1,24.444444,2
21539,6,12,5,1,24.15,0.08,60.16,8.4,6.96,44.93,655.585,0,1,24.444444,2
21540,6,13,5,1,24.18,0.1,58.85,9.0,4.56,45.51,617.8,0,1,24.444444,2
21541,6,14,5,1,24.22,0.15,57.15,9.8,0.84,48.88,624.263,0,1,24.444444,2
21542,6,15,5,1,24.26,0.19,56.07,8.4,1.08,51.47,567.712,0,1,24.444444,2
21543,6,16,5,1,24.4,0.32,55.19,8.7,2.4,52.57,471.014,0,1,24.444444,2
21544,6,17,5,1,24.59,0.52,54.54,9.1,3.48,53.1,326.215,0,1,24.444444,2
21545,6,18,5,1,24.83,0.76,53.87,12.2,1.56,54.11,157.582,0,1,24.444444,2
21546,6,19,5,1,24.51,0.44,54.69,8.8,1.68,50.83,27.6516,0,1,24.444444,2
21547,6,20,5,1,24.42,0.35,55.26,10.4,4.2,47.28,0.0,0,1,24.444444,2
21548,6,21,5,1,24.41,0.34,55.73,11.8,1.44,46.87,0.0,0,1,24.444444,2
21549,6,22,5,1,24.44,0.37,56.4,14.9,2.4,48.21,0.0,0,1,24.444444,2
21550,6,23,5,1,24.16,0.08,58.56,5.8,0.96,37.72,0.0,0,1,24.444444,2
21551,6,24,5,1,24.16,0.08,56.68,12.5,0.48,41.56,0.0,0,1,24.444444,2
21552,6,1,6,1,24.08,0.0,57.33,3.3,0.48,25.57,0.0,0,1,24.444444,2
21553,6,2,6,1,24.07,0.0,60.83,3.7,0.12,24.92,0.0,0,1,24.444444,2
21554,6,3,6,1,24.07,0.0,64.09,4.8,0.48,26.57,0.0,0,1,24.444444,2
21555,6,4,6,1,24.07,0.0,66.14,5.1,0.84,26.5,0.0,0,1,24.444444,2
21556,6,5,6,1,24.07,0.0,67.57,5.1,5.28,25.67,0.0,0,1,24.444444,2
21557,6,6,6,1,24.07,0.0,69.77,3.1,5.88,22.54,0.0,0,1,24.444444,2
21558,6,7,6,1,24.07,0.0,71.2,4.4,12.36,25.68,24.1636,0,1,24.444444,2
21559,6,8,6,1,24.07,0.0,71.5,4.6,5.28,23.04,24.2551,0,1,24.444444,2
21560,6,9,6,1,24.07,0.0,71.09,4.4,1.08,21.55,86.045,0,1,24.444444,2
21561,6,10,6,1,24.07,0.0,70.22,4.0,3.6,20.7,199.591,0,1,24.444444,2
21562,6,11,6,1,24.05,0.0,69.47,3.7,1.2,15.72,112.091,0,1,24.444444,2
21563,6,12,6,1,24.05,0.0,68.49,4.5,2.52,16.59,125.663,0,1,24.444444,2
21564,6,13,6,1,24.04,0.0,67.52,3.8,5.4,17.85,267.236,0,1,24.444444,2
21565,6,14,6,1,24.07,0.0,65.72,8.4,0.96,29.27,405.773,0,1,24.444444,2
21566,6,15,6,1,24.07,0.0,64.13,4.5,1.68,27.07,440.313,0,1,24.444444,2
21567,6,16,6,1,24.07,0.0,62.56,4.1,0.84,30.79,438.534,0,1,24.444444,2
21568,6,17,6,1,24.07,0.0,60.09,8.9,1.2,39.67,315.742,0,1,24.444444,2
21569,6,18,6,1,24.07,0.0,58.6,9.6,2.04,39.51,156.379,0,1,24.444444,2
21570,6,19,6,1,24.07,0.0,58.56,5.8,4.32,28.59,30.3686,0,1,24.444444,2
21571,6,20,6,1,24.07,0.0,58.52,12.3,3.12,34.77,0.0,0,1,24.444444,2
21572,6,21,6,1,24.09,0.01,57.19,17.4,1.56,40.46,0.0,0,1,24.444444,2
21573,6,22,6,1,24.07,0.0,58.6,6.2,0.96,22.65,0.0,0,1,24.444444,2
21574,6,23,6,1,24.07,0.0,60.84,6.9,0.96,23.18,0.0,0,1,24.444444,2
21575,6,24,6,1,24.07,0.0,62.87,4.5,0.96,18.61,0.0,0,1,24.444444,2
21576,6,1,7,1,24.07,0.0,64.91,4.8,0.6,18.57,0.0,0,1,24.444444,2
21577,6,2,7,1,24.07,0.0,66.34,5.0,0.24,17.12,0.0,0,1,24.444444,2
21578,6,3,7,1,24.06,0.0,67.28,4.8,0.36,15.42,0.0,0,1,24.444444,2
21579,6,4,7,1,24.02,0.0,68.75,3.0,1.92,11.84,0.0,0,1,24.444444,2
21580,6,5,7,1,24.01,0.0,70.97,3.2,1.2,12.02,0.0,0,1,24.444444,2
21581,6,6,7,1,24.01,0.0,71.6,3.3,5.76,17.29,0.0,0,1,24.444444,2
21582,6,7,7,1,24.04,0.0,69.58,5.5,10.56,26.89,67.1326,0,1,24.444444,2
21583,6,8,7,1,24.06,0.0,66.87,6.6,7.92,30.34,199.482,0,1,24.444444,2
21584,6,9,7,1,24.06,0.0,65.83,4.0,10.68,26.36,257.047,0,1,24.444444,2
21585,6,10,7,1,24.07,0.0,64.92,4.2,1.08,30.42,389.068,0,1,24.444444,2
21586,6,11,7,1,24.07,0.0,64.04,4.3,7.44,29.66,582.203,0,1,24.444444,2
21587,6,12,7,1,24.07,0.0,63.14,9.1,3.36,38.65,646.716,0,1,24.444444,2
21588,6,13,7,1,24.07,0.0,62.32,4.1,6.12,31.91,558.789,0,1,24.444444,2
21589,6,14,7,1,24.08,0.01,61.1,12.7,12.48,45.89,371.778,0,1,24.444444,2
21590,6,15,7,1,24.07,0.0,59.57,4.3,1.68,36.81,515.9,0,1,24.444444,2
21591,6,16,7,1,24.07,0.0,58.98,4.5,0.84,39.77,399.485,0,1,24.444444,2
21592,6,17,7,1,24.08,0.0,58.81,3.7,3.84,35.46,257.525,0,1,24.444444,2
21593,6,18,7,1,24.07,0.0,59.42,4.2,1.56,37.47,160.937,0,1,24.444444,2
21594,6,19,7,1,24.07,0.0,59.87,4.3,1.8,33.61,28.9136,0,1,24.444444,2
21595,6,20,7,1,24.07,0.0,60.94,5.0,4.44,29.57,0.0,0,1,24.444444,2
21596,6,21,7,1,24.07,0.0,61.8,7.9,3.48,32.54,0.0,0,1,24.444444,2
21597,6,22,7,1,24.07,0.0,63.23,6.5,3.0,28.87,0.0,0,1,24.444444,2
21598,6,23,7,1,24.07,0.0,64.71,6.5,1.08,27.64,0.0,0,1,24.444444,2
21599,6,24,7,1,24.07,0.0,66.54,3.8,1.2,22.47,0.0,0,1,24.444444,2
21600,6,1,1,1,24.07,0.0,66.88,7.9,0.6,29.01,0.0,0,1,24.444444,2
21601,6,2,1,1,24.07,0.0,66.94,4.8,0.24,21.57,0.0,0,1,24.444444,2
21602,6,3,1,1,24.07,0.0,67.73,5.1,0.36,21.28,0.0,0,1,24.444444,2
21603,6,4,1,1,24.07,0.0,67.4,6.3,0.36,22.37,0.0,0,1,24.444444,2
21604,6,5,1,1,24.07,0.0,66.35,8.1,2.16,24.6,0.0,0,1,24.444444,2
21605,6,6,1,1,24.07,0.0,66.48,3.4,1.44,20.74,0.0,0,1,24.444444,2
21606,6,7,1,1,24.07,0.0,65.82,5.4,3.6,31.52,74.5278,0,1,24.444444,2
21607,6,8,1,1,24.07,0.0,64.2,4.5,3.84,32.54,199.285,0,1,24.444444,2
21608,6,9,1,1,24.07,0.0,61.87,4.4,7.44,34.1,360.455,0,1,24.444444,2
21609,6,10,1,1,24.07,0.0,60.48,4.1,8.64,33.79,505.27,0,1,24.444444,2
21610,6,11,1,1,24.07,0.0,59.34,4.4,5.04,33.89,602.052,0,1,24.444444,2
21611,6,12,1,1,24.07,0.0,58.34,4.4,9.96,33.33,660.204,0,1,24.444444,2
21612,6,13,1,1,24.07,0.0,57.34,4.3,3.96,34.87,687.194,0,1,24.444444,2
21613,6,14,1,1,24.1,0.03,56.38,10.8,1.32,46.25,461.223,0,1,24.444444,2
21614,6,15,1,1,24.07,0.0,56.85,7.2,5.04,44.27,490.24,0,1,24.444444,2
21615,6,16,1,1,24.07,0.0,58.29,3.9,3.24,42.43,391.586,0,1,24.444444,2
21616,6,17,1,1,24.07,0.0,57.96,5.9,5.88,43.68,192.533,0,1,24.444444,2
21617,6,18,1,1,24.07,0.0,57.24,4.5,4.44,42.78,160.949,0,1,24.444444,2
21618,6,19,1,1,24.07,0.0,57.39,4.7,2.04,37.2,31.4959,0,1,24.444444,2
21619,6,20,1,1,24.07,0.0,57.81,7.1,7.2,35.72,0.0,0,1,24.444444,2
21620,6,21,1,1,24.07,0.0,58.59,4.4,2.16,29.82,0.0,0,1,24.444444,2
21621,6,22,1,1,24.07,0.0,59.28,8.5,2.52,34.14,0.0,0,1,24.444444,2
21622,6,23,1,1,24.07,0.0,60.33,5.0,2.04,26.74,0.0,0,1,24.444444,2
21623,6,24,1,1,24.07,0.0,61.24,6.4,0.24,27.33,0.0,0,1,24.444444,2
21624,6,1,2,1,24.07,0.0,61.73,5.9,0.36,25.05,0.0,0,1,24.444444,2
21625,6,2,2,1,24.07,0.0,63.05,3.4,0.24,19.93,0.0,0,1,24.444444,2
21626,6,3,2,1,24.07,0.0,64.42,3.7,0.36,19.04,0.0,0,1,24.444444,2
21627,6,4,2,1,24.07,0.0,64.91,4.8,1.92,19.32,0.0,0,1,24.444444,2
21628,6,5,2,1,24.06,0.0,65.8,3.7,0.72,16.21,0.0,0,1,24.444444,2
21629,6,6,2,1,24.07,0.0,66.22,5.1,2.16,23.74,0.0,0,1,24.444444,2
21630,6,7,2,1,24.07,0.0,65.27,4.1,20.76,29.3,64.804,0,1,24.444444,2
21631,6,8,2,1,24.07,0.0,62.53,4.1,4.2,31.62,204.267,0,1,24.444444,2
21632,6,9,2,1,24.07,0.0,58.51,4.8,9.84,33.03,363.596,0,1,24.444444,2
21633,6,10,2,1,24.08,0.0,55.72,4.6,3.12,32.09,497.675,0,1,24.444444,2
21634,6,11,2,1,24.07,0.0,54.57,4.0,0.96,30.37,557.493,0,1,24.444444,2
21635,6,12,2,1,24.07,0.0,53.97,3.9,0.84,29.38,615.341,0,1,24.444444,2
21636,6,13,2,1,24.07,0.0,54.15,4.0,4.92,30.55,645.458,0,1,24.444444,2
21637,6,14,2,1,24.07,0.0,53.68,9.2,2.16,42.49,641.541,0,1,24.444444,2
21638,6,15,2,1,24.08,0.0,52.9,8.1,2.52,44.41,435.045,0,1,24.444444,2
21639,6,16,2,1,24.07,0.0,52.23,6.0,0.84,44.2,425.017,0,1,24.444444,2
21640,6,17,2,1,24.07,0.0,52.01,3.6,4.56,42.73,335.84,0,1,24.444444,2
21641,6,18,2,1,24.07,0.0,51.62,5.5,2.52,43.19,162.421,0,1,24.444444,2
21642,6,19,2,1,24.07,0.0,51.73,5.4,4.08,36.68,31.7028,0,1,24.444444,2
21643,6,20,2,1,24.07,0.0,52.98,7.4,5.52,34.78,0.0,0,1,24.444444,2
21644,6,21,2,1,24.07,0.0,54.42,6.6,4.56,32.28,0.0,0,1,24.444444,2
21645,6,22,2,1,24.07,0.0,56.09,5.6,2.04,29.29,0.0,0,1,24.444444,2
21646,6,23,2,1,24.07,0.0,57.77,5.1,1.92,26.83,0.0,0,1,24.444444,2
21647,6,24,2,1,24.07,0.0,59.4,5.0,0.36,25.05,0.0,0,1,24.444444,2
21648,6,1,3,1,24.07,0.0,61.15,3.4,0.24,20.95,0.0,0,1,24.444444,2
21649,6,2,3,1,24.07,0.0,62.59,4.1,0.12,20.48,0.0,0,1,24.444444,2
21650,6,3,3,1,24.07,0.0,63.55,4.3,0.36,19.63,0.0,0,1,24.444444,2
21651,6,4,3,1,24.07,0.0,64.39,4.8,0.36,19.5,0.0,0,1,24.444444,2
21652,6,5,3,1,24.06,0.0,65.36,3.4,0.72,15.99,0.0,0,1,24.444444,2
21653,6,6,3,1,24.06,0.0,65.61,3.8,5.16,22.13,0.0,0,1,24.444444,2
21654,6,7,3,1,24.07,0.0,64.23,4.9,28.08,30.66,63.9854,0,1,24.444444,2
21655,6,8,3,1,24.07,0.0,62.07,4.6,7.92,32.5,203.105,0,1,24.444444,2
21656,6,9,3,1,24.08,0.0,59.72,4.7,5.4,33.72,357.922,0,1,24.444444,2
21657,6,10,3,1,24.07,0.0,58.41,3.6,3.6,31.53,514.404,0,1,24.444444,2
21658,6,11,3,1,24.07,0.0,58.13,3.7,1.92,31.09,610.699,0,1,24.444444,2
21659,6,12,3,1,24.07,0.0,57.72,4.2,5.52,33.62,678.334,0,1,24.444444,2
21660,6,13,3,1,24.07,0.0,57.12,3.8,1.44,35.39,688.483,0,1,24.444444,2
21661,6,14,3,1,24.08,0.01,54.91,9.8,5.76,45.19,616.436,0,1,24.444444,2
21662,6,15,3,1,24.07,0.0,53.13,3.4,1.56,39.09,599.769,0,1,24.444444,2
21663,6,16,3,1,24.07,0.0,53.16,4.1,0.84,42.23,398.025,0,1,24.444444,2
21664,6,17,3,1,24.09,0.02,52.38,9.1,2.88,48.53,250.252,0,1,24.444444,2
21665,6,18,3,1,24.07,0.0,52.22,4.3,11.16,42.21,164.843,0,1,24.444444,2
21666,6,19,3,1,24.07,0.0,53.18,3.9,9.96,36.48,30.5913,0,1,24.444444,2
21667,6,20,3,1,24.07,0.0,54.19,8.3,2.64,37.78,0.0,0,1,24.444444,2
21668,6,21,3,1,24.07,0.0,54.86,8.5,2.4,36.03,0.0,0,1,24.444444,2
21669,6,22,3,1,24.07,0.0,55.25,10.3,2.52,36.27,0.0,0,1,24.444444,2
21670,6,23,3,1,24.07,0.0,56.39,5.2,3.72,26.74,0.0,0,1,24.444444,2
21671,6,24,3,1,24.07,0.0,58.42,3.5,1.2,22.28,0.0,0,1,24.444444,2
21672,6,1,4,1,24.07,0.0,60.07,3.2,0.6,20.48,0.0,0,1,24.444444,2
21673,6,2,4,1,24.07,0.0,61.18,2.9,0.72,17.65,0.0,0,1,24.444444,2
21674,6,3,4,1,24.07,0.0,61.45,6.6,0.48,21.91,0.0,0,1,24.444444,2
21675,6,4,4,1,24.07,0.0,62.18,3.7,3.84,15.75,0.0,0,1,24.444444,2
21676,6,5,4,1,24.06,0.0,63.98,3.8,2.04,15.01,0.0,0,1,24.444444,2
21677,6,6,4,1,24.07,0.0,63.47,9.3,3.72,30.46,0.0,0,1,24.444444,2
21678,6,7,4,1,24.12,0.05,60.91,11.3,14.76,39.43,55.5491,0,1,24.444444,2
21679,6,8,4,1,24.19,0.12,57.9,9.1,4.32,36.77,200.551,0,1,24.444444,2
21680,6,9,4,1,24.23,0.15,55.36,9.3,3.12,37.37,376.295,0,1,24.444444,2
21681,6,10,4,1,24.13,0.05,53.99,8.4,3.24,36.42,501.233,0,1,24.444444,2
21682,6,11,4,1,24.08,0.0,52.93,9.1,5.64,36.65,628.656,0,1,24.444444,2
21683,6,12,4,1,24.07,0.0,51.85,9.1,5.16,36.89,676.389,0,1,24.444444,2
21684,6,13,4,1,24.07,0.0,50.0,8.9,6.36,37.27,686.474,0,1,24.444444,2
21685,6,14,4,1,24.07,0.0,47.7,10.3,3.6,41.13,616.891,0,1,24.444444,2
21686,6,15,4,1,24.07,0.0,46.24,9.1,1.68,43.53,564.22,0,1,24.444444,2
21687,6,16,4,1,24.08,0.0,45.13,9.2,1.44,46.34,494.925,0,1,24.444444,2
21688,6,17,4,1,24.09,0.01,44.25,9.2,2.28,47.47,347.691,0,1,24.444444,2
21689,6,18,4,1,24.08,0.01,44.82,9.1,2.88,47.41,173.342,0,1,24.444444,2
21690,6,19,4,1,24.08,0.0,47.09,9.0,4.2,43.24,30.1724,0,1,24.444444,2
21691,6,20,4,1,24.08,0.01,48.94,11.4,2.88,41.37,0.0,0,1,24.444444,2
21692,6,21,4,1,24.08,0.0,50.79,11.3,1.32,39.9,0.0,0,1,24.444444,2
21693,6,22,4,1,24.08,0.01,52.59,13.1,1.8,40.66,0.0,0,1,24.444444,2
21694,6,23,4,1,24.1,0.02,53.77,14.7,1.32,41.23,0.0,0,1,24.444444,2
21695,6,24,4,1,24.07,0.0,56.01,3.6,0.24,24.19,0.0,0,1,24.444444,2
21696,6,1,5,1,24.07,0.0,57.62,8.7,0.36,30.0,0.0,0,1,24.444444,2
21697,6,2,5,1,24.07,0.0,57.95,9.3,0.24,28.98,0.0,0,1,24.444444,2
21698,6,3,5,1,24.07,0.0,57.72,12.4,0.24,31.48,0.0,0,1,24.444444,2
21699,6,4,5,1,24.07,0.0,59.67,3.3,0.0,16.28,0.0,0,1,24.444444,2
21700,6,5,5,1,24.07,0.0,62.92,3.3,1.68,15.82,0.0,0,1,24.444444,2
21701,6,6,5,1,24.07,0.0,63.22,8.9,2.4,31.22,0.0,0,1,24.444444,2
21702,6,7,5,1,24.07,0.0,62.42,5.1,17.16,32.14,53.5867,0,1,24.444444,2
21703,6,8,5,1,24.11,0.03,60.84,5.7,7.56,34.93,197.143,0,1,24.444444,2
21704,6,9,5,1,24.21,0.13,58.29,8.8,5.88,38.69,368.236,0,1,24.444444,2
21705,6,10,5,1,24.1,0.02,57.15,3.6,1.44,33.18,484.84,0,1,24.444444,2
21706,6,11,5,1,24.08,0.01,56.1,10.1,6.36,40.81,604.873,0,1,24.444444,2
21707,6,12,5,1,24.1,0.02,54.63,11.8,4.8,42.93,649.174,0,1,24.444444,2
21708,6,13,5,1,24.08,0.01,53.65,9.0,1.32,40.54,667.211,0,1,24.444444,2
21709,6,14,5,1,24.11,0.04,52.46,11.4,1.44,45.92,651.224,0,1,24.444444,2
21710,6,15,5,1,24.09,0.02,51.35,8.8,3.12,47.13,555.965,0,1,24.444444,2
21711,6,16,5,1,24.11,0.04,50.5,8.8,0.72,49.88,485.879,0,1,24.444444,2
21712,6,17,5,1,24.29,0.21,50.07,9.6,2.28,50.94,342.323,0,1,24.444444,2
21713,6,18,5,1,24.35,0.28,50.62,9.2,2.04,51.29,170.285,0,1,24.444444,2
21714,6,19,5,1,24.25,0.18,51.46,10.0,2.52,48.54,30.4079,0,1,24.444444,2
21715,6,20,5,1,24.3,0.23,52.01,14.3,1.56,47.27,0.0,0,1,24.444444,2
21716,6,21,5,1,24.2,0.13,53.4,10.6,2.52,43.13,0.0,0,1,24.444444,2
21717,6,22,5,1,24.18,0.11,54.72,12.6,2.52,43.67,0.0,0,1,24.444444,2
21718,6,23,5,1,24.08,0.01,57.03,6.7,0.96,34.69,0.0,0,1,24.444444,2
21719,6,24,5,1,24.09,0.01,58.28,11.3,0.12,39.64,0.0,0,1,24.444444,2
21720,6,1,6,1,24.07,0.0,60.38,3.5,3.72,25.74,0.0,0,1,24.444444,2
21721,6,2,6,1,24.07,0.0,63.06,3.0,0.24,23.27,0.0,0,1,24.444444,2
21722,6,3,6,1,24.07,0.0,63.71,6.4,0.36,27.4,0.0,0,1,24.444444,2
21723,6,4,6,1,24.07,0.0,64.58,3.8,0.72,21.11,0.0,0,1,24.444444,2
21724,6,5,6,1,24.07,0.0,66.46,3.7,0.6,19.99,0.0,0,1,24.444444,2
21725,6,6,6,1,24.07,0.0,67.48,3.5,6.12,25.23,0.0,0,1,24.444444,2
21726,6,7,6,1,24.08,0.0,66.74,3.8,11.88,33.39,56.5228,0,1,24.444444,2
21727,6,8,6,1,24.12,0.05,65.05,4.7,2.04,36.39,196.451,0,1,24.444444,2
21728,6,9,6,1,24.16,0.08,63.36,4.3,3.72,36.8,364.774,0,1,24.444444,2
21729,6,10,6,1,24.12,0.04,62.38,3.8,2.28,37.7,510.204,0,1,24.444444,2
21730,6,11,6,1,24.09,0.01,61.75,5.3,1.2,40.08,608.224,0,1,24.444444,2
21731,6,12,6,1,24.07,0.0,61.16,4.2,3.36,38.56,655.515,0,1,24.444444,2
21732,6,13,6,1,24.08,0.0,59.72,4.3,7.32,40.7,672.933,0,1,24.444444,2
21733,6,14,6,1,24.22,0.15,55.4,10.3,0.6,49.2,644.876,0,1,24.444444,2
21734,6,15,6,1,24.12,0.05,54.09,4.2,0.84,46.53,579.979,0,1,24.444444,2
21735,6,16,6,1,24.12,0.05,52.48,5.4,3.72,49.23,474.413,0,1,24.444444,2
21736,6,17,6,1,24.33,0.25,51.45,8.8,2.04,51.35,332.52,0,1,24.444444,2
21737,6,18,6,1,24.41,0.33,52.89,9.0,1.32,52.15,164.56,0,1,24.444444,2
21738,6,19,6,1,24.17,0.1,54.8,4.6,1.32,45.36,30.2236,0,1,24.444444,2
21739,6,20,6,1,24.25,0.17,55.55,11.0,1.44,46.49,0.0,0,1,24.444444,2
21740,6,21,6,1,24.29,0.21,56.07,12.4,2.16,46.5,0.0,0,1,24.444444,2
21741,6,22,6,1,24.12,0.04,58.15,6.5,2.52,39.32,0.0,0,1,24.444444,2
21742,6,23,6,1,24.08,0.01,60.02,5.7,0.6,36.01,0.0,0,1,24.444444,2
21743,6,24,6,1,24.07,0.0,61.7,4.1,0.84,31.3,0.0,0,1,24.444444,2
21744,6,1,7,1,24.07,0.0,63.53,3.3,0.84,28.03,0.0,0,1,24.444444,2
21745,6,2,7,1,24.07,0.0,64.7,4.9,0.24,28.63,0.0,0,1,24.444444,2
21746,6,3,7,1,24.07,0.0,64.36,7.7,0.48,31.23,0.0,0,1,24.444444,2
21747,6,4,7,1,24.07,0.0,65.51,3.2,0.72,22.14,0.0,0,1,24.444444,2
21748,6,5,7,1,24.07,0.0,65.96,8.2,0.48,30.4,0.0,0,1,24.444444,2
21749,6,6,7,1,24.07,0.0,65.66,3.4,2.88,26.45,0.0,0,1,24.444444,2
21750,6,7,7,1,24.11,0.03,64.61,7.6,10.56,40.29,57.8036,0,1,24.444444,2
21751,6,8,7,1,24.19,0.11,63.57,5.3,2.16,38.34,196.547,0,1,24.444444,2
21752,6,9,7,1,24.29,0.22,62.69,6.6,4.32,41.18,363.197,0,1,24.444444,2
21753,6,10,7,1,24.27,0.19,61.65,5.4,2.4,41.01,500.871,0,1,24.444444,2
21754,6,11,7,1,24.13,0.06,61.02,4.0,6.96,40.03,580.995,0,1,24.444444,2
21755,6,12,7,1,24.11,0.04,60.03,6.1,6.12,42.93,639.775,0,1,24.444444,2
21756,6,13,7,1,24.14,0.06,58.41,5.9,4.32,44.37,662.635,0,1,24.444444,2
21757,6,14,7,1,24.4,0.33,54.27,11.1,12.12,49.99,628.505,0,1,24.444444,2
21758,6,15,7,1,24.31,0.24,51.33,7.4,4.2,49.85,527.112,0,1,24.444444,2
21759,6,16,7,1,24.21,0.14,49.71,4.3,1.44,48.5,456.11,0,1,24.444444,2
21760,6,17,7,1,24.24,0.16,50.02,4.6,3.0,49.35,320.525,0,1,24.444444,2
21761,6,18,7,1,24.25,0.18,52.04,4.9,2.88,49.86,159.314,0,1,24.444444,2
21762,6,19,7,1,24.2,0.12,54.62,3.5,2.28,45.16,31.3379,0,1,24.444444,2
21763,6,20,7,1,24.21,0.13,56.48,6.4,3.96,44.51,0.0,0,1,24.444444,2
21764,6,21,7,1,24.16,0.09,58.41,6.3,2.4,43.35,0.0,0,1,24.444444,2
21765,6,22,7,1,24.1,0.03,60.41,5.4,2.4,40.98,0.0,0,1,24.444444,2
21766,6,23,7,1,24.09,0.01,61.79,6.4,2.64,39.96,0.0,0,1,24.444444,2
21767,6,24,7,1,24.08,0.0,63.03,5.3,0.36,36.49,0.0,0,1,24.444444,2
21768,6,1,1,1,24.07,0.0,64.51,3.4,0.96,31.46,0.0,0,1,24.444444,2
21769,6,2,1,1,24.07,0.0,65.75,3.6,0.6,29.99,0.0,0,1,24.444444,2
21770,6,3,1,1,24.07,0.0,65.71,9.0,0.48,37.84,0.0,0,1,24.444444,2
21771,6,4,1,1,24.07,0.0,66.3,4.8,0.24,28.07,0.0,0,1,24.444444,2
21772,6,5,1,1,24.07,0.0,67.94,5.1,0.24,28.02,0.0,0,1,24.444444,2
21773,6,6,1,1,24.07,0.0,67.53,5.0,0.96,25.45,0.0,0,1,24.444444,2
21774,6,7,1,1,24.07,0.0,65.49,3.5,1.44,19.17,3.71855,0,1,24.444444,2
21775,6,8,1,1,24.07,0.0,65.58,4.6,4.32,21.54,85.9735,0,1,24.444444,2
21776,6,9,1,1,24.07,0.0,65.08,4.8,3.6,28.72,273.329,0,1,24.444444,2
21777,6,10,1,1,24.07,0.0,64.43,3.6,13.44,31.41,374.728,0,1,24.444444,2
21778,6,11,1,1,24.07,0.0,63.38,5.9,1.92,37.69,426.428,0,1,24.444444,2
21779,6,12,1,1,24.07,0.0,62.25,6.1,9.36,39.76,558.883,0,1,24.444444,2
21780,6,13,1,1,24.07,0.0,61.95,4.8,1.44,40.58,628.396,0,1,24.444444,2
21781,6,14,1,1,24.22,0.15,60.02,12.1,4.32,51.75,635.354,0,1,24.444444,2
21782,6,15,1,1,24.11,0.04,59.58,4.2,7.44,47.21,572.912,0,1,24.444444,2
21783,6,16,1,1,24.22,0.15,58.8,7.8,5.16,52.9,469.446,0,1,24.444444,2
21784,6,17,1,1,24.41,0.33,56.64,9.7,6.36,53.57,326.192,0,1,24.444444,2
21785,6,18,1,1,24.19,0.11,56.46,4.8,5.16,49.27,158.526,0,1,24.444444,2
21786,6,19,1,1,24.12,0.05,57.36,5.5,2.4,44.79,31.7799,0,1,24.444444,2
21787,6,20,1,1,24.08,0.01,58.59,4.8,11.04,37.81,0.0,0,1,24.444444,2
21788,6,21,1,1,24.07,0.0,59.14,7.2,1.68,37.81,0.0,0,1,24.444444,2
21789,6,22,1,1,24.07,0.0,59.81,4.8,1.32,29.56,0.0,0,1,24.444444,2
21790,6,23,1,1,24.07,0.0,60.76,7.1,2.28,30.24,0.0,0,1,24.444444,2
21791,6,24,1,1,24.07,0.0,62.32,4.9,0.6,24.77,0.0,0,1,24.444444,2
21792,6,1,2,1,24.07,0.0,64.07,6.5,0.84,26.4,0.0,0,1,24.444444,2
21793,6,2,2,1,24.07,0.0,65.68,3.6,0.0,19.58,0.0,0,1,24.444444,2
21794,6,3,2,1,24.07,0.0,67.46,3.4,0.36,18.09,0.0,0,1,24.444444,2
21795,6,4,2,1,24.07,0.0,68.15,5.2,2.16,20.04,0.0,0,1,24.444444,2
21796,6,5,2,1,24.06,0.0,69.25,3.4,4.2,15.86,0.0,0,1,24.444444,2
21797,6,6,2,1,24.06,0.0,70.04,4.0,3.36,21.29,0.0,0,1,24.444444,2
21798,6,7,2,1,24.07,0.0,68.88,4.6,20.88,29.86,70.0643,0,1,24.444444,2
21799,6,8,2,1,24.07,0.0,66.17,5.1,4.68,33.64,200.046,0,1,24.444444,2
21800,6,9,2,1,24.07,0.0,63.7,4.8,6.0,33.1,316.98,0,1,24.444444,2
21801,6,10,2,1,24.07,0.0,62.35,6.5,3.24,36.92,371.214,0,1,24.444444,2
21802,6,11,2,1,24.07,0.0,61.61,4.9,1.68,35.61,558.239,0,1,24.444444,2
21803,6,12,2,1,24.07,0.0,61.36,3.8,0.6,35.29,638.692,0,1,24.444444,2
21804,6,13,2,1,24.07,0.0,60.9,3.8,1.44,38.5,633.673,0,1,24.444444,2
21805,6,14,2,1,24.13,0.05,59.32,9.4,2.16,47.91,587.922,0,1,24.444444,2
21806,6,15,2,1,24.08,0.01,58.45,8.3,1.56,39.96,177.209,0,1,24.444444,2
21807,6,16,2,1,24.08,0.0,58.58,3.9,4.2,28.59,39.309,0,1,24.444444,2
21808,6,17,2,1,24.07,0.0,58.86,7.4,4.32,34.4,59.0771,0,1,24.444444,2
21809,6,18,2,1,24.07,0.0,59.37,5.5,1.92,31.87,42.3903,0,1,24.444444,2
21810,6,19,2,1,24.07,0.0,59.71,9.5,2.4,36.34,6.81539,0,1,24.444444,2
21811,6,20,2,1,24.07,0.0,60.6,6.7,12.24,30.06,0.0,0,1,24.444444,2
21812,6,21,2,1,24.07,0.0,61.79,6.4,3.0,29.13,0.0,0,1,24.444444,2
21813,6,22,2,1,24.07,0.0,62.49,5.5,1.2,26.23,0.0,0,1,24.444444,2
21814,6,23,2,1,24.07,0.0,63.2,5.8,0.96,24.91,0.0,0,1,24.444444,2
21815,6,24,2,1,24.07,0.0,64.19,5.4,1.56,22.67,0.0,0,1,24.444444,2
21816,6,1,3,1,24.07,0.0,65.8,5.2,6.84,21.22,0.0,0,1,24.444444,2
21817,6,2,3,1,24.07,0.0,67.15,5.1,0.6,19.88,0.0,0,1,24.444444,2
21818,6,3,3,1,24.06,0.0,68.75,3.4,0.36,16.17,0.0,0,1,24.444444,2
21819,6,4,3,1,24.06,0.0,70.49,3.7,1.68,16.3,0.0,0,1,24.444444,2
21820,6,5,3,1,24.05,0.0,72.03,3.5,2.04,15.67,0.0,0,1,24.444444,2
21821,6,6,3,1,24.05,0.0,73.06,3.9,5.64,17.89,0.0,0,1,24.444444,2
21822,6,7,3,1,24.06,0.0,72.66,6.4,30.72,24.2,41.1763,0,1,24.444444,2
21823,6,8,3,1,24.06,0.0,71.61,5.4,5.16,23.42,108.479,0,1,24.444444,2
21824,6,9,3,1,24.06,0.0,70.4,3.9,3.0,24.44,188.517,0,1,24.444444,2
21825,6,10,3,1,24.07,0.0,69.1,3.9,2.88,29.79,367.374,0,1,24.444444,2
21826,6,11,3,1,24.07,0.0,67.7,3.6,1.08,32.33,579.465,0,1,24.444444,2
21827,6,12,3,1,24.07,0.0,66.13,4.1,4.68,34.3,659.655,0,1,24.444444,2
21828,6,13,3,1,24.07,0.0,64.48,3.9,2.52,33.13,608.14,0,1,24.444444,2
21829,6,14,3,1,24.08,0.0,62.41,9.4,2.64,44.84,650.293,0,1,24.444444,2
21830,6,15,3,1,24.07,0.0,61.24,3.8,5.4,34.12,555.657,0,1,24.444444,2
21831,6,16,3,1,24.07,0.0,61.1,4.3,1.2,35.7,432.723,0,1,24.444444,2
21832,6,17,3,1,24.07,0.0,60.66,8.9,2.52,37.3,188.911,0,1,24.444444,2
21833,6,18,3,1,24.07,0.0,61.45,4.7,4.92,25.53,40.7533,0,1,24.444444,2
21834,6,19,3,1,24.07,0.0,63.21,4.4,6.48,23.73,6.83191,0,1,24.444444,2
21835,6,20,3,1,24.07,0.0,64.53,7.4,9.12,27.92,0.0,0,1,24.444444,2
21836,6,21,3,1,24.07,0.0,65.42,6.8,3.48,26.47,0.0,0,1,24.444444,2
21837,6,22,3,1,24.07,0.0,64.98,11.6,3.0,33.89,0.0,0,1,24.444444,2
21838,6,23,3,1,24.07,0.0,64.93,6.6,1.2,23.58,0.0,0,1,24.444444,2
21839,6,24,3,1,24.07,0.0,66.98,4.1,1.2,18.52,0.0,0,1,24.444444,2
21840,6,1,4,1,24.07,0.0,69.12,4.1,0.0,18.31,0.0,0,1,24.444444,2
21841,6,2,4,1,24.07,0.0,68.78,8.8,0.0,26.3,0.0,0,1,24.444444,2
21842,6,3,4,1,24.07,0.0,69.2,5.0,0.48,18.3,0.0,0,1,24.444444,2
21843,6,4,4,1,24.06,0.0,71.29,4.2,2.04,17.14,0.0,0,1,24.444444,2
21844,6,5,4,1,24.05,0.0,73.18,3.4,0.96,15.9,0.0,0,1,24.444444,2
21845,6,6,4,1,24.07,0.0,70.2,13.2,2.04,35.96,0.0,0,1,24.444444,2
21846,6,7,4,1,24.07,0.0,67.37,7.7,13.44,25.78,69.6054,0,1,24.444444,2
21847,6,8,4,1,24.07,0.0,66.22,9.7,4.92,28.14,149.591,0,1,24.444444,2
21848,6,9,4,1,24.07,0.0,64.96,10.1,5.04,29.37,197.902,0,1,24.444444,2
21849,6,10,4,1,24.07,0.0,63.66,9.0,2.64,33.22,355.177,0,1,24.444444,2
21850,6,11,4,1,24.07,0.0,62.39,9.2,1.56,36.71,581.564,0,1,24.444444,2
21851,6,12,4,1,24.07,0.0,61.15,9.1,4.2,37.69,657.418,0,1,24.444444,2
21852,6,13,4,1,24.07,0.0,59.74,9.2,2.4,39.74,679.415,0,1,24.444444,2
21853,6,14,4,1,24.07,0.0,57.78,9.7,6.12,43.75,637.942,0,1,24.444444,2
21854,6,15,4,1,24.07,0.0,56.0,9.2,2.76,46.43,521.542,0,1,24.444444,2
21855,6,16,4,1,24.07,0.0,55.58,8.4,0.96,46.84,435.14,0,1,24.444444,2
21856,6,17,4,1,24.15,0.07,56.35,11.5,0.6,51.88,279.875,0,1,24.444444,2
21857,6,18,4,1,24.14,0.07,56.5,9.6,2.52,50.72,164.513,0,1,24.444444,2
21858,6,19,4,1,24.11,0.03,56.44,9.1,4.08,45.53,31.0037,0,1,24.444444,2
21859,6,20,4,1,24.14,0.06,56.51,12.3,2.52,44.19,0.0,0,1,24.444444,2
21860,6,21,4,1,24.13,0.06,56.97,12.0,3.24,42.58,0.0,0,1,24.444444,2
21861,6,22,4,1,24.16,0.09,56.91,15.0,2.88,44.21,0.0,0,1,24.444444,2
21862,6,23,4,1,24.09,0.01,57.81,9.6,1.8,35.1,0.0,0,1,24.444444,2
21863,6,24,4,1,24.07,0.0,60.23,3.3,0.36,24.31,0.0,0,1,24.444444,2
21864,7,1,5,1,24.07,0.0,60.93,12.3,0.36,37.41,0.0,0,1,24.444444,2
21865,7,2,5,1,24.07,0.0,62.59,5.2,0.6,23.47,0.0,0,1,24.444444,2
21866,7,3,5,1,24.07,0.0,65.66,3.1,0.24,18.79,0.0,0,1,24.444444,2
21867,7,4,5,1,24.07,0.0,65.88,11.1,0.36,32.19,0.0,0,1,24.444444,2
21868,7,5,5,1,24.07,0.0,66.33,5.1,1.32,20.28,0.0,0,1,24.444444,2
21869,7,6,5,1,24.07,0.0,66.69,9.6,1.08,33.65,0.0,0,1,24.444444,2
21870,7,7,5,1,24.08,0.0,65.26,7.4,14.04,36.14,58.3427,0,1,24.444444,2
21871,7,8,5,1,24.21,0.14,63.3,10.0,4.2,41.25,194.879,0,1,24.444444,2
21872,7,9,5,1,24.38,0.31,60.92,12.1,7.68,44.42,360.504,0,1,24.444444,2
21873,7,10,5,1,24.23,0.15,60.83,4.9,1.32,37.91,505.099,0,1,24.444444,2
21874,7,11,5,1,24.16,0.08,60.1,7.9,4.08,42.55,591.659,0,1,24.444444,2
21875,7,12,5,1,24.11,0.03,58.25,8.1,3.96,42.38,647.425,0,1,24.444444,2
21876,7,13,5,1,24.15,0.07,56.56,9.2,1.44,44.91,670.453,0,1,24.444444,2
21877,7,14,5,1,24.22,0.15,54.4,9.5,0.72,47.94,654.783,0,1,24.444444,2
21878,7,15,5,1,24.28,0.21,52.79,9.3,1.2,50.91,589.986,0,1,24.444444,2
21879,7,16,5,1,24.34,0.26,51.46,8.2,2.28,51.02,480.249,0,1,24.444444,2
21880,7,17,5,1,24.49,0.42,50.7,8.8,0.72,51.29,332.538,0,1,24.444444,2
21881,7,18,5,1,24.55,0.48,50.76,9.5,1.56,51.81,167.237,0,1,24.444444,2
21882,7,19,5,1,24.37,0.3,51.51,8.9,1.56,49.26,31.595,0,1,24.444444,2
21883,7,20,5,1,24.29,0.22,51.99,8.8,10.08,44.18,0.0,0,1,24.444444,2
21884,7,21,5,1,24.24,0.17,52.61,9.4,4.56,43.33,0.0,0,1,24.444444,2
21885,7,22,5,1,24.22,0.15,53.62,11.3,1.56,43.75,0.0,0,1,24.444444,2
21886,7,23,5,1,24.1,0.03,56.6,6.0,1.32,36.72,0.0,0,1,24.444444,2
21887,7,24,5,1,24.08,0.0,60.3,5.4,1.44,35.13,0.0,0,1,24.444444,2
21888,7,1,6,1,24.07,0.0,63.29,3.9,2.64,31.35,0.0,0,1,24.444444,2
21889,7,2,6,1,24.07,0.0,65.44,3.9,0.48,29.73,0.0,0,1,24.444444,2
21890,7,3,6,1,24.07,0.0,67.09,3.4,0.84,27.05,0.0,0,1,24.444444,2
21891,7,4,6,1,24.07,0.0,68.2,4.6,0.72,27.28,0.0,0,1,24.444444,2
21892,7,5,6,1,24.07,0.0,68.78,5.4,3.0,27.51,0.0,0,1,24.444444,2
21893,7,6,6,1,24.07,0.0,69.05,3.2,9.48,28.48,0.0,0,1,24.444444,2
21894,7,7,6,1,24.14,0.07,66.67,9.0,15.6,43.7,58.7455,0,1,24.444444,2
21895,7,8,6,1,24.28,0.2,63.33,7.0,8.88,40.55,194.797,0,1,24.444444,2
21896,7,9,6,1,24.39,0.32,60.45,7.5,9.36,41.54,357.88,0,1,24.444444,2
21897,7,10,6,1,24.37,0.29,57.96,6.0,3.96,40.46,469.462,0,1,24.444444,2
21898,7,11,6,1,24.34,0.27,55.32,10.1,6.6,44.14,563.266,0,1,24.444444,2
21899,7,12,6,1,24.15,0.08,54.53,5.7,1.92,41.02,650.81,0,1,24.444444,2
21900,7,13,6,1,24.13,0.06,53.68,5.0,1.68,41.29,671.918,0,1,24.444444,2
21901,7,14,6,1,24.31,0.23,51.97,10.3,3.84,48.2,643.428,0,1,24.444444,2
21902,7,15,6,1,24.36,0.29,51.27,10.0,2.52,51.54,594.276,0,1,24.444444,2
21903,7,16,6,1,24.23,0.15,51.37,4.1,7.32,49.34,471.698,0,1,24.444444,2
21904,7,17,6,1,24.46,0.38,50.65,8.4,3.72,51.62,336.13,0,1,24.444444,2
21905,7,18,6,1,24.6,0.53,50.73,9.6,5.28,52.49,169.663,0,1,24.444444,2
21906,7,19,6,1,24.34,0.27,52.66,5.7,3.48,48.41,31.9359,0,1,24.444444,2
21907,7,20,6,1,24.33,0.25,54.64,8.8,4.8,46.5,0.0,0,1,24.444444,2
21908,7,21,6,1,24.3,0.23,56.13,9.4,3.72,45.56,0.0,0,1,24.444444,2
21909,7,22,6,1,24.24,0.17,56.47,10.5,2.16,44.25,0.0,0,1,24.444444,2
21910,7,23,6,1,24.14,0.06,56.97,9.1,0.72,40.55,0.0,0,1,24.444444,2
21911,7,24,6,1,24.08,0.01,58.76,5.9,0.84,34.16,0.0,0,1,24.444444,2
21912,7,1,7,1,24.07,0.0,61.06,4.5,0.6,30.58,0.0,0,1,24.444444,2
21913,7,2,7,1,24.07,0.0,63.01,3.6,0.6,26.79,0.0,0,1,24.444444,2
21914,7,3,7,1,24.07,0.0,64.66,3.5,0.6,24.75,0.0,0,1,24.444444,2
21915,7,4,7,1,24.07,0.0,66.19,3.8,0.72,23.68,0.0,0,1,24.444444,2
21916,7,5,7,1,24.07,0.0,66.73,6.4,0.72,27.02,0.0,0,1,24.444444,2
21917,7,6,7,1,24.07,0.0,66.73,4.6,1.56,28.99,0.0,0,1,24.444444,2
21918,7,7,7,1,24.08,0.01,65.66,5.0,6.48,36.68,52.529,0,1,24.444444,2
21919,7,8,7,1,24.18,0.1,64.07,5.0,5.76,37.87,189.871,0,1,24.444444,2
21920,7,9,7,1,24.28,0.2,62.63,5.3,9.0,39.82,359.634,0,1,24.444444,2
21921,7,10,7,1,24.26,0.18,61.63,4.7,16.44,40.28,497.548,0,1,24.444444,2
21922,7,11,7,1,24.11,0.04,61.3,4.3,2.52,38.8,460.2,0,1,24.444444,2
21923,7,12,7,1,24.08,0.01,61.36,4.0,3.24,40.19,551.73,0,1,24.444444,2
21924,7,13,7,1,24.09,0.02,61.63,5.1,1.68,43.91,578.232,0,1,24.444444,2
21925,7,14,7,1,24.26,0.19,61.02,11.1,7.68,51.83,568.514,0,1,24.444444,2
21926,7,15,7,1,24.2,0.13,59.71,8.3,1.08,49.4,456.929,0,1,24.444444,2
21927,7,16,7,1,24.08,0.01,58.27,4.8,4.44,43.87,369.375,0,1,24.444444,2
21928,7,17,7,1,24.07,0.0,58.49,4.8,2.16,41.24,268.842,0,1,24.444444,2
21929,7,18,7,1,24.07,0.0,58.71,5.3,6.96,42.28,145.79,0,1,24.444444,2
21930,7,19,7,1,24.07,0.0,58.44,6.0,3.96,40.9,30.3785,0,1,24.444444,2
21931,7,20,7,1,24.07,0.0,58.89,4.7,2.64,33.37,0.0,0,1,24.444444,2
21932,7,21,7,1,24.07,0.0,60.06,5.3,2.52,32.24,0.0,0,1,24.444444,2
21933,7,22,7,1,24.07,0.0,61.55,6.4,2.88,32.22,0.0,0,1,24.444444,2
21934,7,23,7,1,24.07,0.0,63.04,4.9,2.28,28.52,0.0,0,1,24.444444,2
21935,7,24,7,1,24.07,0.0,64.55,6.0,0.36,29.46,0.0,0,1,24.444444,2
21936,7,1,8,1,24.07,0.0,66.48,3.4,2.04,23.99,0.0,0,1,24.444444,2
21937,7,2,8,1,24.07,0.0,68.66,3.6,0.24,24.15,0.0,0,1,24.444444,2
21938,7,3,8,1,24.07,0.0,70.09,3.3,0.96,23.09,0.0,0,1,24.444444,2
21939,7,4,8,1,24.07,0.0,70.97,3.7,0.48,23.45,0.0,0,1,24.444444,2
21940,7,5,8,1,24.07,0.0,71.82,3.2,3.72,22.17,0.0,0,1,24.444444,2
21941,7,6,8,1,24.07,0.0,71.74,3.9,2.04,29.3,0.0,0,1,24.444444,2
21942,7,7,8,1,24.08,0.01,69.81,4.1,2.28,36.75,54.8113,0,1,24.444444,2
21943,7,8,8,1,24.16,0.09,67.43,4.1,4.08,37.89,191.86,0,1,24.444444,2
21944,7,9,8,1,24.23,0.16,65.33,4.0,10.44,38.6,359.855,0,1,24.444444,2
21945,7,10,8,1,24.21,0.14,63.13,4.0,10.32,39.95,503.386,0,1,24.444444,2
21946,7,11,8,1,24.13,0.06,61.39,4.3,5.64,41.09,607.169,0,1,24.444444,2
21947,7,12,8,1,24.12,0.04,60.15,5.5,4.8,43.05,658.852,0,1,24.444444,2
21948,7,13,8,1,24.19,0.11,58.74,6.9,6.36,45.83,687.805,0,1,24.444444,2
21949,7,14,8,1,24.23,0.15,59.06,5.6,4.08,48.26,639.543,0,1,24.444444,2
21950,7,15,8,1,24.31,0.24,59.57,6.7,3.6,52.83,577.031,0,1,24.444444,2
21951,7,16,8,1,24.28,0.21,59.68,4.3,2.76,52.35,428.029,0,1,24.444444,2
21952,7,17,8,1,24.35,0.28,59.45,4.2,4.08,52.91,341.806,0,1,24.444444,2
21953,7,18,8,1,24.4,0.33,60.02,5.8,1.8,53.88,168.775,0,1,24.444444,2
21954,7,19,8,1,24.26,0.18,61.28,4.5,3.48,48.88,31.1597,0,1,24.444444,2
21955,7,20,8,1,24.21,0.13,62.46,6.0,2.52,45.37,0.0,0,1,24.444444,2
21956,7,21,8,1,24.13,0.06,63.29,5.1,2.64,42.82,0.0,0,1,24.444444,2
21957,7,22,8,1,24.08,0.01,63.87,4.0,0.96,37.92,0.0,0,1,24.444444,2
21958,7,23,8,1,24.07,0.0,64.29,5.1,0.96,36.34,0.0,0,1,24.444444,2
21959,7,24,8,1,24.07,0.0,65.37,3.4,0.36,31.55,0.0,0,1,24.444444,2
21960,7,1,2,1,24.07,0.0,66.4,4.6,0.24,32.13,0.0,0,1,24.444444,2
21961,7,2,2,1,24.07,0.0,66.22,7.8,0.48,36.19,0.0,0,1,24.444444,2
21962,7,3,2,1,24.07,0.0,66.03,7.9,0.48,34.17,0.0,0,1,24.444444,2
21963,7,4,2,1,24.07,0.0,67.66,4.6,0.6,27.49,0.0,0,1,24.444444,2
21964,7,5,2,1,24.07,0.0,69.36,4.7,7.92,27.71,0.0,0,1,24.444444,2
21965,7,6,2,1,24.07,0.0,68.76,6.6,3.72,36.31,0.0,0,1,24.444444,2
21966,7,7,2,1,24.07,0.0,67.67,4.1,6.36,35.59,55.3023,0,1,24.444444,2
21967,7,8,2,1,24.08,0.0,66.91,4.4,6.6,36.67,154.084,0,1,24.444444,2
21968,7,9,2,1,24.19,0.12,65.06,5.4,5.16,41.69,347.29,0,1,24.444444,2
21969,7,10,2,1,24.29,0.21,63.09,6.3,6.48,44.36,491.552,0,1,24.444444,2
21970,7,11,2,1,24.25,0.18,61.93,7.5,3.0,46.1,531.808,0,1,24.444444,2
21971,7,12,2,1,24.1,0.03,61.36,5.0,1.56,39.34,299.813,0,1,24.444444,2
21972,7,13,2,1,24.07,0.0,60.52,5.1,3.24,35.64,198.786,0,1,24.444444,2
21973,7,14,2,1,24.09,0.01,59.49,8.4,1.2,46.13,445.8,0,1,24.444444,2
21974,7,15,2,1,24.08,0.0,58.89,3.8,1.2,44.09,513.007,0,1,24.444444,2
21975,7,16,2,1,24.07,0.0,59.16,3.9,0.72,48.17,464.523,0,1,24.444444,2
21976,7,17,2,1,24.08,0.01,59.05,4.1,6.36,50.09,313.757,0,1,24.444444,2
21977,7,18,2,1,24.18,0.11,58.2,7.1,1.92,51.88,166.674,0,1,24.444444,2
21978,7,19,2,1,24.17,0.1,58.49,7.9,0.6,47.93,31.1129,0,1,24.444444,2
21979,7,20,2,1,24.13,0.05,59.72,8.2,5.04,43.62,0.0,0,1,24.444444,2
21980,7,21,2,1,24.19,0.12,59.97,12.3,5.88,46.59,0.0,0,1,24.444444,2
21981,7,22,2,1,24.11,0.03,61.05,7.9,0.96,39.69,0.0,0,1,24.444444,2
21982,7,23,2,1,24.08,0.01,61.79,8.3,0.96,38.45,0.0,0,1,24.444444,2
21983,7,24,2,1,24.08,0.01,62.37,9.3,0.24,38.42,0.0,0,1,24.444444,2
21984,7,1,3,1,24.07,0.0,64.4,5.3,0.36,30.61,0.0,0,1,24.444444,2
21985,7,2,3,1,24.07,0.0,66.59,6.1,0.36,31.38,0.0,0,1,24.444444,2
21986,7,3,3,1,24.07,0.0,68.16,4.6,0.36,28.02,0.0,0,1,24.444444,2
21987,7,4,3,1,24.07,0.0,69.16,6.1,0.36,30.31,0.0,0,1,24.444444,2
21988,7,5,3,1,24.07,0.0,70.17,4.5,0.48,26.71,0.0,0,1,24.444444,2
21989,7,6,3,1,24.07,0.0,70.98,3.3,2.88,30.13,0.0,0,1,24.444444,2
21990,7,7,3,1,24.1,0.03,69.46,5.4,27.36,40.53,50.7355,0,1,24.444444,2
21991,7,8,3,1,24.13,0.05,67.41,4.6,4.92,40.21,184.376,0,1,24.444444,2
21992,7,9,3,1,24.18,0.1,64.76,5.2,5.04,41.35,325.965,0,1,24.444444,2
21993,7,10,3,1,24.17,0.09,62.64,4.3,3.84,41.03,461.831,0,1,24.444444,2
21994,7,11,3,1,24.17,0.09,60.95,6.2,4.8,45.03,498.622,0,1,24.444444,2
21995,7,12,3,1,24.14,0.06,59.82,5.1,6.84,43.6,646.711,0,1,24.444444,2
21996,7,13,3,1,24.13,0.06,59.34,3.7,0.72,44.15,629.377,0,1,24.444444,2
21997,7,14,3,1,24.44,0.37,57.67,9.9,1.68,51.45,542.249,0,1,24.444444,2
21998,7,15,3,1,24.28,0.2,57.88,3.8,3.12,50.22,543.615,0,1,24.444444,2
21999,7,16,3,1,24.27,0.2,57.69,4.1,3.84,52.02,470.685,0,1,24.444444,2
22000,7,17,3,1,24.25,0.18,57.78,3.7,2.52,50.75,282.724,0,1,24.444444,2
22001,7,18,3,1,24.23,0.15,57.54,4.3,4.56,49.29,146.117,0,1,24.444444,2
22002,7,19,3,1,24.37,0.29,56.61,10.8,3.12,50.68,29.8442,0,1,24.444444,2
22003,7,20,3,1,24.25,0.17,57.23,7.1,6.48,43.39,0.0,0,1,24.444444,2
22004,7,21,3,1,24.12,0.05,58.49,5.9,3.0,40.71,0.0,0,1,24.444444,2
22005,7,22,3,1,24.09,0.01,60.0,5.8,5.28,38.33,0.0,0,1,24.444444,2
22006,7,23,3,1,24.09,0.02,60.96,8.5,0.6,40.24,0.0,0,1,24.444444,2
22007,7,24,3,1,24.07,0.0,62.57,4.3,1.2,31.83,0.0,0,1,24.444444,2
22008,7,1,4,1,24.07,0.0,64.76,4.0,0.36,30.28,0.0,0,1,24.444444,2
22009,7,2,4,1,24.07,0.0,66.15,5.5,0.24,31.34,0.0,0,1,24.444444,2
22010,7,3,4,1,24.07,0.0,66.83,5.3,0.6,29.54,0.0,0,1,24.444444,2
22011,7,4,4,1,24.07,0.0,67.85,4.6,0.36,27.45,0.0,0,1,24.444444,2
22012,7,5,4,1,24.07,0.0,68.49,5.9,2.4,29.27,0.0,0,1,24.444444,2
22013,7,6,4,1,24.07,0.0,68.12,5.7,6.48,34.05,0.0,0,1,24.444444,2
22014,7,7,4,1,24.16,0.08,66.18,8.3,5.88,42.92,49.5342,0,1,24.444444,2
22015,7,8,4,1,24.31,0.23,64.35,6.7,8.04,41.1,186.118,0,1,24.444444,2
22016,7,9,4,1,24.42,0.34,62.98,7.3,2.04,43.45,356.764,0,1,24.444444,2
22017,7,10,4,1,24.48,0.4,61.51,9.5,6.72,47.12,410.012,0,1,24.444444,2
22018,7,11,4,1,24.55,0.47,59.82,10.5,0.96,47.76,583.218,0,1,24.444444,2
22019,7,12,4,1,24.47,0.39,59.0,8.1,5.64,46.87,646.61,0,1,24.444444,2
22020,7,13,4,1,24.45,0.37,58.19,7.2,2.88,47.2,665.73,0,1,24.444444,2
22021,7,14,4,1,24.52,0.45,57.23,8.2,2.28,50.09,661.903,0,1,24.444444,2
22022,7,15,4,1,24.61,0.53,55.71,9.4,1.08,53.17,596.494,0,1,24.444444,2
22023,7,16,4,1,24.53,0.46,55.48,7.8,1.56,52.48,386.393,0,1,24.444444,2
22024,7,17,4,1,24.52,0.44,55.43,8.1,2.04,52.08,232.94,0,1,24.444444,2
22025,7,18,4,1,24.58,0.51,55.64,9.9,7.32,54.09,146.787,0,1,24.444444,2
22026,7,19,4,1,24.51,0.43,56.53,8.9,4.44,50.75,30.6151,0,1,24.444444,2
22027,7,20,4,1,24.5,0.43,56.7,12.1,4.56,48.49,0.0,0,1,24.444444,2
22028,7,21,4,1,24.46,0.38,56.87,11.9,3.0,46.54,0.0,0,1,24.444444,2
22029,7,22,4,1,24.41,0.33,57.35,12.9,0.96,45.92,0.0,0,1,24.444444,2
22030,7,23,4,1,24.22,0.15,58.83,8.2,3.12,40.16,0.0,0,1,24.444444,2
22031,7,24,4,1,24.2,0.12,59.52,11.6,1.08,42.35,0.0,0,1,24.444444,2
22032,7,1,5,1,24.16,0.09,60.12,11.0,0.24,39.93,0.0,0,1,24.444444,2
22033,7,2,5,1,24.08,0.01,62.43,5.2,1.32,31.1,0.0,0,1,24.444444,2
22034,7,3,5,1,24.07,0.0,64.75,6.4,0.12,32.47,0.0,0,1,24.444444,2
22035,7,4,5,1,24.07,0.0,65.77,6.5,0.6,31.16,0.0,0,1,24.444444,2
22036,7,5,5,1,24.07,0.0,67.44,3.6,0.96,24.8,0.0,0,1,24.444444,2
22037,7,6,5,1,24.07,0.0,66.56,10.4,2.04,41.75,0.0,0,1,24.444444,2
22038,7,7,5,1,24.09,0.01,65.15,5.2,16.2,38.56,53.1324,0,1,24.444444,2
22039,7,8,5,1,24.29,0.21,62.81,10.7,8.28,45.49,181.458,0,1,24.444444,2
22040,7,9,5,1,24.29,0.22,60.77,10.2,5.16,45.28,279.663,0,1,24.444444,2
22041,7,10,5,1,24.14,0.07,60.22,5.2,3.36,40.64,402.628,0,1,24.444444,2
22042,7,11,5,1,24.1,0.03,60.52,8.5,5.4,42.59,472.282,0,1,24.444444,2
22043,7,12,5,1,24.07,0.0,61.25,6.8,2.4,35.14,149.382,0,1,24.444444,2
22044,7,13,5,1,24.07,0.0,60.58,8.7,1.08,39.25,362.238,0,1,24.444444,2
22045,7,14,5,1,24.08,0.0,59.56,10.1,2.04,44.78,501.686,0,1,24.444444,2
22046,7,15,5,1,24.07,0.0,58.79,9.2,1.44,42.63,270.715,0,1,24.444444,2
22047,7,16,5,1,24.08,0.0,58.28,9.9,1.32,45.05,302.695,0,1,24.444444,2
22048,7,17,5,1,24.08,0.01,59.18,9.6,2.04,44.38,253.912,0,1,24.444444,2
22049,7,18,5,1,24.13,0.06,59.66,12.2,2.76,47.17,118.407,0,1,24.444444,2
22050,7,19,5,1,24.1,0.03,60.0,9.6,1.2,42.91,32.3568,0,1,24.444444,2
22051,7,20,5,1,24.08,0.0,60.58,9.4,6.48,37.85,0.0,0,1,24.444444,2
22052,7,21,5,1,24.07,0.0,61.13,9.6,2.64,36.64,0.0,0,1,24.444444,2
22053,7,22,5,1,24.07,0.0,62.11,8.2,0.96,32.96,0.0,0,1,24.444444,2
22054,7,23,5,1,24.07,0.0,63.8,4.8,1.44,25.82,0.0,0,1,24.444444,2
22055,7,24,5,1,24.07,0.0,64.12,10.7,0.96,34.95,0.0,0,1,24.444444,2
22056,7,1,6,1,24.07,0.0,65.19,3.9,0.24,22.48,0.0,0,1,24.444444,2
22057,7,2,6,1,24.07,0.0,67.71,3.5,0.48,21.92,0.0,0,1,24.444444,2
22058,7,3,6,1,24.07,0.0,69.38,3.9,0.24,22.18,0.0,0,1,24.444444,2
22059,7,4,6,1,24.07,0.0,71.01,3.4,0.48,20.87,0.0,0,1,24.444444,2
22060,7,5,6,1,24.06,0.0,72.65,2.9,1.08,18.95,0.0,0,1,24.444444,2
22061,7,6,6,1,24.06,0.0,73.24,3.6,6.96,24.29,0.0,0,1,24.444444,2
22062,7,7,6,1,24.07,0.0,70.37,7.7,10.44,39.31,67.9567,0,1,24.444444,2
22063,7,8,6,1,24.11,0.03,67.15,6.1,6.24,38.97,194.149,0,1,24.444444,2
22064,7,9,6,1,24.21,0.13,64.68,6.6,7.68,40.6,351.023,0,1,24.444444,2
22065,7,10,6,1,24.2,0.12,63.31,6.1,1.92,41.13,488.305,0,1,24.444444,2
22066,7,11,6,1,24.27,0.19,61.28,10.7,4.44,46.8,586.19,0,1,24.444444,2
22067,7,12,6,1,24.1,0.03,60.88,3.8,1.8,39.79,640.434,0,1,24.444444,2
22068,7,13,6,1,24.14,0.06,59.8,9.1,3.36,46.28,443.983,0,1,24.444444,2
22069,7,14,6,1,24.18,0.1,58.55,10.6,2.16,48.97,529.483,0,1,24.444444,2
22070,7,15,6,1,24.22,0.15,57.64,9.8,2.64,52.31,579.54,0,1,24.444444,2
22071,7,16,6,1,24.14,0.07,57.4,4.2,3.84,48.9,468.308,0,1,24.444444,2
22072,7,17,6,1,24.35,0.27,56.25,11.3,3.0,54.4,324.406,0,1,24.444444,2
22073,7,18,6,1,24.31,0.24,56.01,9.6,3.24,51.68,159.441,0,1,24.444444,2
22074,7,19,6,1,24.13,0.05,57.55,5.5,3.12,43.23,32.0476,0,1,24.444444,2
22075,7,20,6,1,24.11,0.04,58.15,9.3,4.68,43.24,0.0,0,1,24.444444,2
22076,7,21,6,1,24.09,0.02,58.7,8.5,2.52,40.52,0.0,0,1,24.444444,2
22077,7,22,6,1,24.08,0.0,59.97,6.6,1.2,35.97,0.0,0,1,24.444444,2
22078,7,23,6,1,24.07,0.0,60.8,7.5,0.96,35.71,0.0,0,1,24.444444,2
22079,7,24,6,1,24.07,0.0,62.03,4.6,0.72,29.69,0.0,0,1,24.444444,2
22080,7,1,7,1,24.07,0.0,63.49,4.9,0.48,29.29,0.0,0,1,24.444444,2
22081,7,2,7,1,24.07,0.0,65.11,3.3,1.08,25.34,0.0,0,1,24.444444,2
22082,7,3,7,1,24.07,0.0,67.11,2.9,0.12,23.31,0.0,0,1,24.444444,2
22083,7,4,7,1,24.07,0.0,68.7,3.7,1.2,23.55,0.0,0,1,24.444444,2
22084,7,5,7,1,24.07,0.0,69.61,5.0,0.84,25.06,0.0,0,1,24.444444,2
22085,7,6,7,1,24.07,0.0,70.3,3.6,0.84,25.84,0.0,0,1,24.444444,2
22086,7,7,7,1,24.07,0.0,69.55,4.2,4.8,34.3,62.7255,0,1,24.444444,2
22087,7,8,7,1,24.13,0.06,67.73,4.7,4.08,37.91,185.9,0,1,24.444444,2
22088,7,9,7,1,24.24,0.16,65.1,5.1,5.88,39.73,353.264,0,1,24.444444,2
22089,7,10,7,1,24.25,0.18,62.48,6.3,7.44,42.14,491.298,0,1,24.444444,2
22090,7,11,7,1,24.1,0.02,61.76,4.7,1.2,37.39,543.071,0,1,24.444444,2
22091,7,12,7,1,24.07,0.0,61.92,4.3,1.68,35.33,348.758,0,1,24.444444,2
22092,7,13,7,1,24.07,0.0,61.71,6.7,6.36,32.27,84.5813,0,1,24.444444,2
22093,7,14,7,1,24.07,0.0,58.83,14.1,12.96,42.05,222.611,0,1,24.444444,2
22094,7,15,7,1,24.07,0.0,58.67,5.8,1.68,33.33,308.278,0,1,24.444444,2
22095,7,16,7,1,24.07,0.0,59.49,7.0,2.4,39.99,336.737,0,1,24.444444,2
22096,7,17,7,1,24.07,0.0,60.41,5.7,1.92,37.22,300.79,0,1,24.444444,2
22097,7,18,7,1,24.07,0.0,60.99,4.5,1.8,31.36,140.064,0,1,24.444444,2
22098,7,19,7,1,24.07,0.0,61.12,4.5,6.6,26.78,30.0767,0,1,24.444444,2
22099,7,20,7,1,24.07,0.0,62.2,4.1,3.48,22.9,0.0,0,1,24.444444,2
22100,7,21,7,1,24.07,0.0,63.75,4.6,2.88,23.16,0.0,0,1,24.444444,2
22101,7,22,7,1,24.07,0.0,64.2,7.7,1.44,27.67,0.0,0,1,24.444444,2
22102,7,23,7,1,24.07,0.0,65.36,4.4,0.6,20.93,0.0,0,1,24.444444,2
22103,7,24,7,1,24.07,0.0,67.11,4.5,0.36,20.39,0.0,0,1,24.444444,2
22104,7,1,1,1,24.07,0.0,68.29,4.4,0.72,19.29,0.0,0,1,24.444444,2
22105,7,2,1,1,24.07,0.0,69.09,4.7,0.36,19.43,0.0,0,1,24.444444,2
22106,7,3,1,1,24.07,0.0,69.52,4.9,0.36,19.47,0.0,0,1,24.444444,2
22107,7,4,1,1,24.06,0.0,70.51,3.3,0.84,16.66,0.0,0,1,24.444444,2
22108,7,5,1,1,24.06,0.0,71.49,4.6,0.48,18.55,0.0,0,1,24.444444,2
22109,7,6,1,1,24.06,0.0,71.35,5.0,4.68,23.59,0.0,0,1,24.444444,2
22110,7,7,1,1,24.06,0.0,70.37,4.0,2.64,30.67,58.9887,0,1,24.444444,2
22111,7,8,1,1,24.09,0.02,68.54,4.6,5.4,35.55,184.621,0,1,24.444444,2
22112,7,9,1,1,24.08,0.01,66.92,3.6,4.32,35.94,335.262,0,1,24.444444,2
22113,7,10,1,1,24.07,0.0,66.45,3.9,6.48,34.06,460.383,0,1,24.444444,2
22114,7,11,1,1,24.07,0.0,66.1,4.2,7.92,33.56,361.722,0,1,24.444444,2
22115,7,12,1,1,24.07,0.0,64.75,4.6,18.0,31.61,181.366,0,1,24.444444,2
22116,7,13,1,1,24.07,0.0,62.2,6.9,7.8,30.75,124.406,0,1,24.444444,2
22117,7,14,1,1,24.07,0.0,61.06,7.5,3.96,33.54,251.276,0,1,24.444444,2
22118,7,15,1,1,24.07,0.0,60.73,5.7,5.4,36.63,401.681,0,1,24.444444,2
22119,7,16,1,1,24.07,0.0,61.29,4.5,3.36,37.22,340.74,0,1,24.444444,2
22120,7,17,1,1,24.07,0.0,60.95,4.5,2.64,34.9,209.132,0,1,24.444444,2
22121,7,18,1,1,24.07,0.0,60.8,4.1,1.68,29.93,72.7708,0,1,24.444444,2
22122,7,19,1,1,24.07,0.0,61.28,4.2,2.4,27.41,15.4776,0,1,24.444444,2
22123,7,20,1,1,24.07,0.0,61.63,6.6,4.32,29.87,0.0,0,1,24.444444,2
22124,7,21,1,1,24.07,0.0,61.39,7.4,1.8,30.4,0.0,0,1,24.444444,2
22125,7,22,1,1,24.07,0.0,60.94,8.6,3.72,30.9,0.0,0,1,24.444444,2
22126,7,23,1,1,24.07,0.0,61.2,7.4,0.96,27.36,0.0,0,1,24.444444,2
22127,7,24,1,1,24.07,0.0,62.97,5.0,0.48,22.99,0.0,0,1,24.444444,2
22128,7,1,2,1,24.07,0.0,65.76,3.5,0.24,20.44,0.0,0,1,24.444444,2
22129,7,2,2,1,24.07,0.0,67.43,5.9,0.36,23.63,0.0,0,1,24.444444,2
22130,7,3,2,1,24.07,0.0,68.65,5.0,2.88,20.66,0.0,0,1,24.444444,2
22131,7,4,2,1,24.06,0.0,70.6,3.2,2.28,16.97,0.0,0,1,24.444444,2
22132,7,5,2,1,24.06,0.0,72.4,3.6,5.04,17.53,0.0,0,1,24.444444,2
22133,7,6,2,1,24.06,0.0,72.54,5.1,5.4,26.04,0.0,0,1,24.444444,2
22134,7,7,2,1,24.07,0.0,71.21,4.4,14.88,33.44,52.8114,0,1,24.444444,2
22135,7,8,2,1,24.15,0.07,68.58,5.5,12.12,37.39,181.765,0,1,24.444444,2
22136,7,9,2,1,24.26,0.18,65.22,8.7,4.92,42.69,341.529,0,1,24.444444,2
22137,7,10,2,1,24.3,0.23,63.07,8.8,3.6,44.19,496.708,0,1,24.444444,2
22138,7,11,2,1,24.14,0.07,61.29,5.8,3.84,40.45,603.283,0,1,24.444444,2
22139,7,12,2,1,24.08,0.0,59.19,4.9,3.24,39.12,519.807,0,1,24.444444,2
22140,7,13,2,1,24.08,0.01,59.93,3.9,2.04,41.24,583.229,0,1,24.444444,2
22141,7,14,2,1,24.34,0.27,57.35,12.4,1.08,50.95,503.243,0,1,24.444444,2
22142,7,15,2,1,24.14,0.06,57.04,4.5,3.72,42.1,268.008,0,1,24.444444,2
22143,7,16,2,1,24.09,0.01,57.57,5.1,2.76,42.14,264.903,0,1,24.444444,2
22144,7,17,2,1,24.07,0.0,58.08,4.2,3.72,39.84,187.132,0,1,24.444444,2
22145,7,18,2,1,24.07,0.0,58.65,5.0,2.76,41.08,117.304,0,1,24.444444,2
22146,7,19,2,1,24.07,0.0,59.15,6.0,1.92,38.7,26.3847,0,1,24.444444,2
22147,7,20,2,1,24.07,0.0,59.87,7.5,2.52,37.42,0.0,0,1,24.444444,2
22148,7,21,2,1,24.07,0.0,60.18,8.8,2.4,37.81,0.0,0,1,24.444444,2
22149,7,22,2,1,24.07,0.0,60.79,6.5,2.04,32.39,0.0,0,1,24.444444,2
22150,7,23,2,1,24.07,0.0,61.57,7.4,0.84,32.83,0.0,0,1,24.444444,2
22151,7,24,2,1,24.07,0.0,62.72,7.2,0.6,31.53,0.0,0,1,24.444444,2
22152,7,1,3,1,24.07,0.0,65.34,3.7,1.68,25.09,0.0,0,1,24.444444,2
22153,7,2,3,1,24.07,0.0,68.13,3.6,0.72,24.39,0.0,0,1,24.444444,2
22154,7,3,3,1,24.07,0.0,68.95,6.3,0.24,28.53,0.0,0,1,24.444444,2
22155,7,4,3,1,24.07,0.0,70.13,3.0,0.6,20.96,0.0,0,1,24.444444,2
22156,7,5,3,1,24.07,0.0,72.2,3.2,0.84,21.01,0.0,0,1,24.444444,2
22157,7,6,3,1,24.07,0.0,72.79,3.4,1.8,27.1,0.0,0,1,24.444444,2
22158,7,7,3,1,24.08,0.01,71.23,4.4,16.56,36.97,53.8601,0,1,24.444444,2
22159,7,8,3,1,24.26,0.18,67.9,7.6,5.28,42.25,186.219,0,1,24.444444,2
22160,7,9,3,1,24.28,0.2,66.29,3.8,4.92,38.79,350.718,0,1,24.444444,2
22161,7,10,3,1,24.14,0.07,65.36,3.2,6.0,39.9,380.848,0,1,24.444444,2
22162,7,11,3,1,24.09,0.02,63.71,3.7,1.08,39.91,472.555,0,1,24.444444,2
22163,7,12,3,1,24.08,0.0,62.92,4.5,4.08,38.79,501.663,0,1,24.444444,2
22164,7,13,3,1,24.07,0.0,62.39,3.7,2.52,30.51,216.258,0,1,24.444444,2
22165,7,14,3,1,24.07,0.0,60.92,10.0,2.4,35.27,75.1793,0,1,24.444444,2
22166,7,15,3,1,24.07,0.0,61.07,3.9,2.76,24.18,108.54,0,1,24.444444,2
22167,7,16,3,1,24.07,0.0,62.13,3.5,0.84,26.18,190.603,0,1,24.444444,2
22168,7,17,3,1,24.07,0.0,63.28,4.1,3.12,27.29,173.917,0,1,24.444444,2
22169,7,18,3,1,24.07,0.0,64.53,3.9,1.68,27.02,92.0583,0,1,24.444444,2
22170,7,19,3,1,24.07,0.0,65.47,6.2,1.44,29.58,21.0109,0,1,24.444444,2
22171,7,20,3,1,24.07,0.0,65.37,7.7,7.08,29.69,0.0,0,1,24.444444,2
22172,7,21,3,1,24.07,0.0,65.73,6.2,1.92,25.94,0.0,0,1,24.444444,2
22173,7,22,3,1,24.07,0.0,65.14,10.2,1.2,31.63,0.0,0,1,24.444444,2
22174,7,23,3,1,24.07,0.0,64.83,7.3,2.4,25.43,0.0,0,1,24.444444,2
22175,7,24,3,1,24.07,0.0,65.75,7.3,0.72,25.2,0.0,0,1,24.444444,2
22176,7,1,4,1,24.07,0.0,66.76,6.8,0.6,24.02,0.0,0,1,24.444444,2
22177,7,2,4,1,24.07,0.0,68.18,5.7,0.48,22.2,0.0,0,1,24.444444,2
22178,7,3,4,1,24.07,0.0,70.33,4.4,0.36,20.6,0.0,0,1,24.444444,2
22179,7,4,4,1,24.07,0.0,71.98,5.6,0.84,23.4,0.0,0,1,24.444444,2
22180,7,5,4,1,24.06,0.0,73.96,3.2,3.48,18.71,0.0,0,1,24.444444,2
22181,7,6,4,1,24.06,0.0,74.46,4.5,2.52,27.13,0.0,0,1,24.444444,2
22182,7,7,4,1,24.12,0.04,71.59,8.5,8.52,42.07,52.247,0,1,24.444444,2
22183,7,8,4,1,24.22,0.15,68.58,6.2,7.2,39.29,184.116,0,1,24.444444,2
22184,7,9,4,1,24.31,0.23,64.74,9.1,6.6,42.46,359.107,0,1,24.444444,2
22185,7,10,4,1,24.3,0.23,62.04,10.6,5.76,45.04,448.706,0,1,24.444444,2
22186,7,11,4,1,24.23,0.15,60.34,8.5,6.6,44.83,529.533,0,1,24.444444,2
22187,7,12,4,1,24.17,0.1,58.38,8.5,9.72,45.26,500.062,0,1,24.444444,2
22188,7,13,4,1,24.1,0.02,56.82,6.8,2.4,40.61,416.479,0,1,24.444444,2
22189,7,14,4,1,24.08,0.0,56.16,8.3,3.36,39.46,230.593,0,1,24.444444,2
22190,7,15,4,1,24.07,0.0,54.9,9.1,1.44,41.73,317.34,0,1,24.444444,2
22191,7,16,4,1,24.07,0.0,54.03,8.2,2.04,39.67,214.516,0,1,24.444444,2
22192,7,17,4,1,24.07,0.0,54.67,8.4,1.32,38.7,144.378,0,1,24.444444,2
22193,7,18,4,1,24.07,0.0,55.39,9.6,3.12,38.52,58.2998,0,1,24.444444,2
22194,7,19,4,1,24.07,0.0,55.21,9.1,4.44,35.25,11.4734,0,1,24.444444,2
22195,7,20,4,1,24.07,0.0,55.09,10.7,3.96,36.0,0.0,0,1,24.444444,2
22196,7,21,4,1,24.07,0.0,55.27,12.2,1.32,36.47,0.0,0,1,24.444444,2
22197,7,22,4,1,24.07,0.0,56.62,9.2,4.32,30.6,0.0,0,1,24.444444,2
22198,7,23,4,1,24.07,0.0,57.81,9.9,1.8,30.83,0.0,0,1,24.444444,2
22199,7,24,4,1,24.07,0.0,58.8,9.9,0.96,29.96,0.0,0,1,24.444444,2
22200,7,1,5,1,24.07,0.0,59.91,9.3,2.52,28.24,0.0,0,1,24.444444,2
22201,7,2,5,1,24.07,0.0,59.33,15.2,0.36,36.66,0.0,0,1,24.444444,2
22202,7,3,5,1,24.07,0.0,61.16,3.7,0.24,17.62,0.0,0,1,24.444444,2
22203,7,4,5,1,24.07,0.0,65.02,3.6,0.24,17.21,0.0,0,1,24.444444,2
22204,7,5,5,1,24.06,0.0,67.81,3.3,1.2,16.69,0.0,0,1,24.444444,2
22205,7,6,5,1,24.07,0.0,68.07,9.5,4.44,28.4,0.0,0,1,24.444444,2
22206,7,7,5,1,24.07,0.0,68.78,4.8,6.72,20.52,28.7376,0,1,24.444444,2
22207,7,8,5,1,24.07,0.0,68.51,9.2,1.68,30.06,95.7949,0,1,24.444444,2
22208,7,9,5,1,24.07,0.0,66.13,10.9,3.96,36.96,201.513,0,1,24.444444,2
22209,7,10,5,1,24.07,0.0,64.88,4.0,1.8,28.18,284.645,0,1,24.444444,2
22210,7,11,5,1,24.07,0.0,63.48,10.1,3.36,35.94,178.05,0,1,24.444444,2
22211,7,12,5,1,24.07,0.0,61.89,7.2,1.44,28.17,162.058,0,1,24.444444,2
22212,7,13,5,1,24.07,0.0,60.39,10.5,3.48,35.63,284.251,0,1,24.444444,2
22213,7,14,5,1,24.07,0.0,58.77,10.2,0.6,36.73,299.884,0,1,24.444444,2
22214,7,15,5,1,24.07,0.0,58.54,9.2,3.12,34.51,218.493,0,1,24.444444,2
22215,7,16,5,1,24.07,0.0,58.54,7.4,1.68,32.9,246.072,0,1,24.444444,2
22216,7,17,5,1,24.07,0.0,58.43,8.7,1.44,36.78,214.723,0,1,24.444444,2
22217,7,18,5,1,24.07,0.0,57.99,8.5,2.76,36.16,122.895,0,1,24.444444,2
22218,7,19,5,1,24.07,0.0,57.86,10.9,2.04,36.19,26.5612,0,1,24.444444,2
22219,7,20,5,1,24.07,0.0,58.31,9.2,10.08,31.1,0.0,0,1,24.444444,2
22220,7,21,5,1,24.07,0.0,59.4,7.0,2.28,26.96,0.0,0,1,24.444444,2
22221,7,22,5,1,24.07,0.0,61.26,7.3,1.68,26.52,0.0,0,1,24.444444,2
22222,7,23,5,1,24.07,0.0,63.1,6.1,2.64,23.81,0.0,0,1,24.444444,2
22223,7,24,5,1,24.07,0.0,63.71,9.2,0.6,28.24,0.0,0,1,24.444444,2
22224,7,1,6,1,24.07,0.0,65.48,4.0,2.16,18.0,0.0,0,1,24.444444,2
22225,7,2,6,1,24.06,0.0,68.08,3.5,0.72,15.92,0.0,0,1,24.444444,2
22226,7,3,6,1,24.06,0.0,69.12,4.7,0.48,16.6,0.0,0,1,24.444444,2
22227,7,4,6,1,24.06,0.0,69.52,5.2,0.6,16.67,0.0,0,1,24.444444,2
22228,7,5,6,1,24.04,0.0,70.61,3.8,2.28,13.73,0.0,0,1,24.444444,2
22229,7,6,6,1,24.03,0.0,71.82,3.4,9.96,16.95,0.0,0,1,24.444444,2
22230,7,7,6,1,24.05,0.0,69.86,7.3,20.88,32.15,55.2566,0,1,24.444444,2
22231,7,8,6,1,24.06,0.0,66.82,5.7,11.4,31.98,177.896,0,1,24.444444,2
22232,7,9,6,1,24.07,0.0,63.01,8.2,5.4,37.08,321.237,0,1,24.444444,2
22233,7,10,6,1,24.09,0.01,60.49,9.3,2.88,40.44,483.003,0,1,24.444444,2
22234,7,11,6,1,24.08,0.0,59.31,10.3,3.96,41.73,602.61,0,1,24.444444,2
22235,7,12,6,1,24.07,0.0,59.61,3.8,1.56,33.36,648.419,0,1,24.444444,2
22236,7,13,6,1,24.08,0.01,58.67,7.9,2.88,43.45,623.725,0,1,24.444444,2
22237,7,14,6,1,24.16,0.09,56.43,10.5,2.28,48.45,610.027,0,1,24.444444,2
22238,7,15,6,1,24.19,0.11,55.25,10.6,1.8,50.55,554.983,0,1,24.444444,2
22239,7,16,6,1,24.1,0.03,55.43,6.3,3.24,48.77,484.432,0,1,24.444444,2
22240,7,17,6,1,24.2,0.13,55.16,9.1,1.32,52.62,338.049,0,1,24.444444,2
22241,7,18,6,1,24.27,0.2,55.82,9.7,4.68,52.67,166.389,0,1,24.444444,2
22242,7,19,6,1,24.15,0.07,56.83,6.9,3.24,45.22,29.415,0,1,24.444444,2
22243,7,20,6,1,24.11,0.03,57.22,9.1,2.64,42.81,0.0,0,1,24.444444,2
22244,7,21,6,1,24.08,0.0,57.85,6.4,1.2,36.65,0.0,0,1,24.444444,2
22245,7,22,6,1,24.07,0.0,59.11,5.3,1.32,32.25,0.0,0,1,24.444444,2
22246,7,23,6,1,24.07,0.0,60.42,6.2,1.56,31.45,0.0,0,1,24.444444,2
22247,7,24,6,1,24.07,0.0,61.73,4.8,0.72,27.78,0.0,0,1,24.444444,2
22248,7,1,7,1,24.07,0.0,63.55,3.0,4.92,23.23,0.0,0,1,24.444444,2
22249,7,2,7,1,24.07,0.0,64.87,3.5,0.48,22.68,0.0,0,1,24.444444,2
22250,7,3,7,1,24.07,0.0,66.33,3.8,0.24,21.88,0.0,0,1,24.444444,2
22251,7,4,7,1,24.07,0.0,67.91,3.3,0.72,20.03,0.0,0,1,24.444444,2
22252,7,5,7,1,24.07,0.0,68.92,3.8,0.24,20.37,0.0,0,1,24.444444,2
22253,7,6,7,1,24.07,0.0,69.03,3.9,0.84,25.69,0.0,0,1,24.444444,2
22254,7,7,7,1,24.07,0.0,67.82,3.4,5.88,32.6,45.4179,0,1,24.444444,2
22255,7,8,7,1,24.1,0.02,66.39,4.1,8.64,35.28,179.34,0,1,24.444444,2
22256,7,9,7,1,24.2,0.13,63.84,7.7,7.56,39.95,344.643,0,1,24.444444,2
22257,7,10,7,1,24.08,0.0,63.5,3.4,6.12,32.73,447.836,0,1,24.444444,2
22258,7,11,7,1,24.07,0.0,63.26,3.8,3.72,34.64,438.816,0,1,24.444444,2
22259,7,12,7,1,24.07,0.0,62.37,7.5,1.08,39.42,356.906,0,1,24.444444,2
22260,7,13,7,1,24.07,0.0,62.55,6.9,8.04,35.16,238.594,0,1,24.444444,2
22261,7,14,7,1,24.14,0.07,60.66,16.5,5.16,48.52,238.595,0,1,24.444444,2
22262,7,15,7,1,24.08,0.01,59.33,8.3,1.56,37.87,289.147,0,1,24.444444,2
22263,7,16,7,1,24.07,0.0,59.02,9.3,3.24,41.66,311.434,0,1,24.444444,2
22264,7,17,7,1,24.07,0.0,59.29,5.5,1.92,34.87,249.203,0,1,24.444444,2
22265,7,18,7,1,24.07,0.0,59.63,5.8,3.12,37.26,154.202,0,1,24.444444,2
22266,7,19,7,1,24.07,0.0,60.71,4.1,12.0,31.58,28.8997,0,1,24.444444,2
22267,7,20,7,1,24.07,0.0,62.29,4.9,2.76,28.81,0.0,0,1,24.444444,2
22268,7,21,7,1,24.07,0.0,63.38,6.8,1.2,31.05,0.0,0,1,24.444444,2
22269,7,22,7,1,24.07,0.0,63.73,8.3,1.08,32.42,0.0,0,1,24.444444,2
22270,7,23,7,1,24.07,0.0,64.63,5.1,1.68,25.79,0.0,0,1,24.444444,2
22271,7,24,7,1,24.07,0.0,65.9,5.8,1.2,26.14,0.0,0,1,24.444444,2
22272,7,1,1,1,24.07,0.0,66.92,4.7,2.28,23.5,0.0,0,1,24.444444,2
22273,7,2,1,1,24.07,0.0,68.65,3.2,0.48,20.03,0.0,0,1,24.444444,2
22274,7,3,1,1,24.07,0.0,70.53,3.2,0.84,19.88,0.0,0,1,24.444444,2
22275,7,4,1,1,24.07,0.0,71.72,3.6,0.48,20.52,0.0,0,1,24.444444,2
22276,7,5,1,1,24.07,0.0,72.8,3.6,0.84,20.18,0.0,0,1,24.444444,2
22277,7,6,1,1,24.06,0.0,73.28,3.5,0.48,24.56,0.0,0,1,24.444444,2
22278,7,7,1,1,24.11,0.03,70.86,7.4,5.16,40.27,46.468,0,1,24.444444,2
22279,7,8,1,1,24.16,0.08,68.31,3.6,2.88,35.72,177.322,0,1,24.444444,2
22280,7,9,1,1,24.21,0.14,66.17,4.9,6.84,38.7,346.406,0,1,24.444444,2
22281,7,10,1,1,24.13,0.05,65.6,4.0,3.72,37.38,498.169,0,1,24.444444,2
22282,7,11,1,1,24.08,0.0,65.86,4.3,4.8,35.83,486.947,0,1,24.444444,2
22283,7,12,1,1,24.07,0.0,64.84,6.8,9.72,36.42,240.354,0,1,24.444444,2
22284,7,13,1,1,24.07,0.0,63.16,4.9,6.6,31.97,418.214,0,1,24.444444,2
22285,7,14,1,1,24.07,0.0,62.08,4.0,6.6,34.77,530.805,0,1,24.444444,2
22286,7,15,1,1,24.07,0.0,61.86,4.2,1.68,36.86,366.846,0,1,24.444444,2
22287,7,16,1,1,24.07,0.0,61.4,6.1,3.96,42.36,435.556,0,1,24.444444,2
22288,7,17,1,1,24.07,0.0,60.87,5.8,4.2,38.69,271.816,0,1,24.444444,2
22289,7,18,1,1,24.07,0.0,60.69,5.6,4.68,39.79,153.97,0,1,24.444444,2
22290,7,19,1,1,24.07,0.0,60.7,7.7,3.84,40.14,28.7623,0,1,24.444444,2
22291,7,20,1,1,24.07,0.0,61.89,6.5,4.32,33.89,0.0,0,1,24.444444,2
22292,7,21,1,1,24.07,0.0,63.21,7.5,2.04,34.49,0.0,0,1,24.444444,2
22293,7,22,1,1,24.07,0.0,64.13,7.7,1.2,33.5,0.0,0,1,24.444444,2
22294,7,23,1,1,24.07,0.0,65.41,4.8,0.96,27.39,0.0,0,1,24.444444,2
22295,7,24,1,1,24.07,0.0,66.96,5.0,0.36,26.91,0.0,0,1,24.444444,2
22296,7,1,2,1,24.07,0.0,67.24,6.2,0.24,28.14,0.0,0,1,24.444444,2
22297,7,2,2,1,24.07,0.0,67.0,7.6,0.72,28.89,0.0,0,1,24.444444,2
22298,7,3,2,1,24.07,0.0,68.02,3.5,1.08,20.42,0.0,0,1,24.444444,2
22299,7,4,2,1,24.07,0.0,68.82,6.4,0.72,25.18,0.0,0,1,24.444444,2
22300,7,5,2,1,24.07,0.0,69.66,5.2,3.24,23.56,0.0,0,1,24.444444,2
22301,7,6,2,1,24.07,0.0,69.76,7.6,2.04,32.53,0.0,0,1,24.444444,2
22302,7,7,2,1,24.08,0.0,68.46,5.7,11.28,37.38,54.3921,0,1,24.444444,2
22303,7,8,2,1,24.18,0.11,66.65,7.0,5.88,40.88,183.374,0,1,24.444444,2
22304,7,9,2,1,24.22,0.15,64.58,7.6,7.56,41.54,339.339,0,1,24.444444,2
22305,7,10,2,1,24.28,0.2,61.11,10.4,2.28,45.37,468.473,0,1,24.444444,2
22306,7,11,2,1,24.23,0.15,58.58,10.7,3.6,45.91,432.391,0,1,24.444444,2
22307,7,12,2,1,24.09,0.02,57.32,6.7,1.08,39.63,601.821,0,1,24.444444,2
22308,7,13,2,1,24.07,0.0,57.16,4.8,4.44,38.49,662.151,0,1,24.444444,2
22309,7,14,2,1,24.14,0.06,56.44,9.7,2.52,47.57,646.192,0,1,24.444444,2
22310,7,15,2,1,24.1,0.03,55.15,5.7,2.88,47.01,589.047,0,1,24.444444,2
22311,7,16,2,1,24.12,0.04,54.59,5.6,1.32,49.81,492.417,0,1,24.444444,2
22312,7,17,2,1,24.16,0.09,55.26,4.5,3.0,50.09,339.41,0,1,24.444444,2
22313,7,18,2,1,24.13,0.05,56.27,4.0,1.32,49.68,169.394,0,1,24.444444,2
22314,7,19,2,1,24.2,0.12,56.82,8.5,2.04,48.91,29.3744,0,1,24.444444,2
22315,7,20,2,1,24.13,0.05,57.93,7.0,3.6,43.14,0.0,0,1,24.444444,2
22316,7,21,2,1,24.08,0.01,59.02,5.5,3.36,38.99,0.0,0,1,24.444444,2
22317,7,22,2,1,24.07,0.0,60.28,5.7,3.72,36.91,0.0,0,1,24.444444,2
22318,7,23,2,1,24.1,0.03,60.52,11.0,0.84,42.63,0.0,0,1,24.444444,2
22319,7,24,2,1,24.07,0.0,61.31,6.4,1.32,33.85,0.0,0,1,24.444444,2
22320,7,1,3,1,24.07,0.0,63.02,4.8,0.6,29.46,0.0,0,1,24.444444,2
22321,7,2,3,1,24.07,0.0,64.79,3.3,0.6,24.89,0.0,0,1,24.444444,2
22322,7,3,3,1,24.07,0.0,66.29,5.1,0.0,26.49,0.0,0,1,24.444444,2
22323,7,4,3,1,24.07,0.0,67.26,4.6,0.48,24.65,0.0,0,1,24.444444,2
22324,7,5,3,1,24.07,0.0,68.8,3.2,3.48,21.22,0.0,0,1,24.444444,2
22325,7,6,3,1,24.07,0.0,69.87,4.1,3.84,26.52,0.0,0,1,24.444444,2
22326,7,7,3,1,24.09,0.01,68.61,5.6,24.12,37.9,51.0485,0,1,24.444444,2
22327,7,8,3,1,24.16,0.09,66.65,4.5,5.88,38.01,181.869,0,1,24.444444,2
22328,7,9,3,1,24.26,0.18,64.89,5.0,2.52,39.76,348.39,0,1,24.444444,2
22329,7,10,3,1,24.25,0.17,63.76,4.1,7.2,40.38,495.211,0,1,24.444444,2
22330,7,11,3,1,24.14,0.07,62.85,4.1,3.24,41.1,597.032,0,1,24.444444,2
22331,7,12,3,1,24.09,0.02,60.89,3.9,4.8,40.33,653.981,0,1,24.444444,2
22332,7,13,3,1,24.09,0.02,58.94,3.6,2.76,40.72,653.432,0,1,24.444444,2
22333,7,14,3,1,24.24,0.16,55.73,9.8,1.2,49.08,625.36,0,1,24.444444,2
22334,7,15,3,1,24.17,0.1,53.93,4.0,1.08,47.42,571.493,0,1,24.444444,2
22335,7,16,3,1,24.17,0.1,53.67,3.8,5.04,47.5,387.908,0,1,24.444444,2
22336,7,17,3,1,24.14,0.07,54.82,4.4,3.36,42.78,132.989,0,1,24.444444,2
22337,7,18,3,1,24.08,0.01,56.63,3.8,4.92,38.86,86.0784,0,1,24.444444,2
22338,7,19,3,1,24.07,0.0,57.34,6.6,4.2,40.28,17.6308,0,1,24.444444,2
22339,7,20,3,1,24.07,0.0,57.92,6.7,6.24,39.47,0.0,0,1,24.444444,2
22340,7,21,3,1,24.08,0.0,58.33,7.9,1.68,39.42,0.0,0,1,24.444444,2
22341,7,22,3,1,24.07,0.0,59.42,6.1,4.08,34.83,0.0,0,1,24.444444,2
22342,7,23,3,1,24.07,0.0,61.06,6.7,1.68,34.96,0.0,0,1,24.444444,2
22343,7,24,3,1,24.07,0.0,61.81,8.3,4.32,36.07,0.0,0,1,24.444444,2
22344,7,1,4,1,24.07,0.0,63.4,3.8,0.48,27.06,0.0,0,1,24.444444,2
22345,7,2,4,1,24.07,0.0,65.58,3.4,0.6,25.41,0.0,0,1,24.444444,2
22346,7,3,4,1,24.07,0.0,66.99,5.1,0.48,27.56,0.0,0,1,24.444444,2
22347,7,4,4,1,24.07,0.0,67.67,6.1,0.36,28.49,0.0,0,1,24.444444,2
22348,7,5,4,1,24.07,0.0,68.53,4.7,0.6,25.39,0.0,0,1,24.444444,2
22349,7,6,4,1,24.07,0.0,68.81,5.8,4.68,30.25,0.0,0,1,24.444444,2
22350,7,7,4,1,24.13,0.05,66.88,9.8,9.12,44.21,57.6025,0,1,24.444444,2
22351,7,8,4,1,24.25,0.17,65.22,6.3,9.6,40.8,183.625,0,1,24.444444,2
22352,7,9,4,1,24.33,0.26,64.3,6.0,3.48,41.43,349.341,0,1,24.444444,2
22353,7,10,4,1,24.49,0.41,62.48,9.7,2.4,46.44,490.021,0,1,24.444444,2
22354,7,11,4,1,24.45,0.37,60.94,8.5,3.36,46.26,589.266,0,1,24.444444,2
22355,7,12,4,1,24.36,0.28,58.91,7.6,5.64,45.72,647.137,0,1,24.444444,2
22356,7,13,4,1,24.32,0.25,56.93,7.3,0.84,45.87,657.335,0,1,24.444444,2
22357,7,14,4,1,24.38,0.3,55.94,8.4,2.76,49.15,594.832,0,1,24.444444,2
22358,7,15,4,1,24.39,0.32,55.22,8.7,1.32,52.39,586.428,0,1,24.444444,2
22359,7,16,4,1,24.53,0.45,55.59,8.2,3.48,53.36,475.318,0,1,24.444444,2
22360,7,17,4,1,24.72,0.65,55.4,9.2,2.28,53.92,326.698,0,1,24.444444,2
22361,7,18,4,1,24.7,0.63,54.9,9.1,5.16,53.79,158.477,0,1,24.444444,2
22362,7,19,4,1,24.51,0.44,55.01,9.5,2.28,50.88,28.6888,0,1,24.444444,2
22363,7,20,4,1,24.46,0.39,55.7,10.2,3.6,47.4,0.0,0,1,24.444444,2
22364,7,21,4,1,24.39,0.32,56.8,9.1,3.24,45.46,0.0,0,1,24.444444,2
22365,7,22,4,1,24.35,0.28,57.54,10.7,1.92,45.43,0.0,0,1,24.444444,2
22366,7,23,4,1,24.21,0.14,59.03,8.3,0.84,42.09,0.0,0,1,24.444444,2
22367,7,24,4,1,24.14,0.07,60.8,7.5,0.6,40.1,0.0,0,1,24.444444,2
22368,7,1,5,1,24.21,0.14,60.87,12.7,0.48,44.82,0.0,0,1,24.444444,2
22369,7,2,5,1,24.09,0.02,62.91,3.8,0.24,30.64,0.0,0,1,24.444444,2
22370,7,3,5,1,24.07,0.0,65.46,3.5,0.36,28.5,0.0,0,1,24.444444,2
22371,7,4,5,1,24.08,0.01,65.49,9.4,0.6,37.54,0.0,0,1,24.444444,2
22372,7,5,5,1,24.07,0.0,66.49,3.7,1.32,26.61,0.0,0,1,24.444444,2
22373,7,6,5,1,24.09,0.01,65.98,11.3,3.0,41.79,0.0,0,1,24.444444,2
22374,7,7,5,1,24.07,0.0,65.27,4.6,11.04,36.54,57.9853,0,1,24.444444,2
22375,7,8,5,1,24.2,0.13,63.78,9.8,6.72,44.97,182.239,0,1,24.444444,2
22376,7,9,5,1,24.28,0.2,61.96,11.4,1.44,46.71,306.088,0,1,24.444444,2
22377,7,10,5,1,24.1,0.02,62.25,4.8,4.56,39.64,309.948,0,1,24.444444,2
22378,7,11,5,1,24.07,0.0,62.55,8.7,1.08,38.79,104.832,0,1,24.444444,2
22379,7,12,5,1,24.07,0.0,62.59,7.3,1.68,31.67,51.2445,0,1,24.444444,2
22380,7,13,5,1,24.07,0.0,61.56,8.9,2.16,34.11,86.3186,0,1,24.444444,2
22381,7,14,5,1,24.07,0.0,60.26,9.9,1.44,38.38,288.482,0,1,24.444444,2
22382,7,15,5,1,24.07,0.0,59.68,9.3,0.6,43.98,513.257,0,1,24.444444,2
22383,7,16,5,1,24.07,0.0,59.91,7.6,0.36,44.78,418.743,0,1,24.444444,2
22384,7,17,5,1,24.08,0.0,59.99,9.0,6.24,47.16,280.78,0,1,24.444444,2
22385,7,18,5,1,24.08,0.01,60.16,9.0,4.08,45.49,138.473,0,1,24.444444,2
22386,7,19,5,1,24.08,0.01,60.78,9.3,5.04,41.57,25.3071,0,1,24.444444,2
22387,7,20,5,1,24.07,0.0,61.77,8.8,3.72,38.27,0.0,0,1,24.444444,2
22388,7,21,5,1,24.07,0.0,62.23,10.1,6.24,39.46,0.0,0,1,24.444444,2
22389,7,22,5,1,24.07,0.0,63.27,6.1,2.64,31.37,0.0,0,1,24.444444,2
22390,7,23,5,1,24.07,0.0,64.91,5.3,1.44,29.33,0.0,0,1,24.444444,2
22391,7,24,5,1,24.07,0.0,64.97,9.4,2.88,35.37,0.0,0,1,24.444444,2
22392,7,1,6,1,24.07,0.0,65.73,4.2,0.48,24.88,0.0,0,1,24.444444,2
22393,7,2,6,1,24.07,0.0,67.8,3.3,0.84,22.61,0.0,0,1,24.444444,2
22394,7,3,6,1,24.07,0.0,69.42,3.6,0.6,22.26,0.0,0,1,24.444444,2
22395,7,4,6,1,24.07,0.0,70.17,4.6,1.56,23.27,0.0,0,1,24.444444,2
22396,7,5,6,1,24.07,0.0,71.11,3.3,6.96,19.86,0.0,0,1,24.444444,2
22397,7,6,6,1,24.07,0.0,71.91,4.1,8.04,23.09,0.0,0,1,24.444444,2
22398,7,7,6,1,24.07,0.0,69.89,9.0,8.52,38.79,61.2805,0,1,24.444444,2
22399,7,8,6,1,24.08,0.0,67.37,4.5,6.72,35.82,186.671,0,1,24.444444,2
22400,7,9,6,1,24.13,0.06,64.69,6.2,7.32,40.16,339.246,0,1,24.444444,2
22401,7,10,6,1,24.12,0.05,62.64,5.2,3.6,40.34,472.784,0,1,24.444444,2
22402,7,11,6,1,24.13,0.06,61.01,9.0,4.8,45.12,551.751,0,1,24.444444,2
22403,7,12,6,1,24.1,0.03,59.52,7.4,5.04,43.32,630.826,0,1,24.444444,2
22404,7,13,6,1,24.14,0.07,58.29,8.2,2.76,45.6,613.797,0,1,24.444444,2
22405,7,14,6,1,24.25,0.17,57.4,10.5,0.96,50.47,609.24,0,1,24.444444,2
22406,7,15,6,1,24.4,0.33,57.09,12.3,6.36,54.6,544.578,0,1,24.444444,2
22407,7,16,6,1,24.26,0.19,57.47,4.8,4.32,51.57,474.694,0,1,24.444444,2
22408,7,17,6,1,24.66,0.59,55.3,12.2,3.0,54.65,320.963,0,1,24.444444,2
22409,7,18,6,1,24.53,0.45,55.29,8.9,4.08,53.26,155.935,0,1,24.444444,2
22410,7,19,6,1,24.3,0.22,56.64,5.4,2.52,45.62,27.458,0,1,24.444444,2
22411,7,20,6,1,24.22,0.14,57.61,8.3,3.12,43.85,0.0,0,1,24.444444,2
22412,7,21,6,1,24.13,0.05,58.33,6.9,2.4,40.69,0.0,0,1,24.444444,2
22413,7,22,6,1,24.09,0.02,58.8,7.1,0.96,38.1,0.0,0,1,24.444444,2
22414,7,23,6,1,24.22,0.15,58.0,15.9,0.6,46.56,0.0,0,1,24.444444,2
22415,7,24,6,1,24.09,0.01,59.85,4.8,0.96,31.08,0.0,0,1,24.444444,2
22416,7,1,7,1,24.07,0.0,62.71,3.7,2.28,28.19,0.0,0,1,24.444444,2
22417,7,2,7,1,24.07,0.0,65.2,2.9,1.08,25.81,0.0,0,1,24.444444,2
22418,7,3,7,1,24.07,0.0,67.24,3.2,0.12,25.64,0.0,0,1,24.444444,2
22419,7,4,7,1,24.07,0.0,67.61,5.0,0.36,27.73,0.0,0,1,24.444444,2
22420,7,5,7,1,24.07,0.0,68.32,3.5,0.96,23.41,0.0,0,1,24.444444,2
22421,7,6,7,1,24.07,0.0,68.99,4.7,0.48,27.79,0.0,0,1,24.444444,2
22422,7,7,7,1,24.07,0.0,68.67,3.5,8.16,30.58,54.6219,0,1,24.444444,2
22423,7,8,7,1,24.07,0.0,67.72,5.7,4.68,33.63,147.924,0,1,24.444444,2
22424,7,9,7,1,24.07,0.0,66.25,5.7,14.76,33.5,220.561,0,1,24.444444,2
22425,7,10,7,1,24.07,0.0,65.58,4.6,8.88,32.97,191.022,0,1,24.444444,2
22426,7,11,7,1,24.07,0.0,64.56,4.4,5.16,38.77,423.824,0,1,24.444444,2
22427,7,12,7,1,24.07,0.0,63.48,4.1,4.68,38.77,571.148,0,1,24.444444,2
22428,7,13,7,1,24.07,0.0,62.71,6.3,4.32,43.52,591.915,0,1,24.444444,2
22429,7,14,7,1,24.31,0.24,60.09,13.7,12.48,52.24,468.169,0,1,24.444444,2
22430,7,15,7,1,24.12,0.05,60.31,5.7,3.96,41.05,181.084,0,1,24.444444,2
22431,7,16,7,1,24.07,0.0,61.2,3.9,2.16,33.89,97.7015,0,1,24.444444,2
22432,7,17,7,1,24.07,0.0,61.84,5.5,2.64,35.09,108.33,0,1,24.444444,2
22433,7,18,7,1,24.07,0.0,62.9,4.2,1.68,33.22,61.1576,0,1,24.444444,2
22434,7,19,7,1,24.07,0.0,64.28,3.5,6.48,30.39,9.86164,0,1,24.444444,2
22435,7,20,7,1,24.07,0.0,65.72,4.2,1.44,30.06,0.0,0,1,24.444444,2
22436,7,21,7,1,24.07,0.0,66.45,6.0,6.6,32.06,0.0,0,1,24.444444,2
22437,7,22,7,1,24.07,0.0,66.97,6.7,1.8,31.55,0.0,0,1,24.444444,2
22438,7,23,7,1,24.07,0.0,66.31,10.7,1.8,37.2,0.0,0,1,24.444444,2
22439,7,24,7,1,24.07,0.0,67.37,4.7,0.96,25.16,0.0,0,1,24.444444,2
22440,7,1,1,1,24.07,0.0,69.37,4.8,0.6,25.15,0.0,0,1,24.444444,2
22441,7,2,1,1,24.07,0.0,70.84,2.8,0.12,20.45,0.0,0,1,24.444444,2
22442,7,3,1,1,24.07,0.0,71.48,4.8,0.48,23.53,0.0,0,1,24.444444,2
22443,7,4,1,1,24.07,0.0,71.51,4.9,0.84,22.88,0.0,0,1,24.444444,2
22444,7,5,1,1,24.07,0.0,72.74,3.2,2.88,19.25,0.0,0,1,24.444444,2
22445,7,6,1,1,24.07,0.0,72.83,5.1,1.44,25.97,0.0,0,1,24.444444,2
22446,7,7,1,1,24.07,0.0,71.04,4.2,2.64,31.25,54.7206,0,1,24.444444,2
22447,7,8,1,1,24.07,0.0,68.94,4.9,5.28,33.29,171.792,0,1,24.444444,2
22448,7,9,1,1,24.07,0.0,67.59,4.1,3.48,31.41,250.078,0,1,24.444444,2
22449,7,10,1,1,24.08,0.0,66.25,5.8,9.96,40.02,459.603,0,1,24.444444,2
22450,7,11,1,1,24.07,0.0,65.05,4.8,2.64,40.01,518.389,0,1,24.444444,2
22451,7,12,1,1,24.07,0.0,64.03,5.6,9.0,39.34,586.833,0,1,24.444444,2
22452,7,13,1,1,24.07,0.0,63.61,5.3,8.64,40.9,688.612,0,1,24.444444,2
22453,7,14,1,1,24.07,0.0,62.21,5.0,3.96,44.04,568.938,0,1,24.444444,2
22454,7,15,1,1,24.07,0.0,61.07,3.7,2.64,41.77,490.988,0,1,24.444444,2
22455,7,16,1,1,24.07,0.0,59.87,5.9,3.6,48.49,485.79,0,1,24.444444,2
22456,7,17,1,1,24.07,0.0,60.25,4.4,3.6,43.38,236.168,0,1,24.444444,2
22457,7,18,1,1,24.07,0.0,61.22,4.7,9.48,40.32,101.327,0,1,24.444444,2
22458,7,19,1,1,24.07,0.0,61.5,5.2,5.76,37.0,20.5883,0,1,24.444444,2
22459,7,20,1,1,24.07,0.0,62.2,5.4,0.96,34.87,0.0,0,1,24.444444,2
22460,7,21,1,1,24.08,0.0,62.27,9.5,3.84,40.29,0.0,0,1,24.444444,2
22461,7,22,1,1,24.07,0.0,61.78,9.3,2.88,38.02,0.0,0,1,24.444444,2
22462,7,23,1,1,24.07,0.0,62.75,3.6,0.84,26.45,0.0,0,1,24.444444,2
22463,7,24,1,1,24.07,0.0,64.39,5.3,0.36,28.13,0.0,0,1,24.444444,2
22464,7,1,2,1,24.07,0.0,65.69,4.5,0.48,25.74,0.0,0,1,24.444444,2
22465,7,2,2,1,24.07,0.0,65.96,7.6,0.48,29.83,0.0,0,1,24.444444,2
22466,7,3,2,1,24.07,0.0,66.77,4.7,0.48,23.14,0.0,0,1,24.444444,2
22467,7,4,2,1,24.07,0.0,68.34,5.0,0.36,23.12,0.0,0,1,24.444444,2
22468,7,5,2,1,24.07,0.0,70.29,3.1,1.44,19.76,0.0,0,1,24.444444,2
22469,7,6,2,1,24.07,0.0,72.16,3.1,2.52,23.78,0.0,0,1,24.444444,2
22470,7,7,2,1,24.07,0.0,70.45,5.3,9.24,34.8,48.5465,0,1,24.444444,2
22471,7,8,2,1,24.09,0.02,67.76,5.5,10.8,36.95,180.186,0,1,24.444444,2
22472,7,9,2,1,24.09,0.01,65.43,6.4,9.0,36.94,321.461,0,1,24.444444,2
22473,7,10,2,1,24.07,0.0,64.51,7.7,5.64,32.43,122.758,0,1,24.444444,2
22474,7,11,2,1,24.07,0.0,65.12,4.1,4.32,24.96,107.1,0,1,24.444444,2
22475,7,12,2,1,24.07,0.0,65.5,5.3,2.16,29.03,160.191,0,1,24.444444,2
22476,7,13,2,1,24.07,0.0,65.64,6.2,1.56,28.7,103.355,0,1,24.444444,2
22477,7,14,2,1,24.07,0.0,65.27,8.8,2.88,32.39,140.649,0,1,24.444444,2
22478,7,15,2,1,24.07,0.0,65.63,4.6,1.8,27.08,226.741,0,1,24.444444,2
22479,7,16,2,1,24.07,0.0,65.21,8.8,0.6,35.81,211.018,0,1,24.444444,2
22480,7,17,2,1,24.07,0.0,65.6,4.3,4.44,26.64,173.886,0,1,24.444444,2
22481,7,18,2,1,24.07,0.0,66.8,4.6,1.56,26.59,86.2299,0,1,24.444444,2
22482,7,19,2,1,24.07,0.0,66.78,8.2,4.56,30.68,15.5902,0,1,24.444444,2
22483,7,20,2,1,24.07,0.0,66.75,7.5,3.96,27.11,0.0,0,1,24.444444,2
22484,7,21,2,1,24.07,0.0,66.04,10.0,4.92,30.98,0.0,0,1,24.444444,2
22485,7,22,2,1,24.07,0.0,65.87,5.9,3.36,22.97,0.0,0,1,24.444444,2
22486,7,23,2,1,24.07,0.0,67.2,5.0,0.96,21.05,0.0,0,1,24.444444,2
22487,7,24,2,1,24.07,0.0,66.58,10.0,0.36,29.92,0.0,0,1,24.444444,2
22488,7,1,3,1,24.07,0.0,66.18,6.6,0.24,23.23,0.0,0,1,24.444444,2
22489,7,2,3,1,24.07,0.0,66.01,10.3,0.36,29.75,0.0,0,1,24.444444,2
22490,7,3,3,1,24.07,0.0,67.12,4.6,0.0,19.42,0.0,0,1,24.444444,2
22491,7,4,3,1,24.07,0.0,69.53,4.5,0.72,18.91,0.0,0,1,24.444444,2
22492,7,5,3,1,24.05,0.0,70.69,3.3,1.8,15.75,0.0,0,1,24.444444,2
22493,7,6,3,1,24.06,0.0,71.42,5.7,4.08,19.99,0.0,0,1,24.444444,2
22494,7,7,3,1,24.06,0.0,71.72,5.1,21.36,18.94,20.5714,0,1,24.444444,2
22495,7,8,3,1,24.07,0.0,70.12,8.4,4.56,24.5,78.4851,0,1,24.444444,2
22496,7,9,3,1,24.06,0.0,68.75,5.0,7.08,23.89,236.011,0,1,24.444444,2
22497,7,10,3,1,24.07,0.0,66.97,3.8,4.08,26.62,386.871,0,1,24.444444,2
22498,7,11,3,1,24.07,0.0,65.46,3.7,1.32,28.68,476.863,0,1,24.444444,2
22499,7,12,3,1,24.07,0.0,64.59,4.0,9.6,29.98,536.818,0,1,24.444444,2
22500,7,13,3,1,24.07,0.0,63.16,3.9,1.44,31.91,540.831,0,1,24.444444,2
22501,7,14,3,1,24.07,0.0,61.5,9.8,0.84,44.02,549.616,0,1,24.444444,2
22502,7,15,3,1,24.07,0.0,60.21,3.8,1.92,35.51,451.026,0,1,24.444444,2
22503,7,16,3,1,24.07,0.0,58.92,4.1,4.32,37.0,357.759,0,1,24.444444,2
22504,7,17,3,1,24.07,0.0,58.06,3.4,2.16,40.03,335.91,0,1,24.444444,2
22505,7,18,3,1,24.07,0.0,57.8,3.9,3.48,40.43,167.769,0,1,24.444444,2
22506,7,19,3,1,24.17,0.09,56.42,15.5,2.52,48.92,26.2493,0,1,24.444444,2
22507,7,20,3,1,24.08,0.01,56.85,6.1,2.64,32.21,0.0,0,1,24.444444,2
22508,7,21,3,1,24.07,0.0,58.04,6.5,1.2,31.32,0.0,0,1,24.444444,2
22509,7,22,3,1,24.07,0.0,59.5,7.0,2.28,30.85,0.0,0,1,24.444444,2
22510,7,23,3,1,24.07,0.0,60.79,7.4,1.2,29.78,0.0,0,1,24.444444,2
22511,7,24,3,1,24.07,0.0,61.79,7.3,3.0,28.28,0.0,0,1,24.444444,2
22512,7,1,4,1,24.07,0.0,63.48,5.4,0.48,24.28,0.0,0,1,24.444444,2
22513,7,2,4,1,24.07,0.0,65.34,5.9,2.88,23.81,0.0,0,1,24.444444,2
22514,7,3,4,1,24.07,0.0,66.6,6.2,0.6,22.91,0.0,0,1,24.444444,2
22515,7,4,4,1,24.07,0.0,67.38,7.5,0.72,24.7,0.0,0,1,24.444444,2
22516,7,5,4,1,24.07,0.0,68.41,6.5,1.68,22.87,0.0,0,1,24.444444,2
22517,7,6,4,1,24.07,0.0,68.98,7.4,3.0,27.77,0.0,0,1,24.444444,2
22518,7,7,4,1,24.09,0.02,67.28,11.1,12.6,41.48,49.7782,0,1,24.444444,2
22519,7,8,4,1,24.23,0.16,64.97,10.4,12.0,41.68,180.905,0,1,24.444444,2
22520,7,9,4,1,24.29,0.22,63.72,7.7,4.2,40.07,355.801,0,1,24.444444,2
22521,7,10,4,1,24.32,0.24,62.43,8.7,10.08,43.07,500.882,0,1,24.444444,2
22522,7,11,4,1,24.23,0.16,60.83,8.7,1.56,44.42,570.195,0,1,24.444444,2
22523,7,12,4,1,24.15,0.08,59.72,7.3,6.12,43.81,633.335,0,1,24.444444,2
22524,7,13,4,1,24.19,0.12,58.86,8.4,2.64,46.28,652.801,0,1,24.444444,2
22525,7,14,4,1,24.24,0.16,58.62,8.3,0.84,48.95,680.492,0,1,24.444444,2
22526,7,15,4,1,24.33,0.25,57.78,9.2,1.92,53.08,606.171,0,1,24.444444,2
22527,7,16,4,1,24.35,0.27,56.6,8.3,1.2,52.89,427.617,0,1,24.444444,2
22528,7,17,4,1,24.28,0.21,56.26,8.5,2.04,51.3,285.083,0,1,24.444444,2
22529,7,18,4,1,24.22,0.14,55.62,9.9,5.04,49.93,145.553,0,1,24.444444,2
22530,7,19,4,1,24.16,0.08,54.8,9.7,4.92,44.54,24.0029,0,1,24.444444,2
22531,7,20,4,1,24.11,0.03,54.9,10.0,5.76,40.7,0.0,0,1,24.444444,2
22532,7,21,4,1,24.16,0.09,54.63,14.3,1.92,43.93,0.0,0,1,24.444444,2
22533,7,22,4,1,24.12,0.05,55.01,11.7,2.04,39.1,0.0,0,1,24.444444,2
22534,7,23,4,1,24.08,0.0,56.14,8.8,0.96,33.64,0.0,0,1,24.444444,2
22535,7,24,4,1,24.07,0.0,57.31,9.3,0.6,32.73,0.0,0,1,24.444444,2
22536,7,1,5,1,24.07,0.0,57.69,12.4,0.36,36.1,0.0,0,1,24.444444,2
22537,7,2,5,1,24.07,0.0,58.13,9.6,0.24,30.51,0.0,0,1,24.444444,2
22538,7,3,5,1,24.07,0.0,61.18,2.7,0.24,18.84,0.0,0,1,24.444444,2
22539,7,4,5,1,24.07,0.0,62.25,9.5,1.2,29.29,0.0,0,1,24.444444,2
22540,7,5,5,1,24.07,0.0,63.46,6.3,2.52,23.09,0.0,0,1,24.444444,2
22541,7,6,5,1,24.07,0.0,63.62,13.1,1.56,37.63,0.0,0,1,24.444444,2
22542,7,7,5,1,24.07,0.0,63.41,4.6,4.92,31.6,42.4032,0,1,24.444444,2
22543,7,8,5,1,24.22,0.14,62.4,8.5,2.64,39.28,171.523,0,1,24.444444,2
22544,7,9,5,1,24.47,0.4,59.92,13.3,5.64,44.77,338.675,0,1,24.444444,2
22545,7,10,5,1,24.29,0.22,59.98,4.9,3.72,37.97,491.341,0,1,24.444444,2
22546,7,11,5,1,24.32,0.24,59.49,11.2,4.44,45.82,574.313,0,1,24.444444,2
22547,7,12,5,1,24.14,0.07,59.15,7.9,1.44,43.55,629.099,0,1,24.444444,2
22548,7,13,5,1,24.16,0.09,58.3,8.8,1.68,45.63,674.489,0,1,24.444444,2
22549,7,14,5,1,24.26,0.19,57.17,10.0,4.2,49.36,656.0,0,1,24.444444,2
22550,7,15,5,1,24.28,0.21,55.93,9.0,1.2,51.81,596.564,0,1,24.444444,2
22551,7,16,5,1,24.2,0.12,55.9,7.6,4.92,48.19,396.735,0,1,24.444444,2
22552,7,17,5,1,24.11,0.03,56.68,8.6,2.28,41.56,41.4151,0,1,24.444444,2
22553,7,18,5,1,24.08,0.0,57.07,9.0,2.88,40.49,27.4067,0,1,24.444444,2
22554,7,19,5,1,24.09,0.01,56.91,11.8,2.04,42.3,2.03857,0,1,24.444444,2
22555,7,20,5,1,24.08,0.01,57.15,11.1,8.04,39.3,0.0,0,1,24.444444,2
22556,7,21,5,1,24.07,0.0,57.78,9.8,4.2,35.9,0.0,0,1,24.444444,2
22557,7,22,5,1,24.07,0.0,59.42,6.4,2.88,28.64,0.0,0,1,24.444444,2
22558,7,23,5,1,24.07,0.0,61.62,6.7,1.32,28.51,0.0,0,1,24.444444,2
22559,7,24,5,1,24.07,0.0,61.62,10.5,0.84,33.35,0.0,0,1,24.444444,2
22560,7,1,6,1,24.07,0.0,63.12,4.2,0.48,21.43,0.0,0,1,24.444444,2
22561,7,2,6,1,24.07,0.0,66.36,3.4,3.36,19.76,0.0,0,1,24.444444,2
22562,7,3,6,1,24.07,0.0,68.85,3.3,0.48,19.13,0.0,0,1,24.444444,2
22563,7,4,6,1,24.07,0.0,70.46,3.7,1.08,19.41,0.0,0,1,24.444444,2
22564,7,5,6,1,24.07,0.0,71.29,4.6,1.92,20.63,0.0,0,1,24.444444,2
22565,7,6,6,1,24.06,0.0,71.79,3.7,7.68,22.34,0.0,0,1,24.444444,2
22566,7,7,6,1,24.08,0.01,69.98,7.3,12.12,37.26,47.5083,0,1,24.444444,2
22567,7,8,6,1,24.19,0.11,66.84,7.5,5.16,39.17,176.999,0,1,24.444444,2
22568,7,9,6,1,24.4,0.33,62.94,11.6,10.44,44.73,349.166,0,1,24.444444,2
22569,7,10,6,1,24.28,0.21,61.72,5.7,6.48,39.31,496.366,0,1,24.444444,2
22570,7,11,6,1,24.2,0.12,60.29,8.9,7.44,43.74,606.549,0,1,24.444444,2
22571,7,12,6,1,24.12,0.05,59.48,7.5,5.64,43.29,631.55,0,1,24.444444,2
22572,7,13,6,1,24.11,0.04,58.69,5.4,1.2,42.11,610.908,0,1,24.444444,2
22573,7,14,6,1,24.24,0.17,57.0,11.8,4.44,48.07,221.567,0,1,24.444444,2
22574,7,15,6,1,24.21,0.14,56.34,9.7,4.44,48.37,378.586,0,1,24.444444,2
22575,7,16,6,1,24.12,0.05,57.11,4.3,4.44,46.43,424.432,0,1,24.444444,2
22576,7,17,6,1,24.18,0.11,56.72,8.5,0.96,51.76,286.485,0,1,24.444444,2
22577,7,18,6,1,24.24,0.17,55.88,10.0,1.8,51.58,149.771,0,1,24.444444,2
22578,7,19,6,1,24.12,0.04,56.85,6.2,2.4,43.2,24.005,0,1,24.444444,2
22579,7,20,6,1,24.12,0.05,57.75,9.9,4.92,43.56,0.0,0,1,24.444444,2
22580,7,21,6,1,24.13,0.06,58.17,10.9,1.92,43.27,0.0,0,1,24.444444,2
22581,7,22,6,1,24.09,0.01,59.64,6.9,0.96,36.92,0.0,0,1,24.444444,2
22582,7,23,6,1,24.07,0.0,60.74,7.2,1.2,35.76,0.0,0,1,24.444444,2
22583,7,24,6,1,24.07,0.0,62.25,4.9,1.56,29.79,0.0,0,1,24.444444,2
22584,7,1,7,1,24.07,0.0,64.01,5.0,0.36,28.2,0.0,0,1,24.444444,2
22585,7,2,7,1,24.07,0.0,65.17,5.3,0.12,27.48,0.0,0,1,24.444444,2
22586,7,3,7,1,24.07,0.0,66.8,3.3,0.24,22.64,0.0,0,1,24.444444,2
22587,7,4,7,1,24.07,0.0,68.8,3.6,0.24,22.28,0.0,0,1,24.444444,2
22588,7,5,7,1,24.07,0.0,69.88,5.0,0.6,24.52,0.0,0,1,24.444444,2
22589,7,6,7,1,24.07,0.0,70.47,3.3,2.76,24.15,0.0,0,1,24.444444,2
22590,7,7,7,1,24.08,0.0,69.63,4.3,4.8,34.94,44.5243,0,1,24.444444,2
22591,7,8,7,1,24.15,0.08,67.47,4.7,4.44,37.7,175.379,0,1,24.444444,2
22592,7,9,7,1,24.27,0.19,65.01,6.5,4.68,40.51,350.987,0,1,24.444444,2
22593,7,10,7,1,24.27,0.2,63.31,7.0,7.44,42.49,493.707,0,1,24.444444,2
22594,7,11,7,1,24.19,0.11,61.8,6.8,3.84,43.68,593.057,0,1,24.444444,2
22595,7,12,7,1,24.16,0.09,60.34,7.3,4.2,44.85,589.983,0,1,24.444444,2
22596,7,13,7,1,24.12,0.05,59.74,7.7,7.44,42.62,201.838,0,1,24.444444,2
22597,7,14,7,1,24.17,0.1,58.03,13.7,14.28,48.52,266.355,0,1,24.444444,2
22598,7,15,7,1,24.08,0.01,57.64,4.0,2.16,38.48,356.779,0,1,24.444444,2
22599,7,16,7,1,24.07,0.0,57.63,7.3,3.48,44.85,323.308,0,1,24.444444,2
22600,7,17,7,1,24.07,0.0,57.31,5.8,1.2,41.33,210.643,0,1,24.444444,2
22601,7,18,7,1,24.07,0.0,57.89,4.4,4.32,37.23,104.125,0,1,24.444444,2
22602,7,19,7,1,24.07,0.0,59.28,5.5,3.72,35.63,18.2768,0,1,24.444444,2
22603,7,20,7,1,24.07,0.0,60.79,4.2,1.56,31.61,0.0,0,1,24.444444,2
22604,7,21,7,1,24.07,0.0,61.47,5.4,3.0,32.69,0.0,0,1,24.444444,2
22605,7,22,7,1,24.07,0.0,61.07,7.7,2.4,35.03,0.0,0,1,24.444444,2
22606,7,23,7,1,24.07,0.0,61.32,4.8,0.96,28.09,0.0,0,1,24.444444,2
22607,7,24,7,1,24.07,0.0,62.16,5.0,0.96,26.71,0.0,0,1,24.444444,2
22608,8,1,1,1,24.07,0.0,63.01,5.1,0.6,25.43,0.0,0,1,24.444444,2
22609,8,2,1,1,24.07,0.0,64.9,3.5,0.6,22.05,0.0,0,1,24.444444,2
22610,8,3,1,1,24.07,0.0,67.37,3.3,0.24,21.48,0.0,0,1,24.444444,2
22611,8,4,1,1,24.07,0.0,69.18,3.8,0.48,22.09,0.0,0,1,24.444444,2
22612,8,5,1,1,24.07,0.0,70.43,3.7,0.36,21.15,0.0,0,1,24.444444,2
22613,8,6,1,1,24.07,0.0,71.31,3.8,0.48,24.4,0.0,0,1,24.444444,2
22614,8,7,1,1,24.07,0.0,70.4,3.9,3.96,32.99,49.5442,0,1,24.444444,2
22615,8,8,1,1,24.12,0.05,67.8,4.6,2.88,37.02,176.141,0,1,24.444444,2
22616,8,9,1,1,24.17,0.09,65.17,4.1,8.28,37.21,347.27,0,1,24.444444,2
22617,8,10,1,1,24.18,0.1,63.77,4.5,8.16,39.81,486.836,0,1,24.444444,2
22618,8,11,1,1,24.2,0.12,61.95,8.2,6.36,44.95,574.349,0,1,24.444444,2
22619,8,12,1,1,24.12,0.05,60.03,6.7,9.36,42.67,601.969,0,1,24.444444,2
22620,8,13,1,1,24.11,0.04,58.89,5.0,3.36,42.38,673.503,0,1,24.444444,2
22621,8,14,1,1,24.45,0.37,56.31,12.9,7.2,51.51,648.465,0,1,24.444444,2
22622,8,15,1,1,24.26,0.18,55.85,5.1,7.68,47.35,426.709,0,1,24.444444,2
22623,8,16,1,1,24.18,0.1,56.01,4.7,4.32,44.59,247.489,0,1,24.444444,2
22624,8,17,1,1,24.14,0.07,57.22,4.4,1.68,44.74,211.864,0,1,24.444444,2
22625,8,18,1,1,24.33,0.25,57.05,12.5,5.52,51.55,105.067,0,1,24.444444,2
22626,8,19,1,1,24.18,0.1,59.01,5.5,0.84,42.27,18.1977,0,1,24.444444,2
22627,8,20,1,1,24.1,0.02,60.18,6.2,2.88,40.46,0.0,0,1,24.444444,2
22628,8,21,1,1,24.08,0.01,60.47,6.9,0.96,39.0,0.0,0,1,24.444444,2
22629,8,22,1,1,24.08,0.01,60.29,8.8,2.4,39.32,0.0,0,1,24.444444,2
22630,8,23,1,1,24.07,0.0,61.33,5.5,1.44,32.34,0.0,0,1,24.444444,2
22631,8,24,1,1,24.07,0.0,63.36,4.9,0.36,30.51,0.0,0,1,24.444444,2
22632,8,1,2,1,24.07,0.0,65.32,3.6,0.36,27.85,0.0,0,1,24.444444,2
22633,8,2,2,1,24.07,0.0,66.94,3.5,0.24,26.97,0.0,0,1,24.444444,2
22634,8,3,2,1,24.07,0.0,68.16,3.6,0.0,26.29,0.0,0,1,24.444444,2
22635,8,4,2,1,24.07,0.0,69.02,5.0,0.72,27.4,0.0,0,1,24.444444,2
22636,8,5,2,1,24.07,0.0,70.14,3.2,2.04,22.66,0.0,0,1,24.444444,2
22637,8,6,2,1,24.07,0.0,71.04,3.8,9.12,26.83,0.0,0,1,24.444444,2
22638,8,7,2,1,24.1,0.02,69.34,6.0,18.24,38.98,44.3556,0,1,24.444444,2
22639,8,8,2,1,24.21,0.13,67.06,4.8,2.64,38.41,175.172,0,1,24.444444,2
22640,8,9,2,1,24.34,0.26,64.81,6.1,2.88,41.66,349.283,0,1,24.444444,2
22641,8,10,2,1,24.33,0.26,63.52,4.9,8.16,41.83,496.137,0,1,24.444444,2
22642,8,11,2,1,24.22,0.15,62.68,4.6,6.6,42.95,602.693,0,1,24.444444,2
22643,8,12,2,1,24.17,0.09,61.87,5.1,3.72,44.58,663.535,0,1,24.444444,2
22644,8,13,2,1,24.28,0.2,59.83,7.7,1.08,47.79,599.723,0,1,24.444444,2
22645,8,14,2,1,24.45,0.37,57.57,10.3,1.68,50.98,620.187,0,1,24.444444,2
22646,8,15,2,1,24.92,0.84,54.51,14.4,3.84,53.16,565.204,0,1,24.444444,2
22647,8,16,2,1,24.59,0.51,55.66,5.2,0.48,53.12,480.248,0,1,24.444444,2
22648,8,17,2,1,24.38,0.3,57.49,3.8,3.6,52.78,322.715,0,1,24.444444,2
22649,8,18,2,1,24.3,0.22,57.81,4.1,2.16,51.13,151.156,0,1,24.444444,2
22650,8,19,2,1,24.35,0.28,57.23,9.5,3.96,49.84,22.0176,0,1,24.444444,2
22651,8,20,2,1,24.28,0.21,57.65,8.2,2.04,44.84,0.0,0,1,24.444444,2
22652,8,21,2,1,24.25,0.18,58.09,10.2,1.32,45.1,0.0,0,1,24.444444,2
22653,8,22,2,1,24.16,0.08,59.08,9.0,3.84,42.17,0.0,0,1,24.444444,2
22654,8,23,2,1,24.09,0.02,60.6,5.5,0.96,35.3,0.0,0,1,24.444444,2
22655,8,24,2,1,24.07,0.0,62.64,3.4,0.48,30.51,0.0,0,1,24.444444,2
22656,8,1,3,1,24.07,0.0,64.3,4.6,0.24,30.9,0.0,0,1,24.444444,2
22657,8,2,3,1,24.07,0.0,66.23,4.0,0.6,29.02,0.0,0,1,24.444444,2
22658,8,3,3,1,24.07,0.0,68.49,2.8,0.12,26.49,0.0,0,1,24.444444,2
22659,8,4,3,1,24.07,0.0,69.78,3.6,1.56,26.98,0.0,0,1,24.444444,2
22660,8,5,3,1,24.07,0.0,69.64,4.7,0.84,26.94,0.0,0,1,24.444444,2
22661,8,6,3,1,24.07,0.0,68.64,7.9,1.44,29.8,0.0,0,1,24.444444,2
22662,8,7,3,1,24.07,0.0,67.84,7.1,13.44,26.37,1.28041,0,1,24.444444,2
22663,8,8,3,1,24.07,0.0,68.22,3.9,3.96,17.63,22.0656,0,1,24.444444,2
22664,8,9,3,1,24.07,0.0,68.31,6.3,5.04,20.31,33.2401,0,1,24.444444,2
22665,8,10,3,1,24.06,0.0,69.16,3.6,2.64,16.36,51.5621,0,1,24.444444,2
22666,8,11,3,1,24.06,0.0,69.22,4.3,4.08,22.53,219.781,0,1,24.444444,2
22667,8,12,3,1,24.07,0.0,68.02,4.4,1.2,29.35,540.205,0,1,24.444444,2
22668,8,13,3,1,24.08,0.0,64.56,9.4,0.84,41.86,618.242,0,1,24.444444,2
22669,8,14,3,1,24.1,0.02,60.58,10.2,1.2,45.33,562.717,0,1,24.444444,2
22670,8,15,3,1,24.1,0.02,58.49,9.2,1.2,45.47,437.965,0,1,24.444444,2
22671,8,16,3,1,24.07,0.0,58.56,3.9,0.96,38.54,334.042,0,1,24.444444,2
22672,8,17,3,1,24.09,0.02,58.68,8.9,0.72,46.51,225.558,0,1,24.444444,2
22673,8,18,3,1,24.08,0.0,59.07,4.0,4.44,38.32,102.591,0,1,24.444444,2
22674,8,19,3,1,24.08,0.0,59.7,7.1,1.56,39.65,15.5298,0,1,24.444444,2
22675,8,20,3,1,24.08,0.0,60.59,8.1,1.92,39.51,0.0,0,1,24.444444,2
22676,8,21,3,1,24.07,0.0,61.78,7.1,1.92,37.72,0.0,0,1,24.444444,2
22677,8,22,3,1,24.07,0.0,62.3,8.5,1.8,38.58,0.0,0,1,24.444444,2
22678,8,23,3,1,24.07,0.0,63.45,7.1,0.72,34.86,0.0,0,1,24.444444,2
22679,8,24,3,1,24.07,0.0,65.51,4.8,0.36,30.17,0.0,0,1,24.444444,2
22680,8,1,4,1,24.07,0.0,67.79,3.0,0.24,25.91,0.0,0,1,24.444444,2
22681,8,2,4,1,24.07,0.0,69.8,3.4,0.24,25.28,0.0,0,1,24.444444,2
22682,8,3,4,1,24.07,0.0,71.25,3.4,0.24,24.09,0.0,0,1,24.444444,2
22683,8,4,4,1,24.07,0.0,72.48,3.5,0.36,23.05,0.0,0,1,24.444444,2
22684,8,5,4,1,24.07,0.0,73.61,3.7,0.96,22.79,0.0,0,1,24.444444,2
22685,8,6,4,1,24.07,0.0,74.44,3.1,7.2,24.13,0.0,0,1,24.444444,2
22686,8,7,4,1,24.1,0.03,71.49,11.3,15.0,46.26,54.8533,0,1,24.444444,2
22687,8,8,4,1,24.21,0.13,68.08,9.4,2.52,43.82,183.042,0,1,24.444444,2
22688,8,9,4,1,24.31,0.23,65.34,7.8,3.36,42.69,344.057,0,1,24.444444,2
22689,8,10,4,1,24.25,0.17,64.48,4.3,3.84,40.37,483.306,0,1,24.444444,2
22690,8,11,4,1,24.13,0.05,63.59,3.4,1.32,40.07,585.965,0,1,24.444444,2
22691,8,12,4,1,24.13,0.06,61.9,7.2,0.72,44.96,594.964,0,1,24.444444,2
22692,8,13,4,1,24.22,0.14,59.74,8.6,1.56,47.43,642.886,0,1,24.444444,2
22693,8,14,4,1,24.37,0.29,58.3,9.3,2.52,50.32,592.478,0,1,24.444444,2
22694,8,15,4,1,24.41,0.34,57.98,9.7,1.2,49.16,213.268,0,1,24.444444,2
22695,8,16,4,1,24.21,0.13,59.28,7.9,2.88,42.06,42.5572,0,1,24.444444,2
22696,8,17,4,1,24.09,0.01,59.08,9.2,1.2,39.49,23.7022,0,1,24.444444,2
22697,8,18,4,1,24.08,0.0,58.34,9.2,3.6,38.03,10.889,0,1,24.444444,2
22698,8,19,4,1,24.07,0.0,58.27,9.2,1.32,35.65,0.0,0,1,24.444444,2
22699,8,20,4,1,24.07,0.0,58.96,9.8,1.32,34.26,0.0,0,1,24.444444,2
22700,8,21,4,1,24.07,0.0,60.08,11.0,3.96,35.42,0.0,0,1,24.444444,2
22701,8,22,4,1,24.07,0.0,61.9,9.0,1.56,31.43,0.0,0,1,24.444444,2
22702,8,23,4,1,24.07,0.0,63.99,5.9,0.72,25.6,0.0,0,1,24.444444,2
22703,8,24,4,1,24.07,0.0,66.33,4.8,0.6,22.88,0.0,0,1,24.444444,2
22704,8,1,5,1,24.07,0.0,66.97,9.8,0.12,31.45,0.0,0,1,24.444444,2
22705,8,2,5,1,24.07,0.0,66.18,10.0,0.72,30.02,0.0,0,1,24.444444,2
22706,8,3,5,1,24.07,0.0,66.03,9.4,0.24,27.79,0.0,0,1,24.444444,2
22707,8,4,5,1,24.07,0.0,65.66,11.5,0.84,31.1,0.0,0,1,24.444444,2
22708,8,5,5,1,24.06,0.0,67.73,3.5,3.48,17.23,0.0,0,1,24.444444,2
22709,8,6,5,1,24.07,0.0,70.53,4.8,2.4,22.27,0.0,0,1,24.444444,2
22710,8,7,5,1,24.07,0.0,69.63,8.9,12.12,37.22,56.1177,0,1,24.444444,2
22711,8,8,5,1,24.08,0.01,67.96,7.0,10.56,38.29,185.532,0,1,24.444444,2
22712,8,9,5,1,24.25,0.17,64.87,11.4,5.4,45.49,329.723,0,1,24.444444,2
22713,8,10,5,1,24.13,0.05,64.39,4.3,4.44,38.93,450.533,0,1,24.444444,2
22714,8,11,5,1,24.34,0.26,61.98,13.5,2.88,49.71,514.119,0,1,24.444444,2
22715,8,12,5,1,24.3,0.23,61.04,9.7,1.08,47.96,557.404,0,1,24.444444,2
22716,8,13,5,1,24.32,0.24,60.38,8.9,4.44,48.75,575.176,0,1,24.444444,2
22717,8,14,5,1,24.36,0.29,58.91,9.7,3.0,50.48,627.04,0,1,24.444444,2
22718,8,15,5,1,24.34,0.27,57.85,11.0,0.96,49.88,320.315,0,1,24.444444,2
22719,8,16,5,1,24.2,0.12,57.91,8.1,2.52,45.68,238.84,0,1,24.444444,2
22720,8,17,5,1,24.18,0.1,57.57,9.1,3.24,46.43,185.51,0,1,24.444444,2
22721,8,18,5,1,24.19,0.12,56.96,10.3,2.4,46.04,89.7293,0,1,24.444444,2
22722,8,19,5,1,24.13,0.06,57.21,9.4,2.52,42.02,12.2584,0,1,24.444444,2
22723,8,20,5,1,24.1,0.02,58.35,8.9,5.52,38.96,0.0,0,1,24.444444,2
22724,8,21,5,1,24.08,0.01,59.59,9.0,2.76,37.56,0.0,0,1,24.444444,2
22725,8,22,5,1,24.08,0.01,60.52,10.6,2.4,38.39,0.0,0,1,24.444444,2
22726,8,23,5,1,24.07,0.0,61.57,9.3,0.84,35.4,0.0,0,1,24.444444,2
22727,8,24,5,1,24.07,0.0,64.04,4.5,2.76,26.38,0.0,0,1,24.444444,2
22728,8,1,6,1,24.07,0.0,66.06,4.2,0.72,24.87,0.0,0,1,24.444444,2
22729,8,2,6,1,24.07,0.0,67.63,4.9,0.36,25.61,0.0,0,1,24.444444,2
22730,8,3,6,1,24.07,0.0,68.74,3.3,0.12,21.81,0.0,0,1,24.444444,2
22731,8,4,6,1,24.07,0.0,70.16,3.6,0.6,22.03,0.0,0,1,24.444444,2
22732,8,5,6,1,24.07,0.0,70.7,3.9,0.48,21.57,0.0,0,1,24.444444,2
22733,8,6,6,1,24.07,0.0,70.77,3.2,9.72,21.74,0.0,0,1,24.444444,2
22734,8,7,6,1,24.07,0.0,68.81,8.6,16.08,38.01,54.7337,0,1,24.444444,2
22735,8,8,6,1,24.1,0.02,65.65,7.9,9.6,39.57,182.034,0,1,24.444444,2
22736,8,9,6,1,24.18,0.11,63.76,7.4,13.92,40.94,344.116,0,1,24.444444,2
22737,8,10,6,1,24.17,0.09,63.74,4.1,1.68,39.5,484.085,0,1,24.444444,2
22738,8,11,6,1,24.12,0.04,63.82,4.9,5.04,42.05,591.554,0,1,24.444444,2
22739,8,12,6,1,24.15,0.07,62.86,7.7,2.16,46.11,650.011,0,1,24.444444,2
22740,8,13,6,1,24.17,0.1,61.78,6.8,1.8,46.39,669.648,0,1,24.444444,2
22741,8,14,6,1,24.36,0.29,59.85,10.3,0.72,51.9,628.352,0,1,24.444444,2
22742,8,15,6,1,24.45,0.37,58.44,9.8,3.36,53.35,556.153,0,1,24.444444,2
22743,8,16,6,1,24.4,0.33,58.21,9.3,2.64,49.61,153.841,0,1,24.444444,2
22744,8,17,6,1,24.38,0.3,58.32,10.0,4.08,48.75,133.71,0,1,24.444444,2
22745,8,18,6,1,24.28,0.21,58.64,8.7,1.2,46.18,87.9377,0,1,24.444444,2
22746,8,19,6,1,24.21,0.14,58.76,9.8,3.0,44.45,11.5253,0,1,24.444444,2
22747,8,20,6,1,24.12,0.04,59.51,8.8,0.48,40.31,0.0,0,1,24.444444,2
22748,8,21,6,1,24.11,0.04,59.83,11.0,2.76,41.45,0.0,0,1,24.444444,2
22749,8,22,6,1,24.08,0.0,61.9,5.2,1.32,31.02,0.0,0,1,24.444444,2
22750,8,23,6,1,24.07,0.0,64.09,5.2,1.56,29.22,0.0,0,1,24.444444,2
22751,8,24,6,1,24.07,0.0,65.72,4.9,0.84,26.36,0.0,0,1,24.444444,2
22752,8,1,7,1,24.07,0.0,67.49,3.8,2.16,22.55,0.0,0,1,24.444444,2
22753,8,2,7,1,24.07,0.0,68.84,3.4,2.52,20.52,0.0,0,1,24.444444,2
22754,8,3,7,1,24.07,0.0,69.56,4.9,0.24,22.45,0.0,0,1,24.444444,2
22755,8,4,7,1,24.07,0.0,70.42,3.9,0.24,19.39,0.0,0,1,24.444444,2
22756,8,5,7,1,24.07,0.0,70.88,4.9,1.08,20.64,0.0,0,1,24.444444,2
22757,8,6,7,1,24.07,0.0,70.11,5.8,1.92,23.67,0.0,0,1,24.444444,2
22758,8,7,7,1,24.07,0.0,69.09,4.2,8.4,25.96,55.1925,0,1,24.444444,2
22759,8,8,7,1,24.07,0.0,67.59,4.8,5.52,29.95,178.625,0,1,24.444444,2
22760,8,9,7,1,24.07,0.0,66.26,5.2,6.6,34.37,306.646,0,1,24.444444,2
22761,8,10,7,1,24.08,0.0,65.5,5.3,7.8,38.92,492.634,0,1,24.444444,2
22762,8,11,7,1,24.07,0.0,65.39,3.7,9.0,37.57,556.453,0,1,24.444444,2
22763,8,12,7,1,24.07,0.0,64.92,5.5,2.64,41.54,421.418,0,1,24.444444,2
22764,8,13,7,1,24.08,0.0,64.18,4.8,1.92,43.42,593.744,0,1,24.444444,2
22765,8,14,7,1,24.17,0.1,62.32,10.3,15.48,50.99,545.122,0,1,24.444444,2
22766,8,15,7,1,24.08,0.01,61.46,5.2,1.08,43.76,420.387,0,1,24.444444,2
22767,8,16,7,1,24.07,0.0,61.08,4.6,3.96,44.78,440.219,0,1,24.444444,2
22768,8,17,7,1,24.07,0.0,60.39,5.1,5.4,45.71,318.017,0,1,24.444444,2
22769,8,18,7,1,24.12,0.05,58.85,11.3,2.16,51.08,149.133,0,1,24.444444,2
22770,8,19,7,1,24.08,0.0,59.06,5.6,2.88,36.23,19.778,0,1,24.444444,2
22771,8,20,7,1,24.07,0.0,60.87,5.7,1.68,33.09,0.0,0,1,24.444444,2
22772,8,21,7,1,24.07,0.0,61.43,9.8,1.8,38.62,0.0,0,1,24.444444,2
22773,8,22,7,1,24.07,0.0,62.78,5.6,3.84,30.13,0.0,0,1,24.444444,2
22774,8,23,7,1,24.07,0.0,64.53,5.5,3.72,28.75,0.0,0,1,24.444444,2
22775,8,24,7,1,24.07,0.0,65.9,3.6,0.36,24.32,0.0,0,1,24.444444,2
22776,8,1,1,1,24.07,0.0,67.15,4.8,2.88,25.28,0.0,0,1,24.444444,2
22777,8,2,1,1,24.07,0.0,68.21,3.6,0.72,22.18,0.0,0,1,24.444444,2
22778,8,3,1,1,24.07,0.0,69.82,3.4,0.24,21.12,0.0,0,1,24.444444,2
22779,8,4,1,1,24.07,0.0,71.34,3.7,0.24,20.59,0.0,0,1,24.444444,2
22780,8,5,1,1,24.06,0.0,72.65,3.3,0.48,19.21,0.0,0,1,24.444444,2
22781,8,6,1,1,24.06,0.0,73.67,3.8,1.68,21.43,0.0,0,1,24.444444,2
22782,8,7,1,1,24.07,0.0,72.85,4.1,3.72,25.26,52.8878,0,1,24.444444,2
22783,8,8,1,1,24.06,0.0,72.06,3.9,2.88,23.74,115.343,0,1,24.444444,2
22784,8,9,1,1,24.07,0.0,70.81,5.6,5.04,29.21,208.831,0,1,24.444444,2
22785,8,10,1,1,24.07,0.0,68.83,4.2,8.76,33.04,472.383,0,1,24.444444,2
22786,8,11,1,1,24.08,0.0,65.79,9.7,5.52,44.61,521.039,0,1,24.444444,2
22787,8,12,1,1,24.07,0.0,64.97,4.2,7.8,34.82,653.503,0,1,24.444444,2
22788,8,13,1,1,24.07,0.0,64.7,4.4,2.04,37.34,705.542,0,1,24.444444,2
22789,8,14,1,1,24.11,0.04,62.23,8.9,2.04,48.8,662.057,0,1,24.444444,2
22790,8,15,1,1,24.08,0.0,60.58,4.4,8.76,44.84,553.021,0,1,24.444444,2
22791,8,16,1,1,24.07,0.0,59.82,5.0,6.0,47.17,468.784,0,1,24.444444,2
22792,8,17,1,1,24.07,0.0,59.45,5.6,5.64,48.43,314.544,0,1,24.444444,2
22793,8,18,1,1,24.32,0.24,57.75,14.3,3.84,54.61,139.603,0,1,24.444444,2
22794,8,19,1,1,24.13,0.05,58.78,6.5,2.28,42.13,18.4697,0,1,24.444444,2
22795,8,20,1,1,24.08,0.0,60.26,5.6,1.08,37.78,0.0,0,1,24.444444,2
22796,8,21,1,1,24.07,0.0,61.14,6.0,1.8,37.56,0.0,0,1,24.444444,2
22797,8,22,1,1,24.07,0.0,62.23,4.7,1.44,33.75,0.0,0,1,24.444444,2
22798,8,23,1,1,24.07,0.0,63.54,5.5,1.68,33.18,0.0,0,1,24.444444,2
22799,8,24,1,1,24.07,0.0,65.21,5.6,0.48,32.29,0.0,0,1,24.444444,2
22800,8,1,2,1,24.07,0.0,67.16,3.4,0.48,27.57,0.0,0,1,24.444444,2
22801,8,2,2,1,24.07,0.0,68.89,4.0,0.36,28.19,0.0,0,1,24.444444,2
22802,8,3,2,1,24.07,0.0,69.56,5.0,0.36,29.43,0.0,0,1,24.444444,2
22803,8,4,2,1,24.07,0.0,70.59,3.4,1.68,25.46,0.0,0,1,24.444444,2
22804,8,5,2,1,24.07,0.0,71.83,3.6,0.72,25.09,0.0,0,1,24.444444,2
22805,8,6,2,1,24.07,0.0,72.54,3.8,3.36,26.88,0.0,0,1,24.444444,2
22806,8,7,2,1,24.07,0.0,71.54,3.7,15.96,33.14,53.2594,0,1,24.444444,2
22807,8,8,2,1,24.13,0.05,68.34,8.0,5.76,43.34,176.939,0,1,24.444444,2
22808,8,9,2,1,24.16,0.08,65.77,5.3,4.92,40.99,336.479,0,1,24.444444,2
22809,8,10,2,1,24.11,0.04,63.94,5.1,1.8,41.36,429.021,0,1,24.444444,2
22810,8,11,2,1,24.08,0.0,62.17,4.4,7.32,40.38,526.788,0,1,24.444444,2
22811,8,12,2,1,24.08,0.01,61.54,5.7,0.96,43.38,630.542,0,1,24.444444,2
22812,8,13,2,1,24.08,0.01,60.88,3.7,2.16,43.12,614.203,0,1,24.444444,2
22813,8,14,2,1,24.37,0.3,58.22,10.7,1.8,51.94,572.208,0,1,24.444444,2
22814,8,15,2,1,24.4,0.33,56.63,9.6,1.8,51.26,445.497,0,1,24.444444,2
22815,8,16,2,1,24.2,0.13,56.78,4.3,1.44,45.75,301.582,0,1,24.444444,2
22816,8,17,2,1,24.13,0.06,57.53,4.1,4.2,41.78,124.802,0,1,24.444444,2
22817,8,18,2,1,24.1,0.02,59.45,4.9,2.88,41.27,54.6455,0,1,24.444444,2
22818,8,19,2,1,24.2,0.12,59.53,11.3,3.48,46.45,2.71366,0,1,24.444444,2
22819,8,20,2,1,24.13,0.06,60.22,8.8,2.04,42.31,0.0,0,1,24.444444,2
22820,8,21,2,1,24.12,0.05,60.71,10.0,2.76,42.27,0.0,0,1,24.444444,2
22821,8,22,2,1,24.1,0.02,60.99,8.9,2.28,38.67,0.0,0,1,24.444444,2
22822,8,23,2,1,24.07,0.0,62.92,5.2,2.76,32.21,0.0,0,1,24.444444,2
22823,8,24,2,1,24.07,0.0,65.81,3.6,0.84,28.97,0.0,0,1,24.444444,2
22824,8,1,3,1,24.07,0.0,67.7,4.3,0.24,29.16,0.0,0,1,24.444444,2
22825,8,2,3,1,24.07,0.0,69.18,3.4,0.24,26.78,0.0,0,1,24.444444,2
22826,8,3,3,1,24.07,0.0,70.43,3.6,0.48,26.42,0.0,0,1,24.444444,2
22827,8,4,3,1,24.07,0.0,71.17,3.4,0.0,25.05,0.0,0,1,24.444444,2
22828,8,5,3,1,24.07,0.0,70.98,4.9,1.08,27.12,0.0,0,1,24.444444,2
22829,8,6,3,1,24.07,0.0,70.96,3.6,3.12,24.87,0.0,0,1,24.444444,2
22830,8,7,3,1,24.07,0.0,70.09,6.3,21.0,34.08,51.6337,0,1,24.444444,2
22831,8,8,3,1,24.07,0.0,68.4,4.4,4.08,34.29,171.113,0,1,24.444444,2
22832,8,9,3,1,24.07,0.0,66.16,5.0,4.44,38.39,318.165,0,1,24.444444,2
22833,8,10,3,1,24.07,0.0,63.78,5.1,4.92,40.14,427.014,0,1,24.444444,2
22834,8,11,3,1,24.07,0.0,62.62,3.6,0.96,39.37,469.144,0,1,24.444444,2
22835,8,12,3,1,24.07,0.0,62.11,4.0,2.16,41.71,452.836,0,1,24.444444,2
22836,8,13,3,1,24.2,0.12,60.43,9.6,2.16,49.31,477.346,0,1,24.444444,2
22837,8,14,3,1,24.38,0.31,58.61,12.4,2.52,51.45,438.927,0,1,24.444444,2
22838,8,15,3,1,24.26,0.18,58.92,9.4,1.2,46.45,215.546,0,1,24.444444,2
22839,8,16,3,1,24.08,0.0,61.08,3.4,2.28,33.03,109.718,0,1,24.444444,2
22840,8,17,3,1,24.08,0.0,61.91,9.1,2.88,39.24,19.5075,0,1,24.444444,2
22841,8,18,3,1,24.07,0.0,63.2,4.6,1.92,32.22,9.98892,0,1,24.444444,2
22842,8,19,3,1,24.07,0.0,64.42,6.1,2.16,33.2,0.0,0,1,24.444444,2
22843,8,20,3,1,24.07,0.0,65.04,7.6,2.4,33.5,0.0,0,1,24.444444,2
22844,8,21,3,1,24.07,0.0,65.26,8.0,1.92,32.5,0.0,0,1,24.444444,2
22845,8,22,3,1,24.07,0.0,65.89,7.2,1.32,29.7,0.0,0,1,24.444444,2
22846,8,23,3,1,24.07,0.0,67.38,4.8,1.32,25.05,0.0,0,1,24.444444,2
22847,8,24,3,1,24.07,0.0,69.48,3.6,0.12,22.7,0.0,0,1,24.444444,2
22848,8,1,4,1,24.07,0.0,71.64,3.2,0.96,21.52,0.0,0,1,24.444444,2
22849,8,2,4,1,24.07,0.0,73.0,3.1,0.36,21.28,0.0,0,1,24.444444,2
22850,8,3,4,1,24.07,0.0,72.53,5.4,0.24,25.52,0.0,0,1,24.444444,2
22851,8,4,4,1,24.07,0.0,72.44,3.3,0.72,20.7,0.0,0,1,24.444444,2
22852,8,5,4,1,24.07,0.0,73.03,3.1,0.84,20.26,0.0,0,1,24.444444,2
22853,8,6,4,1,24.07,0.0,72.78,3.3,5.4,20.85,0.0,0,1,24.444444,2
22854,8,7,4,1,24.07,0.0,70.75,7.9,15.36,29.37,22.0911,0,1,24.444444,2
22855,8,8,4,1,24.07,0.0,69.43,7.6,3.24,26.9,78.9733,0,1,24.444444,2
22856,8,9,4,1,24.07,0.0,68.85,7.5,3.12,27.08,114.613,0,1,24.444444,2
22857,8,10,4,1,24.07,0.0,69.54,3.7,3.96,20.91,168.942,0,1,24.444444,2
22858,8,11,4,1,24.07,0.0,70.18,4.6,0.96,23.39,157.197,0,1,24.444444,2
22859,8,12,4,1,24.07,0.0,68.84,9.4,3.0,33.43,151.999,0,1,24.444444,2
22860,8,13,4,1,24.07,0.0,67.31,8.8,2.04,33.47,236.882,0,1,24.444444,2
22861,8,14,4,1,24.07,0.0,66.3,9.4,1.32,34.67,218.802,0,1,24.444444,2
22862,8,15,4,1,24.07,0.0,65.55,9.3,0.96,32.79,132.309,0,1,24.444444,2
22863,8,16,4,1,24.07,0.0,66.04,7.8,0.96,30.09,97.9406,0,1,24.444444,2
22864,8,17,4,1,24.07,0.0,66.0,9.3,1.32,33.64,122.243,0,1,24.444444,2
22865,8,18,4,1,24.07,0.0,66.01,9.3,7.8,33.99,64.4606,0,1,24.444444,2
22866,8,19,4,1,24.07,0.0,66.05,9.5,1.2,32.85,6.00705,0,1,24.444444,2
22867,8,20,4,1,24.07,0.0,66.48,9.6,1.44,32.28,0.0,0,1,24.444444,2
22868,8,21,4,1,24.07,0.0,66.8,9.8,4.32,32.56,0.0,0,1,24.444444,2
22869,8,22,4,1,24.07,0.0,66.4,11.5,1.56,34.93,0.0,0,1,24.444444,2
22870,8,23,4,1,24.07,0.0,67.89,5.5,0.84,23.73,0.0,0,1,24.444444,2
22871,8,24,4,1,24.07,0.0,70.91,4.0,0.96,21.48,0.0,0,1,24.444444,2
22872,8,1,5,1,24.07,0.0,70.12,11.2,0.48,34.56,0.0,0,1,24.444444,2
22873,8,2,5,1,24.07,0.0,67.15,12.6,0.24,34.2,0.0,0,1,24.444444,2
22874,8,3,5,1,24.07,0.0,66.31,9.7,0.12,27.44,0.0,0,1,24.444444,2
22875,8,4,5,1,24.07,0.0,66.98,11.4,0.24,31.47,0.0,0,1,24.444444,2
22876,8,5,5,1,24.06,0.0,70.24,3.8,1.2,18.5,0.0,0,1,24.444444,2
22877,8,6,5,1,24.07,0.0,70.46,12.5,0.48,34.39,0.0,0,1,24.444444,2
22878,8,7,5,1,24.07,0.0,69.07,8.0,14.52,22.67,0.0,0,1,24.444444,2
22879,8,8,5,1,24.07,0.0,69.42,8.2,5.64,20.93,13.2891,0,1,24.444444,2
22880,8,9,5,1,24.07,0.0,68.99,10.4,2.88,23.92,21.3704,0,1,24.444444,2
22881,8,10,5,1,24.05,0.0,69.78,5.0,3.84,14.25,46.1958,0,1,24.444444,2
22882,8,11,5,1,24.07,0.0,68.72,11.5,5.52,27.22,93.2408,0,1,24.444444,2
22883,8,12,5,1,24.07,0.0,67.92,8.1,2.64,22.39,129.07,0,1,24.444444,2
22884,8,13,5,1,24.07,0.0,66.88,9.4,2.16,27.51,234.673,0,1,24.444444,2
22885,8,14,5,1,24.07,0.0,65.29,9.5,3.24,28.09,186.404,0,1,24.444444,2
22886,8,15,5,1,24.07,0.0,63.86,9.9,1.56,28.74,168.221,0,1,24.444444,2
22887,8,16,5,1,24.07,0.0,64.43,7.6,6.96,25.66,175.009,0,1,24.444444,2
22888,8,17,5,1,24.07,0.0,64.62,8.4,0.6,28.7,169.284,0,1,24.444444,2
22889,8,18,5,1,24.07,0.0,64.56,9.3,2.16,30.19,77.4836,0,1,24.444444,2
22890,8,19,5,1,24.07,0.0,64.69,9.7,0.84,29.07,6.88657,0,1,24.444444,2
22891,8,20,5,1,24.07,0.0,63.94,11.5,1.32,31.22,0.0,0,1,24.444444,2
22892,8,21,5,1,24.07,0.0,63.5,9.2,3.48,26.4,0.0,0,1,24.444444,2
22893,8,22,5,1,24.07,0.0,63.36,9.6,1.68,26.86,0.0,0,1,24.444444,2
22894,8,23,5,1,24.07,0.0,62.86,10.3,0.6,26.83,0.0,0,1,24.444444,2
22895,8,24,5,1,24.07,0.0,62.61,10.1,0.36,25.82,0.0,0,1,24.444444,2
22896,8,1,6,1,24.06,0.0,65.39,4.1,0.24,16.93,0.0,0,1,24.444444,2
22897,8,2,6,1,24.06,0.0,68.78,4.1,0.36,17.23,0.0,0,1,24.444444,2
22898,8,3,6,1,24.05,0.0,71.24,4.7,0.36,17.36,0.0,0,1,24.444444,2
22899,8,4,6,1,24.03,0.0,72.65,3.5,0.6,14.13,0.0,0,1,24.444444,2
22900,8,5,6,1,24.04,0.0,71.0,6.2,0.36,18.09,0.0,0,1,24.444444,2
22901,8,6,6,1,24.05,0.0,70.05,6.1,3.12,18.21,0.0,0,1,24.444444,2
22902,8,7,6,1,24.04,0.0,71.05,4.8,12.12,15.66,32.4072,0,1,24.444444,2
22903,8,8,6,1,24.05,0.0,70.32,7.8,8.04,21.0,102.293,0,1,24.444444,2
22904,8,9,6,1,24.04,0.0,69.28,5.8,5.52,19.02,129.283,0,1,24.444444,2
22905,8,10,6,1,24.04,0.0,68.59,4.6,3.48,20.28,217.541,0,1,24.444444,2
22906,8,11,6,1,24.06,0.0,67.55,5.9,0.96,24.6,283.39,0,1,24.444444,2
22907,8,12,6,1,24.07,0.0,65.95,7.6,2.28,28.47,247.55,0,1,24.444444,2
22908,8,13,6,1,24.07,0.0,63.94,7.6,0.84,28.18,253.301,0,1,24.444444,2
22909,8,14,6,1,24.07,0.0,62.37,10.2,1.44,34.58,348.241,0,1,24.444444,2
22910,8,15,6,1,24.07,0.0,60.81,9.2,1.68,35.43,393.334,0,1,24.444444,2
22911,8,16,6,1,24.07,0.0,59.65,9.2,0.48,36.66,340.148,0,1,24.444444,2
22912,8,17,6,1,24.07,0.0,58.9,9.9,5.28,38.64,243.917,0,1,24.444444,2
22913,8,18,6,1,24.07,0.0,58.5,9.0,1.8,37.77,137.697,0,1,24.444444,2
22914,8,19,6,1,24.07,0.0,58.42,8.6,2.52,31.6,15.9616,0,1,24.444444,2
22915,8,20,6,1,24.07,0.0,59.08,9.4,2.04,30.05,0.0,0,1,24.444444,2
22916,8,21,6,1,24.07,0.0,59.11,11.6,0.84,32.66,0.0,0,1,24.444444,2
22917,8,22,6,1,24.07,0.0,60.19,7.4,4.2,25.48,0.0,0,1,24.444444,2
22918,8,23,6,1,24.07,0.0,62.15,6.3,2.64,23.68,0.0,0,1,24.444444,2
22919,8,24,6,1,24.07,0.0,63.3,7.5,1.32,25.37,0.0,0,1,24.444444,2
22920,8,1,7,1,24.07,0.0,65.71,3.2,0.36,17.88,0.0,0,1,24.444444,2
22921,8,2,7,1,24.06,0.0,68.39,3.2,0.72,17.78,0.0,0,1,24.444444,2
22922,8,3,7,1,24.06,0.0,70.16,3.6,0.0,18.39,0.0,0,1,24.444444,2
22923,8,4,7,1,24.06,0.0,71.37,5.0,0.36,20.73,0.0,0,1,24.444444,2
22924,8,5,7,1,24.06,0.0,71.83,5.4,0.48,20.65,0.0,0,1,24.444444,2
22925,8,6,7,1,24.05,0.0,71.6,3.6,2.28,17.42,0.0,0,1,24.444444,2
22926,8,7,7,1,24.05,0.0,70.05,3.9,5.64,22.37,43.7597,0,1,24.444444,2
22927,8,8,7,1,24.05,0.0,68.2,5.6,3.72,24.25,131.572,0,1,24.444444,2
22928,8,9,7,1,24.05,0.0,66.67,4.2,7.92,23.45,247.512,0,1,24.444444,2
22929,8,10,7,1,24.07,0.0,65.58,6.1,3.72,31.5,430.665,0,1,24.444444,2
22930,8,11,7,1,24.07,0.0,64.74,5.3,14.04,34.85,566.911,0,1,24.444444,2
22931,8,12,7,1,24.08,0.01,63.52,9.7,6.84,44.61,533.604,0,1,24.444444,2
22932,8,13,7,1,24.07,0.0,62.53,5.2,1.44,40.26,618.542,0,1,24.444444,2
22933,8,14,7,1,24.15,0.08,61.46,10.3,15.48,49.65,579.181,0,1,24.444444,2
22934,8,15,7,1,24.09,0.02,60.84,6.2,4.2,42.72,336.665,0,1,24.444444,2
22935,8,16,7,1,24.07,0.0,60.34,4.6,3.12,39.1,337.041,0,1,24.444444,2
22936,8,17,7,1,24.07,0.0,59.53,5.2,3.72,41.46,283.275,0,1,24.444444,2
22937,8,18,7,1,24.07,0.0,59.02,7.6,7.32,42.09,124.853,0,1,24.444444,2
22938,8,19,7,1,24.09,0.02,58.93,11.9,2.16,42.59,12.9223,0,1,24.444444,2
22939,8,20,7,1,24.07,0.0,60.57,4.9,2.64,29.84,0.0,0,1,24.444444,2
22940,8,21,7,1,24.07,0.0,61.93,6.0,0.96,31.03,0.0,0,1,24.444444,2
22941,8,22,7,1,24.07,0.0,63.29,5.7,3.36,29.41,0.0,0,1,24.444444,2
22942,8,23,7,1,24.07,0.0,64.01,5.9,1.56,27.81,0.0,0,1,24.444444,2
22943,8,24,7,1,24.07,0.0,65.62,4.9,0.6,25.17,0.0,0,1,24.444444,2
22944,8,1,1,1,24.07,0.0,67.65,4.4,2.76,24.06,0.0,0,1,24.444444,2
22945,8,2,1,1,24.07,0.0,70.05,3.5,0.72,22.74,0.0,0,1,24.444444,2
22946,8,3,1,1,24.07,0.0,71.86,3.9,0.6,23.72,0.0,0,1,24.444444,2
22947,8,4,1,1,24.07,0.0,72.81,3.4,0.96,21.74,0.0,0,1,24.444444,2
22948,8,5,1,1,24.07,0.0,73.49,3.8,0.36,21.95,0.0,0,1,24.444444,2
22949,8,6,1,1,24.07,0.0,74.2,3.5,0.84,23.86,0.0,0,1,24.444444,2
22950,8,7,1,1,24.07,0.0,72.25,5.9,3.48,36.53,47.6604,0,1,24.444444,2
22951,8,8,1,1,24.1,0.02,70.12,4.3,3.96,37.04,177.529,0,1,24.444444,2
22952,8,9,1,1,24.15,0.07,68.05,3.7,4.68,38.0,355.694,0,1,24.444444,2
22953,8,10,1,1,24.13,0.05,65.78,3.6,8.88,39.64,487.563,0,1,24.444444,2
22954,8,11,1,1,24.21,0.14,63.08,9.0,3.72,47.11,572.88,0,1,24.444444,2
22955,8,12,1,1,24.13,0.06,61.52,4.9,6.36,42.52,669.586,0,1,24.444444,2
22956,8,13,1,1,24.13,0.06,60.72,4.5,3.0,43.76,662.336,0,1,24.444444,2
22957,8,14,1,1,24.43,0.36,57.33,12.9,3.84,52.41,687.638,0,1,24.444444,2
22958,8,15,1,1,24.19,0.12,57.73,3.8,6.6,48.48,621.735,0,1,24.444444,2
22959,8,16,1,1,24.16,0.08,57.8,4.1,1.44,50.41,495.276,0,1,24.444444,2
22960,8,17,1,1,24.33,0.26,56.25,8.3,3.48,52.93,333.201,0,1,24.444444,2
22961,8,18,1,1,24.33,0.25,55.78,9.6,5.16,52.53,143.745,0,1,24.444444,2
22962,8,19,1,1,24.13,0.05,57.84,5.1,5.04,42.31,13.7045,0,1,24.444444,2
22963,8,20,1,1,24.1,0.02,59.44,6.2,3.0,39.84,0.0,0,1,24.444444,2
22964,8,21,1,1,24.09,0.01,59.67,7.5,0.72,38.94,0.0,0,1,24.444444,2
22965,8,22,1,1,24.08,0.0,59.63,7.7,1.2,36.28,0.0,0,1,24.444444,2
22966,8,23,1,1,24.07,0.0,61.09,4.7,1.08,29.45,0.0,0,1,24.444444,2
22967,8,24,1,1,24.07,0.0,62.59,5.5,0.36,29.37,0.0,0,1,24.444444,2
22968,8,1,2,1,24.07,0.0,64.16,5.3,0.84,28.1,0.0,0,1,24.444444,2
22969,8,2,2,1,24.07,0.0,66.11,4.9,0.24,26.98,0.0,0,1,24.444444,2
22970,8,3,2,1,24.07,0.0,68.75,3.8,0.36,24.82,0.0,0,1,24.444444,2
22971,8,4,2,1,24.07,0.0,71.28,3.4,0.24,23.76,0.0,0,1,24.444444,2
22972,8,5,2,1,24.07,0.0,72.93,3.4,0.84,23.34,0.0,0,1,24.444444,2
22973,8,6,2,1,24.07,0.0,73.55,4.3,1.56,26.85,0.0,0,1,24.444444,2
22974,8,7,2,1,24.07,0.0,72.48,4.3,15.84,34.96,46.6717,0,1,24.444444,2
22975,8,8,2,1,24.12,0.05,70.06,5.0,4.44,39.27,177.485,0,1,24.444444,2
22976,8,9,2,1,24.11,0.04,68.01,4.0,3.72,38.8,318.576,0,1,24.444444,2
22977,8,10,2,1,24.08,0.0,66.03,7.2,2.76,43.64,313.646,0,1,24.444444,2
22978,8,11,2,1,24.07,0.0,65.0,4.3,0.84,34.99,478.514,0,1,24.444444,2
22979,8,12,2,1,24.07,0.0,64.76,6.2,1.32,35.29,233.887,0,1,24.444444,2
22980,8,13,2,1,24.07,0.0,64.37,6.3,3.36,31.93,90.8012,0,1,24.444444,2
22981,8,14,2,1,24.07,0.0,62.42,12.6,0.6,43.29,313.062,0,1,24.444444,2
22982,8,15,2,1,24.07,0.0,60.6,9.3,1.32,43.94,478.825,0,1,24.444444,2
22983,8,16,2,1,24.07,0.0,60.5,4.8,0.84,39.64,396.185,0,1,24.444444,2
22984,8,17,2,1,24.07,0.0,61.41,4.1,3.84,36.18,274.899,0,1,24.444444,2
22985,8,18,2,1,24.07,0.0,61.84,6.8,3.12,39.68,117.231,0,1,24.444444,2
22986,8,19,2,1,24.07,0.0,61.43,9.8,3.0,40.45,11.075,0,1,24.444444,2
22987,8,20,2,1,24.07,0.0,61.95,9.4,2.76,36.74,0.0,0,1,24.444444,2
22988,8,21,2,1,24.07,0.0,63.19,9.7,1.08,36.38,0.0,0,1,24.444444,2
22989,8,22,2,1,24.07,0.0,64.5,9.3,2.28,34.83,0.0,0,1,24.444444,2
22990,8,23,2,1,24.07,0.0,66.03,6.0,2.4,28.67,0.0,0,1,24.444444,2
22991,8,24,2,1,24.07,0.0,67.6,5.0,0.72,26.35,0.0,0,1,24.444444,2
22992,8,1,3,1,24.07,0.0,69.11,4.2,0.0,24.25,0.0,0,1,24.444444,2
22993,8,2,3,1,24.07,0.0,70.86,3.2,0.6,21.31,0.0,0,1,24.444444,2
22994,8,3,3,1,24.07,0.0,72.36,3.8,0.0,22.06,0.0,0,1,24.444444,2
22995,8,4,3,1,24.07,0.0,73.21,4.2,0.6,22.69,0.0,0,1,24.444444,2
22996,8,5,3,1,24.07,0.0,73.91,3.8,0.96,21.35,0.0,0,1,24.444444,2
22997,8,6,3,1,24.07,0.0,74.13,4.3,1.32,24.46,0.0,0,1,24.444444,2
22998,8,7,3,1,24.08,0.01,71.93,7.1,17.28,39.03,38.1878,0,1,24.444444,2
22999,8,8,3,1,24.11,0.03,69.24,5.0,7.8,38.1,166.66,0,1,24.444444,2
23000,8,9,3,1,24.13,0.05,66.83,5.3,8.64,39.82,331.281,0,1,24.444444,2
23001,8,10,3,1,24.08,0.01,65.5,3.5,2.4,38.75,393.286,0,1,24.444444,2
23002,8,11,3,1,24.08,0.0,63.97,4.4,2.28,40.56,518.961,0,1,24.444444,2
23003,8,12,3,1,24.07,0.0,62.11,4.3,1.44,39.68,672.73,0,1,24.444444,2
23004,8,13,3,1,24.15,0.08,59.82,9.2,3.6,47.3,501.313,0,1,24.444444,2
23005,8,14,3,1,24.22,0.14,58.22,9.9,1.8,48.45,331.762,0,1,24.444444,2
23006,8,15,3,1,24.24,0.16,57.24,9.4,3.0,52.18,595.442,0,1,24.444444,2
23007,8,16,3,1,24.12,0.05,57.59,4.1,1.8,49.35,500.562,0,1,24.444444,2
23008,8,17,3,1,24.33,0.25,57.39,9.0,1.92,53.5,333.468,0,1,24.444444,2
23009,8,18,3,1,24.2,0.13,57.73,6.7,0.84,51.07,143.723,0,1,24.444444,2
23010,8,19,3,1,24.12,0.04,58.35,6.9,3.36,43.99,12.6384,0,1,24.444444,2
23011,8,20,3,1,24.11,0.03,58.63,8.3,2.04,41.84,0.0,0,1,24.444444,2
23012,8,21,3,1,24.1,0.02,58.81,8.6,2.04,40.45,0.0,0,1,24.444444,2
23013,8,22,3,1,24.08,0.01,59.63,7.2,1.8,36.29,0.0,0,1,24.444444,2
23014,8,23,3,1,24.07,0.0,61.08,4.5,0.72,30.38,0.0,0,1,24.444444,2
23015,8,24,3,1,24.07,0.0,63.04,3.5,0.48,27.67,0.0,0,1,24.444444,2
23016,8,1,4,1,24.07,0.0,64.63,4.2,0.24,27.44,0.0,0,1,24.444444,2
23017,8,2,4,1,24.07,0.0,66.24,4.4,0.36,26.3,0.0,0,1,24.444444,2
23018,8,3,4,1,24.07,0.0,68.13,3.7,0.36,24.31,0.0,0,1,24.444444,2
23019,8,4,4,1,24.07,0.0,69.97,3.1,0.72,22.68,0.0,0,1,24.444444,2
23020,8,5,4,1,24.07,0.0,70.94,4.6,0.96,25.1,0.0,0,1,24.444444,2
23021,8,6,4,1,24.07,0.0,71.53,3.7,3.72,24.85,0.0,0,1,24.444444,2
23022,8,7,4,1,24.09,0.02,69.69,8.2,12.36,41.26,43.2681,0,1,24.444444,2
23023,8,8,4,1,24.21,0.13,66.85,7.5,3.24,40.95,173.234,0,1,24.444444,2
23024,8,9,4,1,24.23,0.16,64.83,7.5,5.76,41.31,335.444,0,1,24.444444,2
23025,8,10,4,1,24.1,0.02,64.92,3.5,3.84,34.67,485.651,0,1,24.444444,2
23026,8,11,4,1,24.07,0.0,65.07,3.8,0.72,29.51,305.189,0,1,24.444444,2
23027,8,12,4,1,24.07,0.0,64.43,7.4,3.36,33.79,189.928,0,1,24.444444,2
23028,8,13,4,1,24.08,0.01,62.05,10.6,0.72,43.89,543.341,0,1,24.444444,2
23029,8,14,4,1,24.08,0.01,59.86,10.1,1.2,44.24,519.658,0,1,24.444444,2
23030,8,15,4,1,24.07,0.0,58.22,9.0,0.96,44.46,450.303,0,1,24.444444,2
23031,8,16,4,1,24.07,0.0,57.81,7.9,3.6,45.0,373.422,0,1,24.444444,2
23032,8,17,4,1,24.08,0.01,57.88,8.9,1.44,47.36,252.059,0,1,24.444444,2
23033,8,18,4,1,24.09,0.01,57.69,9.2,3.72,46.83,134.569,0,1,24.444444,2
23034,8,19,4,1,24.08,0.0,59.17,8.8,1.68,40.62,7.90115,0,1,24.444444,2
23035,8,20,4,1,24.09,0.02,59.9,11.0,2.4,41.64,0.0,0,1,24.444444,2
23036,8,21,4,1,24.1,0.02,60.0,11.5,1.8,41.27,0.0,0,1,24.444444,2
23037,8,22,4,1,24.07,0.0,60.92,8.5,1.32,35.88,0.0,0,1,24.444444,2
23038,8,23,4,1,24.07,0.0,61.98,9.3,2.88,35.56,0.0,0,1,24.444444,2
23039,8,24,4,1,24.07,0.0,64.35,4.2,0.24,26.37,0.0,0,1,24.444444,2
23040,8,1,5,1,24.07,0.0,65.15,9.6,0.12,35.15,0.0,0,1,24.444444,2
23041,8,2,5,1,24.07,0.0,63.66,12.6,0.24,37.78,0.0,0,1,24.444444,2
23042,8,3,5,1,24.07,0.0,65.41,4.8,0.0,23.67,0.0,0,1,24.444444,2
23043,8,4,5,1,24.07,0.0,67.07,9.7,0.36,32.86,0.0,0,1,24.444444,2
23044,8,5,5,1,24.07,0.0,68.39,4.3,1.2,22.59,0.0,0,1,24.444444,2
23045,8,6,5,1,24.07,0.0,68.47,10.4,2.04,36.06,0.0,0,1,24.444444,2
23046,8,7,5,1,24.1,0.02,66.78,8.3,17.76,39.46,39.1471,0,1,24.444444,2
23047,8,8,5,1,24.22,0.15,65.1,7.2,13.92,39.11,173.995,0,1,24.444444,2
23048,8,9,5,1,24.4,0.32,62.42,10.3,3.0,43.5,353.892,0,1,24.444444,2
23049,8,10,5,1,24.24,0.17,61.89,4.4,0.72,38.57,473.535,0,1,24.444444,2
23050,8,11,5,1,24.11,0.04,61.43,8.1,6.0,41.48,431.311,0,1,24.444444,2
23051,8,12,5,1,24.07,0.0,61.31,7.4,1.2,37.29,210.934,0,1,24.444444,2
23052,8,13,5,1,24.08,0.0,60.66,8.9,0.6,43.02,409.617,0,1,24.444444,2
23053,8,14,5,1,24.1,0.03,59.3,9.8,2.04,47.43,631.982,0,1,24.444444,2
23054,8,15,5,1,24.18,0.1,58.14,11.3,2.4,51.23,530.64,0,1,24.444444,2
23055,8,16,5,1,24.11,0.03,58.43,7.9,1.56,45.5,313.559,0,1,24.444444,2
23056,8,17,5,1,24.09,0.02,59.29,8.9,2.52,41.86,147.934,0,1,24.444444,2
23057,8,18,5,1,24.1,0.02,59.95,10.1,1.56,41.79,59.1942,0,1,24.444444,2
23058,8,19,5,1,24.1,0.02,59.89,11.4,2.28,41.29,1.9803,0,1,24.444444,2
23059,8,20,5,1,24.08,0.0,60.4,9.6,7.08,36.71,0.0,0,1,24.444444,2
23060,8,21,5,1,24.07,0.0,61.15,9.0,1.32,34.77,0.0,0,1,24.444444,2
23061,8,22,5,1,24.08,0.01,60.93,12.8,0.96,39.22,0.0,0,1,24.444444,2
23062,8,23,5,1,24.07,0.0,61.78,8.9,0.72,32.28,0.0,0,1,24.444444,2
23063,8,24,5,1,24.07,0.0,63.21,9.5,0.6,33.48,0.0,0,1,24.444444,2
23064,8,1,6,1,24.07,0.0,65.19,4.3,0.72,24.02,0.0,0,1,24.444444,2
23065,8,2,6,1,24.07,0.0,67.64,4.0,0.12,22.83,0.0,0,1,24.444444,2
23066,8,3,6,1,24.07,0.0,69.38,3.5,0.24,21.79,0.0,0,1,24.444444,2
23067,8,4,6,1,24.07,0.0,70.94,3.3,0.72,21.35,0.0,0,1,24.444444,2
23068,8,5,6,1,24.07,0.0,72.01,3.5,0.6,21.11,0.0,0,1,24.444444,2
23069,8,6,6,1,24.07,0.0,72.85,3.3,6.12,22.8,0.0,0,1,24.444444,2
23070,8,7,6,1,24.08,0.01,70.66,6.2,11.4,37.13,38.5502,0,1,24.444444,2
23071,8,8,6,1,24.11,0.04,68.4,4.7,9.36,35.89,172.76,0,1,24.444444,2
23072,8,9,6,1,24.11,0.04,66.68,6.2,4.56,38.62,324.607,0,1,24.444444,2
23073,8,10,6,1,24.09,0.01,65.42,5.0,2.76,35.2,475.907,0,1,24.444444,2
23074,8,11,6,1,24.07,0.0,65.17,4.4,2.76,32.06,502.372,0,1,24.444444,2
23075,8,12,6,1,24.07,0.0,64.58,7.6,0.96,33.79,143.581,0,1,24.444444,2
23076,8,13,6,1,24.07,0.0,62.99,8.8,0.48,36.45,275.709,0,1,24.444444,2
23077,8,14,6,1,24.08,0.0,61.44,10.7,1.2,43.7,401.778,0,1,24.444444,2
23078,8,15,6,1,24.09,0.02,59.91,11.5,6.84,46.69,444.997,0,1,24.444444,2
23079,8,16,6,1,24.07,0.0,59.58,8.1,0.84,39.77,287.015,0,1,24.444444,2
23080,8,17,6,1,24.07,0.0,59.47,9.3,2.04,40.82,257.092,0,1,24.444444,2
23081,8,18,6,1,24.07,0.0,59.92,8.9,2.16,39.81,114.318,0,1,24.444444,2
23082,8,19,6,1,24.07,0.0,60.45,9.8,2.04,37.25,5.35621,0,1,24.444444,2
23083,8,20,6,1,24.07,0.0,61.12,8.8,1.08,33.29,0.0,0,1,24.444444,2
23084,8,21,6,1,24.07,0.0,61.77,9.3,1.32,32.69,0.0,0,1,24.444444,2
23085,8,22,6,1,24.07,0.0,63.37,6.8,0.96,27.73,0.0,0,1,24.444444,2
23086,8,23,6,1,24.07,0.0,65.7,5.1,0.96,24.5,0.0,0,1,24.444444,2
23087,8,24,6,1,24.07,0.0,67.48,6.6,7.92,27.07,0.0,0,1,24.444444,2
23088,8,1,7,1,24.07,0.0,69.23,3.6,0.12,21.48,0.0,0,1,24.444444,2
23089,8,2,7,1,24.07,0.0,71.43,3.3,0.36,20.56,0.0,0,1,24.444444,2
23090,8,3,7,1,24.07,0.0,72.07,4.8,0.24,22.76,0.0,0,1,24.444444,2
23091,8,4,7,1,24.07,0.0,72.11,4.9,0.0,21.64,0.0,0,1,24.444444,2
23092,8,5,7,1,24.07,0.0,72.87,4.0,0.24,19.29,0.0,0,1,24.444444,2
23093,8,6,7,1,24.07,0.0,71.21,10.4,2.64,33.64,0.0,0,1,24.444444,2
23094,8,7,7,1,24.07,0.0,69.77,3.9,4.08,29.75,39.5092,0,1,24.444444,2
23095,8,8,7,1,24.12,0.04,68.17,5.3,4.2,35.91,174.038,0,1,24.444444,2
23096,8,9,7,1,24.11,0.04,66.03,5.2,6.96,37.45,332.068,0,1,24.444444,2
23097,8,10,7,1,24.12,0.04,63.84,5.5,3.24,39.63,479.972,0,1,24.444444,2
23098,8,11,7,1,24.08,0.0,62.91,4.0,4.2,35.39,582.695,0,1,24.444444,2
23099,8,12,7,1,24.07,0.0,62.3,4.6,4.44,38.39,508.755,0,1,24.444444,2
23100,8,13,7,1,24.07,0.0,61.53,4.7,3.0,38.44,386.432,0,1,24.444444,2
23101,8,14,7,1,24.09,0.02,60.33,10.3,6.48,47.14,441.18,0,1,24.444444,2
23102,8,15,7,1,24.08,0.0,59.5,4.5,7.56,40.86,478.546,0,1,24.444444,2
23103,8,16,7,1,24.07,0.0,58.84,4.7,1.92,40.56,362.514,0,1,24.444444,2
23104,8,17,7,1,24.08,0.0,59.06,4.7,2.64,34.11,155.084,0,1,24.444444,2
23105,8,18,7,1,24.07,0.0,60.2,4.5,6.36,33.04,61.2403,0,1,24.444444,2
23106,8,19,7,1,24.07,0.0,61.24,6.4,2.76,34.3,1.18488,0,1,24.444444,2
23107,8,20,7,1,24.07,0.0,62.1,6.1,2.76,31.55,0.0,0,1,24.444444,2
23108,8,21,7,1,24.07,0.0,62.55,7.0,1.44,31.85,0.0,0,1,24.444444,2
23109,8,22,7,1,24.07,0.0,61.9,10.7,2.64,35.97,0.0,0,1,24.444444,2
23110,8,23,7,1,24.07,0.0,62.69,5.9,2.4,26.93,0.0,0,1,24.444444,2
23111,8,24,7,1,24.07,0.0,65.29,3.2,0.6,21.49,0.0,0,1,24.444444,2
23112,8,1,1,1,24.07,0.0,67.95,3.7,1.08,21.72,0.0,0,1,24.444444,2
23113,8,2,1,1,24.07,0.0,69.94,3.9,0.12,21.16,0.0,0,1,24.444444,2
23114,8,3,1,1,24.07,0.0,70.91,3.6,0.36,19.75,0.0,0,1,24.444444,2
23115,8,4,1,1,24.07,0.0,71.72,4.1,0.6,20.29,0.0,0,1,24.444444,2
23116,8,5,1,1,24.06,0.0,72.69,3.5,0.6,18.79,0.0,0,1,24.444444,2
23117,8,6,1,1,24.06,0.0,73.44,3.3,0.96,20.27,0.0,0,1,24.444444,2
23118,8,7,1,1,24.06,0.0,72.35,4.7,2.16,31.83,42.6263,0,1,24.444444,2
23119,8,8,1,1,24.1,0.03,70.39,4.3,2.16,34.98,171.177,0,1,24.444444,2
23120,8,9,1,1,24.2,0.12,67.99,4.8,11.16,37.51,346.745,0,1,24.444444,2
23121,8,10,1,1,24.2,0.12,65.66,4.3,9.84,38.96,476.24,0,1,24.444444,2
23122,8,11,1,1,24.17,0.09,63.7,8.0,3.6,44.59,613.298,0,1,24.444444,2
23123,8,12,1,1,24.08,0.01,63.09,4.4,4.44,40.39,667.397,0,1,24.444444,2
23124,8,13,1,1,24.1,0.02,62.21,4.6,4.2,43.04,687.86,0,1,24.444444,2
23125,8,14,1,1,24.29,0.22,59.56,9.9,3.72,51.57,658.136,0,1,24.444444,2
23126,8,15,1,1,24.18,0.11,58.47,4.4,1.32,48.54,592.487,0,1,24.444444,2
23127,8,16,1,1,24.13,0.05,57.53,4.8,7.2,45.44,329.927,0,1,24.444444,2
23128,8,17,1,1,24.08,0.0,56.92,4.1,1.8,40.48,180.531,0,1,24.444444,2
23129,8,18,1,1,24.11,0.04,56.96,10.3,4.2,45.64,76.3742,0,1,24.444444,2
23130,8,19,1,1,24.08,0.0,57.01,7.5,3.36,38.14,2.94103,0,1,24.444444,2
23131,8,20,1,1,24.07,0.0,57.89,5.6,0.96,32.97,0.0,0,1,24.444444,2
23132,8,21,1,1,24.07,0.0,58.56,7.6,1.92,34.28,0.0,0,1,24.444444,2
23133,8,22,1,1,24.09,0.02,58.28,12.9,1.08,40.18,0.0,0,1,24.444444,2
23134,8,23,1,1,24.07,0.0,59.51,5.8,2.4,28.01,0.0,0,1,24.444444,2
23135,8,24,1,1,24.07,0.0,61.9,5.1,0.48,26.17,0.0,0,1,24.444444,2
23136,8,1,2,1,24.07,0.0,63.77,5.5,1.2,26.31,0.0,0,1,24.444444,2
23137,8,2,2,1,24.07,0.0,65.28,4.1,0.24,22.86,0.0,0,1,24.444444,2
23138,8,3,2,1,24.07,0.0,66.7,3.5,0.36,20.72,0.0,0,1,24.444444,2
23139,8,4,2,1,24.07,0.0,68.0,3.8,0.36,20.26,0.0,0,1,24.444444,2
23140,8,5,2,1,24.07,0.0,68.71,4.8,0.6,21.31,0.0,0,1,24.444444,2
23141,8,6,2,1,24.07,0.0,69.45,3.5,3.84,20.27,0.0,0,1,24.444444,2
23142,8,7,2,1,24.07,0.0,68.65,6.2,16.68,32.76,47.2671,0,1,24.444444,2
23143,8,8,2,1,24.1,0.02,67.27,4.7,13.68,35.48,173.58,0,1,24.444444,2
23144,8,9,2,1,24.22,0.14,64.69,6.2,9.84,39.4,346.626,0,1,24.444444,2
23145,8,10,2,1,24.22,0.15,62.56,5.6,3.84,40.23,491.581,0,1,24.444444,2
23146,8,11,2,1,24.12,0.05,61.13,4.8,3.12,40.19,600.75,0,1,24.444444,2
23147,8,12,2,1,24.08,0.0,59.94,4.5,3.24,39.59,653.084,0,1,24.444444,2
23148,8,13,2,1,24.11,0.03,58.48,6.6,4.2,43.41,669.867,0,1,24.444444,2
23149,8,14,2,1,24.26,0.18,56.32,10.1,1.68,49.05,642.167,0,1,24.444444,2
23150,8,15,2,1,24.34,0.27,55.32,11.3,0.96,48.88,214.629,0,1,24.444444,2
23151,8,16,2,1,24.16,0.09,55.37,3.9,0.84,42.3,226.462,0,1,24.444444,2
23152,8,17,2,1,24.09,0.02,55.27,4.6,3.36,46.09,284.686,0,1,24.444444,2
23153,8,18,2,1,24.08,0.01,55.95,4.8,2.04,45.31,121.609,0,1,24.444444,2
23154,8,19,2,1,24.14,0.06,56.55,9.8,3.6,45.07,5.2187,0,1,24.444444,2
23155,8,20,2,1,24.13,0.06,57.56,9.6,5.64,42.76,0.0,0,1,24.444444,2
23156,8,21,2,1,24.13,0.06,58.35,10.1,1.68,42.82,0.0,0,1,24.444444,2
23157,8,22,2,1,24.1,0.03,59.28,8.6,2.88,38.92,0.0,0,1,24.444444,2
23158,8,23,2,1,24.08,0.0,61.13,5.2,0.72,31.9,0.0,0,1,24.444444,2
23159,8,24,2,1,24.07,0.0,62.71,6.0,0.36,31.79,0.0,0,1,24.444444,2
23160,8,1,3,1,24.07,0.0,64.49,3.7,0.48,26.32,0.0,0,1,24.444444,2
23161,8,2,3,1,24.07,0.0,66.54,3.3,0.36,24.91,0.0,0,1,24.444444,2
23162,8,3,3,1,24.07,0.0,68.47,3.4,0.48,24.79,0.0,0,1,24.444444,2
23163,8,4,3,1,24.07,0.0,70.01,3.1,2.88,23.55,0.0,0,1,24.444444,2
23164,8,5,3,1,24.07,0.0,70.88,4.4,0.6,25.18,0.0,0,1,24.444444,2
23165,8,6,3,1,24.07,0.0,71.34,4.3,2.28,26.31,0.0,0,1,24.444444,2
23166,8,7,3,1,24.08,0.0,70.35,4.9,19.68,36.26,44.5608,0,1,24.444444,2
23167,8,8,3,1,24.15,0.07,67.64,4.5,6.84,38.59,174.171,0,1,24.444444,2
23168,8,9,3,1,24.29,0.22,65.2,7.6,7.68,43.63,342.259,0,1,24.444444,2
23169,8,10,3,1,24.15,0.07,64.28,3.8,4.8,40.08,408.29,0,1,24.444444,2
23170,8,11,3,1,24.09,0.01,63.04,4.0,1.8,41.11,444.225,0,1,24.444444,2
23171,8,12,3,1,24.08,0.0,61.61,3.7,6.96,41.75,504.943,0,1,24.444444,2
23172,8,13,3,1,24.2,0.13,59.58,9.1,1.92,48.64,585.381,0,1,24.444444,2
23173,8,14,3,1,24.32,0.24,57.94,9.8,1.08,49.67,381.344,0,1,24.444444,2
23174,8,15,3,1,24.27,0.2,57.55,9.1,1.68,46.3,300.43,0,1,24.444444,2
23175,8,16,3,1,24.12,0.04,58.96,3.9,3.96,39.06,163.295,0,1,24.444444,2
23176,8,17,3,1,24.1,0.02,60.05,8.9,4.92,41.07,6.66961,0,1,24.444444,2
23177,8,18,3,1,24.07,0.0,61.71,3.7,0.72,31.72,0.0,0,1,24.444444,2
23178,8,19,3,1,24.07,0.0,62.91,6.2,1.44,34.3,0.0,0,1,24.444444,2
23179,8,20,3,1,24.07,0.0,63.55,7.7,2.16,34.36,0.0,0,1,24.444444,2
23180,8,21,3,1,24.07,0.0,63.82,10.2,1.8,37.17,0.0,0,1,24.444444,2
23181,8,22,3,1,24.07,0.0,64.28,7.5,2.76,31.67,0.0,0,1,24.444444,2
23182,8,23,3,1,24.07,0.0,65.22,4.9,1.08,26.47,0.0,0,1,24.444444,2
23183,8,24,3,1,24.07,0.0,67.35,3.6,2.16,24.35,0.0,0,1,24.444444,2
23184,8,1,4,1,24.07,0.0,69.01,2.9,0.6,22.7,0.0,0,1,24.444444,2
23185,8,2,4,1,24.07,0.0,70.03,3.1,0.36,22.66,0.0,0,1,24.444444,2
23186,8,3,4,1,24.07,0.0,71.6,4.9,0.72,25.71,0.0,0,1,24.444444,2
23187,8,4,4,1,24.07,0.0,72.96,2.9,0.84,21.42,0.0,0,1,24.444444,2
23188,8,5,4,1,24.07,0.0,74.37,3.4,0.36,22.52,0.0,0,1,24.444444,2
23189,8,6,4,1,24.07,0.0,75.07,3.8,2.52,25.2,0.0,0,1,24.444444,2
23190,8,7,4,1,24.08,0.01,73.06,7.9,12.24,41.63,44.3755,0,1,24.444444,2
23191,8,8,4,1,24.16,0.09,69.99,9.2,1.44,44.04,176.841,0,1,24.444444,2
23192,8,9,4,1,24.09,0.02,67.92,7.0,4.44,39.63,295.914,0,1,24.444444,2
23193,8,10,4,1,24.07,0.0,67.01,3.3,4.68,28.0,324.301,0,1,24.444444,2
23194,8,11,4,1,24.07,0.0,66.18,4.1,1.08,27.7,370.901,0,1,24.444444,2
23195,8,12,4,1,24.07,0.0,65.47,7.4,2.52,31.71,220.127,0,1,24.444444,2
23196,8,13,4,1,24.07,0.0,64.49,9.0,1.56,37.37,523.342,0,1,24.444444,2
23197,8,14,4,1,24.07,0.0,63.07,9.7,0.72,41.85,405.056,0,1,24.444444,2
23198,8,15,4,1,24.07,0.0,62.03,9.1,0.96,43.5,420.285,0,1,24.444444,2
23199,8,16,4,1,24.07,0.0,61.53,8.1,0.6,41.91,304.955,0,1,24.444444,2
23200,8,17,4,1,24.07,0.0,61.08,9.2,1.2,38.15,168.131,0,1,24.444444,2
23201,8,18,4,1,24.07,0.0,60.95,9.4,4.08,36.31,64.9502,0,1,24.444444,2
23202,8,19,4,1,24.07,0.0,61.45,8.8,3.36,32.89,1.25015,0,1,24.444444,2
23203,8,20,4,1,24.07,0.0,61.56,11.3,2.88,35.12,0.0,0,1,24.444444,2
23204,8,21,4,1,24.07,0.0,61.61,10.7,1.68,32.54,0.0,0,1,24.444444,2
23205,8,22,4,1,24.07,0.0,62.29,10.4,1.92,31.09,0.0,0,1,24.444444,2
23206,8,23,4,1,24.07,0.0,65.08,5.1,0.96,22.93,0.0,0,1,24.444444,2
23207,8,24,4,1,24.07,0.0,69.09,3.1,0.48,20.28,0.0,0,1,24.444444,2
23208,8,1,5,1,24.07,0.0,68.85,12.4,0.36,37.56,0.0,0,1,24.444444,2
23209,8,2,5,1,24.07,0.0,67.63,9.7,0.12,30.92,0.0,0,1,24.444444,2
23210,8,3,5,1,24.07,0.0,67.25,11.3,0.84,33.46,0.0,0,1,24.444444,2
23211,8,4,5,1,24.07,0.0,66.23,12.8,3.24,35.24,0.0,0,1,24.444444,2
23212,8,5,5,1,24.06,0.0,68.7,3.2,0.96,18.21,0.0,0,1,24.444444,2
23213,8,6,5,1,24.07,0.0,69.25,10.2,1.2,31.68,0.0,0,1,24.444444,2
23214,8,7,5,1,24.07,0.0,66.71,8.5,16.68,34.25,44.3583,0,1,24.444444,2
23215,8,8,5,1,24.11,0.03,65.8,7.7,14.52,38.09,179.729,0,1,24.444444,2
23216,8,9,5,1,24.19,0.11,64.63,7.5,5.76,39.82,366.243,0,1,24.444444,2
23217,8,10,5,1,24.18,0.1,63.33,7.2,2.76,41.91,486.294,0,1,24.444444,2
23218,8,11,5,1,24.34,0.27,60.5,13.3,3.0,48.3,638.918,0,1,24.444444,2
23219,8,12,5,1,24.2,0.13,59.56,7.3,0.48,44.4,617.22,0,1,24.444444,2
23220,8,13,5,1,24.23,0.16,57.58,9.2,2.88,47.25,595.723,0,1,24.444444,2
23221,8,14,5,1,24.25,0.17,55.08,9.9,1.56,48.23,553.116,0,1,24.444444,2
23222,8,15,5,1,24.24,0.17,54.29,11.1,1.32,48.71,391.904,0,1,24.444444,2
23223,8,16,5,1,24.16,0.08,55.56,7.6,2.88,44.88,285.456,0,1,24.444444,2
23224,8,17,5,1,24.14,0.06,56.62,8.9,2.04,46.34,203.398,0,1,24.444444,2
23225,8,18,5,1,24.12,0.05,56.35,9.5,3.24,44.92,85.7634,0,1,24.444444,2
23226,8,19,5,1,24.11,0.04,55.58,10.2,1.68,40.82,2.17777,0,1,24.444444,2
23227,8,20,5,1,24.09,0.01,56.21,8.9,3.6,37.04,0.0,0,1,24.444444,2
23228,8,21,5,1,24.08,0.01,57.03,9.7,1.2,36.89,0.0,0,1,24.444444,2
23229,8,22,5,1,24.08,0.0,57.72,10.3,1.08,35.99,0.0,0,1,24.444444,2
23230,8,23,5,1,24.07,0.0,58.95,8.3,1.56,31.9,0.0,0,1,24.444444,2
23231,8,24,5,1,24.07,0.0,59.42,12.1,0.6,36.83,0.0,0,1,24.444444,2
23232,8,1,6,1,24.07,0.0,61.3,4.1,1.8,23.32,0.0,0,1,24.444444,2
23233,8,2,6,1,24.07,0.0,64.53,4.4,0.36,23.98,0.0,0,1,24.444444,2
23234,8,3,6,1,24.07,0.0,66.91,4.8,0.36,24.36,0.0,0,1,24.444444,2
23235,8,4,6,1,24.07,0.0,68.43,3.8,0.48,21.04,0.0,0,1,24.444444,2
23236,8,5,6,1,24.07,0.0,69.31,3.2,1.44,19.13,0.0,0,1,24.444444,2
23237,8,6,6,1,24.06,0.0,70.74,2.9,4.32,19.29,0.0,0,1,24.444444,2
23238,8,7,6,1,24.07,0.0,71.11,3.9,17.52,23.52,36.4348,0,1,24.444444,2
23239,8,8,6,1,24.07,0.0,69.14,11.0,6.6,38.58,117.742,0,1,24.444444,2
23240,8,9,6,1,24.07,0.0,66.99,6.9,5.76,31.42,169.167,0,1,24.444444,2
23241,8,10,6,1,24.07,0.0,67.5,3.8,2.16,27.16,170.961,0,1,24.444444,2
23242,8,11,6,1,24.07,0.0,68.08,4.5,1.32,30.35,167.726,0,1,24.444444,2
23243,8,12,6,1,24.07,0.0,66.14,8.0,0.96,39.31,238.952,0,1,24.444444,2
23244,8,13,6,1,24.07,0.0,64.03,7.7,1.56,41.91,444.087,0,1,24.444444,2
23245,8,14,6,1,24.08,0.01,62.5,10.0,1.2,44.06,308.679,0,1,24.444444,2
23246,8,15,6,1,24.09,0.02,61.04,10.0,3.0,47.51,444.427,0,1,24.444444,2
23247,8,16,6,1,24.09,0.02,59.32,8.2,3.72,44.71,285.669,0,1,24.444444,2
23248,8,17,6,1,24.08,0.01,57.89,9.1,2.04,42.88,165.183,0,1,24.444444,2
23249,8,18,6,1,24.08,0.0,58.17,8.5,1.56,39.16,62.8352,0,1,24.444444,2
23250,8,19,6,1,24.07,0.0,59.14,9.1,3.48,36.26,0.453174,0,1,24.444444,2
23251,8,20,6,1,24.07,0.0,60.08,9.5,1.68,35.23,0.0,0,1,24.444444,2
23252,8,21,6,1,24.07,0.0,61.0,9.9,1.32,36.02,0.0,0,1,24.444444,2
23253,8,22,6,1,24.07,0.0,62.59,7.3,2.64,32.08,0.0,0,1,24.444444,2
23254,8,23,6,1,24.07,0.0,64.05,5.8,1.8,28.99,0.0,0,1,24.444444,2
23255,8,24,6,1,24.07,0.0,65.4,6.3,1.44,29.35,0.0,0,1,24.444444,2
23256,8,1,7,1,24.07,0.0,67.19,3.4,0.36,23.3,0.0,0,1,24.444444,2
23257,8,2,7,1,24.07,0.0,69.13,3.4,0.36,22.02,0.0,0,1,24.444444,2
23258,8,3,7,1,24.07,0.0,70.0,5.1,0.12,24.46,0.0,0,1,24.444444,2
23259,8,4,7,1,24.07,0.0,70.93,3.5,0.48,20.83,0.0,0,1,24.444444,2
23260,8,5,7,1,24.07,0.0,72.1,3.5,0.24,21.17,0.0,0,1,24.444444,2
23261,8,6,7,1,24.07,0.0,73.12,3.5,0.96,23.81,0.0,0,1,24.444444,2
23262,8,7,7,1,24.07,0.0,72.91,3.8,4.8,30.49,42.3697,0,1,24.444444,2
23263,8,8,7,1,24.07,0.0,72.27,4.6,9.0,31.55,123.378,0,1,24.444444,2
23264,8,9,7,1,24.07,0.0,70.56,4.0,8.04,34.09,295.053,0,1,24.444444,2
23265,8,10,7,1,24.07,0.0,68.0,5.5,8.76,32.51,169.572,0,1,24.444444,2
23266,8,11,7,1,24.07,0.0,64.64,4.2,2.28,32.08,366.655,0,1,24.444444,2
23267,8,12,7,1,24.07,0.0,63.0,4.5,4.56,35.02,456.427,0,1,24.444444,2
23268,8,13,7,1,24.07,0.0,61.46,4.4,2.04,36.3,498.317,0,1,24.444444,2
23269,8,14,7,1,24.2,0.13,58.76,14.7,13.08,51.52,559.175,0,1,24.444444,2
23270,8,15,7,1,24.09,0.01,59.09,4.3,4.8,39.1,363.646,0,1,24.444444,2
23271,8,16,7,1,24.07,0.0,59.58,5.0,1.2,41.57,345.492,0,1,24.444444,2
23272,8,17,7,1,24.07,0.0,59.41,4.9,4.32,41.14,238.405,0,1,24.444444,2
23273,8,18,7,1,24.07,0.0,59.35,6.1,2.76,40.88,97.6768,0,1,24.444444,2
23274,8,19,7,1,24.18,0.11,57.5,15.6,1.32,47.11,2.75811,0,1,24.444444,2
23275,8,20,7,1,24.08,0.01,58.62,4.7,2.52,30.15,0.0,0,1,24.444444,2
23276,8,21,7,1,24.07,0.0,59.98,7.8,1.56,33.85,0.0,0,1,24.444444,2
23277,8,22,7,1,24.07,0.0,60.68,9.1,0.96,34.84,0.0,0,1,24.444444,2
23278,8,23,7,1,24.07,0.0,61.98,6.4,1.8,29.53,0.0,0,1,24.444444,2
23279,8,24,7,1,24.07,0.0,63.07,6.1,0.6,28.18,0.0,0,1,24.444444,2
23280,8,1,1,1,24.07,0.0,64.95,3.0,0.72,22.33,0.0,0,1,24.444444,2
23281,8,2,1,1,24.07,0.0,66.93,3.7,0.6,23.32,0.0,0,1,24.444444,2
23282,8,3,1,1,24.07,0.0,67.87,3.4,0.36,22.23,0.0,0,1,24.444444,2
23283,8,4,1,1,24.07,0.0,68.96,3.7,0.96,22.39,0.0,0,1,24.444444,2
23284,8,5,1,1,24.07,0.0,70.85,2.8,0.72,20.83,0.0,0,1,24.444444,2
23285,8,6,1,1,24.07,0.0,72.32,3.3,1.92,22.14,0.0,0,1,24.444444,2
23286,8,7,1,1,24.07,0.0,72.36,4.4,2.52,25.16,25.52,0,1,24.444444,2
23287,8,8,1,1,24.07,0.0,71.04,5.0,3.96,27.93,88.2887,0,1,24.444444,2
23288,8,9,1,1,24.08,0.0,68.85,4.6,2.16,36.23,277.54,0,1,24.444444,2
23289,8,10,1,1,24.1,0.03,65.72,4.3,6.72,40.31,515.199,0,1,24.444444,2
23290,8,11,1,1,24.17,0.09,63.1,8.6,1.08,46.8,568.376,0,1,24.444444,2
23291,8,12,1,1,24.14,0.06,61.3,5.1,5.16,43.93,575.665,0,1,24.444444,2
23292,8,13,1,1,24.13,0.06,60.06,4.9,4.68,44.36,509.49,0,1,24.444444,2
23293,8,14,1,1,24.37,0.3,57.82,13.5,1.8,52.04,391.185,0,1,24.444444,2
23294,8,15,1,1,24.19,0.11,57.37,4.2,8.52,44.52,363.082,0,1,24.444444,2
23295,8,16,1,1,24.12,0.05,57.25,5.1,3.36,48.08,395.678,0,1,24.444444,2
23296,8,17,1,1,24.11,0.04,56.38,5.1,4.92,47.56,264.087,0,1,24.444444,2
23297,8,18,1,1,24.19,0.11,54.61,10.3,3.48,48.79,97.8853,0,1,24.444444,2
23298,8,19,1,1,24.13,0.05,54.45,8.0,1.32,40.51,1.88695,0,1,24.444444,2
23299,8,20,1,1,24.08,0.01,55.4,5.5,1.44,35.15,0.0,0,1,24.444444,2
23300,8,21,1,1,24.07,0.0,57.01,5.8,2.04,34.57,0.0,0,1,24.444444,2
23301,8,22,1,1,24.07,0.0,58.93,7.1,0.84,35.07,0.0,0,1,24.444444,2
23302,8,23,1,1,24.07,0.0,60.55,6.0,1.68,31.57,0.0,0,1,24.444444,2
23303,8,24,1,1,24.07,0.0,62.34,5.1,0.48,28.92,0.0,0,1,24.444444,2
23304,8,1,2,1,24.07,0.0,64.6,3.5,0.72,25.62,0.0,0,1,24.444444,2
23305,8,2,2,1,24.07,0.0,66.55,5.1,1.2,28.2,0.0,0,1,24.444444,2
23306,8,3,2,1,24.07,0.0,68.92,3.4,0.36,25.08,0.0,0,1,24.444444,2
23307,8,4,2,1,24.07,0.0,71.09,3.3,0.36,24.9,0.0,0,1,24.444444,2
23308,8,5,2,1,24.07,0.0,72.58,3.6,0.84,24.91,0.0,0,1,24.444444,2
23309,8,6,2,1,24.07,0.0,72.51,5.6,3.72,30.08,0.0,0,1,24.444444,2
23310,8,7,2,1,24.07,0.0,70.5,4.0,24.0,33.71,41.9038,0,1,24.444444,2
23311,8,8,2,1,24.18,0.11,67.26,7.7,2.52,41.06,177.858,0,1,24.444444,2
23312,8,9,2,1,24.35,0.28,63.33,9.5,3.84,43.69,358.591,0,1,24.444444,2
23313,8,10,2,1,24.26,0.18,62.82,4.3,4.8,39.89,513.463,0,1,24.444444,2
23314,8,11,2,1,24.17,0.1,63.47,4.3,4.2,42.25,627.464,0,1,24.444444,2
23315,8,12,2,1,24.19,0.11,63.4,4.8,2.16,44.76,695.704,0,1,24.444444,2
23316,8,13,2,1,24.24,0.17,62.43,4.7,1.32,46.2,706.239,0,1,24.444444,2
23317,8,14,2,1,24.48,0.4,58.92,10.2,0.72,53.05,671.637,0,1,24.444444,2
23318,8,15,2,1,24.58,0.51,55.6,9.7,1.08,53.31,585.746,0,1,24.444444,2
23319,8,16,2,1,24.43,0.35,55.05,4.5,1.08,51.58,476.381,0,1,24.444444,2
23320,8,17,2,1,24.35,0.27,54.85,4.3,2.28,50.84,305.632,0,1,24.444444,2
23321,8,18,2,1,24.24,0.17,54.59,5.2,2.76,49.09,115.362,0,1,24.444444,2
23322,8,19,2,1,24.26,0.18,54.14,9.7,2.64,46.02,2.23359,0,1,24.444444,2
23323,8,20,2,1,24.23,0.16,54.47,9.8,3.6,44.34,0.0,0,1,24.444444,2
23324,8,21,2,1,24.19,0.11,55.11,9.8,2.4,42.81,0.0,0,1,24.444444,2
23325,8,22,2,1,24.15,0.08,56.09,9.5,1.8,40.23,0.0,0,1,24.444444,2
23326,8,23,2,1,24.09,0.02,58.54,4.9,0.24,32.89,0.0,0,1,24.444444,2
23327,8,24,2,1,24.08,0.01,60.61,6.8,0.24,34.56,0.0,0,1,24.444444,2
23328,8,1,3,1,24.07,0.0,62.7,4.6,0.36,29.75,0.0,0,1,24.444444,2
23329,8,2,3,1,24.07,0.0,65.7,2.9,0.24,26.57,0.0,0,1,24.444444,2
23330,8,3,3,1,24.07,0.0,67.93,3.8,0.36,27.7,0.0,0,1,24.444444,2
23331,8,4,3,1,24.07,0.0,68.72,3.6,0.24,26.11,0.0,0,1,24.444444,2
23332,8,5,3,1,24.07,0.0,69.09,3.9,1.56,25.76,0.0,0,1,24.444444,2
23333,8,6,3,1,24.07,0.0,69.14,3.6,2.88,26.26,0.0,0,1,24.444444,2
23334,8,7,3,1,24.08,0.0,67.28,6.5,16.8,38.31,41.9049,0,1,24.444444,2
23335,8,8,3,1,24.11,0.04,65.07,4.5,3.12,36.88,176.856,0,1,24.444444,2
23336,8,9,3,1,24.26,0.19,62.62,6.7,6.36,40.87,359.69,0,1,24.444444,2
23337,8,10,3,1,24.23,0.15,62.04,3.8,2.76,39.88,515.439,0,1,24.444444,2
23338,8,11,3,1,24.15,0.07,61.74,3.7,5.28,41.33,626.318,0,1,24.444444,2
23339,8,12,3,1,24.12,0.05,61.24,3.2,0.96,41.88,693.882,0,1,24.444444,2
23340,8,13,3,1,24.33,0.26,58.84,9.1,1.68,48.82,699.468,0,1,24.444444,2
23341,8,14,3,1,24.48,0.4,56.23,9.9,0.72,51.5,670.065,0,1,24.444444,2
23342,8,15,3,1,24.55,0.47,54.54,9.0,0.96,52.6,594.005,0,1,24.444444,2
23343,8,16,3,1,24.38,0.31,54.61,3.9,1.44,51.01,467.872,0,1,24.444444,2
23344,8,17,3,1,24.63,0.55,53.75,9.4,1.8,52.97,299.645,0,1,24.444444,2
23345,8,18,3,1,24.3,0.22,55.1,3.9,1.44,49.09,107.661,0,1,24.444444,2
23346,8,19,3,1,24.21,0.14,55.96,5.5,2.04,43.83,1.78404,0,1,24.444444,2
23347,8,20,3,1,24.2,0.13,56.23,7.9,2.04,44.15,0.0,0,1,24.444444,2
23348,8,21,3,1,24.15,0.08,56.58,7.1,1.56,41.45,0.0,0,1,24.444444,2
23349,8,22,3,1,24.15,0.07,57.0,9.0,0.84,41.45,0.0,0,1,24.444444,2
23350,8,23,3,1,24.13,0.06,58.06,8.6,1.32,39.2,0.0,0,1,24.444444,2
23351,8,24,3,1,24.08,0.01,60.97,3.5,0.36,31.11,0.0,0,1,24.444444,2
23352,9,1,4,1,24.07,0.0,63.83,3.9,0.36,31.34,0.0,0,1,24.444444,2
23353,9,2,4,1,24.08,0.01,63.71,8.4,0.48,37.3,0.0,0,1,24.444444,2
23354,9,3,4,1,24.07,0.0,61.99,9.3,0.24,36.27,0.0,0,1,24.444444,2
23355,9,4,4,1,24.07,0.0,61.66,8.1,0.48,32.51,0.0,0,1,24.444444,2
23356,9,5,4,1,24.07,0.0,61.85,9.0,1.08,33.13,0.0,0,1,24.444444,2
23357,9,6,4,1,24.07,0.0,61.55,9.7,2.16,34.86,0.0,0,1,24.444444,2
23358,9,7,4,1,24.07,0.0,60.99,7.6,7.44,36.85,42.4149,0,1,24.444444,2
23359,9,8,4,1,24.19,0.11,59.37,10.1,6.72,42.59,179.893,0,1,24.444444,2
23360,9,9,4,1,24.34,0.26,57.91,8.7,4.56,42.4,359.796,0,1,24.444444,2
23361,9,10,4,1,24.43,0.35,57.46,8.8,2.52,44.26,519.364,0,1,24.444444,2
23362,9,11,4,1,24.42,0.35,57.04,9.5,0.6,46.05,621.268,0,1,24.444444,2
23363,9,12,4,1,24.33,0.26,57.03,7.3,2.04,45.14,683.858,0,1,24.444444,2
23364,9,13,4,1,24.39,0.31,56.58,7.3,2.4,46.86,704.827,0,1,24.444444,2
23365,9,14,4,1,24.52,0.44,55.49,8.2,2.64,50.75,663.942,0,1,24.444444,2
23366,9,15,4,1,24.77,0.69,53.73,9.5,0.96,52.48,583.105,0,1,24.444444,2
23367,9,16,4,1,24.92,0.84,53.07,8.3,1.92,52.29,458.4,0,1,24.444444,2
23368,9,17,4,1,24.99,0.92,52.9,8.6,0.84,52.7,292.407,0,1,24.444444,2
23369,9,18,4,1,24.84,0.77,53.27,9.3,2.04,53.06,103.804,0,1,24.444444,2
23370,9,19,4,1,24.55,0.48,54.16,9.1,3.24,49.35,0.968144,0,1,24.444444,2
23371,9,20,4,1,24.56,0.48,54.63,11.4,2.52,49.11,0.0,0,1,24.444444,2
23372,9,21,4,1,24.81,0.73,54.38,17.2,2.16,52.1,0.0,0,1,24.444444,2
23373,9,22,4,1,24.54,0.47,56.29,10.2,1.56,46.52,0.0,0,1,24.444444,2
23374,9,23,4,1,24.45,0.38,56.95,12.0,0.96,45.89,0.0,0,1,24.444444,2
23375,9,24,4,1,24.25,0.18,57.76,8.9,3.24,40.83,0.0,0,1,24.444444,2
23376,9,1,5,1,24.19,0.11,58.68,9.2,0.96,39.77,0.0,0,1,24.444444,2
23377,9,2,5,1,24.17,0.1,59.71,10.0,0.24,39.61,0.0,0,1,24.444444,2
23378,9,3,5,1,24.14,0.07,60.71,9.7,0.6,37.86,0.0,0,1,24.444444,2
23379,9,4,5,1,24.11,0.04,61.22,9.8,0.72,36.93,0.0,0,1,24.444444,2
23380,9,5,5,1,24.09,0.02,61.62,9.3,1.2,35.1,0.0,0,1,24.444444,2
23381,9,6,5,1,24.08,0.01,62.17,9.0,2.16,34.8,0.0,0,1,24.444444,2
23382,9,7,5,1,24.07,0.0,61.84,8.8,15.72,39.32,42.0882,0,1,24.444444,2
23383,9,8,5,1,24.16,0.09,60.53,9.8,12.96,42.36,179.406,0,1,24.444444,2
23384,9,9,5,1,24.31,0.23,58.83,9.6,6.0,42.86,349.94,0,1,24.444444,2
23385,9,10,5,1,24.38,0.31,57.62,9.6,2.28,44.14,495.075,0,1,24.444444,2
23386,9,11,5,1,24.33,0.25,57.43,8.9,1.08,45.07,606.276,0,1,24.444444,2
23387,9,12,5,1,24.26,0.19,57.63,7.1,4.8,44.27,665.338,0,1,24.444444,2
23388,9,13,5,1,24.31,0.24,57.09,7.6,1.08,46.43,684.297,0,1,24.444444,2
23389,9,14,5,1,24.49,0.41,55.94,10.1,0.84,51.66,654.848,0,1,24.444444,2
23390,9,15,5,1,24.59,0.52,55.12,9.3,1.44,52.86,525.212,0,1,24.444444,2
23391,9,16,5,1,24.52,0.44,55.06,8.1,2.16,50.22,285.803,0,1,24.444444,2
23392,9,17,5,1,24.53,0.46,54.98,11.0,2.64,48.43,49.0128,0,1,24.444444,2
23393,9,18,5,1,24.43,0.35,56.0,9.1,1.08,45.55,15.1797,0,1,24.444444,2
23394,9,19,5,1,24.37,0.29,57.21,11.5,4.2,46.35,0.0,0,1,24.444444,2
23395,9,20,5,1,24.32,0.24,57.6,12.0,6.24,44.95,0.0,0,1,24.444444,2
23396,9,21,5,1,24.19,0.11,57.68,10.4,1.92,41.19,0.0,0,1,24.444444,2
23397,9,22,5,1,24.19,0.11,57.74,12.9,1.32,42.22,0.0,0,1,24.444444,2
23398,9,23,5,1,24.16,0.09,59.02,11.5,1.8,38.92,0.0,0,1,24.444444,2
23399,9,24,5,1,24.12,0.05,61.02,9.8,0.48,36.58,0.0,0,1,24.444444,2
23400,9,1,8,1,24.09,0.02,62.14,8.2,0.24,34.08,0.0,0,1,24.444444,2
23401,9,2,8,1,24.07,0.0,63.24,4.2,3.24,25.9,0.0,0,1,24.444444,2
23402,9,3,8,1,24.07,0.0,64.96,3.8,0.48,23.77,0.0,0,1,24.444444,2
23403,9,4,8,1,24.07,0.0,66.38,3.8,0.36,22.65,0.0,0,1,24.444444,2
23404,9,5,8,1,24.07,0.0,65.43,9.9,0.48,32.52,0.0,0,1,24.444444,2
23405,9,6,8,1,24.07,0.0,63.77,9.4,11.16,31.41,0.0,0,1,24.444444,2
23406,9,7,8,1,24.07,0.0,62.78,9.1,26.64,37.32,43.0139,0,1,24.444444,2
23407,9,8,8,1,24.18,0.1,61.5,9.8,12.12,40.64,176.961,0,1,24.444444,2
23408,9,9,8,1,24.33,0.25,60.21,10.2,7.32,42.48,355.058,0,1,24.444444,2
23409,9,10,8,1,24.39,0.32,59.09,9.6,1.08,43.79,473.273,0,1,24.444444,2
23410,9,11,8,1,24.52,0.45,57.91,13.2,4.68,48.25,595.314,0,1,24.444444,2
23411,9,12,8,1,24.44,0.36,57.71,9.4,0.96,46.99,655.743,0,1,24.444444,2
23412,9,13,8,1,24.44,0.36,57.22,8.4,4.08,47.85,678.636,0,1,24.444444,2
23413,9,14,8,1,24.44,0.37,56.74,8.8,1.68,48.94,517.056,0,1,24.444444,2
23414,9,15,8,1,24.28,0.2,56.82,9.6,2.64,44.45,60.3019,0,1,24.444444,2
23415,9,16,8,1,24.17,0.1,56.88,9.0,3.36,41.59,63.427,0,1,24.444444,2
23416,9,17,8,1,24.38,0.31,55.51,17.9,20.16,50.35,98.9255,0,1,24.444444,2
23417,9,18,8,1,24.19,0.12,56.88,9.3,4.32,41.83,31.7911,0,1,24.444444,2
23418,9,19,8,1,24.13,0.06,58.18,9.9,1.56,40.44,0.0,0,1,24.444444,2
23419,9,20,8,1,24.11,0.04,59.49,9.2,1.44,37.95,0.0,0,1,24.444444,2
23420,9,21,8,1,24.1,0.03,60.18,10.8,1.44,38.76,0.0,0,1,24.444444,2
23421,9,22,8,1,24.1,0.02,60.33,11.7,1.2,38.18,0.0,0,1,24.444444,2
23422,9,23,8,1,24.08,0.01,61.24,9.8,0.48,34.19,0.0,0,1,24.444444,2
23423,9,24,8,1,24.07,0.0,63.43,5.5,0.6,26.38,0.0,0,1,24.444444,2
23424,9,1,7,1,24.07,0.0,66.02,3.6,0.24,22.74,0.0,0,1,24.444444,2
23425,9,2,7,1,24.07,0.0,68.04,3.8,0.48,22.76,0.0,0,1,24.444444,2
23426,9,3,7,1,24.07,0.0,69.49,3.7,0.36,22.14,0.0,0,1,24.444444,2
23427,9,4,7,1,24.07,0.0,70.71,3.5,0.6,21.4,0.0,0,1,24.444444,2
23428,9,5,7,1,24.07,0.0,71.61,4.1,3.24,21.88,0.0,0,1,24.444444,2
23429,9,6,7,1,24.07,0.0,72.65,3.4,2.88,22.19,0.0,0,1,24.444444,2
23430,9,7,7,1,24.07,0.0,72.02,4.2,7.68,30.78,44.0704,0,1,24.444444,2
23431,9,8,7,1,24.07,0.0,70.18,4.2,6.12,31.77,162.734,0,1,24.444444,2
23432,9,9,7,1,24.07,0.0,68.3,5.1,17.76,31.44,238.631,0,1,24.444444,2
23433,9,10,7,1,24.07,0.0,67.21,5.1,9.24,33.13,306.185,0,1,24.444444,2
23434,9,11,7,1,24.07,0.0,65.88,5.1,3.36,36.96,473.758,0,1,24.444444,2
23435,9,12,7,1,24.1,0.02,64.18,8.2,4.68,44.69,583.85,0,1,24.444444,2
23436,9,13,7,1,24.21,0.14,61.36,11.0,3.6,49.15,675.838,0,1,24.444444,2
23437,9,14,7,1,24.22,0.14,59.8,9.0,8.28,47.32,605.003,0,1,24.444444,2
23438,9,15,7,1,24.2,0.12,58.4,13.0,2.16,46.41,255.872,0,1,24.444444,2
23439,9,16,7,1,24.12,0.04,57.86,11.6,6.36,40.1,86.4757,0,1,24.444444,2
23440,9,17,7,1,24.08,0.01,58.64,9.3,2.76,35.56,65.8951,0,1,24.444444,2
23441,9,18,7,1,24.07,0.0,59.99,8.2,7.32,33.51,20.2064,0,1,24.444444,2
23442,9,19,7,1,24.07,0.0,61.0,9.3,6.36,33.53,0.0,0,1,24.444444,2
23443,9,20,7,1,24.07,0.0,63.01,6.9,0.84,28.92,0.0,0,1,24.444444,2
23444,9,21,7,1,24.07,0.0,64.79,8.8,1.68,32.2,0.0,0,1,24.444444,2
23445,9,22,7,1,24.07,0.0,65.31,10.3,1.2,34.02,0.0,0,1,24.444444,2
23446,9,23,7,1,24.07,0.0,66.51,6.2,0.96,25.67,0.0,0,1,24.444444,2
23447,9,24,7,1,24.07,0.0,69.16,4.0,0.84,21.23,0.0,0,1,24.444444,2
23448,9,1,1,1,24.07,0.0,69.04,9.1,0.12,30.33,0.0,0,1,24.444444,2
23449,9,2,1,1,24.07,0.0,68.35,8.9,0.72,28.66,0.0,0,1,24.444444,2
23450,9,3,1,1,24.07,0.0,68.25,9.1,0.24,28.68,0.0,0,1,24.444444,2
23451,9,4,1,1,24.07,0.0,68.25,9.4,0.12,29.03,0.0,0,1,24.444444,2
23452,9,5,1,1,24.06,0.0,70.31,3.7,0.72,18.39,0.0,0,1,24.444444,2
23453,9,6,1,1,24.07,0.0,70.83,9.4,0.84,31.04,0.0,0,1,24.444444,2
23454,9,7,1,1,24.07,0.0,70.26,4.1,3.24,27.47,41.959,0,1,24.444444,2
23455,9,8,1,1,24.07,0.0,69.65,4.8,3.48,28.55,118.049,0,1,24.444444,2
23456,9,9,1,1,24.06,0.0,70.06,4.2,5.28,19.0,6.08395,0,1,24.444444,2
23457,9,10,1,1,24.06,0.0,70.66,5.2,15.48,18.65,48.4516,0,1,24.444444,2
23458,9,11,1,1,24.07,0.0,69.57,9.4,8.88,25.53,34.2565,0,1,24.444444,2
23459,9,12,1,1,24.07,0.0,68.03,7.0,3.36,22.71,90.4156,0,1,24.444444,2
23460,9,13,1,1,24.07,0.0,68.24,4.1,1.92,21.65,209.173,0,1,24.444444,2
23461,9,14,1,1,24.07,0.0,66.13,10.3,4.56,37.35,365.912,0,1,24.444444,2
23462,9,15,1,1,24.07,0.0,63.39,9.5,3.36,37.7,371.144,0,1,24.444444,2
23463,9,16,1,1,24.07,0.0,62.87,4.4,2.64,28.98,246.672,0,1,24.444444,2
23464,9,17,1,1,24.07,0.0,61.92,12.1,3.48,39.09,139.271,0,1,24.444444,2
23465,9,18,1,1,24.07,0.0,61.68,9.8,3.24,34.44,45.1927,0,1,24.444444,2
23466,9,19,1,1,24.07,0.0,61.57,12.1,2.16,36.82,0.0,0,1,24.444444,2
23467,9,20,1,1,24.07,0.0,61.87,10.7,5.28,33.54,0.0,0,1,24.444444,2
23468,9,21,1,1,24.07,0.0,62.94,10.6,0.84,32.95,0.0,0,1,24.444444,2
23469,9,22,1,1,24.07,0.0,64.47,10.1,0.84,31.51,0.0,0,1,24.444444,2
23470,9,23,1,1,24.07,0.0,66.56,5.3,0.72,22.74,0.0,0,1,24.444444,2
23471,9,24,1,1,24.07,0.0,69.44,4.4,0.48,21.09,0.0,0,1,24.444444,2
23472,9,1,2,1,24.07,0.0,70.96,4.7,1.32,21.12,0.0,0,1,24.444444,2
23473,9,2,2,1,24.07,0.0,72.0,3.7,0.36,18.28,0.0,0,1,24.444444,2
23474,9,3,2,1,24.06,0.0,73.03,3.9,0.24,17.87,0.0,0,1,24.444444,2
23475,9,4,2,1,24.05,0.0,74.07,3.6,0.48,17.01,0.0,0,1,24.444444,2
23476,9,5,2,1,24.05,0.0,74.73,3.8,0.36,16.91,0.0,0,1,24.444444,2
23477,9,6,2,1,24.04,0.0,75.04,3.8,1.68,17.93,0.0,0,1,24.444444,2
23478,9,7,2,1,24.06,0.0,73.23,6.5,14.04,31.46,39.2909,0,1,24.444444,2
23479,9,8,2,1,24.1,0.03,70.4,6.6,5.4,36.02,175.161,0,1,24.444444,2
23480,9,9,2,1,24.15,0.08,66.64,6.8,4.08,38.09,354.416,0,1,24.444444,2
23481,9,10,2,1,24.26,0.18,62.3,13.0,8.16,46.58,393.676,0,1,24.444444,2
23482,9,11,2,1,24.22,0.14,58.07,10.7,7.68,43.92,535.635,0,1,24.444444,2
23483,9,12,2,1,24.11,0.04,57.08,6.7,6.36,39.39,670.813,0,1,24.444444,2
23484,9,13,2,1,24.13,0.06,57.09,8.5,2.4,43.82,685.162,0,1,24.444444,2
23485,9,14,2,1,24.17,0.09,57.2,8.6,1.08,47.56,583.547,0,1,24.444444,2
23486,9,15,2,1,24.18,0.1,57.08,9.9,1.68,50.2,511.41,0,1,24.444444,2
23487,9,16,2,1,24.12,0.04,57.13,8.3,1.56,45.74,322.989,0,1,24.444444,2
23488,9,17,2,1,24.12,0.05,57.46,11.2,3.48,45.37,123.614,0,1,24.444444,2
23489,9,18,2,1,24.11,0.04,57.55,10.9,0.96,42.52,36.6881,0,1,24.444444,2
23490,9,19,2,1,24.09,0.02,57.97,9.8,9.24,38.4,0.0,0,1,24.444444,2
23491,9,20,2,1,24.11,0.04,57.86,13.9,3.72,42.03,0.0,0,1,24.444444,2
23492,9,21,2,1,24.15,0.08,57.52,16.0,1.32,43.56,0.0,0,1,24.444444,2
23493,9,22,2,1,24.13,0.06,58.23,14.0,3.72,39.75,0.0,0,1,24.444444,2
23494,9,23,2,1,24.09,0.01,59.49,12.1,0.84,35.92,0.0,0,1,24.444444,2
23495,9,24,2,1,24.07,0.0,61.54,7.1,0.72,27.04,0.0,0,1,24.444444,2
23496,9,1,3,1,24.07,0.0,63.28,9.1,0.48,29.79,0.0,0,1,24.444444,2
23497,9,2,3,1,24.07,0.0,65.5,4.2,0.6,20.84,0.0,0,1,24.444444,2
23498,9,3,3,1,24.07,0.0,68.35,3.8,0.36,19.89,0.0,0,1,24.444444,2
23499,9,4,3,1,24.07,0.0,70.3,3.8,0.36,19.28,0.0,0,1,24.444444,2
23500,9,5,3,1,24.06,0.0,71.8,3.6,1.44,18.26,0.0,0,1,24.444444,2
23501,9,6,3,1,24.06,0.0,72.84,3.9,4.44,20.33,0.0,0,1,24.444444,2
23502,9,7,3,1,24.07,0.0,71.66,6.8,13.2,32.37,40.9155,0,1,24.444444,2
23503,9,8,3,1,24.1,0.03,68.43,8.9,4.56,40.01,178.207,0,1,24.444444,2
23504,9,9,3,1,24.08,0.0,65.11,6.1,4.8,36.68,318.298,0,1,24.444444,2
23505,9,10,3,1,24.07,0.0,63.67,4.3,1.56,33.47,285.434,0,1,24.444444,2
23506,9,11,3,1,24.07,0.0,60.96,8.6,1.08,41.64,330.341,0,1,24.444444,2
23507,9,12,3,1,24.07,0.0,59.39,3.5,3.24,35.25,458.767,0,1,24.444444,2
23508,9,13,3,1,24.08,0.0,58.2,5.4,1.32,39.77,674.939,0,1,24.444444,2
23509,9,14,3,1,24.1,0.02,56.61,8.7,1.08,45.16,467.807,0,1,24.444444,2
23510,9,15,3,1,24.1,0.03,55.51,9.0,2.88,46.03,341.991,0,1,24.444444,2
23511,9,16,3,1,24.1,0.03,54.69,8.8,1.2,49.36,417.24,0,1,24.444444,2
23512,9,17,3,1,24.1,0.03,53.85,8.7,1.2,49.29,289.599,0,1,24.444444,2
23513,9,18,3,1,24.09,0.02,53.65,8.4,6.96,44.4,95.0056,0,1,24.444444,2
23514,9,19,3,1,24.08,0.0,54.55,6.2,2.04,34.76,0.0,0,1,24.444444,2
23515,9,20,3,1,24.07,0.0,55.43,7.1,5.52,34.05,0.0,0,1,24.444444,2
23516,9,21,3,1,24.1,0.02,55.02,13.3,3.84,40.5,0.0,0,1,24.444444,2
23517,9,22,3,1,24.07,0.0,55.46,8.7,1.2,31.93,0.0,0,1,24.444444,2
23518,9,23,3,1,24.07,0.0,57.46,5.4,0.96,25.67,0.0,0,1,24.444444,2
23519,9,24,3,1,24.07,0.0,59.28,5.5,0.12,24.74,0.0,0,1,24.444444,2
23520,9,1,4,1,24.07,0.0,59.99,8.9,0.12,28.19,0.0,0,1,24.444444,2
23521,9,2,4,1,24.07,0.0,60.47,8.7,0.12,25.59,0.0,0,1,24.444444,2
23522,9,3,4,1,24.07,0.0,61.21,8.2,0.24,23.54,0.0,0,1,24.444444,2
23523,9,4,4,1,24.07,0.0,62.04,8.2,0.48,22.78,0.0,0,1,24.444444,2
23524,9,5,4,1,24.07,0.0,62.23,10.4,0.72,25.8,0.0,0,1,24.444444,2
23525,9,6,4,1,24.07,0.0,62.86,8.4,5.88,23.14,0.0,0,1,24.444444,2
23526,9,7,4,1,24.07,0.0,62.42,9.5,6.72,32.95,38.8698,0,1,24.444444,2
23527,9,8,4,1,24.13,0.05,60.79,9.8,3.96,37.28,181.165,0,1,24.444444,2
23528,9,9,4,1,24.23,0.15,58.68,8.8,5.4,37.75,353.744,0,1,24.444444,2
23529,9,10,4,1,24.24,0.17,57.24,9.1,2.28,40.18,515.28,0,1,24.444444,2
23530,9,11,4,1,24.16,0.08,56.74,9.2,0.84,41.83,632.549,0,1,24.444444,2
23531,9,12,4,1,24.1,0.03,56.96,7.1,2.04,40.61,705.917,0,1,24.444444,2
23532,9,13,4,1,24.13,0.06,56.56,8.2,1.44,43.47,711.072,0,1,24.444444,2
23533,9,14,4,1,24.15,0.08,55.37,8.2,3.12,46.72,682.837,0,1,24.444444,2
23534,9,15,4,1,24.25,0.17,53.63,10.8,1.56,52.22,599.382,0,1,24.444444,2
23535,9,16,4,1,24.2,0.12,53.06,7.5,2.04,49.77,414.131,0,1,24.444444,2
23536,9,17,4,1,24.18,0.1,53.22,8.7,1.92,50.02,239.656,0,1,24.444444,2
23537,9,18,4,1,24.17,0.09,54.19,9.2,1.68,48.54,100.171,0,1,24.444444,2
23538,9,19,4,1,24.17,0.09,54.77,11.3,1.92,44.47,0.0,0,1,24.444444,2
23539,9,20,4,1,24.15,0.07,55.22,11.1,3.6,42.52,0.0,0,1,24.444444,2
23540,9,21,4,1,24.21,0.14,55.02,15.5,1.56,45.57,0.0,0,1,24.444444,2
23541,9,22,4,1,24.13,0.06,56.05,10.9,1.68,38.3,0.0,0,1,24.444444,2
23542,9,23,4,1,24.09,0.02,57.53,9.7,2.16,35.12,0.0,0,1,24.444444,2
23543,9,24,4,1,24.08,0.0,59.14,9.7,0.36,33.84,0.0,0,1,24.444444,2
23544,9,1,5,1,24.07,0.0,60.7,9.2,0.48,32.07,0.0,0,1,24.444444,2
23545,9,2,5,1,24.07,0.0,61.33,9.6,0.0,31.21,0.0,0,1,24.444444,2
23546,9,3,5,1,24.07,0.0,61.56,9.6,0.72,29.48,0.0,0,1,24.444444,2
23547,9,4,5,1,24.07,0.0,61.83,9.5,0.12,28.32,0.0,0,1,24.444444,2
23548,9,5,5,1,24.07,0.0,62.55,9.1,1.08,27.16,0.0,0,1,24.444444,2
23549,9,6,5,1,24.07,0.0,62.53,11.9,3.24,32.2,0.0,0,1,24.444444,2
23550,9,7,5,1,24.07,0.0,62.3,8.9,12.12,34.41,39.4749,0,1,24.444444,2
23551,9,8,5,1,24.13,0.05,61.62,9.9,12.36,39.39,176.634,0,1,24.444444,2
23552,9,9,5,1,24.09,0.01,60.93,9.4,12.0,39.82,273.943,0,1,24.444444,2
23553,9,10,5,1,24.09,0.02,59.84,9.8,3.6,41.78,422.198,0,1,24.444444,2
23554,9,11,5,1,24.07,0.0,59.54,9.0,2.76,39.63,290.8,0,1,24.444444,2
23555,9,12,5,1,24.07,0.0,59.71,7.3,0.48,38.92,308.581,0,1,24.444444,2
23556,9,13,5,1,24.08,0.0,59.5,9.0,2.64,40.72,303.046,0,1,24.444444,2
23557,9,14,5,1,24.11,0.03,58.87,9.8,0.84,46.89,665.135,0,1,24.444444,2
23558,9,15,5,1,24.11,0.04,57.68,8.8,1.8,47.93,440.367,0,1,24.444444,2
23559,9,16,5,1,24.12,0.04,56.43,8.5,0.96,48.51,328.478,0,1,24.444444,2
23560,9,17,5,1,24.11,0.04,54.98,8.3,1.56,48.86,281.922,0,1,24.444444,2
23561,9,18,5,1,24.12,0.05,53.35,10.9,4.68,46.5,87.0663,0,1,24.444444,2
23562,9,19,5,1,24.1,0.03,53.08,10.4,1.32,39.42,0.0,0,1,24.444444,2
23563,9,20,5,1,24.09,0.02,52.98,11.4,1.8,38.72,0.0,0,1,24.444444,2
23564,9,21,5,1,24.08,0.01,52.91,11.0,6.96,36.48,0.0,0,1,24.444444,2
23565,9,22,5,1,24.1,0.02,52.74,14.7,2.88,39.09,0.0,0,1,24.444444,2
23566,9,23,5,1,24.07,0.0,53.41,12.1,0.36,34.26,0.0,0,1,24.444444,2
23567,9,24,5,1,24.07,0.0,54.76,10.7,0.48,30.87,0.0,0,1,24.444444,2
23568,9,1,6,1,24.07,0.0,56.56,9.1,0.36,27.77,0.0,0,1,24.444444,2
23569,9,2,6,1,24.07,0.0,59.88,3.8,0.24,19.59,0.0,0,1,24.444444,2
23570,9,3,6,1,24.07,0.0,63.73,4.0,0.0,19.96,0.0,0,1,24.444444,2
23571,9,4,6,1,24.07,0.0,64.36,10.3,0.48,29.82,0.0,0,1,24.444444,2
23572,9,5,6,1,24.07,0.0,64.14,8.6,0.48,25.4,0.0,0,1,24.444444,2
23573,9,6,6,1,24.07,0.0,64.41,9.6,12.0,27.44,0.0,0,1,24.444444,2
23574,9,7,6,1,24.07,0.0,64.14,7.7,14.28,32.03,38.8146,0,1,24.444444,2
23575,9,8,6,1,24.11,0.04,62.9,10.4,13.8,40.02,165.579,0,1,24.444444,2
23576,9,9,6,1,24.14,0.06,60.84,10.1,5.52,40.96,300.333,0,1,24.444444,2
23577,9,10,6,1,24.21,0.13,59.47,10.6,0.96,42.69,516.949,0,1,24.444444,2
23578,9,11,6,1,24.18,0.1,58.88,10.1,0.6,43.76,610.159,0,1,24.444444,2
23579,9,12,6,1,24.19,0.12,57.59,9.5,3.72,44.32,651.777,0,1,24.444444,2
23580,9,13,6,1,24.21,0.14,56.1,8.6,3.48,44.3,687.129,0,1,24.444444,2
23581,9,14,6,1,24.18,0.1,55.12,9.4,3.36,43.67,284.83,0,1,24.444444,2
23582,9,15,6,1,24.13,0.05,55.06,9.9,1.44,42.31,109.433,0,1,24.444444,2
23583,9,16,6,1,24.1,0.02,55.89,8.6,1.8,43.43,282.89,0,1,24.444444,2
23584,9,17,6,1,24.1,0.03,55.07,10.9,11.76,48.21,251.025,0,1,24.444444,2
23585,9,18,6,1,24.08,0.01,55.68,7.9,5.28,40.77,75.7193,0,1,24.444444,2
23586,9,19,6,1,24.08,0.01,57.08,9.6,3.72,38.11,0.0,0,1,24.444444,2
23587,9,20,6,1,24.08,0.0,58.52,9.6,0.84,36.76,0.0,0,1,24.444444,2
23588,9,21,6,1,24.07,0.0,59.58,10.0,1.68,36.52,0.0,0,1,24.444444,2
23589,9,22,6,1,24.13,0.06,58.47,16.5,1.32,43.64,0.0,0,1,24.444444,2
23590,9,23,6,1,24.08,0.01,58.77,10.8,0.96,33.42,0.0,0,1,24.444444,2
23591,9,24,6,1,24.07,0.0,61.35,4.2,0.84,21.87,0.0,0,1,24.444444,2
23592,9,1,7,1,24.07,0.0,64.24,4.1,0.12,21.02,0.0,0,1,24.444444,2
23593,9,2,7,1,24.07,0.0,66.71,3.6,0.36,19.8,0.0,0,1,24.444444,2
23594,9,3,7,1,24.07,0.0,69.25,3.3,0.48,18.99,0.0,0,1,24.444444,2
23595,9,4,7,1,24.07,0.0,71.04,3.5,0.72,18.68,0.0,0,1,24.444444,2
23596,9,5,7,1,24.06,0.0,72.2,3.6,0.6,18.29,0.0,0,1,24.444444,2
23597,9,6,7,1,24.06,0.0,72.59,4.8,3.96,21.01,0.0,0,1,24.444444,2
23598,9,7,7,1,24.06,0.0,71.41,4.6,7.2,28.77,38.2605,0,1,24.444444,2
23599,9,8,7,1,24.07,0.0,69.76,4.0,5.04,31.86,160.369,0,1,24.444444,2
23600,9,9,7,1,24.08,0.01,66.82,6.3,19.56,38.46,315.168,0,1,24.444444,2
23601,9,10,7,1,24.12,0.04,64.75,6.2,6.0,40.81,487.001,0,1,24.444444,2
23602,9,11,7,1,24.08,0.0,64.09,5.6,11.04,36.63,598.674,0,1,24.444444,2
23603,9,12,7,1,24.07,0.0,63.29,7.2,8.64,37.71,551.895,0,1,24.444444,2
23604,9,13,7,1,24.07,0.0,61.44,9.9,2.4,37.84,293.987,0,1,24.444444,2
23605,9,14,7,1,24.07,0.0,60.06,9.5,4.68,37.64,475.419,0,1,24.444444,2
23606,9,15,7,1,24.07,0.0,58.86,12.4,4.44,37.51,198.384,0,1,24.444444,2
23607,9,16,7,1,24.07,0.0,58.06,11.1,4.08,31.75,108.084,0,1,24.444444,2
23608,9,17,7,1,24.07,0.0,59.07,10.9,1.32,31.44,78.5411,0,1,24.444444,2
23609,9,18,7,1,24.07,0.0,59.85,13.3,6.72,34.89,21.104,0,1,24.444444,2
23610,9,19,7,1,24.07,0.0,61.3,8.8,3.12,26.56,0.0,0,1,24.444444,2
23611,9,20,7,1,24.07,0.0,63.44,7.3,2.88,23.91,0.0,0,1,24.444444,2
23612,9,21,7,1,24.07,0.0,65.31,6.6,3.72,23.9,0.0,0,1,24.444444,2
23613,9,22,7,1,24.07,0.0,65.36,10.0,1.08,29.23,0.0,0,1,24.444444,2
23614,9,23,7,1,24.07,0.0,65.25,6.3,2.28,21.21,0.0,0,1,24.444444,2
23615,9,24,7,1,24.06,0.0,66.38,4.0,0.72,16.73,0.0,0,1,24.444444,2
23616,9,1,1,1,24.07,0.0,65.27,9.3,0.72,25.03,0.0,0,1,24.444444,2
23617,9,2,1,1,24.07,0.0,63.87,9.0,0.12,22.91,0.0,0,1,24.444444,2
23618,9,3,1,1,24.07,0.0,63.8,10.4,0.24,24.76,0.0,0,1,24.444444,2
23619,9,4,1,1,24.07,0.0,64.45,9.1,0.0,22.86,0.0,0,1,24.444444,2
23620,9,5,1,1,24.05,0.0,67.26,3.4,0.48,14.03,0.0,0,1,24.444444,2
23621,9,6,1,1,24.07,0.0,67.69,10.4,0.24,28.18,0.0,0,1,24.444444,2
23622,9,7,1,1,24.06,0.0,68.27,4.8,1.68,23.55,37.3287,0,1,24.444444,2
23623,9,8,1,1,24.06,0.0,69.04,4.0,3.96,24.7,147.01,0,1,24.444444,2
23624,9,9,1,1,24.07,0.0,68.33,4.8,9.6,30.21,275.827,0,1,24.444444,2
23625,9,10,1,1,24.07,0.0,66.79,4.1,12.36,35.08,496.33,0,1,24.444444,2
23626,9,11,1,1,24.1,0.03,64.51,9.5,9.84,44.79,604.165,0,1,24.444444,2
23627,9,12,1,1,24.11,0.03,62.71,7.4,2.76,42.8,640.474,0,1,24.444444,2
23628,9,13,1,1,24.13,0.06,60.39,7.5,5.88,44.32,684.281,0,1,24.444444,2
23629,9,14,1,1,24.17,0.1,57.92,9.2,6.24,48.99,672.017,0,1,24.444444,2
23630,9,15,1,1,24.27,0.2,56.06,10.9,7.56,52.93,593.368,0,1,24.444444,2
23631,9,16,1,1,24.13,0.06,56.2,4.1,8.16,47.6,455.271,0,1,24.444444,2
23632,9,17,1,1,24.16,0.08,55.81,8.4,2.4,51.0,276.624,0,1,24.444444,2
23633,9,18,1,1,24.18,0.1,54.32,10.8,4.2,48.84,80.2372,0,1,24.444444,2
23634,9,19,1,1,24.16,0.09,54.45,10.9,3.36,43.42,0.0,0,1,24.444444,2
23635,9,20,1,1,24.17,0.1,55.13,12.9,3.0,42.78,0.0,0,1,24.444444,2
23636,9,21,1,1,24.13,0.06,56.39,10.7,0.84,39.26,0.0,0,1,24.444444,2
23637,9,22,1,1,24.11,0.04,58.53,11.0,1.44,38.78,0.0,0,1,24.444444,2
23638,9,23,1,1,24.07,0.0,62.37,4.5,0.84,28.36,0.0,0,1,24.444444,2
23639,9,24,1,1,24.07,0.0,63.95,4.9,0.48,26.96,0.0,0,1,24.444444,2
23640,9,1,2,1,24.07,0.0,64.24,3.9,0.36,22.63,0.0,0,1,24.444444,2
23641,9,2,2,1,24.07,0.0,65.15,3.9,0.6,20.8,0.0,0,1,24.444444,2
23642,9,3,2,1,24.07,0.0,66.86,2.8,1.08,17.82,0.0,0,1,24.444444,2
23643,9,4,2,1,24.07,0.0,68.42,3.2,0.6,18.06,0.0,0,1,24.444444,2
23644,9,5,2,1,24.07,0.0,69.66,3.3,0.72,18.3,0.0,0,1,24.444444,2
23645,9,6,2,1,24.07,0.0,70.92,4.0,2.88,21.2,0.0,0,1,24.444444,2
23646,9,7,2,1,24.07,0.0,70.54,6.1,10.68,31.36,37.9664,0,1,24.444444,2
23647,9,8,2,1,24.08,0.0,68.3,6.6,10.44,35.83,177.282,0,1,24.444444,2
23648,9,9,2,1,24.11,0.04,65.3,6.8,9.48,38.62,358.767,0,1,24.444444,2
23649,9,10,2,1,24.09,0.01,63.01,4.0,4.8,36.58,509.304,0,1,24.444444,2
23650,9,11,2,1,24.13,0.05,59.89,9.9,0.84,44.33,617.871,0,1,24.444444,2
23651,9,12,2,1,24.09,0.02,57.8,6.6,5.64,38.87,669.166,0,1,24.444444,2
23652,9,13,2,1,24.1,0.02,56.77,7.0,4.68,40.98,698.077,0,1,24.444444,2
23653,9,14,2,1,24.15,0.08,56.33,9.2,7.56,48.01,671.695,0,1,24.444444,2
23654,9,15,2,1,24.21,0.13,55.15,10.0,0.72,51.92,575.81,0,1,24.444444,2
23655,9,16,2,1,24.22,0.14,54.34,9.2,1.32,51.54,438.419,0,1,24.444444,2
23656,9,17,2,1,24.17,0.1,54.14,8.9,6.24,50.13,264.279,0,1,24.444444,2
23657,9,18,2,1,24.14,0.06,54.6,8.8,3.6,46.05,72.9856,0,1,24.444444,2
23658,9,19,2,1,24.13,0.05,55.26,9.7,6.72,41.6,0.0,0,1,24.444444,2
23659,9,20,2,1,24.18,0.11,55.22,14.3,3.36,44.92,0.0,0,1,24.444444,2
23660,9,21,2,1,24.14,0.06,55.79,11.2,1.92,39.85,0.0,0,1,24.444444,2
23661,9,22,2,1,24.25,0.17,55.35,18.3,1.92,46.47,0.0,0,1,24.444444,2
23662,9,23,2,1,24.13,0.06,56.39,11.4,1.08,36.84,0.0,0,1,24.444444,2
23663,9,24,2,1,24.08,0.0,58.43,8.0,4.8,30.88,0.0,0,1,24.444444,2
23664,9,1,3,1,24.07,0.0,60.49,4.2,0.72,24.16,0.0,0,1,24.444444,2
23665,9,2,3,1,24.07,0.0,63.83,4.3,0.72,24.28,0.0,0,1,24.444444,2
23666,9,3,3,1,24.07,0.0,66.97,3.3,0.96,22.84,0.0,0,1,24.444444,2
23667,9,4,3,1,24.07,0.0,68.52,7.0,0.0,29.83,0.0,0,1,24.444444,2
23668,9,5,3,1,24.07,0.0,69.27,3.5,0.6,20.49,0.0,0,1,24.444444,2
23669,9,6,3,1,24.07,0.0,69.64,3.6,2.64,19.76,0.0,0,1,24.444444,2
23670,9,7,3,1,24.07,0.0,68.26,6.4,14.88,32.99,37.0347,0,1,24.444444,2
23671,9,8,3,1,24.19,0.11,65.14,9.4,1.68,41.17,176.579,0,1,24.444444,2
23672,9,9,3,1,24.21,0.14,63.37,6.0,3.48,38.17,364.787,0,1,24.444444,2
23673,9,10,3,1,24.15,0.07,63.01,3.9,0.96,37.81,524.483,0,1,24.444444,2
23674,9,11,3,1,24.09,0.02,62.67,3.8,2.4,38.89,639.858,0,1,24.444444,2
23675,9,12,3,1,24.14,0.06,60.15,8.7,1.44,45.15,700.432,0,1,24.444444,2
23676,9,13,3,1,24.14,0.07,57.83,6.4,1.68,43.37,684.131,0,1,24.444444,2
23677,9,14,3,1,24.16,0.09,56.8,8.1,2.28,46.31,383.031,0,1,24.444444,2
23678,9,15,3,1,24.18,0.11,55.41,9.3,0.96,47.63,337.422,0,1,24.444444,2
23679,9,16,3,1,24.16,0.09,53.93,9.0,1.8,48.46,334.809,0,1,24.444444,2
23680,9,17,3,1,24.15,0.08,53.47,9.6,2.04,50.17,274.115,0,1,24.444444,2
23681,9,18,3,1,24.12,0.05,53.97,8.4,3.36,44.39,75.9192,0,1,24.444444,2
23682,9,19,3,1,24.09,0.01,54.96,6.4,3.0,35.81,0.0,0,1,24.444444,2
23683,9,20,3,1,24.08,0.01,55.74,9.4,3.12,37.81,0.0,0,1,24.444444,2
23684,9,21,3,1,24.07,0.0,57.15,7.4,5.88,33.56,0.0,0,1,24.444444,2
23685,9,22,3,1,24.07,0.0,58.41,10.0,0.84,36.31,0.0,0,1,24.444444,2
23686,9,23,3,1,24.07,0.0,60.43,5.3,5.64,28.31,0.0,0,1,24.444444,2
23687,9,24,3,1,24.07,0.0,63.27,4.4,0.96,26.16,0.0,0,1,24.444444,2
23688,9,1,4,1,24.07,0.0,63.54,9.2,0.36,32.61,0.0,0,1,24.444444,2
23689,9,2,4,1,24.07,0.0,63.17,7.9,0.72,28.66,0.0,0,1,24.444444,2
23690,9,3,4,1,24.07,0.0,63.91,8.2,7.8,28.23,0.0,0,1,24.444444,2
23691,9,4,4,1,24.07,0.0,63.98,9.8,0.12,30.34,0.0,0,1,24.444444,2
23692,9,5,4,1,24.07,0.0,64.32,9.0,1.2,28.35,0.0,0,1,24.444444,2
23693,9,6,4,1,24.07,0.0,65.02,9.3,2.4,29.59,0.0,0,1,24.444444,2
23694,9,7,4,1,24.08,0.01,64.43,11.1,3.84,40.28,35.4844,0,1,24.444444,2
23695,9,8,4,1,24.17,0.1,63.18,9.7,7.92,40.15,176.909,0,1,24.444444,2
23696,9,9,4,1,24.27,0.2,61.88,8.9,2.76,40.77,362.235,0,1,24.444444,2
23697,9,10,4,1,24.31,0.24,60.58,8.6,1.68,43.14,523.525,0,1,24.444444,2
23698,9,11,4,1,24.27,0.2,59.14,9.2,1.2,45.0,629.652,0,1,24.444444,2
23699,9,12,4,1,24.24,0.17,57.41,9.6,2.4,45.37,508.241,0,1,24.444444,2
23700,9,13,4,1,24.13,0.06,57.24,7.0,2.52,41.79,429.419,0,1,24.444444,2
23701,9,14,4,1,24.1,0.03,57.36,8.4,2.16,43.96,394.697,0,1,24.444444,2
23702,9,15,4,1,24.13,0.05,57.09,9.7,0.84,46.26,286.827,0,1,24.444444,2
23703,9,16,4,1,24.11,0.03,56.94,7.9,1.56,45.48,267.296,0,1,24.444444,2
23704,9,17,4,1,24.1,0.03,56.91,8.2,1.68,47.51,247.18,0,1,24.444444,2
23705,9,18,4,1,24.1,0.03,56.91,9.4,8.64,44.82,67.7118,0,1,24.444444,2
23706,9,19,4,1,24.09,0.02,57.68,9.5,2.52,39.55,0.0,0,1,24.444444,2
23707,9,20,4,1,24.1,0.03,58.07,11.9,6.0,41.21,0.0,0,1,24.444444,2
23708,9,21,4,1,24.09,0.02,58.61,11.3,1.08,39.51,0.0,0,1,24.444444,2
23709,9,22,4,1,24.07,0.0,59.84,8.5,1.32,34.1,0.0,0,1,24.444444,2
23710,9,23,4,1,24.08,0.01,60.29,12.2,1.44,38.61,0.0,0,1,24.444444,2
23711,9,24,4,1,24.07,0.0,61.19,8.1,0.6,30.73,0.0,0,1,24.444444,2
23712,9,1,5,1,24.07,0.0,62.42,9.2,0.72,31.77,0.0,0,1,24.444444,2
23713,9,2,5,1,24.07,0.0,63.13,9.6,0.48,31.28,0.0,0,1,24.444444,2
23714,9,3,5,1,24.07,0.0,63.71,9.7,0.36,30.71,0.0,0,1,24.444444,2
23715,9,4,5,1,24.07,0.0,63.82,11.6,0.24,33.48,0.0,0,1,24.444444,2
23716,9,5,5,1,24.07,0.0,63.68,12.0,1.92,33.28,0.0,0,1,24.444444,2
23717,9,6,5,1,24.07,0.0,64.58,8.6,3.12,28.05,0.0,0,1,24.444444,2
23718,9,7,5,1,24.07,0.0,64.9,8.3,19.08,35.6,37.332,0,1,24.444444,2
23719,9,8,5,1,24.18,0.11,63.49,10.7,5.4,41.68,176.1,0,1,24.444444,2
23720,9,9,5,1,24.09,0.02,63.08,9.8,7.44,39.35,307.085,0,1,24.444444,2
23721,9,10,5,1,24.07,0.0,62.48,11.0,5.4,38.48,352.509,0,1,24.444444,2
23722,9,11,5,1,24.07,0.0,62.3,8.5,3.36,31.67,191.494,0,1,24.444444,2
23723,9,12,5,1,24.07,0.0,61.7,10.4,1.8,38.95,458.818,0,1,24.444444,2
23724,9,13,5,1,24.07,0.0,61.23,7.8,0.72,37.54,503.511,0,1,24.444444,2
23725,9,14,5,1,24.07,0.0,60.69,10.5,0.6,41.18,331.635,0,1,24.444444,2
23726,9,15,5,1,24.07,0.0,60.54,9.1,2.04,34.61,185.721,0,1,24.444444,2
23727,9,16,5,1,24.07,0.0,61.27,7.6,5.04,29.6,98.7565,0,1,24.444444,2
23728,9,17,5,1,24.07,0.0,61.34,11.1,5.4,34.83,56.0185,0,1,24.444444,2
23729,9,18,5,1,24.07,0.0,61.73,10.5,3.24,33.29,11.6549,0,1,24.444444,2
23730,9,19,5,1,24.07,0.0,62.96,9.2,2.4,29.96,0.0,0,1,24.444444,2
23731,9,20,5,1,24.07,0.0,63.71,9.9,12.72,30.3,0.0,0,1,24.444444,2
23732,9,21,5,1,24.07,0.0,63.37,12.2,4.92,33.46,0.0,0,1,24.444444,2
23733,9,22,5,1,24.07,0.0,62.81,12.5,1.44,32.45,0.0,0,1,24.444444,2
23734,9,23,5,1,24.07,0.0,63.22,10.9,0.96,29.31,0.0,0,1,24.444444,2
23735,9,24,5,1,24.07,0.0,64.41,10.1,5.88,28.22,0.0,0,1,24.444444,2
23736,9,1,6,1,24.07,0.0,67.12,4.0,0.12,17.68,0.0,0,1,24.444444,2
23737,9,2,6,1,24.07,0.0,69.54,5.4,0.36,20.24,0.0,0,1,24.444444,2
23738,9,3,6,1,24.06,0.0,71.22,3.6,0.72,17.0,0.0,0,1,24.444444,2
23739,9,4,6,1,24.07,0.0,70.76,9.3,0.12,27.57,0.0,0,1,24.444444,2
23740,9,5,6,1,24.07,0.0,69.42,8.8,0.72,26.17,0.0,0,1,24.444444,2
23741,9,6,6,1,24.07,0.0,69.06,8.6,7.56,26.69,0.0,0,1,24.444444,2
23742,9,7,6,1,24.07,0.0,68.26,8.0,18.48,32.77,39.8905,0,1,24.444444,2
23743,9,8,6,1,24.13,0.06,66.52,10.3,30.48,40.37,174.696,0,1,24.444444,2
23744,9,9,6,1,24.1,0.02,64.85,9.8,2.76,41.68,292.196,0,1,24.444444,2
23745,9,10,6,1,24.08,0.0,63.44,10.5,2.64,43.86,338.896,0,1,24.444444,2
23746,9,11,6,1,24.07,0.0,62.51,9.5,4.2,42.5,458.506,0,1,24.444444,2
23747,9,12,6,1,24.09,0.01,61.14,11.6,1.32,44.46,346.188,0,1,24.444444,2
23748,9,13,6,1,24.07,0.0,60.21,8.1,7.2,39.52,338.244,0,1,24.444444,2
23749,9,14,6,1,24.09,0.01,59.82,11.7,2.16,45.18,285.25,0,1,24.444444,2
23750,9,15,6,1,24.09,0.02,59.16,10.9,1.68,46.03,361.207,0,1,24.444444,2
23751,9,16,6,1,24.09,0.01,58.85,10.4,1.92,44.35,253.964,0,1,24.444444,2
23752,9,17,6,1,24.09,0.01,58.7,11.7,9.36,43.17,118.639,0,1,24.444444,2
23753,9,18,6,1,24.07,0.0,59.48,8.8,5.4,36.88,27.9792,0,1,24.444444,2
23754,9,19,6,1,24.07,0.0,61.19,8.0,0.6,34.0,0.0,0,1,24.444444,2
23755,9,20,6,1,24.07,0.0,61.44,11.1,2.88,37.75,0.0,0,1,24.444444,2
23756,9,21,6,1,24.07,0.0,61.51,10.2,0.72,34.85,0.0,0,1,24.444444,2
23757,9,22,6,1,24.07,0.0,61.34,13.2,1.08,37.83,0.0,0,1,24.444444,2
23758,9,23,6,1,24.07,0.0,60.94,14.1,0.24,37.43,0.0,0,1,24.444444,2
23759,9,24,6,1,24.07,0.0,63.32,3.5,1.44,19.24,0.0,0,1,24.444444,2
23760,9,1,7,1,24.07,0.0,65.08,9.6,0.6,29.58,0.0,0,1,24.444444,2
23761,9,2,7,1,24.07,0.0,66.88,3.2,3.36,17.45,0.0,0,1,24.444444,2
23762,9,3,7,1,24.06,0.0,70.03,3.2,0.12,17.61,0.0,0,1,24.444444,2
23763,9,4,7,1,24.06,0.0,71.48,3.9,0.48,18.33,0.0,0,1,24.444444,2
23764,9,5,7,1,24.06,0.0,71.89,4.4,0.96,18.38,0.0,0,1,24.444444,2
23765,9,6,7,1,24.05,0.0,72.64,3.5,4.56,17.7,0.0,0,1,24.444444,2
23766,9,7,7,1,24.05,0.0,72.45,3.2,7.08,24.91,36.0592,0,1,24.444444,2
23767,9,8,7,1,24.06,0.0,71.08,5.2,6.72,29.34,132.114,0,1,24.444444,2
23768,9,9,7,1,24.07,0.0,68.75,7.2,27.48,36.04,281.919,0,1,24.444444,2
23769,9,10,7,1,24.07,0.0,65.98,6.4,4.92,38.34,395.216,0,1,24.444444,2
23770,9,11,7,1,24.08,0.0,63.9,5.0,9.12,39.36,468.986,0,1,24.444444,2
23771,9,12,7,1,24.11,0.03,62.5,5.4,6.12,41.62,641.55,0,1,24.444444,2
23772,9,13,7,1,24.25,0.17,61.16,11.7,4.8,50.45,632.282,0,1,24.444444,2
23773,9,14,7,1,24.21,0.13,60.73,8.5,5.16,49.08,518.259,0,1,24.444444,2
23774,9,15,7,1,24.24,0.16,59.2,10.3,8.04,53.71,536.2,0,1,24.444444,2
23775,9,16,7,1,24.28,0.21,57.89,11.7,8.16,53.63,375.947,0,1,24.444444,2
23776,9,17,7,1,24.33,0.26,57.39,13.9,3.6,51.38,140.929,0,1,24.444444,2
23777,9,18,7,1,24.19,0.11,59.06,7.9,9.12,43.09,33.012,0,1,24.444444,2
23778,9,19,7,1,24.14,0.07,60.53,8.6,1.32,41.24,0.0,0,1,24.444444,2
23779,9,20,7,1,24.11,0.04,61.67,7.1,5.16,37.34,0.0,0,1,24.444444,2
23780,9,21,7,1,24.09,0.02,62.8,7.4,3.72,36.29,0.0,0,1,24.444444,2
23781,9,22,7,1,24.12,0.04,62.43,12.7,1.32,41.99,0.0,0,1,24.444444,2
23782,9,23,7,1,24.07,0.0,63.9,5.4,1.32,28.8,0.0,0,1,24.444444,2
23783,9,24,7,1,24.07,0.0,66.61,3.6,0.48,24.78,0.0,0,1,24.444444,2
23784,9,1,1,1,24.07,0.0,66.91,9.1,0.48,33.37,0.0,0,1,24.444444,2
23785,9,2,1,1,24.07,0.0,65.94,9.4,0.48,31.26,0.0,0,1,24.444444,2
23786,9,3,1,1,24.07,0.0,65.6,8.8,0.12,28.31,0.0,0,1,24.444444,2
23787,9,4,1,1,24.07,0.0,65.86,8.8,0.12,27.16,0.0,0,1,24.444444,2
23788,9,5,1,1,24.07,0.0,68.14,3.7,0.24,17.37,0.0,0,1,24.444444,2
23789,9,6,1,1,24.07,0.0,69.13,9.0,0.6,28.05,0.0,0,1,24.444444,2
23790,9,7,1,1,24.06,0.0,69.19,3.3,2.04,26.3,37.5123,0,1,24.444444,2
23791,9,8,1,1,24.11,0.04,68.49,5.3,3.24,35.85,178.231,0,1,24.444444,2
23792,9,9,1,1,24.18,0.11,66.86,4.1,8.88,37.69,370.298,0,1,24.444444,2
23793,9,10,1,1,24.2,0.13,64.93,3.9,3.48,40.69,525.236,0,1,24.444444,2
23794,9,11,1,1,24.35,0.27,61.87,10.6,6.24,48.58,632.81,0,1,24.444444,2
23795,9,12,1,1,24.3,0.23,60.17,5.6,9.72,43.43,689.586,0,1,24.444444,2
23796,9,13,1,1,24.34,0.26,58.91,5.9,4.44,45.24,687.556,0,1,24.444444,2
23797,9,14,1,1,24.47,0.4,56.6,9.2,2.4,51.51,661.958,0,1,24.444444,2
23798,9,15,1,1,24.62,0.55,54.19,9.8,3.24,53.1,574.234,0,1,24.444444,2
23799,9,16,1,1,24.44,0.37,53.94,4.4,6.72,50.59,446.93,0,1,24.444444,2
23800,9,17,1,1,24.82,0.75,52.24,14.3,0.6,53.91,264.586,0,1,24.444444,2
23801,9,18,1,1,24.86,0.79,51.86,15.8,12.36,53.71,67.5569,0,1,24.444444,2
23802,9,19,1,1,24.78,0.71,51.53,17.9,7.08,51.94,0.0,0,1,24.444444,2
23803,9,20,1,1,24.58,0.51,52.19,14.2,1.68,48.2,0.0,0,1,24.444444,2
23804,9,21,1,1,24.4,0.32,53.43,11.5,1.68,44.67,0.0,0,1,24.444444,2
23805,9,22,1,1,24.28,0.21,54.64,11.0,1.2,42.8,0.0,0,1,24.444444,2
23806,9,23,1,1,24.15,0.08,56.48,5.5,1.08,34.02,0.0,0,1,24.444444,2
23807,9,24,1,1,24.09,0.02,58.89,3.9,1.44,29.84,0.0,0,1,24.444444,2
23808,9,1,2,1,24.07,0.0,60.86,3.8,0.36,28.07,0.0,0,1,24.444444,2
23809,9,2,2,1,24.07,0.0,62.65,3.7,0.36,26.35,0.0,0,1,24.444444,2
23810,9,3,2,1,24.07,0.0,64.27,3.2,0.0,23.5,0.0,0,1,24.444444,2
23811,9,4,2,1,24.07,0.0,65.71,3.2,0.48,21.95,0.0,0,1,24.444444,2
23812,9,5,2,1,24.07,0.0,67.1,3.4,1.32,21.84,0.0,0,1,24.444444,2
23813,9,6,2,1,24.07,0.0,66.43,9.2,1.2,32.81,0.0,0,1,24.444444,2
23814,9,7,2,1,24.07,0.0,64.33,7.4,20.04,35.79,38.0648,0,1,24.444444,2
23815,9,8,2,1,24.11,0.03,62.4,5.8,5.76,36.46,178.944,0,1,24.444444,2
23816,9,9,2,1,24.23,0.16,59.35,7.5,9.72,39.86,366.56,0,1,24.444444,2
23817,9,10,2,1,24.34,0.27,56.79,9.7,8.64,43.64,521.212,0,1,24.444444,2
23818,9,11,2,1,24.37,0.29,55.67,10.6,3.12,45.66,627.588,0,1,24.444444,2
23819,9,12,2,1,24.31,0.24,55.47,6.9,3.96,43.06,686.478,0,1,24.444444,2
23820,9,13,2,1,24.34,0.27,54.61,6.4,3.96,44.17,698.114,0,1,24.444444,2
23821,9,14,2,1,24.45,0.37,52.75,9.2,2.88,49.9,653.395,0,1,24.444444,2
23822,9,15,2,1,24.57,0.5,51.14,9.8,1.32,51.93,573.656,0,1,24.444444,2
23823,9,16,2,1,24.6,0.53,50.34,9.0,1.2,51.75,431.944,0,1,24.444444,2
23824,9,17,2,1,24.66,0.59,50.27,11.0,6.24,52.28,249.19,0,1,24.444444,2
23825,9,18,2,1,24.49,0.41,51.1,10.9,1.32,50.18,60.8562,0,1,24.444444,2
23826,9,19,2,1,24.35,0.28,52.17,10.3,5.52,45.64,0.0,0,1,24.444444,2
23827,9,20,2,1,24.28,0.21,52.56,9.6,3.24,43.35,0.0,0,1,24.444444,2
23828,9,21,2,1,24.31,0.24,52.49,14.0,2.04,45.55,0.0,0,1,24.444444,2
23829,9,22,2,1,24.28,0.21,53.17,14.3,2.4,44.05,0.0,0,1,24.444444,2
23830,9,23,2,1,24.14,0.06,55.67,5.9,0.96,32.84,0.0,0,1,24.444444,2
23831,9,24,2,1,24.1,0.03,57.99,7.6,0.6,34.02,0.0,0,1,24.444444,2
23832,9,1,3,1,24.08,0.01,59.58,5.4,0.24,29.16,0.0,0,1,24.444444,2
23833,9,2,3,1,24.07,0.0,59.99,9.5,0.72,33.28,0.0,0,1,24.444444,2
23834,9,3,3,1,24.07,0.0,61.28,4.9,0.12,24.05,0.0,0,1,24.444444,2
23835,9,4,3,1,24.07,0.0,63.24,4.0,0.36,21.89,0.0,0,1,24.444444,2
23836,9,5,3,1,24.07,0.0,65.02,5.1,1.56,22.77,0.0,0,1,24.444444,2
23837,9,6,3,1,24.07,0.0,67.44,3.6,3.24,20.91,0.0,0,1,24.444444,2
23838,9,7,3,1,24.08,0.0,67.22,7.5,18.96,36.89,37.9723,0,1,24.444444,2
23839,9,8,3,1,24.23,0.15,63.79,9.5,9.24,41.93,177.977,0,1,24.444444,2
23840,9,9,3,1,24.29,0.22,61.29,5.8,3.84,39.36,364.438,0,1,24.444444,2
23841,9,10,3,1,24.27,0.2,59.36,4.6,3.0,40.51,517.066,0,1,24.444444,2
23842,9,11,3,1,24.2,0.13,56.25,4.2,0.72,39.92,619.087,0,1,24.444444,2
23843,9,12,3,1,24.18,0.11,54.53,3.8,1.44,39.57,672.492,0,1,24.444444,2
23844,9,13,3,1,24.29,0.22,53.27,8.4,0.96,45.54,669.794,0,1,24.444444,2
23845,9,14,3,1,24.35,0.27,52.59,8.4,0.96,48.35,539.069,0,1,24.444444,2
23846,9,15,3,1,24.37,0.3,51.81,9.0,1.08,50.6,472.779,0,1,24.444444,2
23847,9,16,3,1,24.33,0.26,51.65,8.3,1.56,50.73,363.578,0,1,24.444444,2
23848,9,17,3,1,24.27,0.2,52.6,7.6,3.12,50.03,235.918,0,1,24.444444,2
23849,9,18,3,1,24.28,0.21,53.88,10.4,6.48,48.21,53.5917,0,1,24.444444,2
23850,9,19,3,1,24.18,0.1,56.24,7.2,4.32,41.38,0.0,0,1,24.444444,2
23851,9,20,3,1,24.15,0.08,57.52,8.7,3.0,41.59,0.0,0,1,24.444444,2
23852,9,21,3,1,24.24,0.17,57.34,14.5,1.08,46.63,0.0,0,1,24.444444,2
23853,9,22,3,1,24.16,0.08,58.34,9.8,1.2,39.26,0.0,0,1,24.444444,2
23854,9,23,3,1,24.09,0.02,60.62,5.2,0.96,31.36,0.0,0,1,24.444444,2
23855,9,24,3,1,24.07,0.0,62.69,3.3,0.0,26.45,0.0,0,1,24.444444,2
23856,9,1,4,1,24.07,0.0,62.91,9.1,0.24,33.66,0.0,0,1,24.444444,2
23857,9,2,4,1,24.07,0.0,63.51,6.0,0.6,26.09,0.0,0,1,24.444444,2
23858,9,3,4,1,24.07,0.0,64.19,8.3,0.48,28.35,0.0,0,1,24.444444,2
23859,9,4,4,1,24.07,0.0,64.44,7.8,0.6,25.96,0.0,0,1,24.444444,2
23860,9,5,4,1,24.07,0.0,64.29,9.3,1.08,27.2,0.0,0,1,24.444444,2
23861,9,6,4,1,24.07,0.0,64.13,9.3,5.28,26.68,0.0,0,1,24.444444,2
23862,9,7,4,1,24.07,0.0,63.55,9.2,6.0,33.8,37.4769,0,1,24.444444,2
23863,9,8,4,1,24.14,0.06,61.98,10.0,15.84,39.5,176.76,0,1,24.444444,2
23864,9,9,4,1,24.19,0.11,59.83,10.3,6.24,41.93,316.634,0,1,24.444444,2
23865,9,10,4,1,24.24,0.16,57.86,9.3,3.12,42.85,461.158,0,1,24.444444,2
23866,9,11,4,1,24.29,0.21,57.08,9.7,1.68,44.37,617.358,0,1,24.444444,2
23867,9,12,4,1,24.28,0.2,57.8,7.4,2.04,43.49,680.081,0,1,24.444444,2
23868,9,13,4,1,24.32,0.25,57.79,7.0,1.8,45.47,686.821,0,1,24.444444,2
23869,9,14,4,1,24.39,0.32,56.69,8.3,0.96,50.13,634.504,0,1,24.444444,2
23870,9,15,4,1,24.45,0.37,54.79,10.6,1.8,51.92,380.715,0,1,24.444444,2
23871,9,16,4,1,24.41,0.33,53.39,7.4,2.16,51.11,407.544,0,1,24.444444,2
23872,9,17,4,1,24.37,0.29,53.46,9.1,3.6,50.02,171.709,0,1,24.444444,2
23873,9,18,4,1,24.37,0.29,54.09,11.0,3.96,48.27,37.0118,0,1,24.444444,2
23874,9,19,4,1,24.34,0.27,54.7,11.8,1.44,46.03,0.0,0,1,24.444444,2
23875,9,20,4,1,24.27,0.2,55.39,11.0,2.28,43.89,0.0,0,1,24.444444,2
23876,9,21,4,1,24.44,0.37,54.66,19.0,1.08,49.6,0.0,0,1,24.444444,2
23877,9,22,4,1,24.22,0.14,56.48,9.9,1.44,39.31,0.0,0,1,24.444444,2
23878,9,23,4,1,24.15,0.08,58.44,9.9,0.96,37.76,0.0,0,1,24.444444,2
23879,9,24,4,1,24.1,0.03,60.26,7.0,0.24,32.22,0.0,0,1,24.444444,2
23880,9,1,5,1,24.11,0.03,60.65,12.3,0.6,38.24,0.0,0,1,24.444444,2
23881,9,2,5,1,24.08,0.01,60.81,9.7,0.6,32.09,0.0,0,1,24.444444,2
23882,9,3,5,1,24.07,0.0,61.07,11.2,0.24,32.64,0.0,0,1,24.444444,2
23883,9,4,5,1,24.07,0.0,61.34,9.9,0.6,29.11,0.0,0,1,24.444444,2
23884,9,5,5,1,24.07,0.0,62.27,9.1,0.84,26.97,0.0,0,1,24.444444,2
23885,9,6,5,1,24.07,0.0,62.67,10.8,3.48,29.71,0.0,0,1,24.444444,2
23886,9,7,5,1,24.07,0.0,62.5,8.4,12.84,32.79,38.113,0,1,24.444444,2
23887,9,8,5,1,24.15,0.08,61.42,10.4,9.24,39.99,175.746,0,1,24.444444,2
23888,9,9,5,1,24.36,0.29,59.21,12.1,7.2,43.69,356.978,0,1,24.444444,2
23889,9,10,5,1,24.41,0.33,58.26,10.1,4.8,44.16,512.682,0,1,24.444444,2
23890,9,11,5,1,24.31,0.23,58.23,8.3,1.8,43.46,614.491,0,1,24.444444,2
23891,9,12,5,1,24.27,0.2,57.83,7.3,1.44,43.23,663.344,0,1,24.444444,2
23892,9,13,5,1,24.33,0.26,56.82,9.7,1.44,46.2,695.697,0,1,24.444444,2
23893,9,14,5,1,24.24,0.17,55.81,9.8,0.84,44.51,330.838,0,1,24.444444,2
23894,9,15,5,1,24.12,0.04,54.93,8.6,2.28,37.65,53.737,0,1,24.444444,2
23895,9,16,5,1,24.1,0.03,54.78,8.2,3.0,41.0,172.64,0,1,24.444444,2
23896,9,17,5,1,24.11,0.03,55.12,9.0,1.32,45.46,231.871,0,1,24.444444,2
23897,9,18,5,1,24.12,0.05,55.68,12.5,3.96,44.39,48.8354,0,1,24.444444,2
23898,9,19,5,1,24.1,0.02,56.59,9.6,2.64,36.34,0.0,0,1,24.444444,2
23899,9,20,5,1,24.08,0.01,57.45,9.8,3.0,35.17,0.0,0,1,24.444444,2
23900,9,21,5,1,24.08,0.01,57.82,12.1,2.28,37.49,0.0,0,1,24.444444,2
23901,9,22,5,1,24.08,0.01,57.92,13.2,1.32,37.26,0.0,0,1,24.444444,2
23902,9,23,5,1,24.07,0.0,59.07,9.2,1.2,29.74,0.0,0,1,24.444444,2
23903,9,24,5,1,24.07,0.0,60.29,10.3,0.6,30.35,0.0,0,1,24.444444,2
23904,9,1,6,1,24.07,0.0,61.68,8.3,0.12,26.14,0.0,0,1,24.444444,2
23905,9,2,6,1,24.07,0.0,63.64,7.0,0.84,23.21,0.0,0,1,24.444444,2
23906,9,3,6,1,24.07,0.0,66.02,3.7,0.36,16.98,0.0,0,1,24.444444,2
23907,9,4,6,1,24.07,0.0,66.8,9.1,0.0,25.52,0.0,0,1,24.444444,2
23908,9,5,6,1,24.07,0.0,66.3,8.8,1.08,23.69,0.0,0,1,24.444444,2
23909,9,6,6,1,24.07,0.0,66.25,9.3,6.24,24.83,0.0,0,1,24.444444,2
23910,9,7,6,1,24.07,0.0,65.98,7.7,14.76,28.74,40.8153,0,1,24.444444,2
23911,9,8,6,1,24.12,0.05,64.08,12.6,9.6,42.16,176.177,0,1,24.444444,2
23912,9,9,6,1,24.2,0.12,61.53,9.9,4.92,41.36,350.884,0,1,24.444444,2
23913,9,10,6,1,24.26,0.19,59.58,10.2,2.4,43.59,496.12,0,1,24.444444,2
23914,9,11,6,1,24.32,0.24,57.24,12.0,2.28,45.7,564.462,0,1,24.444444,2
23915,9,12,6,1,24.3,0.23,56.24,9.1,1.68,43.83,648.379,0,1,24.444444,2
23916,9,13,6,1,24.33,0.25,55.85,7.8,5.52,44.93,680.193,0,1,24.444444,2
23917,9,14,6,1,24.33,0.25,54.85,10.9,1.68,47.16,627.418,0,1,24.444444,2
23918,9,15,6,1,24.24,0.16,53.87,9.6,4.56,46.13,462.196,0,1,24.444444,2
23919,9,16,6,1,24.17,0.09,52.68,9.5,3.12,44.59,312.504,0,1,24.444444,2
23920,9,17,6,1,24.11,0.04,52.51,8.7,3.72,41.75,206.582,0,1,24.444444,2
23921,9,18,6,1,24.09,0.02,54.05,8.9,6.6,37.64,49.9268,0,1,24.444444,2
23922,9,19,6,1,24.09,0.02,55.55,12.2,1.32,37.72,0.0,0,1,24.444444,2
23923,9,20,6,1,24.08,0.0,57.01,9.4,1.32,32.39,0.0,0,1,24.444444,2
23924,9,21,6,1,24.07,0.0,58.58,10.1,1.8,32.62,0.0,0,1,24.444444,2
23925,9,22,6,1,24.11,0.03,58.51,16.5,2.88,40.47,0.0,0,1,24.444444,2
23926,9,23,6,1,24.07,0.0,59.19,11.0,0.96,31.41,0.0,0,1,24.444444,2
23927,9,24,6,1,24.07,0.0,62.0,4.5,2.4,20.17,0.0,0,1,24.444444,2
23928,9,1,7,1,24.07,0.0,64.06,8.9,0.48,26.69,0.0,0,1,24.444444,2
23929,9,2,7,1,24.07,0.0,66.16,3.7,0.6,16.94,0.0,0,1,24.444444,2
23930,9,3,7,1,24.06,0.0,68.82,3.7,0.24,16.47,0.0,0,1,24.444444,2
23931,9,4,7,1,24.05,0.0,70.79,3.7,0.36,15.78,0.0,0,1,24.444444,2
23932,9,5,7,1,24.05,0.0,72.01,4.4,0.48,16.43,0.0,0,1,24.444444,2
23933,9,6,7,1,24.04,0.0,72.69,4.4,0.72,16.55,0.0,0,1,24.444444,2
23934,9,7,7,1,24.05,0.0,71.66,5.9,2.88,26.28,40.4191,0,1,24.444444,2
23935,9,8,7,1,24.06,0.0,69.81,4.8,8.4,31.14,174.563,0,1,24.444444,2
23936,9,9,7,1,24.18,0.1,65.98,9.4,17.4,41.46,356.534,0,1,24.444444,2
23937,9,10,7,1,24.13,0.05,63.89,6.1,2.4,39.33,478.454,0,1,24.444444,2
23938,9,11,7,1,24.08,0.01,62.51,4.8,2.76,38.48,554.058,0,1,24.444444,2
23939,9,12,7,1,24.13,0.05,61.03,6.4,8.88,42.47,671.923,0,1,24.444444,2
23940,9,13,7,1,24.3,0.23,59.36,10.3,2.64,48.96,663.562,0,1,24.444444,2
23941,9,14,7,1,24.34,0.27,56.45,8.5,8.16,49.57,628.498,0,1,24.444444,2
23942,9,15,7,1,24.36,0.28,54.09,10.7,7.32,50.69,356.694,0,1,24.444444,2
23943,9,16,7,1,24.37,0.3,52.88,9.7,4.56,51.94,406.724,0,1,24.444444,2
23944,9,17,7,1,24.47,0.39,51.85,13.2,1.2,52.89,225.693,0,1,24.444444,2
23945,9,18,7,1,24.26,0.19,52.45,8.1,3.36,44.94,45.5881,0,1,24.444444,2
23946,9,19,7,1,24.16,0.09,53.05,8.0,3.12,40.38,0.0,0,1,24.444444,2
23947,9,20,7,1,24.12,0.05,54.25,7.0,2.16,37.1,0.0,0,1,24.444444,2
23948,9,21,7,1,24.09,0.02,55.77,6.2,1.68,34.01,0.0,0,1,24.444444,2
23949,9,22,7,1,24.1,0.02,56.86,10.6,3.0,38.46,0.0,0,1,24.444444,2
23950,9,23,7,1,24.07,0.0,58.63,5.1,2.16,29.09,0.0,0,1,24.444444,2
23951,9,24,7,1,24.07,0.0,60.79,5.6,0.96,28.68,0.0,0,1,24.444444,2
23952,9,1,1,1,24.07,0.0,61.32,9.2,0.48,32.05,0.0,0,1,24.444444,2
23953,9,2,1,1,24.07,0.0,61.39,9.3,0.36,29.95,0.0,0,1,24.444444,2
23954,9,3,1,1,24.07,0.0,61.66,9.1,0.48,28.08,0.0,0,1,24.444444,2
23955,9,4,1,1,24.07,0.0,62.25,9.1,0.0,27.02,0.0,0,1,24.444444,2
23956,9,5,1,1,24.07,0.0,64.29,4.0,1.2,17.83,0.0,0,1,24.444444,2
23957,9,6,1,1,24.07,0.0,65.21,9.1,0.6,26.29,0.0,0,1,24.444444,2
23958,9,7,1,1,24.07,0.0,65.3,4.2,1.56,22.72,40.3345,0,1,24.444444,2
23959,9,8,1,1,24.07,0.0,65.07,4.6,2.64,30.63,175.92,0,1,24.444444,2
23960,9,9,1,1,24.08,0.0,63.51,4.5,7.56,35.33,351.387,0,1,24.444444,2
23961,9,10,1,1,24.09,0.02,61.93,4.5,11.04,37.65,503.905,0,1,24.444444,2
23962,9,11,1,1,24.18,0.1,59.26,10.0,8.28,44.93,603.821,0,1,24.444444,2
23963,9,12,1,1,24.16,0.08,57.86,4.8,2.76,39.97,656.66,0,1,24.444444,2
23964,9,13,1,1,24.2,0.13,56.37,6.0,0.96,43.36,665.931,0,1,24.444444,2
23965,9,14,1,1,24.32,0.24,53.47,9.2,10.32,49.45,621.411,0,1,24.444444,2
23966,9,15,1,1,24.35,0.28,51.05,9.9,1.56,50.85,529.89,0,1,24.444444,2
23967,9,16,1,1,24.31,0.24,50.26,8.8,4.56,50.36,390.775,0,1,24.444444,2
23968,9,17,1,1,24.29,0.21,51.01,9.2,1.68,49.6,210.239,0,1,24.444444,2
23969,9,18,1,1,24.3,0.22,52.75,12.1,11.04,48.23,37.0068,0,1,24.444444,2
23970,9,19,1,1,24.24,0.17,54.23,11.7,3.0,44.69,0.0,0,1,24.444444,2
23971,9,20,1,1,24.19,0.11,54.49,11.8,2.52,42.56,0.0,0,1,24.444444,2
23972,9,21,1,1,24.15,0.08,54.86,11.1,1.44,39.75,0.0,0,1,24.444444,2
23973,9,22,1,1,24.13,0.06,55.87,11.1,1.44,38.05,0.0,0,1,24.444444,2
23974,9,23,1,1,24.08,0.01,57.94,4.9,3.0,28.33,0.0,0,1,24.444444,2
23975,9,24,1,1,24.07,0.0,60.44,5.1,0.12,27.11,0.0,0,1,24.444444,2
23976,9,1,2,1,24.07,0.0,62.16,4.4,0.12,24.2,0.0,0,1,24.444444,2
23977,9,2,2,1,24.07,0.0,63.92,3.2,0.72,21.51,0.0,0,1,24.444444,2
23978,9,3,2,1,24.07,0.0,65.63,3.6,0.48,21.81,0.0,0,1,24.444444,2
23979,9,4,2,1,24.07,0.0,66.68,3.2,0.36,19.49,0.0,0,1,24.444444,2
23980,9,5,2,1,24.07,0.0,67.41,3.8,0.6,19.44,0.0,0,1,24.444444,2
23981,9,6,2,1,24.07,0.0,68.05,4.0,1.8,19.22,0.0,0,1,24.444444,2
23982,9,7,2,1,24.07,0.0,67.01,6.6,6.6,28.07,39.5801,0,1,24.444444,2
23983,9,8,2,1,24.07,0.0,64.9,6.8,4.56,32.32,176.172,0,1,24.444444,2
23984,9,9,2,1,24.07,0.0,62.2,8.2,6.24,37.05,349.757,0,1,24.444444,2
23985,9,10,2,1,24.11,0.03,59.19,10.4,11.76,41.96,496.583,0,1,24.444444,2
23986,9,11,2,1,24.11,0.03,57.51,9.5,4.92,41.25,604.558,0,1,24.444444,2
23987,9,12,2,1,24.1,0.03,57.1,6.1,4.68,37.89,650.023,0,1,24.444444,2
23988,9,13,2,1,24.13,0.05,56.55,6.8,2.64,41.17,664.192,0,1,24.444444,2
23989,9,14,2,1,24.23,0.16,54.74,11.2,2.28,49.86,630.103,0,1,24.444444,2
23990,9,15,2,1,24.25,0.18,53.7,9.8,0.96,51.06,537.382,0,1,24.444444,2
23991,9,16,2,1,24.21,0.13,53.29,8.2,0.96,49.54,388.973,0,1,24.444444,2
23992,9,17,2,1,24.16,0.09,53.44,8.7,2.16,47.63,207.026,0,1,24.444444,2
23993,9,18,2,1,24.15,0.08,53.92,9.8,2.16,44.33,36.2536,0,1,24.444444,2
23994,9,19,2,1,24.21,0.14,53.83,13.4,4.8,44.98,0.0,0,1,24.444444,2
23995,9,20,2,1,24.2,0.12,54.23,13.2,3.6,42.86,0.0,0,1,24.444444,2
23996,9,21,2,1,24.15,0.07,55.07,11.8,1.44,39.41,0.0,0,1,24.444444,2
23997,9,22,2,1,24.12,0.04,55.4,11.9,3.12,37.63,0.0,0,1,24.444444,2
23998,9,23,2,1,24.08,0.0,57.08,5.1,0.72,26.57,0.0,0,1,24.444444,2
23999,9,24,2,1,24.07,0.0,59.45,7.9,3.6,29.81,0.0,0,1,24.444444,2
24000,9,1,3,1,24.07,0.0,61.45,5.9,0.0,25.68,0.0,0,1,24.444444,2
24001,9,2,3,1,24.07,0.0,62.93,4.1,0.36,22.13,0.0,0,1,24.444444,2
24002,9,3,3,1,24.07,0.0,62.57,5.1,0.6,22.39,0.0,0,1,24.444444,2
24003,9,4,3,1,24.07,0.0,62.17,4.0,0.72,18.63,0.0,0,1,24.444444,2
24004,9,5,3,1,24.07,0.0,62.04,3.3,0.6,16.32,0.0,0,1,24.444444,2
24005,9,6,3,1,24.06,0.0,61.66,3.7,0.72,16.34,0.0,0,1,24.444444,2
24006,9,7,3,1,24.07,0.0,59.14,9.1,20.28,28.72,38.8084,0,1,24.444444,2
24007,9,8,3,1,24.07,0.0,56.27,9.2,9.72,32.19,168.783,0,1,24.444444,2
24008,9,9,3,1,24.08,0.0,53.05,7.1,9.12,32.06,341.545,0,1,24.444444,2
24009,9,10,3,1,24.08,0.0,51.45,4.3,3.6,30.48,477.688,0,1,24.444444,2
24010,9,11,3,1,24.08,0.0,50.46,6.4,2.52,34.32,601.909,0,1,24.444444,2
24011,9,12,3,1,24.07,0.0,49.84,5.6,0.96,34.3,658.646,0,1,24.444444,2
24012,9,13,3,1,24.08,0.01,48.77,6.0,4.8,36.19,667.079,0,1,24.444444,2
24013,9,14,3,1,24.11,0.04,47.87,8.3,0.72,42.39,615.941,0,1,24.444444,2
24014,9,15,3,1,24.13,0.05,47.57,8.8,1.08,46.61,541.525,0,1,24.444444,2
24015,9,16,3,1,24.13,0.05,47.76,9.0,1.2,47.81,400.729,0,1,24.444444,2
24016,9,17,3,1,24.11,0.04,48.2,9.4,5.64,46.23,222.402,0,1,24.444444,2
24017,9,18,3,1,24.09,0.02,49.22,8.0,5.52,39.99,42.8856,0,1,24.444444,2
24018,9,19,3,1,24.08,0.01,50.62,7.5,3.0,35.79,0.0,0,1,24.444444,2
24019,9,20,3,1,24.08,0.01,51.89,9.5,1.56,37.09,0.0,0,1,24.444444,2
24020,9,21,3,1,24.1,0.02,52.62,13.4,3.48,40.5,0.0,0,1,24.444444,2
24021,9,22,3,1,24.08,0.0,53.54,11.1,0.72,35.54,0.0,0,1,24.444444,2
24022,9,23,3,1,24.07,0.0,55.49,5.0,1.32,25.2,0.0,0,1,24.444444,2
24023,9,24,3,1,24.07,0.0,57.88,4.1,0.72,22.4,0.0,0,1,24.444444,2
24024,9,1,4,1,24.07,0.0,58.8,7.8,0.48,26.41,0.0,0,1,24.444444,2
24025,9,2,4,1,24.07,0.0,59.19,8.1,0.48,24.62,0.0,0,1,24.444444,2
24026,9,3,4,1,24.07,0.0,60.0,8.5,0.36,23.66,0.0,0,1,24.444444,2
24027,9,4,4,1,24.07,0.0,60.58,9.6,0.72,24.16,0.0,0,1,24.444444,2
24028,9,5,4,1,24.07,0.0,60.76,9.0,0.96,21.58,0.0,0,1,24.444444,2
24029,9,6,4,1,24.07,0.0,60.68,9.6,4.32,22.04,0.0,0,1,24.444444,2
24030,9,7,4,1,24.07,0.0,60.35,8.9,4.8,23.71,35.7206,0,1,24.444444,2
24031,9,8,4,1,24.07,0.0,59.75,9.8,7.44,29.78,173.059,0,1,24.444444,2
24032,9,9,4,1,24.07,0.0,57.58,8.3,3.0,31.89,340.378,0,1,24.444444,2
24033,9,10,4,1,24.07,0.0,54.12,8.8,18.48,34.51,486.292,0,1,24.444444,2
24034,9,11,4,1,24.07,0.0,52.41,9.0,0.84,35.26,588.9,0,1,24.444444,2
24035,9,12,4,1,24.08,0.0,51.63,9.1,1.92,36.19,672.396,0,1,24.444444,2
24036,9,13,4,1,24.08,0.01,51.52,7.3,0.84,35.88,730.497,0,1,24.444444,2
24037,9,14,4,1,24.1,0.02,50.67,8.3,2.28,41.21,681.469,0,1,24.444444,2
24038,9,15,4,1,24.1,0.03,49.61,9.1,1.32,45.35,583.781,0,1,24.444444,2
24039,9,16,4,1,24.08,0.01,48.88,7.5,1.92,43.03,424.942,0,1,24.444444,2
24040,9,17,4,1,24.07,0.0,47.94,9.0,3.24,41.66,232.872,0,1,24.444444,2
24041,9,18,4,1,24.07,0.0,47.6,9.3,3.24,36.34,43.5368,0,1,24.444444,2
24042,9,19,4,1,24.07,0.0,47.31,9.8,3.72,32.54,0.0,0,1,24.444444,2
24043,9,20,4,1,24.07,0.0,46.72,12.4,7.68,33.79,0.0,0,1,24.444444,2
24044,9,21,4,1,24.07,0.0,45.97,11.2,1.08,29.89,0.0,0,1,24.444444,2
24045,9,22,4,1,24.07,0.0,44.97,10.2,1.08,25.47,0.0,0,1,24.444444,2
24046,9,23,4,1,24.07,0.0,44.28,9.8,1.56,22.66,0.0,0,1,24.444444,2
24047,9,24,4,1,24.07,0.0,44.73,4.3,2.76,14.21,0.0,0,1,24.444444,2
24048,9,1,5,1,24.07,0.0,45.09,9.1,0.24,18.65,0.0,0,1,24.444444,2
24049,9,2,5,1,24.07,0.0,44.77,11.5,0.6,20.26,0.0,0,1,24.444444,2
24050,9,3,5,1,24.07,0.0,44.94,9.4,2.52,16.27,0.0,0,1,24.444444,2
24051,9,4,5,1,24.07,0.0,45.85,10.0,0.24,15.79,0.0,0,1,24.444444,2
24052,9,5,5,1,24.07,0.0,46.64,10.5,2.28,15.34,0.0,0,1,24.444444,2
24053,9,6,5,1,24.07,0.0,47.52,9.2,4.56,13.53,0.0,0,1,24.444444,2
24054,9,7,5,1,24.06,0.0,48.14,8.5,21.48,17.48,37.1604,0,1,24.444444,2
24055,9,8,5,1,24.07,0.0,47.67,10.0,6.72,24.07,189.735,0,1,24.444444,2
24056,9,9,5,1,24.08,0.0,46.64,9.4,5.88,26.63,391.55,0,1,24.444444,2
24057,9,10,5,1,24.08,0.0,45.12,10.2,3.36,29.44,557.281,0,1,24.444444,2
24058,9,11,5,1,24.08,0.0,44.21,10.9,3.24,30.2,673.629,0,1,24.444444,2
24059,9,12,5,1,24.08,0.0,43.63,7.6,4.44,27.33,707.595,0,1,24.444444,2
24060,9,13,5,1,24.07,0.0,43.08,9.4,1.32,31.4,732.423,0,1,24.444444,2
24061,9,14,5,1,24.07,0.0,42.4,10.4,0.84,35.93,683.302,0,1,24.444444,2
24062,9,15,5,1,24.07,0.0,41.93,9.1,1.56,36.59,582.075,0,1,24.444444,2
24063,9,16,5,1,24.08,0.0,41.86,7.8,0.72,35.44,424.693,0,1,24.444444,2
24064,9,17,5,1,24.08,0.0,42.12,8.6,1.08,34.35,220.97,0,1,24.444444,2
24065,9,18,5,1,24.08,0.0,42.69,12.4,1.32,34.06,36.5056,0,1,24.444444,2
24066,9,19,5,1,24.08,0.0,43.79,9.1,1.56,26.71,0.0,0,1,24.444444,2
24067,9,20,5,1,24.07,0.0,44.77,11.7,2.4,28.46,0.0,0,1,24.444444,2
24068,9,21,5,1,24.07,0.0,45.38,11.2,3.24,26.8,0.0,0,1,24.444444,2
24069,9,22,5,1,24.07,0.0,45.16,12.6,3.48,26.98,0.0,0,1,24.444444,2
24070,9,23,5,1,24.07,0.0,45.42,10.6,1.32,22.46,0.0,0,1,24.444444,2
24071,9,24,5,1,24.07,0.0,46.15,9.9,2.76,19.98,0.0,0,1,24.444444,2
24072,10,1,6,1,24.05,0.0,47.59,3.7,4.68,10.31,0.0,0,1,24.444444,2
24073,10,2,6,1,24.01,0.0,50.0,3.8,0.36,8.72,0.0,0,1,24.444444,2
24074,10,3,6,1,23.94,0.0,53.14,3.7,0.6,7.57,0.0,0,1,24.444444,2
24075,10,4,6,1,23.84,0.0,55.99,3.2,0.6,6.49,0.0,0,1,24.444444,2
24076,10,5,6,1,23.79,0.0,58.3,3.6,1.08,6.33,0.0,0,1,24.444444,2
24077,10,6,6,1,23.75,0.0,59.83,4.0,5.16,6.26,0.0,0,1,24.444444,2
24078,10,7,6,1,23.8,0.0,59.85,3.5,9.84,11.24,36.3752,0,1,24.444444,2
24079,10,8,6,1,23.89,0.0,58.41,5.2,4.8,19.54,184.363,0,1,24.444444,2
24080,10,9,6,1,24.0,0.0,55.39,7.0,10.92,24.97,378.827,0,1,24.444444,2
24081,10,10,6,1,24.05,0.0,52.79,5.4,3.24,24.51,540.416,0,1,24.444444,2
24082,10,11,6,1,24.07,0.0,50.43,7.9,1.92,28.02,650.307,0,1,24.444444,2
24083,10,12,6,1,24.07,0.0,48.69,3.5,1.8,23.2,679.078,0,1,24.444444,2
24084,10,13,6,1,24.07,0.0,47.24,7.5,0.96,30.75,686.165,0,1,24.444444,2
24085,10,14,6,1,24.07,0.0,45.42,9.2,3.12,35.94,569.303,0,1,24.444444,2
24086,10,15,6,1,24.07,0.0,43.75,9.8,1.92,39.28,526.162,0,1,24.444444,2
24087,10,16,6,1,24.08,0.0,42.83,7.8,3.6,37.98,440.78,0,1,24.444444,2
24088,10,17,6,1,24.08,0.0,42.95,9.0,2.88,37.53,246.481,0,1,24.444444,2
24089,10,18,6,1,24.08,0.0,43.42,9.8,2.04,32.44,37.7142,0,1,24.444444,2
24090,10,19,6,1,24.08,0.0,43.98,10.5,6.72,29.71,0.0,0,1,24.444444,2
24091,10,20,6,1,24.07,0.0,44.61,9.0,3.6,25.73,0.0,0,1,24.444444,2
24092,10,21,6,1,24.07,0.0,45.38,9.7,1.2,25.05,0.0,0,1,24.444444,2
24093,10,22,6,1,24.07,0.0,47.19,5.9,2.16,18.91,0.0,0,1,24.444444,2
24094,10,23,6,1,24.07,0.0,49.4,5.2,0.84,16.64,0.0,0,1,24.444444,2
24095,10,24,6,1,24.07,0.0,51.69,4.6,1.92,14.66,0.0,0,1,24.444444,2
24096,10,1,7,1,24.06,0.0,54.16,3.3,0.48,12.37,0.0,0,1,24.444444,2
24097,10,2,7,1,24.05,0.0,56.68,3.7,0.6,12.02,0.0,0,1,24.444444,2
24098,10,3,7,1,24.02,0.0,59.42,3.2,0.0,10.37,0.0,0,1,24.444444,2
24099,10,4,7,1,24.0,0.0,61.47,3.6,0.24,10.12,0.0,0,1,24.444444,2
24100,10,5,7,1,23.97,0.0,62.52,3.6,0.24,9.33,0.0,0,1,24.444444,2
24101,10,6,7,1,23.94,0.0,62.94,3.8,0.96,9.4,0.0,0,1,24.444444,2
24102,10,7,7,1,23.95,0.0,62.26,3.8,5.16,16.15,33.4149,0,1,24.444444,2
24103,10,8,7,1,24.01,0.0,60.63,6.4,14.64,25.38,183.359,0,1,24.444444,2
24104,10,9,7,1,24.03,0.0,59.09,4.4,8.52,23.46,326.073,0,1,24.444444,2
24105,10,10,7,1,24.07,0.0,56.86,8.1,12.36,29.43,420.451,0,1,24.444444,2
24106,10,11,7,1,24.07,0.0,55.05,4.6,5.28,24.29,326.46,0,1,24.444444,2
24107,10,12,7,1,24.07,0.0,53.81,4.2,5.04,27.46,552.92,0,1,24.444444,2
24108,10,13,7,1,24.07,0.0,52.43,4.3,14.04,29.63,505.004,0,1,24.444444,2
24109,10,14,7,1,24.07,0.0,49.78,9.1,7.2,37.46,525.547,0,1,24.444444,2
24110,10,15,7,1,24.07,0.0,47.67,4.1,4.32,30.31,446.443,0,1,24.444444,2
24111,10,16,7,1,24.08,0.0,47.77,3.9,9.12,24.85,139.851,0,1,24.444444,2
24112,10,17,7,1,24.08,0.0,48.73,4.0,6.84,23.27,57.2233,0,1,24.444444,2
24113,10,18,7,1,24.07,0.0,49.19,4.7,11.16,23.49,6.015,0,1,24.444444,2
24114,10,19,7,1,24.07,0.0,49.09,5.3,11.16,22.64,0.0,0,1,24.444444,2
24115,10,20,7,1,24.07,0.0,49.21,5.3,5.16,21.19,0.0,0,1,24.444444,2
24116,10,21,7,1,24.07,0.0,49.58,6.9,5.16,22.22,0.0,0,1,24.444444,2
24117,10,22,7,1,24.07,0.0,50.51,3.8,1.8,16.17,0.0,0,1,24.444444,2
24118,10,23,7,1,24.07,0.0,51.51,6.7,1.32,17.89,0.0,0,1,24.444444,2
24119,10,24,7,1,24.05,0.0,53.19,3.5,1.8,11.5,0.0,0,1,24.444444,2
24120,10,1,1,1,24.03,0.0,55.08,3.6,0.6,10.35,0.0,0,1,24.444444,2
24121,10,2,1,1,24.06,0.0,55.62,9.4,0.72,16.32,0.0,0,1,24.444444,2
24122,10,3,1,1,24.0,0.0,57.17,4.8,0.6,9.14,0.0,0,1,24.444444,2
24123,10,4,1,1,23.9,0.0,59.36,3.5,0.36,7.25,0.0,0,1,24.444444,2
24124,10,5,1,1,23.84,0.0,61.29,3.7,0.48,6.99,0.0,0,1,24.444444,2
24125,10,6,1,1,23.95,0.0,61.65,8.4,1.2,11.87,0.0,0,1,24.444444,2
24126,10,7,1,1,23.99,0.0,60.78,7.8,1.32,18.74,33.8206,0,1,24.444444,2
24127,10,8,1,1,23.98,0.0,59.31,4.0,6.24,20.04,180.461,0,1,24.444444,2
24128,10,9,1,1,24.0,0.0,57.47,3.9,5.88,23.23,378.395,0,1,24.444444,2
24129,10,10,1,1,24.05,0.0,55.3,4.4,13.8,25.33,541.513,0,1,24.444444,2
24130,10,11,1,1,24.07,0.0,52.34,9.7,15.84,32.96,642.047,0,1,24.444444,2
24131,10,12,1,1,24.07,0.0,50.69,5.2,10.92,28.48,703.074,0,1,24.444444,2
24132,10,13,1,1,24.07,0.0,49.41,4.9,4.92,30.64,711.15,0,1,24.444444,2
24133,10,14,1,1,24.09,0.02,47.55,10.2,9.6,40.67,672.3,0,1,24.444444,2
24134,10,15,1,1,24.08,0.0,46.2,6.2,5.64,38.72,570.826,0,1,24.444444,2
24135,10,16,1,1,24.07,0.0,45.68,4.9,7.44,37.63,429.117,0,1,24.444444,2
24136,10,17,1,1,24.08,0.0,45.68,4.2,2.76,34.69,233.101,0,1,24.444444,2
24137,10,18,1,1,24.08,0.0,45.75,10.6,3.96,36.13,39.5009,0,1,24.444444,2
24138,10,19,1,1,24.08,0.0,46.47,7.2,7.44,28.16,0.0,0,1,24.444444,2
24139,10,20,1,1,24.07,0.0,47.32,8.9,1.8,28.86,0.0,0,1,24.444444,2
24140,10,21,1,1,24.07,0.0,48.69,5.5,5.76,22.66,0.0,0,1,24.444444,2
24141,10,22,1,1,24.07,0.0,50.0,5.3,1.68,20.24,0.0,0,1,24.444444,2
24142,10,23,1,1,24.07,0.0,51.18,4.1,1.68,16.77,0.0,0,1,24.444444,2
24143,10,24,1,1,24.07,0.0,53.09,3.8,0.0,14.57,0.0,0,1,24.444444,2
24144,10,1,2,1,24.06,0.0,55.22,3.7,0.72,12.79,0.0,0,1,24.444444,2
24145,10,2,2,1,24.04,0.0,57.39,3.6,0.24,11.06,0.0,0,1,24.444444,2
24146,10,3,2,1,24.03,0.0,59.31,5.6,1.8,12.57,0.0,0,1,24.444444,2
24147,10,4,2,1,23.97,0.0,61.25,3.3,0.48,8.74,0.0,0,1,24.444444,2
24148,10,5,2,1,23.93,0.0,62.73,3.6,0.84,8.43,0.0,0,1,24.444444,2
24149,10,6,2,1,23.92,0.0,63.82,4.1,4.68,9.23,0.0,0,1,24.444444,2
24150,10,7,2,1,23.95,0.0,63.47,4.4,4.56,17.0,0.0,0,1,24.444444,2
24151,10,8,2,1,23.99,0.0,61.79,4.1,12.84,23.16,178.329,0,1,24.444444,2
24152,10,9,2,1,24.04,0.0,59.49,5.7,10.08,29.32,366.524,0,1,24.444444,2
24153,10,10,2,1,24.07,0.0,57.83,4.4,7.32,30.19,515.513,0,1,24.444444,2
24154,10,11,2,1,24.07,0.0,57.16,3.8,3.84,31.1,624.277,0,1,24.444444,2
24155,10,12,2,1,24.07,0.0,56.76,4.4,1.2,34.93,647.297,0,1,24.444444,2
24156,10,13,2,1,24.07,0.0,55.97,3.9,1.44,36.99,445.793,0,1,24.444444,2
24157,10,14,2,1,24.14,0.07,54.16,9.0,1.68,46.65,547.243,0,1,24.444444,2
24158,10,15,2,1,24.12,0.05,53.31,5.3,1.08,44.79,517.716,0,1,24.444444,2
24159,10,16,2,1,24.12,0.05,54.01,7.3,1.08,48.7,420.26,0,1,24.444444,2
24160,10,17,2,1,24.08,0.01,54.81,5.5,1.32,44.29,227.197,0,1,24.444444,2
24161,10,18,2,1,24.07,0.0,55.77,4.9,4.08,36.06,36.4147,0,1,24.444444,2
24162,10,19,2,1,24.07,0.0,56.55,7.1,5.4,35.04,0.0,0,1,24.444444,2
24163,10,20,2,1,24.07,0.0,56.9,8.9,3.84,35.75,0.0,0,1,24.444444,2
24164,10,21,2,1,24.08,0.0,57.15,11.4,3.24,38.36,0.0,0,1,24.444444,2
24165,10,22,2,1,24.07,0.0,58.27,8.1,1.56,32.27,0.0,0,1,24.444444,2
24166,10,23,2,1,24.07,0.0,59.98,6.9,2.64,29.31,0.0,0,1,24.444444,2
24167,10,24,2,1,24.07,0.0,62.08,3.4,1.32,22.66,0.0,0,1,24.444444,2
24168,10,1,3,1,24.07,0.0,64.23,3.5,1.56,21.4,0.0,0,1,24.444444,2
24169,10,2,3,1,24.07,0.0,65.92,3.0,1.92,18.59,0.0,0,1,24.444444,2
24170,10,3,3,1,24.07,0.0,66.37,6.3,0.24,23.54,0.0,0,1,24.444444,2
24171,10,4,3,1,24.07,0.0,67.38,3.5,0.6,18.24,0.0,0,1,24.444444,2
24172,10,5,3,1,24.07,0.0,69.39,3.6,1.92,18.62,0.0,0,1,24.444444,2
24173,10,6,3,1,24.07,0.0,70.01,5.4,2.76,22.28,0.0,0,1,24.444444,2
24174,10,7,3,1,24.07,0.0,69.4,5.0,16.08,26.86,0.0,0,1,24.444444,2
24175,10,8,3,1,24.07,0.0,67.98,3.9,6.36,30.48,173.444,0,1,24.444444,2
24176,10,9,3,1,24.09,0.02,65.85,4.7,8.28,36.27,361.259,0,1,24.444444,2
24177,10,10,3,1,24.1,0.02,63.48,3.7,2.52,37.31,523.034,0,1,24.444444,2
24178,10,11,3,1,24.08,0.01,61.49,4.0,6.84,38.72,636.533,0,1,24.444444,2
24179,10,12,3,1,24.11,0.04,60.05,4.2,1.44,39.78,690.511,0,1,24.444444,2
24180,10,13,3,1,24.23,0.15,57.06,9.2,0.6,46.21,690.803,0,1,24.444444,2
24181,10,14,3,1,24.24,0.16,54.19,8.4,2.4,47.18,665.39,0,1,24.444444,2
24182,10,15,3,1,24.22,0.15,51.94,8.9,0.96,49.38,566.828,0,1,24.444444,2
24183,10,16,3,1,24.12,0.05,50.85,3.9,4.56,43.12,421.043,0,1,24.444444,2
24184,10,17,3,1,24.11,0.04,49.95,9.2,2.16,45.77,227.451,0,1,24.444444,2
24185,10,18,3,1,24.09,0.02,49.63,8.9,1.68,38.38,35.1954,0,1,24.444444,2
24186,10,19,3,1,24.09,0.02,49.88,11.4,2.28,37.52,0.0,0,1,24.444444,2
24187,10,20,3,1,24.07,0.0,50.98,7.2,2.4,30.35,0.0,0,1,24.444444,2
24188,10,21,3,1,24.07,0.0,52.7,6.1,2.88,27.51,0.0,0,1,24.444444,2
24189,10,22,3,1,24.07,0.0,54.11,6.8,1.2,26.66,0.0,0,1,24.444444,2
24190,10,23,3,1,24.07,0.0,55.75,5.0,1.2,22.3,0.0,0,1,24.444444,2
24191,10,24,3,1,24.07,0.0,57.88,4.0,0.48,19.43,0.0,0,1,24.444444,2
24192,10,1,4,1,24.07,0.0,60.6,3.7,1.08,18.41,0.0,0,1,24.444444,2
24193,10,2,4,1,24.07,0.0,62.49,5.5,0.0,20.58,0.0,0,1,24.444444,2
24194,10,3,4,1,24.07,0.0,64.18,3.1,0.12,15.71,0.0,0,1,24.444444,2
24195,10,4,4,1,24.07,0.0,63.35,9.9,0.36,25.81,0.0,0,1,24.444444,2
24196,10,5,4,1,24.05,0.0,62.88,2.9,1.08,12.8,0.0,0,1,24.444444,2
24197,10,6,4,1,24.07,0.0,62.87,8.2,4.68,20.63,0.0,0,1,24.444444,2
24198,10,7,4,1,24.07,0.0,61.92,7.6,8.04,25.42,0.0,0,1,24.444444,2
24199,10,8,4,1,24.08,0.01,60.22,11.6,8.28,37.05,176.084,0,1,24.444444,2
24200,10,9,4,1,24.1,0.03,58.06,9.2,4.44,36.57,363.634,0,1,24.444444,2
24201,10,10,4,1,24.1,0.03,56.94,8.2,0.96,37.42,522.842,0,1,24.444444,2
24202,10,11,4,1,24.08,0.01,56.6,8.2,1.2,38.82,638.453,0,1,24.444444,2
24203,10,12,4,1,24.09,0.02,57.06,5.6,6.12,37.15,685.658,0,1,24.444444,2
24204,10,13,4,1,24.25,0.18,55.98,12.8,1.44,47.48,709.751,0,1,24.444444,2
24205,10,14,4,1,24.21,0.13,55.61,8.0,1.32,45.83,649.604,0,1,24.444444,2
24206,10,15,4,1,24.21,0.13,54.59,9.0,1.08,49.98,554.765,0,1,24.444444,2
24207,10,16,4,1,24.17,0.1,53.44,7.7,3.36,48.26,406.396,0,1,24.444444,2
24208,10,17,4,1,24.13,0.06,53.13,8.2,1.44,46.2,213.308,0,1,24.444444,2
24209,10,18,4,1,24.13,0.05,53.85,9.5,2.28,41.82,29.881,0,1,24.444444,2
24210,10,19,4,1,24.11,0.03,54.83,9.3,3.36,38.34,0.0,0,1,24.444444,2
24211,10,20,4,1,24.09,0.01,55.78,8.1,5.04,35.28,0.0,0,1,24.444444,2
24212,10,21,4,1,24.09,0.02,56.46,11.1,4.32,38.47,0.0,0,1,24.444444,2
24213,10,22,4,1,24.08,0.01,56.82,10.8,1.8,36.35,0.0,0,1,24.444444,2
24214,10,23,4,1,24.07,0.0,57.44,8.9,1.32,31.58,0.0,0,1,24.444444,2
24215,10,24,4,1,24.07,0.0,57.61,11.2,0.72,32.76,0.0,0,1,24.444444,2
24216,10,1,5,1,24.07,0.0,59.09,4.0,0.36,19.89,0.0,0,1,24.444444,2
24217,10,2,5,1,24.07,0.0,62.2,3.8,0.24,19.19,0.0,0,1,24.444444,2
24218,10,3,5,1,24.07,0.0,64.05,8.1,0.48,26.34,0.0,0,1,24.444444,2
24219,10,4,5,1,24.07,0.0,65.95,2.7,0.84,16.61,0.0,0,1,24.444444,2
24220,10,5,5,1,24.07,0.0,67.78,5.0,1.2,20.26,0.0,0,1,24.444444,2
24221,10,6,5,1,24.07,0.0,65.64,11.7,1.56,30.81,0.0,0,1,24.444444,2
24222,10,7,5,1,24.07,0.0,63.01,8.2,22.56,29.13,0.0,0,1,24.444444,2
24223,10,8,5,1,24.07,0.0,60.97,8.2,14.88,33.42,177.245,0,1,24.444444,2
24224,10,9,5,1,24.09,0.02,58.01,8.8,9.24,36.55,369.195,0,1,24.444444,2
24225,10,10,5,1,24.1,0.02,55.75,8.3,7.08,37.45,524.037,0,1,24.444444,2
24226,10,11,5,1,24.09,0.01,54.63,8.9,2.76,38.66,632.049,0,1,24.444444,2
24227,10,12,5,1,24.13,0.05,53.57,9.6,2.52,40.76,680.125,0,1,24.444444,2
24228,10,13,5,1,24.16,0.08,52.61,8.8,1.44,41.78,706.032,0,1,24.444444,2
24229,10,14,5,1,24.21,0.14,51.12,10.3,1.68,46.94,653.018,0,1,24.444444,2
24230,10,15,5,1,24.22,0.15,49.86,9.5,1.56,49.02,568.067,0,1,24.444444,2
24231,10,16,5,1,24.2,0.13,48.85,7.9,0.96,47.89,424.6,0,1,24.444444,2
24232,10,17,5,1,24.15,0.07,48.45,8.0,1.32,45.79,227.283,0,1,24.444444,2
24233,10,18,5,1,24.13,0.05,48.85,9.9,2.04,40.95,35.3071,0,1,24.444444,2
24234,10,19,5,1,24.1,0.03,49.69,9.7,4.8,36.95,0.0,0,1,24.444444,2
24235,10,20,5,1,24.08,0.01,50.81,8.6,2.4,34.09,0.0,0,1,24.444444,2
24236,10,21,5,1,24.08,0.0,51.67,9.9,3.12,34.34,0.0,0,1,24.444444,2
24237,10,22,5,1,24.07,0.0,52.05,10.9,3.12,33.88,0.0,0,1,24.444444,2
24238,10,23,5,1,24.07,0.0,52.54,10.7,0.96,32.38,0.0,0,1,24.444444,2
24239,10,24,5,1,24.07,0.0,52.28,9.3,0.36,28.79,0.0,0,1,24.444444,2
24240,10,1,6,1,24.07,0.0,52.89,3.7,0.72,19.25,0.0,0,1,24.444444,2
24241,10,2,6,1,24.07,0.0,54.61,3.4,0.24,17.24,0.0,0,1,24.444444,2
24242,10,3,6,1,24.07,0.0,55.83,3.5,0.36,15.68,0.0,0,1,24.444444,2
24243,10,4,6,1,24.06,0.0,56.93,3.3,0.36,14.3,0.0,0,1,24.444444,2
24244,10,5,6,1,24.05,0.0,58.28,3.4,3.72,13.44,0.0,0,1,24.444444,2
24245,10,6,6,1,24.07,0.0,58.36,7.9,3.48,19.13,0.0,0,1,24.444444,2
24246,10,7,6,1,24.05,0.0,58.21,3.8,12.48,18.53,0.0,0,1,24.444444,2
24247,10,8,6,1,24.07,0.0,57.09,5.9,4.2,26.31,182.604,0,1,24.444444,2
24248,10,9,6,1,24.07,0.0,55.59,4.7,3.72,28.25,382.408,0,1,24.444444,2
24249,10,10,6,1,24.07,0.0,54.22,4.3,1.08,29.89,543.413,0,1,24.444444,2
24250,10,11,6,1,24.07,0.0,53.45,4.5,2.16,30.64,647.344,0,1,24.444444,2
24251,10,12,6,1,24.08,0.0,52.89,4.1,0.96,32.18,704.899,0,1,24.444444,2
24252,10,13,6,1,24.13,0.06,51.77,7.4,3.48,38.74,716.145,0,1,24.444444,2
24253,10,14,6,1,24.19,0.12,50.23,9.2,1.32,44.7,670.899,0,1,24.444444,2
24254,10,15,6,1,24.25,0.18,48.83,10.6,0.84,48.56,578.703,0,1,24.444444,2
24255,10,16,6,1,24.22,0.15,47.86,8.4,2.64,46.67,428.957,0,1,24.444444,2
24256,10,17,6,1,24.19,0.12,47.58,11.2,3.84,47.09,226.095,0,1,24.444444,2
24257,10,18,6,1,24.12,0.05,48.51,8.5,1.68,37.23,23.115,0,1,24.444444,2
24258,10,19,6,1,24.1,0.03,48.91,10.5,7.44,36.43,0.0,0,1,24.444444,2
24259,10,20,6,1,24.08,0.01,49.2,9.4,1.32,33.21,0.0,0,1,24.444444,2
24260,10,21,6,1,24.07,0.0,49.42,10.4,1.92,32.41,0.0,0,1,24.444444,2
24261,10,22,6,1,24.07,0.0,49.48,8.9,2.4,27.91,0.0,0,1,24.444444,2
24262,10,23,6,1,24.07,0.0,49.2,5.0,1.92,20.05,0.0,0,1,24.444444,2
24263,10,24,6,1,24.07,0.0,47.98,4.1,1.32,16.18,0.0,0,1,24.444444,2
24264,10,1,7,1,24.07,0.0,45.96,3.4,0.36,12.9,0.0,0,1,24.444444,2
24265,10,2,7,1,24.05,0.0,44.08,3.4,0.12,10.65,0.0,0,1,24.444444,2
24266,10,3,7,1,24.02,0.0,42.41,3.7,0.24,8.85,0.0,0,1,24.444444,2
24267,10,4,7,1,23.97,0.0,41.61,3.5,0.24,7.17,0.0,0,1,24.444444,2
24268,10,5,7,1,23.88,0.0,41.47,3.2,0.36,5.94,0.0,0,1,24.444444,2
24269,10,6,7,1,23.81,0.0,41.68,3.6,2.16,5.41,0.0,0,1,24.444444,2
24270,10,7,7,1,23.82,0.0,41.63,3.5,6.0,8.93,0.0,0,1,24.444444,2
24271,10,8,7,1,23.9,0.0,41.11,6.9,10.68,16.02,197.721,0,1,24.444444,2
24272,10,9,7,1,23.91,0.0,40.69,4.3,9.0,16.25,415.497,0,1,24.444444,2
24273,10,10,7,1,24.0,0.0,40.24,6.7,3.96,20.02,580.45,0,1,24.444444,2
24274,10,11,7,1,24.04,0.0,40.54,4.5,6.72,18.72,670.354,0,1,24.444444,2
24275,10,12,7,1,24.07,0.0,40.76,5.0,5.16,19.55,632.628,0,1,24.444444,2
24276,10,13,7,1,24.08,0.0,40.59,5.7,7.56,23.37,722.768,0,1,24.444444,2
24277,10,14,7,1,24.07,0.0,40.07,9.8,2.88,32.16,692.064,0,1,24.444444,2
24278,10,15,7,1,24.08,0.0,39.92,3.9,4.92,29.03,620.938,0,1,24.444444,2
24279,10,16,7,1,24.08,0.0,39.48,11.0,6.96,37.71,450.887,0,1,24.444444,2
24280,10,17,7,1,24.08,0.0,39.55,4.3,3.84,27.34,246.123,0,1,24.444444,2
24281,10,18,7,1,24.08,0.0,40.72,4.4,9.36,21.05,26.2428,0,1,24.444444,2
24282,10,19,7,1,24.08,0.0,41.67,4.6,2.4,18.88,0.0,0,1,24.444444,2
24283,10,20,7,1,24.08,0.0,42.21,6.0,1.68,19.02,0.0,0,1,24.444444,2
24284,10,21,7,1,24.07,0.0,42.68,9.5,1.32,21.33,0.0,0,1,24.444444,2
24285,10,22,7,1,24.08,0.0,44.05,5.4,3.6,14.44,0.0,0,1,24.444444,2
24286,10,23,7,1,24.07,0.0,45.91,5.7,1.68,14.37,0.0,0,1,24.444444,2
24287,10,24,7,1,24.07,0.0,47.22,4.5,1.92,12.46,0.0,0,1,24.444444,2
24288,10,1,8,1,24.05,0.0,48.73,3.4,0.84,10.28,0.0,0,1,24.444444,2
24289,10,2,8,1,24.07,0.0,49.13,9.1,0.36,16.07,0.0,0,1,24.444444,2
24290,10,3,8,1,24.02,0.0,49.49,3.8,0.24,8.8,0.0,0,1,24.444444,2
24291,10,4,8,1,24.01,0.0,50.17,4.8,0.6,9.33,0.0,0,1,24.444444,2
24292,10,5,8,1,23.94,0.0,50.71,3.4,0.72,7.34,0.0,0,1,24.444444,2
24293,10,6,8,1,24.0,0.0,50.27,8.1,1.68,11.33,0.0,0,1,24.444444,2
24294,10,7,8,1,23.95,0.0,50.44,4.0,2.16,11.75,0.0,0,1,24.444444,2
24295,10,8,8,1,23.96,0.0,49.8,4.6,9.48,16.32,177.666,0,1,24.444444,2
24296,10,9,8,1,24.0,0.0,48.61,4.5,8.4,19.48,349.924,0,1,24.444444,2
24297,10,10,8,1,24.06,0.0,48.55,4.9,18.72,23.23,462.831,0,1,24.444444,2
24298,10,11,8,1,24.08,0.01,48.88,11.8,10.08,35.57,561.4,0,1,24.444444,2
24299,10,12,8,1,24.08,0.0,50.16,4.8,11.28,30.72,673.188,0,1,24.444444,2
24300,10,13,8,1,24.11,0.03,50.79,7.3,2.88,36.78,696.191,0,1,24.444444,2
24301,10,14,8,1,24.13,0.06,50.47,9.0,2.76,42.39,612.849,0,1,24.444444,2
24302,10,15,8,1,24.1,0.02,49.78,5.0,1.92,39.28,478.107,0,1,24.444444,2
24303,10,16,8,1,24.08,0.0,49.03,4.1,2.52,37.92,391.19,0,1,24.444444,2
24304,10,17,8,1,24.09,0.02,48.41,11.5,3.84,43.74,201.946,0,1,24.444444,2
24305,10,18,8,1,24.08,0.0,48.0,10.8,12.36,36.55,18.0949,0,1,24.444444,2
24306,10,19,8,1,24.07,0.0,48.66,7.3,3.0,29.13,0.0,0,1,24.444444,2
24307,10,20,8,1,24.07,0.0,49.82,7.0,2.28,27.02,0.0,0,1,24.444444,2
24308,10,21,8,1,24.07,0.0,51.23,7.2,2.16,25.89,0.0,0,1,24.444444,2
24309,10,22,8,1,24.07,0.0,52.11,9.0,1.92,26.65,0.0,0,1,24.444444,2
24310,10,23,8,1,24.07,0.0,52.86,5.2,1.68,19.35,0.0,0,1,24.444444,2
24311,10,24,8,1,24.07,0.0,53.57,6.2,0.48,18.93,0.0,0,1,24.444444,2
24312,10,1,2,1,24.07,0.0,54.74,3.8,0.36,13.76,0.0,0,1,24.444444,2
24313,10,2,2,1,24.04,0.0,56.25,3.2,0.24,10.93,0.0,0,1,24.444444,2
24314,10,3,2,1,24.03,0.0,57.52,4.9,0.6,11.04,0.0,0,1,24.444444,2
24315,10,4,2,1,23.95,0.0,58.98,3.3,0.36,8.1,0.0,0,1,24.444444,2
24316,10,5,2,1,23.9,0.0,60.1,3.6,0.6,7.82,0.0,0,1,24.444444,2
24317,10,6,2,1,23.83,0.0,61.04,3.4,2.28,6.93,0.0,0,1,24.444444,2
24318,10,7,2,1,23.9,0.0,60.76,4.4,5.28,14.06,0.0,0,1,24.444444,2
24319,10,8,2,1,23.95,0.0,59.92,4.5,7.92,21.2,180.746,0,1,24.444444,2
24320,10,9,2,1,24.0,0.0,58.99,3.5,3.84,25.0,374.245,0,1,24.444444,2
24321,10,10,2,1,24.07,0.0,56.82,4.1,4.56,28.16,534.96,0,1,24.444444,2
24322,10,11,2,1,24.07,0.0,54.66,4.4,2.52,29.4,643.999,0,1,24.444444,2
24323,10,12,2,1,24.07,0.0,52.24,3.8,6.72,29.78,685.341,0,1,24.444444,2
24324,10,13,2,1,24.08,0.0,50.8,4.2,1.2,32.44,712.906,0,1,24.444444,2
24325,10,14,2,1,24.12,0.04,49.58,8.8,9.0,41.34,666.662,0,1,24.444444,2
24326,10,15,2,1,24.08,0.01,49.43,4.0,1.92,38.28,569.59,0,1,24.444444,2
24327,10,16,2,1,24.07,0.0,49.56,5.1,1.92,39.35,416.766,0,1,24.444444,2
24328,10,17,2,1,24.07,0.0,50.07,6.2,1.68,37.21,212.969,0,1,24.444444,2
24329,10,18,2,1,24.07,0.0,51.45,4.5,5.28,27.88,19.7078,0,1,24.444444,2
24330,10,19,2,1,24.07,0.0,52.42,8.0,5.64,29.86,0.0,0,1,24.444444,2
24331,10,20,2,1,24.07,0.0,52.56,10.0,4.56,30.87,0.0,0,1,24.444444,2
24332,10,21,2,1,24.07,0.0,52.51,10.5,2.52,29.26,0.0,0,1,24.444444,2
24333,10,22,2,1,24.07,0.0,53.12,7.0,0.84,21.91,0.0,0,1,24.444444,2
24334,10,23,2,1,24.07,0.0,54.55,5.1,3.84,17.67,0.0,0,1,24.444444,2
24335,10,24,2,1,24.07,0.0,55.96,3.7,1.2,14.36,0.0,0,1,24.444444,2
24336,10,1,3,1,24.07,0.0,56.51,4.8,0.48,14.13,0.0,0,1,24.444444,2
24337,10,2,3,1,24.03,0.0,56.86,3.7,0.24,9.97,0.0,0,1,24.444444,2
24338,10,3,3,1,23.95,0.0,57.53,3.3,0.12,7.96,0.0,0,1,24.444444,2
24339,10,4,3,1,23.89,0.0,58.66,3.2,0.24,7.49,0.0,0,1,24.444444,2
24340,10,5,3,1,23.9,0.0,59.69,4.3,1.56,8.4,0.0,0,1,24.444444,2
24341,10,6,3,1,23.9,0.0,60.33,4.7,3.84,8.4,0.0,0,1,24.444444,2
24342,10,7,3,1,23.94,0.0,60.02,5.1,15.36,15.09,0.0,0,1,24.444444,2
24343,10,8,3,1,24.0,0.0,58.6,7.1,6.6,24.32,183.357,0,1,24.444444,2
24344,10,9,3,1,24.03,0.0,56.45,4.7,9.36,25.24,381.543,0,1,24.444444,2
24345,10,10,3,1,24.07,0.0,54.6,3.4,1.44,26.13,535.218,0,1,24.444444,2
24346,10,11,3,1,24.08,0.0,53.16,3.9,6.72,27.99,646.657,0,1,24.444444,2
24347,10,12,3,1,24.09,0.01,51.88,6.5,1.44,32.94,702.118,0,1,24.444444,2
24348,10,13,3,1,24.15,0.07,50.26,9.3,3.84,39.63,711.878,0,1,24.444444,2
24349,10,14,3,1,24.17,0.1,48.57,8.6,3.48,42.36,671.263,0,1,24.444444,2
24350,10,15,3,1,24.16,0.09,46.86,9.0,1.08,44.8,568.77,0,1,24.444444,2
24351,10,16,3,1,24.14,0.06,45.16,8.8,0.96,44.17,418.344,0,1,24.444444,2
24352,10,17,3,1,24.1,0.03,44.48,8.9,2.4,40.72,217.621,0,1,24.444444,2
24353,10,18,3,1,24.09,0.02,45.12,12.7,5.04,37.79,20.4737,0,1,24.444444,2
24354,10,19,3,1,24.08,0.0,47.08,10.3,1.2,32.81,0.0,0,1,24.444444,2
24355,10,20,3,1,24.07,0.0,49.28,10.2,2.04,31.63,0.0,0,1,24.444444,2
24356,10,21,3,1,24.07,0.0,52.1,8.0,4.8,27.52,0.0,0,1,24.444444,2
24357,10,22,3,1,24.07,0.0,54.36,6.1,2.04,22.87,0.0,0,1,24.444444,2
24358,10,23,3,1,24.07,0.0,56.62,5.7,1.2,20.16,0.0,0,1,24.444444,2
24359,10,24,3,1,24.07,0.0,58.89,4.1,0.48,15.88,0.0,0,1,24.444444,2
24360,10,1,4,1,24.06,0.0,61.01,3.5,0.12,13.44,0.0,0,1,24.444444,2
24361,10,2,4,1,24.03,0.0,62.37,3.8,0.36,11.37,0.0,0,1,24.444444,2
24362,10,3,4,1,24.01,0.0,62.9,5.0,1.44,10.85,0.0,0,1,24.444444,2
24363,10,4,4,1,24.04,0.0,62.15,9.7,0.36,16.02,0.0,0,1,24.444444,2
24364,10,5,4,1,23.86,0.0,63.52,2.9,1.08,6.34,0.0,0,1,24.444444,2
24365,10,6,4,1,23.99,0.0,62.97,10.3,4.32,13.56,0.0,0,1,24.444444,2
24366,10,7,4,1,24.02,0.0,61.62,10.3,7.32,20.86,0.0,0,1,24.444444,2
24367,10,8,4,1,24.04,0.0,60.76,8.9,5.28,26.17,180.996,0,1,24.444444,2
24368,10,9,4,1,24.07,0.0,60.0,8.6,7.68,30.69,378.102,0,1,24.444444,2
24369,10,10,4,1,24.07,0.0,58.29,9.1,4.44,34.51,535.04,0,1,24.444444,2
24370,10,11,4,1,24.09,0.01,56.14,9.0,10.2,35.27,644.92,0,1,24.444444,2
24371,10,12,4,1,24.09,0.02,54.47,6.5,2.04,33.47,702.145,0,1,24.444444,2
24372,10,13,4,1,24.2,0.12,51.36,12.8,2.52,42.53,705.333,0,1,24.444444,2
24373,10,14,4,1,24.16,0.09,49.33,7.9,1.92,40.24,663.817,0,1,24.444444,2
24374,10,15,4,1,24.16,0.08,47.87,9.0,0.48,44.45,568.726,0,1,24.444444,2
24375,10,16,4,1,24.12,0.05,46.06,7.5,1.32,42.28,418.73,0,1,24.444444,2
24376,10,17,4,1,24.09,0.01,45.86,8.6,3.36,39.97,215.828,0,1,24.444444,2
24377,10,18,4,1,24.07,0.0,46.51,8.7,5.04,32.65,19.5035,0,1,24.444444,2
24378,10,19,4,1,24.07,0.0,47.25,10.5,5.64,31.92,0.0,0,1,24.444444,2
24379,10,20,4,1,24.07,0.0,47.69,10.1,4.56,29.38,0.0,0,1,24.444444,2
24380,10,21,4,1,24.07,0.0,47.87,14.6,1.8,32.7,0.0,0,1,24.444444,2
24381,10,22,4,1,24.07,0.0,48.87,7.2,1.56,20.71,0.0,0,1,24.444444,2
24382,10,23,4,1,24.07,0.0,50.4,8.7,0.96,20.76,0.0,0,1,24.444444,2
24383,10,24,4,1,24.07,0.0,52.22,7.9,0.24,17.82,0.0,0,1,24.444444,2
24384,10,1,5,1,24.04,0.0,54.82,3.7,0.36,10.84,0.0,0,1,24.444444,2
24385,10,2,5,1,24.01,0.0,57.04,4.0,0.48,9.57,0.0,0,1,24.444444,2
24386,10,3,5,1,24.05,0.0,57.79,9.5,0.36,15.06,0.0,0,1,24.444444,2
24387,10,4,5,1,23.86,0.0,59.47,2.9,0.6,6.18,0.0,0,1,24.444444,2
24388,10,5,5,1,23.99,0.0,59.56,9.5,0.96,12.57,0.0,0,1,24.444444,2
24389,10,6,5,1,24.01,0.0,59.31,9.8,1.8,12.07,0.0,0,1,24.444444,2
24390,10,7,5,1,24.01,0.0,58.98,9.1,25.68,17.52,0.0,0,1,24.444444,2
24391,10,8,5,1,24.04,0.0,57.93,9.1,9.72,23.67,159.322,0,1,24.444444,2
24392,10,9,5,1,24.07,0.0,56.4,10.2,4.92,29.95,325.962,0,1,24.444444,2
24393,10,10,5,1,24.08,0.0,56.16,8.4,3.36,32.19,509.917,0,1,24.444444,2
24394,10,11,5,1,24.08,0.0,54.81,8.1,6.48,33.8,570.998,0,1,24.444444,2
24395,10,12,5,1,24.12,0.05,52.71,10.2,0.84,38.23,682.311,0,1,24.444444,2
24396,10,13,5,1,24.15,0.08,52.01,9.2,0.96,39.61,690.95,0,1,24.444444,2
24397,10,14,5,1,24.2,0.12,50.24,12.0,4.56,45.43,643.029,0,1,24.444444,2
24398,10,15,5,1,24.17,0.1,48.57,9.9,1.2,44.72,502.027,0,1,24.444444,2
24399,10,16,5,1,24.13,0.06,48.46,8.3,0.96,41.12,305.006,0,1,24.444444,2
24400,10,17,5,1,24.1,0.02,48.85,8.2,2.64,37.71,129.502,0,1,24.444444,2
24401,10,18,5,1,24.08,0.01,49.25,9.5,1.56,34.93,8.01844,0,1,24.444444,2
24402,10,19,5,1,24.07,0.0,49.95,9.5,4.92,32.6,0.0,0,1,24.444444,2
24403,10,20,5,1,24.07,0.0,50.86,9.2,3.84,30.68,0.0,0,1,24.444444,2
24404,10,21,5,1,24.07,0.0,51.85,11.7,3.6,32.84,0.0,0,1,24.444444,2
24405,10,22,5,1,24.07,0.0,52.82,11.7,1.56,31.11,0.0,0,1,24.444444,2
24406,10,23,5,1,24.07,0.0,54.56,8.7,1.8,25.38,0.0,0,1,24.444444,2
24407,10,24,5,1,24.07,0.0,56.28,10.0,0.48,26.42,0.0,0,1,24.444444,2
24408,10,1,6,1,24.07,0.0,58.67,3.4,2.88,15.52,0.0,0,1,24.444444,2
24409,10,2,6,1,24.06,0.0,61.31,3.4,0.48,13.82,0.0,0,1,24.444444,2
24410,10,3,6,1,24.05,0.0,63.36,3.9,0.12,13.39,0.0,0,1,24.444444,2
24411,10,4,6,1,24.03,0.0,65.18,3.4,0.36,12.36,0.0,0,1,24.444444,2
24412,10,5,6,1,24.02,0.0,66.74,3.5,3.96,12.19,0.0,0,1,24.444444,2
24413,10,6,6,1,24.02,0.0,68.12,4.0,4.8,13.41,0.0,0,1,24.444444,2
24414,10,7,6,1,24.03,0.0,69.03,4.3,8.88,19.04,0.0,0,1,24.444444,2
24415,10,8,6,1,24.04,0.0,68.84,4.9,4.8,21.07,115.492,0,1,24.444444,2
24416,10,9,6,1,24.06,0.0,66.88,5.1,5.88,26.99,269.904,0,1,24.444444,2
24417,10,10,6,1,24.07,0.0,63.22,5.6,2.04,32.18,387.2,0,1,24.444444,2
24418,10,11,6,1,24.07,0.0,60.08,5.3,5.64,31.32,387.334,0,1,24.444444,2
24419,10,12,6,1,24.07,0.0,56.81,7.3,2.04,32.51,215.87,0,1,24.444444,2
24420,10,13,6,1,24.08,0.0,54.39,7.6,3.12,37.69,508.839,0,1,24.444444,2
24421,10,14,6,1,24.07,0.0,52.73,8.5,0.84,38.29,384.379,0,1,24.444444,2
24422,10,15,6,1,24.07,0.0,52.32,9.2,0.96,35.16,110.787,0,1,24.444444,2
24423,10,16,6,1,24.07,0.0,52.06,8.6,1.92,35.79,148.801,0,1,24.444444,2
24424,10,17,6,1,24.07,0.0,52.12,7.8,1.68,36.91,184.986,0,1,24.444444,2
24425,10,18,6,1,24.07,0.0,53.56,8.0,4.08,31.9,14.1097,0,1,24.444444,2
24426,10,19,6,1,24.07,0.0,54.7,9.9,3.6,32.29,0.0,0,1,24.444444,2
24427,10,20,6,1,24.07,0.0,55.79,9.0,1.56,29.7,0.0,0,1,24.444444,2
24428,10,21,6,1,24.07,0.0,57.15,7.9,1.56,27.1,0.0,0,1,24.444444,2
24429,10,22,6,1,24.07,0.0,58.9,5.6,2.4,22.65,0.0,0,1,24.444444,2
24430,10,23,6,1,24.07,0.0,60.7,6.8,0.24,23.7,0.0,0,1,24.444444,2
24431,10,24,6,1,24.07,0.0,62.66,4.3,0.72,18.32,0.0,0,1,24.444444,2
24432,10,1,7,1,24.07,0.0,64.82,3.4,0.6,15.81,0.0,0,1,24.444444,2
24433,10,2,7,1,24.06,0.0,66.15,3.7,0.36,14.67,0.0,0,1,24.444444,2
24434,10,3,7,1,24.04,0.0,67.24,4.1,0.84,13.73,0.0,0,1,24.444444,2
24435,10,4,7,1,24.02,0.0,68.19,3.7,0.24,11.85,0.0,0,1,24.444444,2
24436,10,5,7,1,23.99,0.0,69.15,3.6,0.96,10.97,0.0,0,1,24.444444,2
24437,10,6,7,1,23.98,0.0,70.28,3.5,1.08,11.1,0.0,0,1,24.444444,2
24438,10,7,7,1,23.99,0.0,70.89,3.7,5.76,17.57,0.0,0,1,24.444444,2
24439,10,8,7,1,24.01,0.0,69.71,5.0,4.92,23.52,137.412,0,1,24.444444,2
24440,10,9,7,1,24.04,0.0,67.73,3.7,7.32,27.26,323.368,0,1,24.444444,2
24441,10,10,7,1,24.07,0.0,65.38,3.7,9.84,31.58,524.134,0,1,24.444444,2
24442,10,11,7,1,24.08,0.0,63.22,4.3,2.76,34.22,627.109,0,1,24.444444,2
24443,10,12,7,1,24.1,0.02,61.47,3.8,5.28,35.55,683.694,0,1,24.444444,2
24444,10,13,7,1,24.12,0.05,59.45,4.1,4.8,38.42,688.614,0,1,24.444444,2
24445,10,14,7,1,24.25,0.17,56.0,10.0,2.16,48.97,635.452,0,1,24.444444,2
24446,10,15,7,1,24.17,0.1,54.1,3.9,3.48,44.23,542.275,0,1,24.444444,2
24447,10,16,7,1,24.12,0.05,53.47,3.8,11.16,43.19,393.527,0,1,24.444444,2
24448,10,17,7,1,24.09,0.02,53.53,5.0,5.88,40.66,190.761,0,1,24.444444,2
24449,10,18,7,1,24.08,0.0,54.59,4.2,3.6,32.74,14.0323,0,1,24.444444,2
24450,10,19,7,1,24.07,0.0,55.06,7.1,5.52,33.77,0.0,0,1,24.444444,2
24451,10,20,7,1,24.07,0.0,55.54,4.2,5.16,27.24,0.0,0,1,24.444444,2
24452,10,21,7,1,24.07,0.0,56.12,8.8,2.4,32.33,0.0,0,1,24.444444,2
24453,10,22,7,1,24.07,0.0,58.31,3.9,3.0,23.21,0.0,0,1,24.444444,2
24454,10,23,7,1,24.07,0.0,60.76,5.1,2.04,24.04,0.0,0,1,24.444444,2
24455,10,24,7,1,24.07,0.0,62.87,3.2,1.68,19.47,0.0,0,1,24.444444,2
24456,10,1,1,1,24.07,0.0,64.88,3.4,1.08,18.04,0.0,0,1,24.444444,2
24457,10,2,1,1,24.07,0.0,64.88,8.0,0.72,24.24,0.0,0,1,24.444444,2
24458,10,3,1,1,24.06,0.0,65.27,3.5,0.36,14.81,0.0,0,1,24.444444,2
24459,10,4,1,1,24.04,0.0,67.26,3.3,0.36,13.68,0.0,0,1,24.444444,2
24460,10,5,1,1,24.05,0.0,68.87,4.6,0.48,15.49,0.0,0,1,24.444444,2
24461,10,6,1,1,24.06,0.0,68.77,8.2,0.96,21.21,0.0,0,1,24.444444,2
24462,10,7,1,1,24.05,0.0,68.43,4.9,5.28,21.16,0.0,0,1,24.444444,2
24463,10,8,1,1,24.05,0.0,67.89,3.5,5.16,25.79,165.266,0,1,24.444444,2
24464,10,9,1,1,24.07,0.0,65.98,3.8,6.48,29.49,319.966,0,1,24.444444,2
24465,10,10,1,1,24.07,0.0,63.76,4.8,14.88,31.33,314.625,0,1,24.444444,2
24466,10,11,1,1,24.09,0.01,60.98,9.0,13.8,39.95,385.634,0,1,24.444444,2
24467,10,12,1,1,24.11,0.04,57.64,4.5,10.56,36.58,623.942,0,1,24.444444,2
24468,10,13,1,1,24.14,0.06,55.88,6.1,3.84,39.75,637.058,0,1,24.444444,2
24469,10,14,1,1,24.18,0.11,54.74,9.8,4.56,46.63,595.307,0,1,24.444444,2
24470,10,15,1,1,24.13,0.06,54.35,3.9,2.88,42.55,535.085,0,1,24.444444,2
24471,10,16,1,1,24.11,0.04,54.28,4.5,4.2,43.84,384.456,0,1,24.444444,2
24472,10,17,1,1,24.14,0.06,53.9,10.2,3.96,47.65,182.684,0,1,24.444444,2
24473,10,18,1,1,24.13,0.06,54.39,10.4,12.6,41.54,13.4062,0,1,24.444444,2
24474,10,19,1,1,24.09,0.02,55.91,7.0,7.32,35.06,0.0,0,1,24.444444,2
24475,10,20,1,1,24.09,0.02,57.12,10.2,1.44,38.15,0.0,0,1,24.444444,2
24476,10,21,1,1,24.08,0.01,58.14,10.1,3.12,36.58,0.0,0,1,24.444444,2
24477,10,22,1,1,24.07,0.0,60.05,4.5,1.56,26.07,0.0,0,1,24.444444,2
24478,10,23,1,1,24.07,0.0,62.49,4.1,1.08,23.7,0.0,0,1,24.444444,2
24479,10,24,1,1,24.07,0.0,64.28,3.3,0.6,20.18,0.0,0,1,24.444444,2
24480,10,1,2,1,24.07,0.0,65.48,3.3,0.36,18.4,0.0,0,1,24.444444,2
24481,10,2,2,1,24.07,0.0,66.27,3.8,0.48,17.86,0.0,0,1,24.444444,2
24482,10,3,2,1,24.07,0.0,66.9,5.7,0.12,20.0,0.0,0,1,24.444444,2
24483,10,4,2,1,24.06,0.0,68.29,3.4,0.36,14.76,0.0,0,1,24.444444,2
24484,10,5,2,1,24.04,0.0,69.97,3.4,0.48,14.08,0.0,0,1,24.444444,2
24485,10,6,2,1,24.03,0.0,71.37,3.6,5.64,14.38,0.0,0,1,24.444444,2
24486,10,7,2,1,24.04,0.0,71.31,4.6,3.84,22.29,0.0,0,1,24.444444,2
24487,10,8,2,1,24.05,0.0,69.91,4.6,12.24,25.65,146.623,0,1,24.444444,2
24488,10,9,2,1,24.07,0.0,66.03,11.0,5.28,37.43,246.014,0,1,24.444444,2
24489,10,10,2,1,24.07,0.0,63.3,5.8,7.08,33.55,427.245,0,1,24.444444,2
24490,10,11,2,1,24.07,0.0,61.93,4.8,3.24,32.96,409.731,0,1,24.444444,2
24491,10,12,2,1,24.07,0.0,60.32,3.8,0.48,28.95,349.456,0,1,24.444444,2
24492,10,13,2,1,24.07,0.0,60.13,4.4,1.2,27.66,116.2,0,1,24.444444,2
24493,10,14,2,1,24.07,0.0,60.11,8.8,2.76,34.38,117.361,0,1,24.444444,2
24494,10,15,2,1,24.07,0.0,60.53,4.8,1.56,30.0,130.584,0,1,24.444444,2
24495,10,16,2,1,24.07,0.0,60.36,3.5,3.48,34.03,303.005,0,1,24.444444,2
24496,10,17,2,1,24.07,0.0,59.99,5.6,1.32,35.67,178.402,0,1,24.444444,2
24497,10,18,2,1,24.07,0.0,60.85,4.8,5.88,28.41,11.7656,0,1,24.444444,2
24498,10,19,2,1,24.07,0.0,60.77,10.7,4.92,35.8,0.0,0,1,24.444444,2
24499,10,20,2,1,24.07,0.0,60.07,8.9,4.92,31.43,0.0,0,1,24.444444,2
24500,10,21,2,1,24.07,0.0,59.77,10.5,2.88,33.37,0.0,0,1,24.444444,2
24501,10,22,2,1,24.07,0.0,60.7,6.1,1.92,25.1,0.0,0,1,24.444444,2
24502,10,23,2,1,24.07,0.0,62.89,6.0,1.2,24.39,0.0,0,1,24.444444,2
24503,10,24,2,1,24.07,0.0,65.35,3.9,0.84,20.49,0.0,0,1,24.444444,2
24504,10,1,3,1,24.07,0.0,67.45,3.9,0.36,19.84,0.0,0,1,24.444444,2
24505,10,2,3,1,24.07,0.0,69.31,3.2,0.6,18.15,0.0,0,1,24.444444,2
24506,10,3,3,1,24.06,0.0,70.38,3.8,0.24,18.79,0.0,0,1,24.444444,2
24507,10,4,3,1,24.06,0.0,71.01,3.9,0.36,17.44,0.0,0,1,24.444444,2
24508,10,5,3,1,24.05,0.0,71.9,3.4,2.4,15.32,0.0,0,1,24.444444,2
24509,10,6,3,1,24.05,0.0,72.2,4.3,4.2,16.04,0.0,0,1,24.444444,2
24510,10,7,3,1,24.05,0.0,71.14,4.8,29.64,23.84,0.0,0,1,24.444444,2
24511,10,8,3,1,24.06,0.0,69.26,4.2,6.0,27.74,151.449,0,1,24.444444,2
24512,10,9,3,1,24.07,0.0,66.29,6.7,6.24,30.43,206.229,0,1,24.444444,2
24513,10,10,3,1,24.07,0.0,63.88,4.5,0.96,28.27,263.608,0,1,24.444444,2
24514,10,11,3,1,24.07,0.0,61.46,4.2,6.0,32.04,329.372,0,1,24.444444,2
24515,10,12,3,1,24.11,0.04,58.45,6.8,2.16,39.71,586.829,0,1,24.444444,2
24516,10,13,3,1,24.14,0.07,55.75,8.8,3.24,41.54,607.18,0,1,24.444444,2
24517,10,14,3,1,24.09,0.02,55.29,8.0,4.68,37.3,271.613,0,1,24.444444,2
24518,10,15,3,1,24.08,0.01,54.6,9.1,1.08,39.73,250.976,0,1,24.444444,2
24519,10,16,3,1,24.07,0.0,54.33,4.1,1.08,37.01,290.107,0,1,24.444444,2
24520,10,17,3,1,24.08,0.0,53.83,8.5,1.32,42.52,183.735,0,1,24.444444,2
24521,10,18,3,1,24.07,0.0,53.87,8.7,1.92,35.64,12.3052,0,1,24.444444,2
24522,10,19,3,1,24.07,0.0,54.63,11.5,5.88,36.99,0.0,0,1,24.444444,2
24523,10,20,3,1,24.07,0.0,54.92,12.8,3.0,37.08,0.0,0,1,24.444444,2
24524,10,21,3,1,24.07,0.0,56.45,5.9,2.88,25.57,0.0,0,1,24.444444,2
24525,10,22,3,1,24.07,0.0,57.62,8.5,1.92,27.54,0.0,0,1,24.444444,2
24526,10,23,3,1,24.07,0.0,58.61,6.0,1.44,21.65,0.0,0,1,24.444444,2
24527,10,24,3,1,24.07,0.0,60.05,3.7,0.72,16.44,0.0,0,1,24.444444,2
24528,10,1,4,1,24.07,0.0,61.38,3.3,0.48,14.18,0.0,0,1,24.444444,2
24529,10,2,4,1,24.05,0.0,62.94,3.5,0.6,12.79,0.0,0,1,24.444444,2
24530,10,3,4,1,24.03,0.0,64.18,4.5,0.36,13.03,0.0,0,1,24.444444,2
24531,10,4,4,1,24.06,0.0,64.04,8.1,0.48,17.6,0.0,0,1,24.444444,2
24532,10,5,4,1,23.99,0.0,65.16,3.0,1.92,9.31,0.0,0,1,24.444444,2
24533,10,6,4,1,24.04,0.0,65.66,8.5,5.88,16.85,0.0,0,1,24.444444,2
24534,10,7,4,1,24.07,0.0,64.03,12.1,8.16,29.24,0.0,0,1,24.444444,2
24535,10,8,4,1,24.07,0.0,62.43,8.6,6.72,30.12,166.942,0,1,24.444444,2
24536,10,9,4,1,24.08,0.0,60.94,9.6,5.16,35.26,356.53,0,1,24.444444,2
24537,10,10,4,1,24.07,0.0,59.36,8.1,2.28,34.04,394.628,0,1,24.444444,2
24538,10,11,4,1,24.08,0.0,57.81,8.6,11.64,36.38,385.186,0,1,24.444444,2
24539,10,12,4,1,24.09,0.01,56.56,6.5,3.24,36.81,551.952,0,1,24.444444,2
24540,10,13,4,1,24.15,0.08,55.17,9.1,1.32,42.07,677.676,0,1,24.444444,2
24541,10,14,4,1,24.14,0.07,53.59,8.3,0.84,42.75,514.341,0,1,24.444444,2
24542,10,15,4,1,24.16,0.09,51.62,9.5,0.96,47.04,477.283,0,1,24.444444,2
24543,10,16,4,1,24.13,0.06,50.4,7.7,3.72,45.13,368.451,0,1,24.444444,2
24544,10,17,4,1,24.11,0.04,50.08,8.8,1.08,42.32,171.06,0,1,24.444444,2
24545,10,18,4,1,24.09,0.02,50.13,9.9,6.96,36.92,9.9584,0,1,24.444444,2
24546,10,19,4,1,24.08,0.01,50.45,10.3,3.96,34.89,0.0,0,1,24.444444,2
24547,10,20,4,1,24.08,0.0,50.87,11.2,2.28,34.62,0.0,0,1,24.444444,2
24548,10,21,4,1,24.07,0.0,51.65,11.4,1.44,34.1,0.0,0,1,24.444444,2
24549,10,22,4,1,24.07,0.0,53.26,11.6,1.8,32.9,0.0,0,1,24.444444,2
24550,10,23,4,1,24.07,0.0,55.79,8.7,0.72,27.74,0.0,0,1,24.444444,2
24551,10,24,4,1,24.07,0.0,57.86,7.9,0.12,25.39,0.0,0,1,24.444444,2
24552,10,1,5,1,24.07,0.0,59.64,4.1,0.72,16.61,0.0,0,1,24.444444,2
24553,10,2,5,1,24.03,0.0,59.93,3.0,0.24,11.53,0.0,0,1,24.444444,2
24554,10,3,5,1,24.03,0.0,57.69,5.6,0.48,12.2,0.0,0,1,24.444444,2
24555,10,4,5,1,23.9,0.0,56.6,3.0,1.44,7.06,0.0,0,1,24.444444,2
24556,10,5,5,1,23.96,0.0,54.91,8.1,1.56,10.32,0.0,0,1,24.444444,2
24557,10,6,5,1,23.99,0.0,52.64,10.4,6.36,11.29,0.0,0,1,24.444444,2
24558,10,7,5,1,23.95,0.0,51.09,7.8,27.6,11.69,0.0,0,1,24.444444,2
24559,10,8,5,1,23.98,0.0,49.01,10.5,9.96,18.8,189.405,0,1,24.444444,2
24560,10,9,5,1,24.01,0.0,46.13,10.1,4.68,20.86,408.887,0,1,24.444444,2
24561,10,10,5,1,23.96,0.0,44.66,4.1,5.64,16.08,581.905,0,1,24.444444,2
24562,10,11,5,1,24.04,0.0,43.47,8.4,3.12,20.83,701.185,0,1,24.444444,2
24563,10,12,5,1,24.07,0.0,41.9,11.1,3.48,25.55,763.063,0,1,24.444444,2
24564,10,13,5,1,24.07,0.0,39.91,9.1,1.8,24.86,767.642,0,1,24.444444,2
24565,10,14,5,1,24.07,0.0,38.41,9.9,2.4,29.03,709.304,0,1,24.444444,2
24566,10,15,5,1,24.08,0.0,37.41,9.0,1.44,30.14,598.13,0,1,24.444444,2
24567,10,16,5,1,24.08,0.0,37.0,7.8,1.44,28.39,434.325,0,1,24.444444,2
24568,10,17,5,1,24.08,0.0,36.6,8.4,10.2,25.88,212.899,0,1,24.444444,2
24569,10,18,5,1,24.08,0.0,36.44,9.8,3.84,21.47,16.0504,0,1,24.444444,2
24570,10,19,5,1,24.08,0.0,36.55,10.4,4.8,19.94,0.0,0,1,24.444444,2
24571,10,20,5,1,24.08,0.0,36.81,8.5,3.12,16.28,0.0,0,1,24.444444,2
24572,10,21,5,1,24.08,0.0,37.24,12.4,0.72,19.0,0.0,0,1,24.444444,2
24573,10,22,5,1,24.08,0.0,37.65,11.3,1.56,16.11,0.0,0,1,24.444444,2
24574,10,23,5,1,24.07,0.0,38.37,9.0,0.72,11.7,0.0,0,1,24.444444,2
24575,10,24,5,1,24.08,0.0,39.0,12.9,2.04,14.18,0.0,0,1,24.444444,2
24576,10,1,6,1,23.83,0.0,40.16,3.6,0.48,4.62,0.0,0,1,24.444444,2
24577,10,2,6,1,23.67,0.0,40.89,3.4,0.6,3.79,0.0,0,1,24.444444,2
24578,10,3,6,1,23.6,0.0,40.71,3.8,0.24,3.33,0.0,0,1,24.444444,2
24579,10,4,6,1,23.48,0.0,40.56,3.5,0.48,2.51,0.0,0,1,24.444444,2
24580,10,5,6,1,23.35,0.0,40.44,3.6,1.68,2.01,0.0,0,1,24.444444,2
24581,10,6,6,1,23.26,0.0,40.35,3.8,7.56,1.66,0.0,0,1,24.444444,2
24582,10,7,6,1,23.54,0.0,39.24,7.2,9.0,4.83,0.0,0,1,24.444444,2
24583,10,8,6,1,23.62,0.0,38.02,4.8,8.28,7.13,189.041,0,1,24.444444,2
24584,10,9,6,1,23.66,0.0,36.64,5.5,10.32,10.06,411.591,0,1,24.444444,2
24585,10,10,6,1,23.71,0.0,35.23,4.9,2.76,10.5,584.656,0,1,24.444444,2
24586,10,11,6,1,23.77,0.0,34.36,4.8,2.16,10.9,685.08,0,1,24.444444,2
24587,10,12,6,1,23.84,0.0,33.63,5.2,2.04,12.65,745.035,0,1,24.444444,2
24588,10,13,6,1,23.93,0.0,32.87,7.3,3.0,16.58,732.193,0,1,24.444444,2
24589,10,14,6,1,24.04,0.0,31.96,10.0,0.36,22.76,681.581,0,1,24.444444,2
24590,10,15,6,1,24.06,0.0,31.25,9.5,0.72,25.81,580.346,0,1,24.444444,2
24591,10,16,6,1,24.07,0.0,30.72,8.1,1.68,25.52,419.617,0,1,24.444444,2
24592,10,17,6,1,24.08,0.0,30.33,8.3,2.04,23.11,208.867,0,1,24.444444,2
24593,10,18,6,1,24.08,0.0,30.98,8.7,2.04,16.85,14.5728,0,1,24.444444,2
24594,10,19,6,1,24.08,0.0,32.2,11.1,5.76,16.64,0.0,0,1,24.444444,2
24595,10,20,6,1,24.06,0.0,33.32,7.9,3.0,11.26,0.0,0,1,24.444444,2
24596,10,21,6,1,24.05,0.0,34.31,9.5,1.56,10.56,0.0,0,1,24.444444,2
24597,10,22,6,1,23.99,0.0,35.92,8.5,1.8,8.12,0.0,0,1,24.444444,2
24598,10,23,6,1,23.81,0.0,38.73,5.6,0.96,4.91,0.0,0,1,24.444444,2
24599,10,24,6,1,23.57,0.0,41.35,4.1,0.96,3.01,0.0,0,1,24.444444,2
24600,10,1,7,1,23.38,0.0,43.06,4.0,0.6,2.1,0.0,0,1,24.444444,2
24601,10,2,7,1,23.22,0.0,44.61,3.6,0.48,1.49,0.0,0,1,24.444444,2
24602,10,3,7,1,23.1,0.0,46.68,3.4,0.72,1.13,0.0,0,1,24.444444,2
24603,10,4,7,1,22.99,0.0,48.31,3.6,0.48,0.94,0.0,0,1,24.444444,2
24604,10,5,7,1,22.92,0.0,48.79,3.5,0.48,0.72,0.0,0,1,24.444444,2
24605,10,6,7,1,22.89,0.0,48.43,4.4,2.4,0.69,0.0,0,1,24.444444,2
24606,10,7,7,1,23.03,0.0,47.59,3.8,3.84,0.97,0.0,0,1,24.444444,2
24607,10,8,7,1,23.42,0.0,46.52,4.7,5.64,5.97,179.899,0,1,24.444444,2
24608,10,9,7,1,23.58,0.0,45.42,3.2,9.6,9.55,387.192,0,1,24.444444,2
24609,10,10,7,1,23.69,0.0,43.59,3.2,12.36,10.96,549.529,0,1,24.444444,2
24610,10,11,7,1,23.77,0.0,41.64,4.0,5.64,12.5,655.452,0,1,24.444444,2
24611,10,12,7,1,23.86,0.0,40.23,4.3,4.8,14.59,708.89,0,1,24.444444,2
24612,10,13,7,1,23.94,0.0,38.63,4.5,2.28,17.27,716.469,0,1,24.444444,2
24613,10,14,7,1,24.05,0.0,37.56,9.0,3.0,25.38,642.744,0,1,24.444444,2
24614,10,15,7,1,24.05,0.0,37.34,4.1,4.68,21.89,506.489,0,1,24.444444,2
24615,10,16,7,1,24.07,0.0,37.84,10.5,9.48,26.59,256.575,0,1,24.444444,2
24616,10,17,7,1,24.07,0.0,38.75,4.6,6.72,18.34,109.132,0,1,24.444444,2
24617,10,18,7,1,24.06,0.0,40.06,3.8,10.32,14.61,3.22357,0,1,24.444444,2
24618,10,19,7,1,24.07,0.0,41.16,4.9,5.76,13.85,0.0,0,1,24.444444,2
24619,10,20,7,1,24.07,0.0,42.41,5.7,4.56,13.03,0.0,0,1,24.444444,2
24620,10,21,7,1,24.07,0.0,43.49,6.5,4.08,12.55,0.0,0,1,24.444444,2
24621,10,22,7,1,24.0,0.0,45.46,4.1,1.32,8.81,0.0,0,1,24.444444,2
24622,10,23,7,1,23.96,0.0,47.07,5.5,2.64,8.22,0.0,0,1,24.444444,2
24623,10,24,7,1,23.78,0.0,48.99,3.4,0.48,5.15,0.0,0,1,24.444444,2
24624,10,1,1,1,23.66,0.0,50.84,3.7,1.56,4.32,0.0,0,1,24.444444,2
24625,10,2,1,1,23.77,0.0,51.23,8.4,0.36,6.86,0.0,0,1,24.444444,2
24626,10,3,1,1,23.54,0.0,52.72,3.6,2.76,2.83,0.0,0,1,24.444444,2
24627,10,4,1,1,23.41,0.0,54.32,3.6,0.24,2.59,0.0,0,1,24.444444,2
24628,10,5,1,1,23.29,0.0,55.65,3.1,0.24,1.93,0.0,0,1,24.444444,2
24629,10,6,1,1,23.43,0.0,55.56,7.8,1.08,3.77,0.0,0,1,24.444444,2
24630,10,7,1,1,23.51,0.0,55.85,4.2,2.64,4.92,0.0,0,1,24.444444,2
24631,10,8,1,1,23.65,0.0,55.89,4.0,11.4,11.42,174.999,0,1,24.444444,2
24632,10,9,1,1,23.72,0.0,54.96,4.6,10.68,16.11,361.839,0,1,24.444444,2
24633,10,10,1,1,23.8,0.0,53.22,3.8,10.56,16.17,460.812,0,1,24.444444,2
24634,10,11,1,1,23.97,0.0,49.92,8.7,8.28,21.92,612.476,0,1,24.444444,2
24635,10,12,1,1,24.01,0.0,47.67,4.4,9.36,18.17,618.07,0,1,24.444444,2
24636,10,13,1,1,24.04,0.0,45.72,4.3,3.6,17.5,450.557,0,1,24.444444,2
24637,10,14,1,1,24.07,0.0,43.88,9.4,1.68,23.59,344.573,0,1,24.444444,2
24638,10,15,1,1,24.06,0.0,43.11,4.2,3.96,17.51,275.097,0,1,24.444444,2
24639,10,16,1,1,24.07,0.0,43.29,6.0,6.36,18.14,132.806,0,1,24.444444,2
24640,10,17,1,1,24.08,0.0,43.6,9.0,5.64,20.84,45.5939,0,1,24.444444,2
24641,10,18,1,1,24.08,0.0,44.14,12.2,10.08,23.81,0.0,0,1,24.444444,2
24642,10,19,1,1,24.08,0.0,45.18,7.5,10.92,16.39,0.0,0,1,24.444444,2
24643,10,20,1,1,24.07,0.0,46.34,9.0,1.56,16.87,0.0,0,1,24.444444,2
24644,10,21,1,1,24.06,0.0,48.01,6.1,2.16,11.45,0.0,0,1,24.444444,2
24645,10,22,1,1,23.97,0.0,49.81,4.3,1.68,8.02,0.0,0,1,24.444444,2
24646,10,23,1,1,23.85,0.0,51.72,3.8,0.72,6.42,0.0,0,1,24.444444,2
24647,10,24,1,1,23.74,0.0,53.78,3.8,0.84,5.3,0.0,0,1,24.444444,2
24648,10,1,2,1,23.63,0.0,55.66,3.4,0.48,3.88,0.0,0,1,24.444444,2
24649,10,2,2,1,23.5,0.0,57.03,3.4,0.72,3.07,0.0,0,1,24.444444,2
24650,10,3,2,1,23.38,0.0,58.13,3.1,0.36,2.52,0.0,0,1,24.444444,2
24651,10,4,2,1,23.31,0.0,59.01,3.5,0.12,2.23,0.0,0,1,24.444444,2
24652,10,5,2,1,23.24,0.0,59.56,3.4,0.48,1.82,0.0,0,1,24.444444,2
24653,10,6,2,1,23.19,0.0,59.75,3.7,2.04,1.67,0.0,0,1,24.444444,2
24654,10,7,2,1,23.35,0.0,58.98,4.2,8.28,3.24,0.0,0,1,24.444444,2
24655,10,8,2,1,23.6,0.0,57.7,4.6,11.04,10.46,168.982,0,1,24.444444,2
24656,10,9,2,1,23.73,0.0,55.31,5.4,9.84,17.13,366.504,0,1,24.444444,2
24657,10,10,2,1,23.83,0.0,51.94,4.6,3.6,17.96,520.89,0,1,24.444444,2
24658,10,11,2,1,23.94,0.0,49.04,6.4,1.92,20.03,623.121,0,1,24.444444,2
24659,10,12,2,1,24.01,0.0,47.43,5.7,5.16,21.1,690.596,0,1,24.444444,2
24660,10,13,2,1,24.04,0.0,45.64,4.2,2.4,22.15,700.409,0,1,24.444444,2
24661,10,14,2,1,24.07,0.0,42.94,8.8,2.52,31.72,650.326,0,1,24.444444,2
24662,10,15,2,1,24.08,0.0,41.08,4.6,1.68,29.67,551.84,0,1,24.444444,2
24663,10,16,2,1,24.08,0.0,40.14,4.4,2.64,29.33,393.747,0,1,24.444444,2
24664,10,17,2,1,24.08,0.0,39.33,5.3,1.56,26.51,179.66,0,1,24.444444,2
24665,10,18,2,1,24.08,0.0,39.31,3.5,3.12,18.29,8.19264,0,1,24.444444,2
24666,10,19,2,1,24.08,0.0,40.0,7.6,6.84,20.44,0.0,0,1,24.444444,2
24667,10,20,2,1,24.08,0.0,40.76,11.1,5.64,22.64,0.0,0,1,24.444444,2
24668,10,21,2,1,24.07,0.0,41.88,14.4,2.4,24.62,0.0,0,1,24.444444,2
24669,10,22,2,1,24.07,0.0,44.03,6.6,6.36,12.84,0.0,0,1,24.444444,2
24670,10,23,2,1,24.06,0.0,46.64,6.4,10.2,10.9,0.0,0,1,24.444444,2
24671,10,24,2,1,24.04,0.0,48.89,7.4,0.72,10.51,0.0,0,1,24.444444,2
24672,10,1,3,1,23.92,0.0,51.29,5.1,0.48,7.0,0.0,0,1,24.444444,2
24673,10,2,3,1,23.74,0.0,53.39,3.4,0.36,4.65,0.0,0,1,24.444444,2
24674,10,3,3,1,23.61,0.0,55.54,3.2,0.24,3.89,0.0,0,1,24.444444,2
24675,10,4,3,1,23.61,0.0,56.99,5.0,0.12,4.44,0.0,0,1,24.444444,2
24676,10,5,3,1,23.47,0.0,58.74,3.1,0.24,2.97,0.0,0,1,24.444444,2
24677,10,6,3,1,23.45,0.0,60.18,3.7,2.76,3.34,0.0,0,1,24.444444,2
24678,10,7,3,1,23.62,0.0,60.47,5.2,21.72,7.76,0.0,0,1,24.444444,2
24679,10,8,3,1,23.72,0.0,59.89,3.8,7.08,12.63,164.122,0,1,24.444444,2
24680,10,9,3,1,23.83,0.0,57.25,6.1,13.44,19.57,352.379,0,1,24.444444,2
24681,10,10,3,1,23.9,0.0,54.33,3.9,2.28,19.74,484.103,0,1,24.444444,2
24682,10,11,3,1,23.99,0.0,52.37,3.6,4.2,20.21,574.007,0,1,24.444444,2
24683,10,12,3,1,24.05,0.0,51.45,3.9,0.84,21.73,518.324,0,1,24.444444,2
24684,10,13,3,1,24.07,0.0,50.01,9.1,2.28,30.26,472.578,0,1,24.444444,2
24685,10,14,3,1,24.07,0.0,49.07,7.9,2.4,29.62,331.034,0,1,24.444444,2
24686,10,15,3,1,24.07,0.0,48.29,9.4,1.2,36.16,427.886,0,1,24.444444,2
24687,10,16,3,1,24.07,0.0,47.75,8.8,0.72,36.04,322.61,0,1,24.444444,2
24688,10,17,3,1,24.07,0.0,47.72,9.1,1.44,33.51,141.142,0,1,24.444444,2
24689,10,18,3,1,24.08,0.0,48.78,4.8,2.04,23.31,3.60661,0,1,24.444444,2
24690,10,19,3,1,24.07,0.0,49.79,11.2,2.76,30.03,0.0,0,1,24.444444,2
24691,10,20,3,1,24.07,0.0,51.04,7.0,2.64,23.15,0.0,0,1,24.444444,2
24692,10,21,3,1,24.07,0.0,52.51,6.7,4.8,21.7,0.0,0,1,24.444444,2
24693,10,22,3,1,24.07,0.0,53.52,7.8,1.92,21.66,0.0,0,1,24.444444,2
24694,10,23,3,1,24.07,0.0,55.13,5.6,0.96,16.84,0.0,0,1,24.444444,2
24695,10,24,3,1,24.07,0.0,57.13,5.1,0.0,14.51,0.0,0,1,24.444444,2
24696,10,1,4,1,24.06,0.0,58.63,5.7,0.6,13.13,0.0,0,1,24.444444,2
24697,10,2,4,1,24.04,0.0,59.96,6.5,0.24,13.04,0.0,0,1,24.444444,2
24698,10,3,4,1,23.97,0.0,62.55,3.2,0.72,8.62,0.0,0,1,24.444444,2
24699,10,4,4,1,23.98,0.0,65.17,5.1,0.24,10.94,0.0,0,1,24.444444,2
24700,10,5,4,1,23.91,0.0,67.6,3.2,1.32,8.56,0.0,0,1,24.444444,2
24701,10,6,4,1,24.02,0.0,67.13,10.2,7.56,18.33,0.0,0,1,24.444444,2
24702,10,7,4,1,24.04,0.0,65.87,10.2,4.92,20.55,0.0,0,1,24.444444,2
24703,10,8,4,1,24.04,0.0,64.83,8.5,4.2,21.91,144.225,0,1,24.444444,2
24704,10,9,4,1,24.06,0.0,63.08,8.8,9.24,26.69,309.479,0,1,24.444444,2
24705,10,10,4,1,24.07,0.0,61.09,8.8,2.4,31.56,451.943,0,1,24.444444,2
24706,10,11,4,1,24.08,0.01,58.9,9.5,5.4,35.36,611.552,0,1,24.444444,2
24707,10,12,4,1,24.1,0.03,56.11,8.4,5.76,35.05,654.934,0,1,24.444444,2
24708,10,13,4,1,24.11,0.04,53.29,8.8,1.32,36.35,657.645,0,1,24.444444,2
24709,10,14,4,1,24.11,0.04,51.63,8.2,3.0,38.83,608.351,0,1,24.444444,2
24710,10,15,4,1,24.11,0.03,50.01,8.8,0.96,41.59,509.53,0,1,24.444444,2
24711,10,16,4,1,24.08,0.01,48.65,8.2,2.16,39.56,352.658,0,1,24.444444,2
24712,10,17,4,1,24.07,0.0,48.08,8.5,2.88,35.29,143.643,0,1,24.444444,2
24713,10,18,4,1,24.08,0.0,48.65,8.3,3.36,29.75,2.41992,0,1,24.444444,2
24714,10,19,4,1,24.07,0.0,49.92,10.2,2.88,30.35,0.0,0,1,24.444444,2
24715,10,20,4,1,24.07,0.0,51.22,10.6,1.8,29.61,0.0,0,1,24.444444,2
24716,10,21,4,1,24.07,0.0,53.24,9.4,1.92,26.95,0.0,0,1,24.444444,2
24717,10,22,4,1,24.07,0.0,54.93,8.6,0.72,24.0,0.0,0,1,24.444444,2
24718,10,23,4,1,24.07,0.0,56.01,8.7,0.72,22.22,0.0,0,1,24.444444,2
24719,10,24,4,1,24.07,0.0,56.76,8.2,0.48,19.59,0.0,0,1,24.444444,2
24720,10,1,5,1,24.07,0.0,57.57,7.8,1.92,17.09,0.0,0,1,24.444444,2
24721,10,2,5,1,24.01,0.0,59.61,3.6,0.36,9.43,0.0,0,1,24.444444,2
24722,10,3,5,1,24.05,0.0,60.27,9.4,0.12,15.64,0.0,0,1,24.444444,2
24723,10,4,5,1,23.95,0.0,61.79,3.6,0.36,8.15,0.0,0,1,24.444444,2
24724,10,5,5,1,23.9,0.0,64.7,3.4,1.56,8.18,0.0,0,1,24.444444,2
24725,10,6,5,1,24.02,0.0,65.0,10.7,2.88,17.29,0.0,0,1,24.444444,2
24726,10,7,5,1,24.02,0.0,64.36,8.6,23.64,16.63,0.0,0,1,24.444444,2
24727,10,8,5,1,24.03,0.0,63.25,8.2,14.52,22.39,159.775,0,1,24.444444,2
24728,10,9,5,1,24.07,0.0,60.26,9.7,5.88,29.24,351.81,0,1,24.444444,2
24729,10,10,5,1,24.07,0.0,57.18,8.2,2.88,30.62,513.275,0,1,24.444444,2
24730,10,11,5,1,24.08,0.01,54.84,8.6,3.24,33.43,621.395,0,1,24.444444,2
24731,10,12,5,1,24.11,0.03,53.11,7.0,1.92,33.31,686.917,0,1,24.444444,2
24732,10,13,5,1,24.14,0.07,50.21,9.2,1.8,37.16,681.966,0,1,24.444444,2
24733,10,14,5,1,24.16,0.09,47.62,10.1,0.48,40.36,641.213,0,1,24.444444,2
24734,10,15,5,1,24.15,0.07,46.0,8.9,0.6,40.57,523.728,0,1,24.444444,2
24735,10,16,5,1,24.11,0.03,44.79,7.8,0.6,37.82,368.045,0,1,24.444444,2
24736,10,17,5,1,24.08,0.0,44.39,8.2,7.56,33.37,156.922,0,1,24.444444,2
24737,10,18,5,1,24.08,0.0,45.54,9.4,4.2,28.49,4.1767,0,1,24.444444,2
24738,10,19,5,1,24.07,0.0,46.68,9.8,4.44,27.14,0.0,0,1,24.444444,2
24739,10,20,5,1,24.07,0.0,47.88,9.9,4.56,25.86,0.0,0,1,24.444444,2
24740,10,21,5,1,24.07,0.0,49.39,10.0,3.12,24.57,0.0,0,1,24.444444,2
24741,10,22,5,1,24.07,0.0,50.52,11.0,1.68,24.35,0.0,0,1,24.444444,2
24742,10,23,5,1,24.07,0.0,51.79,9.1,1.08,19.87,0.0,0,1,24.444444,2
24743,10,24,5,1,24.07,0.0,52.76,9.8,5.52,18.6,0.0,0,1,24.444444,2
24744,10,1,6,1,23.98,0.0,55.02,3.2,0.48,8.1,0.0,0,1,24.444444,2
24745,10,2,6,1,23.86,0.0,57.7,3.6,0.24,6.87,0.0,0,1,24.444444,2
24746,10,3,6,1,23.74,0.0,59.5,3.3,0.72,5.46,0.0,0,1,24.444444,2
24747,10,4,6,1,23.74,0.0,60.3,5.2,0.36,6.51,0.0,0,1,24.444444,2
24748,10,5,6,1,23.61,0.0,61.64,3.0,1.8,3.99,0.0,0,1,24.444444,2
24749,10,6,6,1,23.53,0.0,63.19,2.8,8.4,3.56,0.0,0,1,24.444444,2
24750,10,7,6,1,23.69,0.0,63.33,6.3,4.32,10.06,0.0,0,1,24.444444,2
24751,10,8,6,1,23.8,0.0,62.22,4.9,9.24,16.49,159.91,0,1,24.444444,2
24752,10,9,6,1,23.85,0.0,60.2,4.0,6.12,20.55,356.027,0,1,24.444444,2
24753,10,10,6,1,23.96,0.0,57.12,5.0,2.28,24.46,512.964,0,1,24.444444,2
24754,10,11,6,1,24.11,0.04,53.65,11.5,5.16,34.04,614.392,0,1,24.444444,2
24755,10,12,6,1,24.08,0.01,52.6,3.2,5.88,26.32,673.744,0,1,24.444444,2
24756,10,13,6,1,24.12,0.05,51.0,7.7,4.2,34.9,675.745,0,1,24.444444,2
24757,10,14,6,1,24.15,0.08,47.86,8.8,2.28,39.11,620.428,0,1,24.444444,2
24758,10,15,6,1,24.16,0.09,46.73,9.8,1.68,42.45,528.977,0,1,24.444444,2
24759,10,16,6,1,24.13,0.05,47.0,8.1,3.72,40.56,374.156,0,1,24.444444,2
24760,10,17,6,1,24.09,0.02,47.86,8.7,2.04,37.52,164.12,0,1,24.444444,2
24761,10,18,6,1,24.08,0.0,48.77,10.3,1.8,32.69,4.72169,0,1,24.444444,2
24762,10,19,6,1,24.07,0.0,49.49,10.3,4.44,30.52,0.0,0,1,24.444444,2
24763,10,20,6,1,24.07,0.0,50.51,8.6,7.92,26.39,0.0,0,1,24.444444,2
24764,10,21,6,1,24.07,0.0,51.64,11.0,0.6,28.25,0.0,0,1,24.444444,2
24765,10,22,6,1,24.07,0.0,53.06,6.4,2.4,19.56,0.0,0,1,24.444444,2
24766,10,23,6,1,24.07,0.0,54.93,7.2,1.32,18.49,0.0,0,1,24.444444,2
24767,10,24,6,1,24.06,0.0,57.09,4.5,0.72,12.89,0.0,0,1,24.444444,2
24768,10,1,7,1,24.01,0.0,59.56,3.4,0.12,9.89,0.0,0,1,24.444444,2
24769,10,2,7,1,23.93,0.0,61.63,3.3,0.96,8.32,0.0,0,1,24.444444,2
24770,10,3,7,1,23.85,0.0,63.2,3.4,2.64,7.28,0.0,0,1,24.444444,2
24771,10,4,7,1,23.77,0.0,64.58,3.4,0.36,6.49,0.0,0,1,24.444444,2
24772,10,5,7,1,23.77,0.0,65.79,3.8,0.48,7.71,0.0,0,1,24.444444,2
24773,10,6,7,1,23.79,0.0,68.06,3.8,1.44,8.14,0.0,0,1,24.444444,2
24774,10,7,7,1,23.78,0.0,69.83,3.1,3.96,10.31,0.0,0,1,24.444444,2
24775,10,8,7,1,23.82,0.0,69.0,4.0,6.12,18.53,160.532,0,1,24.444444,2
24776,10,9,7,1,23.89,0.0,66.44,4.4,10.08,24.37,355.34,0,1,24.444444,2
24777,10,10,7,1,23.99,0.0,62.9,4.2,9.96,26.6,509.618,0,1,24.444444,2
24778,10,11,7,1,24.05,0.0,59.27,3.7,1.44,27.1,608.979,0,1,24.444444,2
24779,10,12,7,1,24.08,0.01,56.41,3.7,4.92,29.33,665.032,0,1,24.444444,2
24780,10,13,7,1,24.12,0.05,53.48,6.4,5.76,35.65,665.811,0,1,24.444444,2
24781,10,14,7,1,24.17,0.1,49.74,9.2,1.44,42.11,618.035,0,1,24.444444,2
24782,10,15,7,1,24.13,0.06,47.67,3.9,2.52,37.84,514.821,0,1,24.444444,2
24783,10,16,7,1,24.09,0.01,47.07,3.3,6.24,36.56,366.485,0,1,24.444444,2
24784,10,17,7,1,24.08,0.0,47.11,4.5,6.6,33.18,160.039,0,1,24.444444,2
24785,10,18,7,1,24.08,0.0,47.9,4.4,4.2,25.73,4.33981,0,1,24.444444,2
24786,10,19,7,1,24.07,0.0,48.84,5.8,10.08,25.16,0.0,0,1,24.444444,2
24787,10,20,7,1,24.07,0.0,49.81,5.9,2.52,23.04,0.0,0,1,24.444444,2
24788,10,21,7,1,24.07,0.0,50.81,5.5,2.04,19.97,0.0,0,1,24.444444,2
24789,10,22,7,1,24.07,0.0,51.65,8.6,3.36,21.46,0.0,0,1,24.444444,2
24790,10,23,7,1,24.07,0.0,52.92,5.2,0.6,14.55,0.0,0,1,24.444444,2
24791,10,24,7,1,24.04,0.0,55.03,3.6,1.56,10.55,0.0,0,1,24.444444,2
24792,10,1,1,1,24.03,0.0,56.56,5.9,1.2,11.38,0.0,0,1,24.444444,2
24793,10,2,1,1,24.04,0.0,56.82,9.2,0.84,13.51,0.0,0,1,24.444444,2
24794,10,3,1,1,23.83,0.0,58.55,3.3,0.24,5.61,0.0,0,1,24.444444,2
24795,10,4,1,1,23.71,0.0,60.53,3.4,0.6,5.18,0.0,0,1,24.444444,2
24796,10,5,1,1,23.7,0.0,61.86,4.7,0.84,5.76,0.0,0,1,24.444444,2
24797,10,6,1,1,23.78,0.0,62.23,8.0,0.36,8.22,0.0,0,1,24.444444,2
24798,10,7,1,1,23.75,0.0,62.89,5.1,4.92,8.68,0.0,0,1,24.444444,2
24799,10,8,1,1,23.79,0.0,62.49,3.3,6.24,15.65,156.134,0,1,24.444444,2
24800,10,9,1,1,23.88,0.0,61.11,4.3,6.96,22.63,351.38,0,1,24.444444,2
24801,10,10,1,1,23.98,0.0,58.65,4.7,15.96,25.18,501.347,0,1,24.444444,2
24802,10,11,1,1,24.09,0.02,55.99,9.4,11.64,32.77,573.247,0,1,24.444444,2
24803,10,12,1,1,24.1,0.03,53.9,4.6,5.88,29.24,656.516,0,1,24.444444,2
24804,10,13,1,1,24.13,0.06,51.51,6.1,2.64,34.69,665.668,0,1,24.444444,2
24805,10,14,1,1,24.18,0.1,47.81,8.7,3.24,40.78,613.725,0,1,24.444444,2
24806,10,15,1,1,24.14,0.06,45.85,4.3,9.0,37.97,518.148,0,1,24.444444,2
24807,10,16,1,1,24.1,0.03,45.02,5.3,8.52,38.34,349.642,0,1,24.444444,2
24808,10,17,1,1,24.1,0.02,43.75,11.3,5.04,39.65,151.56,0,1,24.444444,2
24809,10,18,1,1,24.08,0.0,43.83,9.2,9.36,30.59,0.0,0,1,24.444444,2
24810,10,19,1,1,24.08,0.0,44.29,7.0,11.04,25.64,0.0,0,1,24.444444,2
24811,10,20,1,1,24.07,0.0,44.53,8.2,3.84,25.31,0.0,0,1,24.444444,2
24812,10,21,1,1,24.07,0.0,45.32,5.4,1.68,19.31,0.0,0,1,24.444444,2
24813,10,22,1,1,24.07,0.0,47.06,7.4,1.92,19.25,0.0,0,1,24.444444,2
24814,10,23,1,1,24.07,0.0,49.84,4.4,1.68,13.6,0.0,0,1,24.444444,2
24815,10,24,1,1,24.04,0.0,53.16,3.3,0.24,10.86,0.0,0,1,24.444444,2
24816,11,1,2,1,23.99,0.0,56.0,3.2,0.72,9.24,0.0,0,1,24.444444,2
24817,11,2,2,1,24.06,0.0,55.9,11.3,0.24,16.86,0.0,0,1,24.444444,2
24818,11,3,2,1,24.05,0.0,55.64,10.0,0.36,12.73,0.0,0,1,24.444444,2
24819,11,4,2,1,24.02,0.0,55.91,9.9,0.12,11.37,0.0,0,1,24.444444,2
24820,11,5,2,1,23.73,0.0,58.34,3.2,0.24,4.19,0.0,0,1,24.444444,2
24821,11,6,2,1,23.91,0.0,58.57,9.9,2.4,9.8,0.0,0,1,24.444444,2
24822,11,7,2,1,23.91,0.0,59.26,7.2,9.36,11.34,0.0,0,1,24.444444,2
24823,11,8,2,1,23.96,0.0,58.94,7.6,14.16,20.13,150.048,0,1,24.444444,2
24824,11,9,2,1,24.06,0.0,57.31,11.8,3.0,31.06,340.566,0,1,24.444444,2
24825,11,10,2,1,24.07,0.0,55.5,10.2,7.08,31.59,439.237,0,1,24.444444,2
24826,11,11,2,1,24.08,0.0,54.35,9.2,3.84,32.86,520.35,0,1,24.444444,2
24827,11,12,2,1,24.1,0.03,52.13,8.2,6.96,34.35,631.698,0,1,24.444444,2
24828,11,13,2,1,24.13,0.06,49.77,8.7,1.44,36.05,635.467,0,1,24.444444,2
24829,11,14,2,1,24.16,0.08,47.72,11.4,4.32,41.26,626.726,0,1,24.444444,2
24830,11,15,2,1,24.14,0.07,46.94,9.3,1.32,40.73,477.464,0,1,24.444444,2
24831,11,16,2,1,24.11,0.04,47.09,8.6,0.96,38.9,310.41,0,1,24.444444,2
24832,11,17,2,1,24.08,0.01,47.84,9.0,0.72,35.94,132.279,0,1,24.444444,2
24833,11,18,2,1,24.07,0.0,49.2,8.8,1.68,30.5,0.0,0,1,24.444444,2
24834,11,19,2,1,24.07,0.0,50.83,10.2,8.04,31.1,0.0,0,1,24.444444,2
24835,11,20,2,1,24.07,0.0,52.3,9.9,5.04,29.61,0.0,0,1,24.444444,2
24836,11,21,2,1,24.07,0.0,53.05,11.2,6.12,30.33,0.0,0,1,24.444444,2
24837,11,22,2,1,24.07,0.0,52.02,17.0,6.24,36.02,0.0,0,1,24.444444,2
24838,11,23,2,1,24.07,0.0,51.6,13.1,3.0,28.19,0.0,0,1,24.444444,2
24839,11,24,2,1,24.07,0.0,53.14,4.1,1.08,14.19,0.0,0,1,24.444444,2
24840,11,1,3,1,24.07,0.0,54.59,10.0,1.2,21.77,0.0,0,1,24.444444,2
24841,11,2,3,1,24.04,0.0,56.58,3.5,2.04,11.16,0.0,0,1,24.444444,2
24842,11,3,3,1,24.07,0.0,58.06,10.0,0.0,19.04,0.0,0,1,24.444444,2
24843,11,4,3,1,24.07,0.0,58.14,9.9,0.0,17.74,0.0,0,1,24.444444,2
24844,11,5,3,1,24.07,0.0,58.05,11.0,0.36,18.64,0.0,0,1,24.444444,2
24845,11,6,3,1,24.07,0.0,58.36,9.3,4.2,15.43,0.0,0,1,24.444444,2
24846,11,7,3,1,24.07,0.0,58.88,9.7,6.36,18.43,0.0,0,1,24.444444,2
24847,11,8,3,1,24.07,0.0,58.47,8.4,13.92,22.89,136.098,0,1,24.444444,2
24848,11,9,3,1,24.07,0.0,56.46,11.5,13.56,32.98,310.595,0,1,24.444444,2
24849,11,10,3,1,24.07,0.0,54.57,10.4,12.0,32.28,346.914,0,1,24.444444,2
24850,11,11,3,1,24.07,0.0,52.98,8.1,2.52,31.57,400.384,0,1,24.444444,2
24851,11,12,3,1,24.08,0.01,51.36,7.2,3.48,34.03,552.521,0,1,24.444444,2
24852,11,13,3,1,24.11,0.03,50.0,8.6,1.56,36.49,599.19,0,1,24.444444,2
24853,11,14,3,1,24.08,0.01,49.91,9.9,1.2,35.37,240.562,0,1,24.444444,2
24854,11,15,3,1,24.14,0.07,48.79,16.7,1.68,44.77,238.753,0,1,24.444444,2
24855,11,16,3,1,24.3,0.23,46.65,22.1,3.96,51.92,343.459,0,1,24.444444,2
24856,11,17,3,1,24.1,0.02,47.59,8.4,1.44,33.22,132.218,0,1,24.444444,2
24857,11,18,3,1,24.07,0.0,49.94,9.6,4.68,29.75,0.0,0,1,24.444444,2
24858,11,19,3,1,24.07,0.0,51.42,11.5,3.6,30.92,0.0,0,1,24.444444,2
24859,11,20,3,1,24.07,0.0,51.91,16.4,6.0,36.21,0.0,0,1,24.444444,2
24860,11,21,3,1,24.07,0.0,52.21,12.3,3.48,28.83,0.0,0,1,24.444444,2
24861,11,22,3,1,24.07,0.0,52.94,8.1,3.84,20.75,0.0,0,1,24.444444,2
24862,11,23,3,1,24.07,0.0,53.38,11.5,2.4,23.91,0.0,0,1,24.444444,2
24863,11,24,3,1,24.07,0.0,53.69,9.7,2.4,19.59,0.0,0,1,24.444444,2
24864,11,1,4,0,24.07,0.0,54.06,10.6,2.52,18.44,0.0,0,1,24.444444,2
24865,11,2,4,0,24.07,0.0,54.72,9.8,0.48,14.9,0.0,0,1,24.444444,2
24866,11,3,4,0,24.06,0.0,55.81,9.7,0.36,13.63,0.0,0,1,24.444444,2
24867,11,4,4,0,24.07,0.0,56.58,11.7,0.36,16.41,0.0,0,1,24.444444,2
24868,11,5,4,0,24.05,0.0,58.15,9.3,0.48,13.03,0.0,0,1,24.444444,2
24869,11,6,4,0,24.06,0.0,59.67,11.4,2.04,16.96,0.0,0,1,24.444444,2
24870,11,7,4,0,24.06,0.0,61.09,9.9,3.36,19.72,0.0,0,1,24.444444,2
24871,11,8,4,0,24.06,0.0,62.07,7.1,16.92,25.04,147.909,0,1,24.444444,2
24872,11,9,4,0,24.07,0.0,61.84,6.6,12.48,29.32,340.21,0,1,24.444444,2
24873,11,10,4,0,24.08,0.01,59.63,10.5,1.92,37.26,463.323,0,1,24.444444,2
24874,11,11,4,0,24.11,0.03,56.8,9.6,8.16,36.48,571.699,0,1,24.444444,2
24875,11,12,4,0,24.14,0.07,55.9,8.7,9.0,36.26,658.395,0,1,24.444444,2
24876,11,13,4,0,24.12,0.05,56.03,7.6,1.44,34.77,601.851,0,1,24.444444,2
24877,11,14,4,0,24.09,0.01,56.07,9.2,0.6,34.79,290.341,0,1,24.444444,2
24878,11,15,4,0,24.07,0.0,55.68,10.5,1.2,34.68,50.645,0,1,24.444444,2
24879,11,16,4,0,24.07,0.0,54.57,9.1,2.88,38.25,250.331,0,1,24.444444,2
24880,11,17,4,0,24.07,0.0,53.07,8.2,1.2,33.77,140.461,0,1,24.444444,2
24881,11,18,4,0,24.07,0.0,52.25,11.3,2.4,31.42,0.0,0,1,24.444444,2
24882,11,19,4,0,24.07,0.0,51.92,9.7,2.52,28.14,0.0,0,1,24.444444,2
24883,11,20,4,0,24.07,0.0,51.85,11.8,6.36,29.13,0.0,0,1,24.444444,2
24884,11,21,4,0,24.07,0.0,52.47,8.5,3.24,22.41,0.0,0,1,24.444444,2
24885,11,22,4,0,24.07,0.0,53.4,13.7,2.52,28.4,0.0,0,1,24.444444,2
24886,11,23,4,0,24.07,0.0,53.56,15.5,2.88,29.23,0.0,0,1,24.444444,2
24887,11,24,4,0,24.07,0.0,54.25,13.3,0.6,24.38,0.0,0,1,24.444444,2
24888,11,1,5,0,24.07,0.0,55.31,12.2,0.24,21.34,0.0,0,1,24.444444,2
24889,11,2,5,0,24.07,0.0,56.56,11.2,1.92,18.82,0.0,0,1,24.444444,2
24890,11,3,5,0,24.07,0.0,58.1,9.6,0.48,15.63,0.0,0,1,24.444444,2
24891,11,4,5,0,24.07,0.0,59.09,11.2,0.36,17.03,0.0,0,1,24.444444,2
24892,11,5,5,0,24.06,0.0,59.43,11.0,0.48,15.5,0.0,0,1,24.444444,2
24893,11,6,5,0,24.05,0.0,59.98,10.3,0.6,13.78,0.0,0,1,24.444444,2
24894,11,7,5,0,24.06,0.0,60.3,12.1,1.56,20.38,0.0,0,1,24.444444,2
24895,11,8,5,0,24.07,0.0,59.9,9.8,15.84,26.4,141.999,0,1,24.444444,2
24896,11,9,5,0,24.08,0.01,58.45,12.6,7.92,35.98,333.081,0,1,24.444444,2
24897,11,10,5,0,24.08,0.01,55.6,10.5,10.68,35.34,480.917,0,1,24.444444,2
24898,11,11,5,0,24.11,0.03,51.87,10.3,6.0,34.53,585.153,0,1,24.444444,2
24899,11,12,5,0,24.13,0.06,49.79,9.4,7.44,34.83,639.775,0,1,24.444444,2
24900,11,13,5,0,24.21,0.14,48.23,12.7,3.48,40.36,630.801,0,1,24.444444,2
24901,11,14,5,0,24.2,0.13,47.16,9.4,0.96,40.49,591.474,0,1,24.444444,2
24902,11,15,5,0,24.22,0.15,46.6,11.7,1.92,45.57,492.597,0,1,24.444444,2
24903,11,16,5,0,24.19,0.12,46.34,10.4,3.0,43.37,331.605,0,1,24.444444,2
24904,11,17,5,0,24.14,0.06,46.59,9.6,3.12,37.67,121.836,0,1,24.444444,2
24905,11,18,5,0,24.11,0.04,47.54,11.3,2.4,34.84,0.0,0,1,24.444444,2
24906,11,19,5,0,24.09,0.02,48.73,9.8,1.32,33.06,0.0,0,1,24.444444,2
24907,11,20,5,0,24.08,0.0,49.83,9.7,1.8,31.63,0.0,0,1,24.444444,2
24908,11,21,5,0,24.07,0.0,50.58,11.4,6.36,31.51,0.0,0,1,24.444444,2
24909,11,22,5,0,24.08,0.01,50.18,16.7,3.48,37.42,0.0,0,1,24.444444,2
24910,11,23,5,0,24.07,0.0,49.48,10.9,1.32,27.88,0.0,0,1,24.444444,2
24911,11,24,5,0,24.07,0.0,48.06,15.7,0.72,31.62,0.0,0,1,24.444444,2
24912,11,1,6,0,24.07,0.0,46.79,10.7,0.96,22.61,0.0,0,1,24.444444,2
24913,11,2,6,0,24.07,0.0,45.96,11.7,0.12,21.32,0.0,0,1,24.444444,2
24914,11,3,6,0,24.05,0.0,45.78,4.5,1.56,10.41,0.0,0,1,24.444444,2
24915,11,4,6,0,24.07,0.0,45.48,10.3,0.96,15.88,0.0,0,1,24.444444,2
24916,11,5,6,0,23.96,0.0,46.15,3.5,0.0,6.94,0.0,0,1,24.444444,2
24917,11,6,6,0,24.03,0.0,46.41,9.8,6.12,12.03,0.0,0,1,24.444444,2
24918,11,7,6,0,24.05,0.0,46.07,10.6,4.2,15.68,0.0,0,1,24.444444,2
24919,11,8,6,0,24.05,0.0,45.36,7.6,4.08,18.76,156.341,0,1,24.444444,2
24920,11,9,6,0,24.07,0.0,44.37,8.0,8.16,22.31,359.647,0,1,24.444444,2
24921,11,10,6,0,24.08,0.0,43.36,10.6,7.2,27.67,516.311,0,1,24.444444,2
24922,11,11,6,0,24.08,0.0,42.89,8.6,1.56,26.25,589.983,0,1,24.444444,2
24923,11,12,6,0,24.07,0.0,43.07,9.2,5.16,27.83,578.914,0,1,24.444444,2
24924,11,13,6,0,24.07,0.0,43.58,12.2,2.04,31.48,527.436,0,1,24.444444,2
24925,11,14,6,0,24.07,0.0,44.0,9.4,7.56,29.35,418.087,0,1,24.444444,2
24926,11,15,6,0,24.07,0.0,44.12,10.4,1.56,33.01,372.874,0,1,24.444444,2
24927,11,16,6,0,24.07,0.0,43.31,9.3,5.28,32.01,288.141,0,1,24.444444,2
24928,11,17,6,0,24.08,0.0,43.22,8.5,2.4,26.42,104.382,0,1,24.444444,2
24929,11,18,6,0,24.08,0.0,45.93,9.1,5.76,23.76,0.0,0,1,24.444444,2
24930,11,19,6,0,24.07,0.0,48.92,8.8,6.36,23.89,0.0,0,1,24.444444,2
24931,11,20,6,0,24.07,0.0,50.98,8.4,5.16,22.52,0.0,0,1,24.444444,2
24932,11,21,6,0,24.07,0.0,51.92,10.7,1.68,24.62,0.0,0,1,24.444444,2
24933,11,22,6,0,24.07,0.0,52.32,9.8,2.04,22.5,0.0,0,1,24.444444,2
24934,11,23,6,0,24.07,0.0,52.7,8.9,3.48,20.04,0.0,0,1,24.444444,2
24935,11,24,6,0,24.07,0.0,52.19,12.1,3.0,22.96,0.0,0,1,24.444444,2
24936,11,1,7,0,24.07,0.0,51.15,11.8,1.08,20.53,0.0,0,1,24.444444,2
24937,11,2,7,0,24.07,0.0,50.05,17.6,0.96,26.02,0.0,0,1,24.444444,2
24938,11,3,7,0,24.06,0.0,50.03,9.7,0.48,12.71,0.0,0,1,24.444444,2
24939,11,4,7,0,24.07,0.0,50.06,16.3,0.24,19.83,0.0,0,1,24.444444,2
24940,11,5,7,0,24.06,0.0,50.1,11.4,0.24,13.01,0.0,0,1,24.444444,2
24941,11,6,7,0,23.82,0.0,52.58,3.4,0.96,4.83,0.0,0,1,24.444444,2
24942,11,7,7,0,23.98,0.0,53.29,10.3,3.24,11.98,0.0,0,1,24.444444,2
24943,11,8,7,0,24.04,0.0,53.55,10.6,2.88,15.4,56.6463,0,1,24.444444,2
24944,11,9,7,0,24.06,0.0,52.92,10.6,7.56,21.52,270.78,0,1,24.444444,2
24945,11,10,7,0,24.08,0.0,50.6,10.9,23.04,23.95,379.717,0,1,24.444444,2
24946,11,11,7,0,24.07,0.0,48.59,5.0,8.04,16.77,397.942,0,1,24.444444,2
24947,11,12,7,0,24.07,0.0,46.94,8.7,5.76,24.11,455.406,0,1,24.444444,2
24948,11,13,7,0,24.07,0.0,44.38,10.7,3.36,29.84,652.612,0,1,24.444444,2
24949,11,14,7,0,24.07,0.0,42.31,10.2,8.16,30.7,592.151,0,1,24.444444,2
24950,11,15,7,0,24.07,0.0,41.25,11.1,4.68,32.46,474.86,0,1,24.444444,2
24951,11,16,7,0,24.08,0.0,40.69,11.8,2.52,32.5,361.837,0,1,24.444444,2
24952,11,17,7,0,24.08,0.0,40.78,9.4,8.64,24.66,141.088,0,1,24.444444,2
24953,11,18,7,0,24.08,0.0,41.68,9.8,2.28,20.39,0.0,0,1,24.444444,2
24954,11,19,7,0,24.07,0.0,42.49,11.0,5.76,21.47,0.0,0,1,24.444444,2
24955,11,20,7,0,24.07,0.0,42.88,8.9,1.56,17.48,0.0,0,1,24.444444,2
24956,11,21,7,0,24.07,0.0,42.8,11.3,4.56,18.99,0.0,0,1,24.444444,2
24957,11,22,7,0,24.07,0.0,42.96,9.4,2.52,15.72,0.0,0,1,24.444444,2
24958,11,23,7,0,24.07,0.0,43.35,11.0,1.32,16.87,0.0,0,1,24.444444,2
24959,11,24,7,0,24.07,0.0,43.06,11.1,1.44,15.97,0.0,0,1,24.444444,2
24960,11,1,1,0,24.07,0.0,43.63,10.4,0.96,14.03,0.0,0,1,24.444444,2
24961,11,2,1,0,24.06,0.0,44.81,9.3,2.64,11.99,0.0,0,1,24.444444,2
24962,11,3,1,0,24.06,0.0,45.76,10.2,0.24,12.32,0.0,0,1,24.444444,2
24963,11,4,1,0,24.03,0.0,46.88,8.7,2.16,9.89,0.0,0,1,24.444444,2
24964,11,5,1,0,24.02,0.0,48.12,8.8,0.24,9.61,0.0,0,1,24.444444,2
24965,11,6,1,0,23.82,0.0,50.5,3.5,0.48,4.94,0.0,0,1,24.444444,2
24966,11,7,1,0,23.97,0.0,51.13,9.4,1.56,11.69,0.0,0,1,24.444444,2
24967,11,8,1,0,23.99,0.0,51.82,7.1,2.88,13.92,122.801,0,1,24.444444,2
24968,11,9,1,0,24.04,0.0,52.25,9.0,9.84,18.92,262.926,0,1,24.444444,2
24969,11,10,1,0,24.06,0.0,53.14,9.7,12.6,20.2,247.042,0,1,24.444444,2
24970,11,11,1,0,24.07,0.0,54.27,12.0,10.56,23.85,324.309,0,1,24.444444,2
24971,11,12,1,0,24.07,0.0,55.18,8.9,11.64,18.72,214.191,0,1,24.444444,2
24972,11,13,1,0,24.07,0.0,56.13,11.6,14.4,20.58,162.915,0,1,24.444444,2
24973,11,14,1,0,24.07,0.0,57.29,9.8,8.64,15.87,49.1356,0,1,24.444444,2
24974,11,15,1,0,24.06,0.0,58.69,10.7,4.8,15.26,21.0687,0,1,24.444444,2
24975,11,16,1,0,24.06,0.0,59.24,11.6,2.76,16.32,46.0579,0,1,24.444444,2
24976,11,17,1,0,24.04,0.0,60.06,9.5,2.04,12.66,10.3832,0,1,24.444444,2
24977,11,18,1,0,24.06,0.0,60.31,13.8,9.72,18.72,0.0,0,1,24.444444,2
24978,11,19,1,0,24.06,0.0,60.16,12.0,5.64,16.78,0.0,0,1,24.444444,2
24979,11,20,1,0,24.06,0.0,60.96,11.3,2.04,15.98,0.0,0,1,24.444444,2
24980,11,21,1,0,24.07,0.0,61.52,13.0,3.72,19.08,0.0,0,1,24.444444,2
24981,11,22,1,0,24.07,0.0,61.67,13.5,3.48,20.63,0.0,0,1,24.444444,2
24982,11,23,1,0,24.06,0.0,62.8,10.9,0.84,16.41,0.0,0,1,24.444444,2
24983,11,24,1,0,24.03,0.0,64.72,8.1,1.44,11.94,0.0,0,1,24.444444,2
24984,11,1,2,0,23.99,0.0,66.45,7.1,0.6,10.43,0.0,0,1,24.444444,2
24985,11,2,2,0,24.01,0.0,66.36,9.7,1.32,13.29,0.0,0,1,24.444444,2
24986,11,3,2,0,23.88,0.0,66.96,5.2,0.48,7.41,0.0,0,1,24.444444,2
24987,11,4,2,0,24.01,0.0,65.29,12.4,0.0,16.52,0.0,0,1,24.444444,2
24988,11,5,2,0,23.79,0.0,66.77,3.2,0.12,5.42,0.0,0,1,24.444444,2
24989,11,6,2,0,23.77,0.0,68.66,5.0,0.84,7.35,0.0,0,1,24.444444,2
24990,11,7,2,0,23.94,0.0,68.0,10.0,11.88,13.88,0.0,0,1,24.444444,2
24991,11,8,2,0,23.96,0.0,67.05,7.9,19.44,13.44,110.217,0,1,24.444444,2
24992,11,9,2,0,23.92,0.0,66.39,6.6,4.56,11.62,161.606,0,1,24.444444,2
24993,11,10,2,0,24.0,0.0,63.98,10.3,8.64,19.42,317.029,0,1,24.444444,2
24994,11,11,2,0,24.06,0.0,61.14,13.8,1.8,25.14,252.999,0,1,24.444444,2
24995,11,12,2,0,24.06,0.0,59.7,9.4,2.04,20.1,283.971,0,1,24.444444,2
24996,11,13,2,0,24.07,0.0,59.9,8.7,2.04,21.88,369.408,0,1,24.444444,2
24997,11,14,2,0,24.07,0.0,59.35,9.6,3.6,23.34,286.305,0,1,24.444444,2
24998,11,15,2,0,24.07,0.0,58.72,10.0,1.92,22.05,161.784,0,1,24.444444,2
24999,11,16,2,0,24.07,0.0,58.28,9.5,1.92,19.05,69.8672,0,1,24.444444,2
25000,11,17,2,0,24.07,0.0,58.78,8.2,0.36,15.35,16.8799,0,1,24.444444,2
25001,11,18,2,0,24.07,0.0,59.37,9.7,6.6,16.84,0.0,0,1,24.444444,2
25002,11,19,2,0,24.07,0.0,59.92,9.3,3.24,16.58,0.0,0,1,24.444444,2
25003,11,20,2,0,24.07,0.0,60.15,9.4,7.32,16.05,0.0,0,1,24.444444,2
25004,11,21,2,0,24.05,0.0,60.8,8.3,4.08,13.31,0.0,0,1,24.444444,2
25005,11,22,2,0,24.05,0.0,61.59,11.0,1.68,16.34,0.0,0,1,24.444444,2
25006,11,23,2,0,24.06,0.0,61.19,12.9,0.96,17.98,0.0,0,1,24.444444,2
25007,11,24,2,0,24.04,0.0,61.11,10.1,0.96,13.08,0.0,0,1,24.444444,2
25008,11,1,3,0,24.02,0.0,61.33,10.1,0.48,12.47,0.0,0,1,24.444444,2
25009,11,2,3,0,24.0,0.0,61.69,9.8,2.76,11.21,0.0,0,1,24.444444,2
25010,11,3,3,0,23.72,0.0,63.8,3.4,0.12,4.43,0.0,0,1,24.444444,2
25011,11,4,3,0,23.88,0.0,62.71,9.8,0.12,9.97,0.0,0,1,24.444444,2
25012,11,5,3,0,23.91,0.0,61.17,10.0,0.48,9.7,0.0,0,1,24.444444,2
25013,11,6,3,0,23.9,0.0,60.54,9.5,4.32,9.19,0.0,0,1,24.444444,2
25014,11,7,3,0,23.94,0.0,59.58,10.7,6.0,10.79,0.0,0,1,24.444444,2
25015,11,8,3,0,23.96,0.0,57.84,10.1,9.12,11.22,70.7256,0,1,24.444444,2
25016,11,9,3,0,23.98,0.0,55.43,10.5,10.08,12.83,173.813,0,1,24.444444,2
25017,11,10,3,0,24.0,0.0,52.71,10.8,9.0,14.8,277.573,0,1,24.444444,2
25018,11,11,3,0,24.03,0.0,51.4,9.3,5.16,16.16,447.006,0,1,24.444444,2
25019,11,12,3,0,24.07,0.0,50.77,9.9,3.0,19.17,504.916,0,1,24.444444,2
25020,11,13,3,0,24.07,0.0,51.27,7.7,0.84,16.88,463.145,0,1,24.444444,2
25021,11,14,3,0,24.07,0.0,51.25,9.8,0.72,20.88,374.396,0,1,24.444444,2
25022,11,15,3,0,24.07,0.0,50.04,9.7,2.4,21.31,297.279,0,1,24.444444,2
25023,11,16,3,0,24.07,0.0,48.22,15.7,1.08,27.93,193.199,0,1,24.444444,2
25024,11,17,3,0,24.08,0.0,47.92,8.3,1.44,15.84,61.8767,0,1,24.444444,2
25025,11,18,3,0,24.08,0.0,49.03,8.4,5.04,14.5,0.0,0,1,24.444444,2
25026,11,19,3,0,24.07,0.0,49.75,10.2,2.16,17.04,0.0,0,1,24.444444,2
25027,11,20,3,0,24.07,0.0,50.9,9.1,3.72,14.62,0.0,0,1,24.444444,2
25028,11,21,3,0,24.07,0.0,52.08,9.3,8.4,14.08,0.0,0,1,24.444444,2
25029,11,22,3,0,24.07,0.0,53.13,10.8,2.88,15.71,0.0,0,1,24.444444,2
25030,11,23,3,0,24.05,0.0,54.6,8.9,2.76,12.06,0.0,0,1,24.444444,2
25031,11,24,3,0,24.05,0.0,54.97,11.2,4.32,13.64,0.0,0,1,24.444444,2
25032,11,1,4,0,24.05,0.0,54.05,12.6,0.36,14.03,0.0,0,1,24.444444,2
25033,11,2,4,0,24.0,0.0,52.76,10.0,0.24,9.16,0.0,0,1,24.444444,2
25034,11,3,4,0,23.93,0.0,51.48,9.5,0.36,7.51,0.0,0,1,24.444444,2
25035,11,4,4,0,23.88,0.0,50.02,10.0,4.2,6.93,0.0,0,1,24.444444,2
25036,11,5,4,0,23.82,0.0,49.1,10.0,0.72,6.08,0.0,0,1,24.444444,2
25037,11,6,4,0,23.75,0.0,48.82,9.7,2.16,5.07,0.0,0,1,24.444444,2
25038,11,7,4,0,23.74,0.0,48.23,9.8,9.0,6.62,0.0,0,1,24.444444,2
25039,11,8,4,0,23.84,0.0,46.75,10.7,8.16,14.09,155.519,0,1,24.444444,2
25040,11,9,4,0,23.83,0.0,45.6,8.1,5.04,13.81,369.75,0,1,24.444444,2
25041,11,10,4,0,23.9,0.0,44.1,10.8,1.68,17.41,541.057,0,1,24.444444,2
25042,11,11,4,0,23.96,0.0,42.76,10.2,4.08,17.43,639.267,0,1,24.444444,2
25043,11,12,4,0,23.99,0.0,41.68,9.7,7.32,18.08,672.539,0,1,24.444444,2
25044,11,13,4,0,23.99,0.0,40.88,7.6,3.84,17.71,694.231,0,1,24.444444,2
25045,11,14,4,0,24.04,0.0,39.61,8.8,1.92,21.18,639.996,0,1,24.444444,2
25046,11,15,4,0,24.07,0.0,38.13,13.8,1.44,26.72,440.646,0,1,24.444444,2
25047,11,16,4,0,24.08,0.0,37.39,10.0,0.84,19.16,227.961,0,1,24.444444,2
25048,11,17,4,0,24.06,0.0,38.15,8.0,1.08,13.51,80.2246,0,1,24.444444,2
25049,11,18,4,0,24.04,0.0,39.94,9.4,6.48,12.09,0.0,0,1,24.444444,2
25050,11,19,4,0,24.04,0.0,41.96,10.3,4.2,12.56,0.0,0,1,24.444444,2
25051,11,20,4,0,24.05,0.0,43.97,11.4,3.96,12.54,0.0,0,1,24.444444,2
25052,11,21,4,0,24.01,0.0,46.48,9.6,1.8,10.02,0.0,0,1,24.444444,2
25053,11,22,4,0,24.0,0.0,48.17,10.6,9.0,10.4,0.0,0,1,24.444444,2
25054,11,23,4,0,24.02,0.0,48.17,13.5,2.76,11.72,0.0,0,1,24.444444,2
25055,11,24,4,0,24.03,0.0,47.59,14.3,1.56,12.21,0.0,0,1,24.444444,2
25056,11,1,8,0,24.0,0.0,47.31,12.4,0.24,9.55,0.0,0,1,24.444444,2
25057,11,2,8,0,23.9,0.0,47.95,10.9,0.48,6.73,0.0,0,1,24.444444,2
25058,11,3,8,0,23.81,0.0,48.78,10.5,0.36,6.15,0.0,0,1,24.444444,2
25059,11,4,8,0,23.76,0.0,49.05,9.8,3.84,5.47,0.0,0,1,24.444444,2
25060,11,5,8,0,23.71,0.0,48.87,9.9,0.24,5.16,0.0,0,1,24.444444,2
25061,11,6,8,0,23.74,0.0,48.27,11.6,1.2,6.07,0.0,0,1,24.444444,2
25062,11,7,8,0,23.7,0.0,48.0,10.6,4.68,5.14,0.0,0,1,24.444444,2
25063,11,8,8,0,23.67,0.0,47.84,9.6,27.6,4.57,39.5172,0,1,24.444444,2
25064,11,9,8,0,23.7,0.0,46.95,10.6,8.88,6.04,146.22,0,1,24.444444,2
25065,11,10,8,0,23.76,0.0,45.32,10.1,16.68,7.58,310.989,0,1,24.444444,2
25066,11,11,8,0,23.83,0.0,43.39,10.3,7.44,8.87,360.27,0,1,24.444444,2
25067,11,12,8,0,23.86,0.0,41.84,8.7,11.64,8.84,398.154,0,1,24.444444,2
25068,11,13,8,0,23.91,0.0,41.04,10.1,1.32,9.96,303.49,0,1,24.444444,2
25069,11,14,8,0,23.92,0.0,40.74,9.3,1.56,8.73,193.939,0,1,24.444444,2
25070,11,15,8,0,23.94,0.0,40.08,10.2,4.68,8.67,92.9883,0,1,24.444444,2
25071,11,16,8,0,23.93,0.0,39.42,9.7,2.88,7.6,47.5873,0,1,24.444444,2
25072,11,17,8,0,23.91,0.0,39.75,10.0,1.2,7.01,10.7897,0,1,24.444444,2
25073,11,18,8,0,23.9,0.0,40.72,10.6,4.08,7.29,0.0,0,1,24.444444,2
25074,11,19,8,0,23.9,0.0,41.18,10.5,2.4,7.44,0.0,0,1,24.444444,2
25075,11,20,8,0,23.86,0.0,41.84,10.3,2.04,6.69,0.0,0,1,24.444444,2
25076,11,21,8,0,23.9,0.0,42.38,13.1,3.6,8.0,0.0,0,1,24.444444,2
25077,11,22,8,0,23.85,0.0,43.86,11.9,4.32,6.69,0.0,0,1,24.444444,2
25078,11,23,8,0,23.86,0.0,44.94,13.0,1.8,7.13,0.0,0,1,24.444444,2
25079,11,24,8,0,23.79,0.0,46.22,11.9,0.84,5.84,0.0,0,1,24.444444,2
25080,11,1,6,0,23.72,0.0,47.3,11.5,1.2,4.72,0.0,0,1,24.444444,2
25081,11,2,6,0,23.62,0.0,48.74,9.9,0.36,3.45,0.0,0,1,24.444444,2
25082,11,3,6,0,23.11,0.0,51.4,3.0,0.0,0.63,0.0,0,1,24.444444,2
25083,11,4,6,0,23.3,0.0,51.57,9.8,0.36,2.66,0.0,0,1,24.444444,2
25084,11,5,6,0,23.08,0.0,53.09,3.1,0.36,0.86,0.0,0,1,24.444444,2
25085,11,6,6,0,23.26,0.0,52.88,9.8,2.64,2.73,0.0,0,1,24.444444,2
25086,11,7,6,0,23.39,0.0,52.6,11.1,3.84,3.67,0.0,0,1,24.444444,2
25087,11,8,6,0,23.53,0.0,51.91,9.8,3.72,4.64,110.959,0,1,24.444444,2
25088,11,9,6,0,23.58,0.0,51.09,8.5,12.0,5.67,238.517,0,1,24.444444,2
25089,11,10,6,0,23.7,0.0,49.52,10.3,6.84,10.02,409.932,0,1,24.444444,2
25090,11,11,6,0,23.71,0.0,48.48,6.7,2.52,9.65,538.608,0,1,24.444444,2
25091,11,12,6,0,23.81,0.0,47.65,8.8,4.8,14.19,669.542,0,1,24.444444,2
25092,11,13,6,0,23.91,0.0,46.69,9.7,2.4,17.26,671.952,0,1,24.444444,2
25093,11,14,6,0,23.99,0.0,45.46,9.4,3.6,20.37,619.447,0,1,24.444444,2
25094,11,15,6,0,24.04,0.0,44.27,10.5,0.96,24.72,494.007,0,1,24.444444,2
25095,11,16,6,0,24.06,0.0,43.1,10.0,5.4,24.13,346.396,0,1,24.444444,2
25096,11,17,6,0,24.05,0.0,42.93,8.8,5.16,18.12,132.511,0,1,24.444444,2
25097,11,18,6,0,24.06,0.0,43.52,9.4,3.72,14.64,0.0,0,1,24.444444,2
25098,11,19,6,0,24.07,0.0,43.99,9.0,3.12,14.32,0.0,0,1,24.444444,2
25099,11,20,6,0,24.07,0.0,43.82,13.4,2.64,18.64,0.0,0,1,24.444444,2
25100,11,21,6,0,24.07,0.0,43.28,13.8,2.04,17.53,0.0,0,1,24.444444,2
25101,11,22,6,0,24.06,0.0,43.04,10.3,3.24,11.51,0.0,0,1,24.444444,2
25102,11,23,6,0,24.07,0.0,42.36,16.0,5.16,16.36,0.0,0,1,24.444444,2
25103,11,24,6,0,24.04,0.0,42.05,11.4,2.4,9.6,0.0,0,1,24.444444,2
25104,11,1,7,0,23.96,0.0,42.69,10.0,1.08,7.26,0.0,0,1,24.444444,2
25105,11,2,7,0,23.85,0.0,43.78,9.6,0.48,5.91,0.0,0,1,24.444444,2
25106,11,3,7,0,23.78,0.0,44.67,10.4,0.24,5.53,0.0,0,1,24.444444,2
25107,11,4,7,0,23.71,0.0,45.24,10.1,0.24,4.6,0.0,0,1,24.444444,2
25108,11,5,7,0,23.61,0.0,45.85,9.5,0.0,3.56,0.0,0,1,24.444444,2
25109,11,6,7,0,23.21,0.0,47.43,3.5,2.64,1.06,0.0,0,1,24.444444,2
25110,11,7,7,0,23.45,0.0,46.96,9.9,7.32,3.35,0.0,0,1,24.444444,2
25111,11,8,7,0,23.61,0.0,46.47,9.8,6.12,5.46,121.331,0,1,24.444444,2
25112,11,9,7,0,23.72,0.0,45.66,11.6,9.6,8.51,263.961,0,1,24.444444,2
25113,11,10,7,0,23.73,0.0,44.84,9.6,12.6,7.3,332.861,0,1,24.444444,2
25114,11,11,7,0,23.77,0.0,44.25,10.4,7.08,8.99,421.188,0,1,24.444444,2
25115,11,12,7,0,23.76,0.0,43.94,8.0,8.52,8.37,457.685,0,1,24.444444,2
25116,11,13,7,0,23.93,0.0,42.56,13.5,5.16,15.57,557.491,0,1,24.444444,2
25117,11,14,7,0,23.95,0.0,41.78,9.2,6.24,11.65,359.74,0,1,24.444444,2
25118,11,15,7,0,24.01,0.0,40.96,11.3,13.08,13.07,236.812,0,1,24.444444,2
25119,11,16,7,0,24.01,0.0,40.36,10.1,5.28,10.7,116.108,0,1,24.444444,2
25120,11,17,7,0,23.96,0.0,40.57,9.1,12.0,8.46,26.8709,0,1,24.444444,2
25121,11,18,7,0,23.96,0.0,41.37,10.1,1.08,8.86,0.0,0,1,24.444444,2
25122,11,19,7,0,24.0,0.0,42.65,12.0,9.24,10.89,0.0,0,1,24.444444,2
25123,11,20,7,0,24.02,0.0,44.06,13.2,1.92,11.4,0.0,0,1,24.444444,2
25124,11,21,7,0,24.02,0.0,45.09,13.5,2.4,10.83,0.0,0,1,24.444444,2
25125,11,22,7,0,23.95,0.0,46.31,11.1,1.8,7.8,0.0,0,1,24.444444,2
25126,11,23,7,0,23.93,0.0,47.36,12.3,2.64,8.09,0.0,0,1,24.444444,2
25127,11,24,7,0,23.82,0.0,48.62,10.7,0.96,5.98,0.0,0,1,24.444444,2
25128,11,1,1,0,23.73,0.0,50.08,10.1,1.92,4.91,0.0,0,1,24.444444,2
25129,11,2,1,0,23.59,0.0,51.42,8.9,4.08,3.22,0.0,0,1,24.444444,2
25130,11,3,1,0,23.44,0.0,52.48,8.5,0.0,2.56,0.0,0,1,24.444444,2
25131,11,4,1,0,23.43,0.0,52.93,10.2,0.12,3.06,0.0,0,1,24.444444,2
25132,11,5,1,0,23.31,0.0,53.89,9.2,0.24,2.06,0.0,0,1,24.444444,2
25133,11,6,1,0,22.98,0.0,55.53,3.7,0.24,0.58,0.0,0,1,24.444444,2
25134,11,7,1,0,23.19,0.0,55.27,8.7,1.56,2.29,0.0,0,1,24.444444,2
25135,11,8,1,0,23.5,0.0,54.31,8.4,1.32,5.92,140.077,0,1,24.444444,2
25136,11,9,1,0,23.66,0.0,52.73,9.5,14.28,11.06,335.128,0,1,24.444444,2
25137,11,10,1,0,23.74,0.0,50.69,9.9,12.0,13.44,500.106,0,1,24.444444,2
25138,11,11,1,0,23.82,0.0,49.18,10.3,6.72,14.91,611.573,0,1,24.444444,2
25139,11,12,1,0,23.85,0.0,48.35,8.2,18.36,14.62,672.757,0,1,24.444444,2
25140,11,13,1,0,23.92,0.0,46.13,10.2,3.0,19.22,674.14,0,1,24.444444,2
25141,11,14,1,0,24.01,0.0,42.71,10.6,19.44,22.26,627.687,0,1,24.444444,2
25142,11,15,1,0,24.06,0.0,40.65,13.2,3.48,28.03,515.582,0,1,24.444444,2
25143,11,16,1,0,24.06,0.0,39.58,10.4,4.68,24.26,352.673,0,1,24.444444,2
25144,11,17,1,0,24.06,0.0,39.15,9.9,2.52,18.5,127.703,0,1,24.444444,2
25145,11,18,1,0,24.06,0.0,39.46,11.7,5.28,13.85,0.0,0,1,24.444444,2
25146,11,19,1,0,24.04,0.0,40.64,11.2,3.6,12.34,0.0,0,1,24.444444,2
25147,11,20,1,0,24.01,0.0,41.49,10.0,1.92,10.3,0.0,0,1,24.444444,2
25148,11,21,1,0,24.01,0.0,42.26,12.9,2.76,11.04,0.0,0,1,24.444444,2
25149,11,22,1,0,23.92,0.0,43.55,10.8,5.4,7.64,0.0,0,1,24.444444,2
25150,11,23,1,0,23.85,0.0,45.21,11.4,1.44,6.72,0.0,0,1,24.444444,2
25151,11,24,1,0,23.65,0.0,46.91,8.9,0.6,3.71,0.0,0,1,24.444444,2
25152,11,1,2,0,23.32,0.0,48.63,6.2,0.36,1.65,0.0,0,1,24.444444,2
25153,11,2,2,0,22.97,0.0,50.27,3.3,0.36,0.6,0.0,0,1,24.444444,2
25154,11,3,2,0,23.13,0.0,50.05,10.1,0.72,1.9,0.0,0,1,24.444444,2
25155,11,4,2,0,23.12,0.0,50.1,10.2,0.0,1.69,0.0,0,1,24.444444,2
25156,11,5,2,0,23.03,0.0,50.35,9.8,0.0,1.3,0.0,0,1,24.444444,2
25157,11,6,2,0,22.8,0.0,51.0,4.1,0.96,0.09,0.0,0,1,24.444444,2
25158,11,7,2,0,22.91,0.0,50.36,9.4,6.12,1.03,0.0,0,1,24.444444,2
25159,11,8,2,0,23.23,0.0,49.77,7.9,17.4,2.57,136.739,0,1,24.444444,2
25160,11,9,2,0,23.52,0.0,49.19,8.2,6.84,7.01,321.994,0,1,24.444444,2
25161,11,10,2,0,23.72,0.0,48.06,11.1,7.92,12.76,485.777,0,1,24.444444,2
25162,11,11,2,0,23.79,0.0,47.27,9.3,7.56,13.6,588.434,0,1,24.444444,2
25163,11,12,2,0,23.87,0.0,46.73,8.7,9.0,16.1,635.039,0,1,24.444444,2
25164,11,13,2,0,23.96,0.0,46.62,10.3,3.72,21.16,625.001,0,1,24.444444,2
25165,11,14,2,0,24.03,0.0,46.75,9.1,1.08,24.0,536.583,0,1,24.444444,2
25166,11,15,2,0,24.06,0.0,46.41,11.0,0.96,29.26,437.8,0,1,24.444444,2
25167,11,16,2,0,24.07,0.0,46.25,10.3,3.12,27.2,289.771,0,1,24.444444,2
25168,11,17,2,0,24.08,0.0,46.59,9.6,3.24,21.96,91.686,0,1,24.444444,2
25169,11,18,2,0,24.08,0.0,47.08,11.8,2.64,21.42,0.0,0,1,24.444444,2
25170,11,19,2,0,24.08,0.0,47.98,9.3,4.92,17.65,0.0,0,1,24.444444,2
25171,11,20,2,0,24.07,0.0,49.64,9.7,3.0,16.48,0.0,0,1,24.444444,2
25172,11,21,2,0,24.05,0.0,52.04,8.0,4.92,12.55,0.0,0,1,24.444444,2
25173,11,22,2,0,24.04,0.0,54.04,9.6,2.64,12.68,0.0,0,1,24.444444,2
25174,11,23,2,0,24.06,0.0,54.46,12.9,1.08,15.53,0.0,0,1,24.444444,2
25175,11,24,2,0,24.01,0.0,55.68,9.8,3.0,10.43,0.0,0,1,24.444444,2
25176,11,1,3,0,23.68,0.0,59.3,3.3,0.48,3.85,0.0,0,1,24.444444,2
25177,11,2,3,0,23.8,0.0,59.89,9.7,0.96,7.89,0.0,0,1,24.444444,2
25178,11,3,3,0,23.46,0.0,61.6,3.4,0.72,2.47,0.0,0,1,24.444444,2
25179,11,4,3,0,23.57,0.0,61.18,10.6,0.36,5.07,0.0,0,1,24.444444,2
25180,11,5,3,0,23.47,0.0,59.72,9.9,0.6,3.17,0.0,0,1,24.444444,2
25181,11,6,3,0,23.02,0.0,59.84,3.1,3.0,0.59,0.0,0,1,24.444444,2
25182,11,7,3,0,23.27,0.0,57.97,10.1,2.64,3.0,0.0,0,1,24.444444,2
25183,11,8,3,0,23.64,0.0,56.0,10.5,14.64,11.13,138.949,0,1,24.444444,2
25184,11,9,3,0,23.77,0.0,54.67,10.4,15.84,17.62,339.947,0,1,24.444444,2
25185,11,10,3,0,23.86,0.0,51.86,10.3,8.28,18.83,501.172,0,1,24.444444,2
25186,11,11,3,0,23.91,0.0,49.39,9.3,3.72,18.35,611.1,0,1,24.444444,2
25187,11,12,3,0,23.94,0.0,47.11,8.1,5.52,18.91,668.508,0,1,24.444444,2
25188,11,13,3,0,23.98,0.0,44.48,8.1,2.52,20.67,682.334,0,1,24.444444,2
25189,11,14,3,0,24.06,0.0,41.61,11.3,0.24,27.62,621.248,0,1,24.444444,2
25190,11,15,3,0,24.07,0.0,39.35,9.8,1.2,28.81,524.276,0,1,24.444444,2
25191,11,16,3,0,24.08,0.0,38.68,10.3,1.32,28.9,362.902,0,1,24.444444,2
25192,11,17,3,0,24.08,0.0,38.38,8.6,3.84,21.49,138.913,0,1,24.444444,2
25193,11,18,3,0,24.07,0.0,39.0,8.8,5.76,15.08,0.0,0,1,24.444444,2
25194,11,19,3,0,24.08,0.0,39.98,15.8,4.2,21.93,0.0,0,1,24.444444,2
25195,11,20,3,0,24.07,0.0,41.32,9.7,7.32,13.35,0.0,0,1,24.444444,2
25196,11,21,3,0,24.07,0.0,42.9,12.5,3.0,15.72,0.0,0,1,24.444444,2
25197,11,22,3,0,24.06,0.0,44.51,10.7,2.64,12.13,0.0,0,1,24.444444,2
25198,11,23,3,0,23.93,0.0,46.88,7.5,1.44,7.15,0.0,0,1,24.444444,2
25199,11,24,3,0,23.97,0.0,48.33,12.1,2.52,9.75,0.0,0,1,24.444444,2
25200,11,1,4,0,23.89,0.0,49.56,11.1,0.36,7.05,0.0,0,1,24.444444,2
25201,11,2,4,0,23.69,0.0,50.8,9.7,0.48,3.98,0.0,0,1,24.444444,2
25202,11,3,4,0,23.52,0.0,51.45,9.7,0.24,3.04,0.0,0,1,24.444444,2
25203,11,4,4,0,23.44,0.0,51.76,10.2,0.72,2.74,0.0,0,1,24.444444,2
25204,11,5,4,0,23.32,0.0,52.27,9.9,0.36,2.18,0.0,0,1,24.444444,2
25205,11,6,4,0,23.29,0.0,52.44,11.4,3.12,2.45,0.0,0,1,24.444444,2
25206,11,7,4,0,23.32,0.0,52.52,10.7,4.92,2.8,0.0,0,1,24.444444,2
25207,11,8,4,0,23.61,0.0,51.8,9.8,11.52,8.94,136.335,0,1,24.444444,2
25208,11,9,4,0,23.69,0.0,51.84,7.0,3.12,12.39,339.084,0,1,24.444444,2
25209,11,10,4,0,23.84,0.0,50.89,11.3,1.68,19.79,506.924,0,1,24.444444,2
25210,11,11,4,0,23.79,0.0,51.52,2.8,2.88,12.75,621.76,0,1,24.444444,2
25211,11,12,4,0,23.89,0.0,51.5,8.0,9.96,20.68,672.05,0,1,24.444444,2
25212,11,13,4,0,23.97,0.0,50.64,8.6,1.44,23.89,685.54,0,1,24.444444,2
25213,11,14,4,0,24.05,0.0,49.26,9.9,1.32,28.42,628.503,0,1,24.444444,2
25214,11,15,4,0,24.07,0.0,48.11,10.3,1.08,31.71,523.577,0,1,24.444444,2
25215,11,16,4,0,24.07,0.0,47.31,9.1,2.4,29.31,352.888,0,1,24.444444,2
25216,11,17,4,0,24.07,0.0,47.31,8.1,5.52,21.78,128.561,0,1,24.444444,2
25217,11,18,4,0,24.07,0.0,48.4,9.1,2.52,17.66,0.0,0,1,24.444444,2
25218,11,19,4,0,24.07,0.0,49.43,10.5,0.96,18.82,0.0,0,1,24.444444,2
25219,11,20,4,0,24.07,0.0,50.23,11.8,2.76,18.82,0.0,0,1,24.444444,2
25220,11,21,4,0,24.07,0.0,51.56,10.2,1.32,14.35,0.0,0,1,24.444444,2
25221,11,22,4,0,24.07,0.0,52.78,13.9,4.08,17.87,0.0,0,1,24.444444,2
25222,11,23,4,0,24.07,0.0,53.18,15.2,2.28,18.24,0.0,0,1,24.444444,2
25223,11,24,4,0,24.05,0.0,54.69,10.9,1.08,12.09,0.0,0,1,24.444444,2
25224,11,1,5,0,24.02,0.0,57.08,10.5,0.24,11.24,0.0,0,1,24.444444,2
25225,11,2,5,0,23.98,0.0,59.02,9.8,0.48,9.47,0.0,0,1,24.444444,2
25226,11,3,5,0,23.92,0.0,60.37,9.6,0.6,8.77,0.0,0,1,24.444444,2
25227,11,4,5,0,23.93,0.0,60.99,10.9,0.24,9.3,0.0,0,1,24.444444,2
25228,11,5,5,0,23.84,0.0,61.77,9.8,0.6,7.29,0.0,0,1,24.444444,2
25229,11,6,5,0,23.82,0.0,62.11,10.7,2.16,7.8,0.0,0,1,24.444444,2
25230,11,7,5,0,23.79,0.0,62.51,9.3,2.76,8.26,0.0,0,1,24.444444,2
25231,11,8,5,0,23.9,0.0,61.44,10.5,17.4,18.51,118.32,0,1,24.444444,2
25232,11,9,5,0,24.02,0.0,58.74,13.1,10.56,27.45,319.106,0,1,24.444444,2
25233,11,10,5,0,24.06,0.0,56.63,10.0,12.84,26.45,474.111,0,1,24.444444,2
25234,11,11,5,0,24.07,0.0,54.65,10.2,4.56,27.55,585.293,0,1,24.444444,2
25235,11,12,5,0,24.07,0.0,53.33,8.4,6.12,23.43,427.444,0,1,24.444444,2
25236,11,13,5,0,24.07,0.0,51.99,9.7,1.92,27.03,340.758,0,1,24.444444,2
25237,11,14,5,0,24.07,0.0,50.97,8.5,0.84,31.85,552.002,0,1,24.444444,2
25238,11,15,5,0,24.08,0.0,49.76,9.9,6.12,36.91,501.887,0,1,24.444444,2
25239,11,16,5,0,24.07,0.0,48.98,9.5,0.72,34.43,337.232,0,1,24.444444,2
25240,11,17,5,0,24.07,0.0,48.34,11.1,0.72,30.1,118.49,0,1,24.444444,2
25241,11,18,5,0,24.08,0.0,48.93,9.3,2.28,23.04,0.0,0,1,24.444444,2
25242,11,19,5,0,24.07,0.0,50.39,9.1,2.16,22.44,0.0,0,1,24.444444,2
25243,11,20,5,0,24.07,0.0,52.07,10.2,4.56,22.56,0.0,0,1,24.444444,2
25244,11,21,5,0,24.07,0.0,53.09,13.5,6.36,25.22,0.0,0,1,24.444444,2
25245,11,22,5,0,24.07,0.0,53.58,15.4,2.76,26.2,0.0,0,1,24.444444,2
25246,11,23,5,0,24.07,0.0,54.48,12.8,1.2,20.77,0.0,0,1,24.444444,2
25247,11,24,5,0,24.07,0.0,55.48,13.7,1.32,21.16,0.0,0,1,24.444444,2
25248,11,1,6,0,24.07,0.0,57.05,10.4,0.84,15.25,0.0,0,1,24.444444,2
25249,11,2,6,0,24.05,0.0,59.16,10.9,0.48,13.62,0.0,0,1,24.444444,2
25250,11,3,6,0,23.68,0.0,61.55,3.2,0.12,3.69,0.0,0,1,24.444444,2
25251,11,4,6,0,23.36,0.0,61.67,2.9,0.12,2.47,0.0,0,1,24.444444,2
25252,11,5,6,0,23.2,0.0,59.08,3.4,0.24,1.72,0.0,0,1,24.444444,2
25253,11,6,6,0,23.47,0.0,54.99,10.9,3.36,4.0,0.0,0,1,24.444444,2
25254,11,7,6,0,23.52,0.0,51.46,11.7,6.48,4.17,0.0,0,1,24.444444,2
25255,11,8,6,0,23.56,0.0,49.05,7.7,7.68,4.92,132.877,0,1,24.444444,2
25256,11,9,6,0,23.62,0.0,45.76,8.3,13.32,7.2,358.81,0,1,24.444444,2
25257,11,10,6,0,23.74,0.0,41.39,11.3,10.32,10.53,548.208,0,1,24.444444,2
25258,11,11,6,0,23.61,0.0,37.91,4.6,2.04,6.19,683.863,0,1,24.444444,2
25259,11,12,6,0,23.67,0.0,34.65,9.4,9.72,10.3,752.083,0,1,24.444444,2
25260,11,13,6,0,23.75,0.0,31.89,10.3,3.0,12.89,755.088,0,1,24.444444,2
25261,11,14,6,0,23.77,0.0,29.72,9.0,4.08,14.2,700.183,0,1,24.444444,2
25262,11,15,6,0,23.89,0.0,28.02,11.7,2.16,18.31,583.255,0,1,24.444444,2
25263,11,16,6,0,23.88,0.0,26.77,9.2,3.12,16.6,399.231,0,1,24.444444,2
25264,11,17,6,0,23.83,0.0,26.24,8.6,5.04,11.25,156.743,0,1,24.444444,2
25265,11,18,6,0,23.75,0.0,25.93,9.1,8.64,7.34,0.0,0,1,24.444444,2
25266,11,19,6,0,23.8,0.0,25.56,11.4,4.68,8.56,0.0,0,1,24.444444,2
25267,11,20,6,0,23.85,0.0,25.37,13.6,4.8,9.05,0.0,0,1,24.444444,2
25268,11,21,6,0,23.68,0.0,25.69,9.5,1.2,4.63,0.0,0,1,24.444444,2
25269,11,22,6,0,23.59,0.0,26.12,10.2,3.0,3.82,0.0,0,1,24.444444,2
25270,11,23,6,0,23.72,0.0,26.41,18.0,1.92,6.79,0.0,0,1,24.444444,2
25271,11,24,6,0,23.51,0.0,27.53,12.0,3.6,2.53,0.0,0,1,24.444444,2
25272,11,1,7,0,23.57,0.0,28.74,16.9,0.36,4.3,0.0,0,1,24.444444,2
25273,11,2,7,0,23.2,0.0,30.45,9.8,3.24,1.0,0.0,0,1,24.444444,2
25274,11,3,7,0,23.04,0.0,31.72,10.9,0.24,0.93,0.0,0,1,24.444444,2
25275,11,4,7,0,22.89,0.0,32.31,9.5,0.6,0.49,0.0,0,1,24.444444,2
25276,11,5,7,0,22.82,0.0,32.44,10.2,0.72,0.45,0.0,0,1,24.444444,2
25277,11,6,7,0,22.65,0.0,32.65,3.7,1.08,0.0,0.0,0,1,24.444444,2
25278,11,7,7,0,22.74,0.0,32.01,9.9,8.16,0.3,0.0,0,1,24.444444,2
25279,11,8,7,0,23.08,0.0,30.47,9.6,5.64,1.27,146.036,0,1,24.444444,2
25280,11,9,7,0,23.3,0.0,29.05,10.4,6.36,3.69,371.552,0,1,24.444444,2
25281,11,10,7,0,23.46,0.0,27.37,11.6,14.4,5.57,550.5,0,1,24.444444,2
25282,11,11,7,0,23.27,0.0,26.7,3.6,7.44,3.38,669.477,0,1,24.444444,2
25283,11,12,7,0,23.39,0.0,26.1,8.5,6.36,6.78,726.421,0,1,24.444444,2
25284,11,13,7,0,23.54,0.0,25.31,10.7,3.0,9.54,725.123,0,1,24.444444,2
25285,11,14,7,0,23.66,0.0,24.02,10.6,3.96,12.17,674.275,0,1,24.444444,2
25286,11,15,7,0,23.72,0.0,23.1,10.5,5.16,14.77,568.897,0,1,24.444444,2
25287,11,16,7,0,23.78,0.0,22.78,12.1,3.12,16.26,396.167,0,1,24.444444,2
25288,11,17,7,0,23.9,0.0,22.66,18.1,6.36,16.43,150.317,0,1,24.444444,2
25289,11,18,7,0,23.66,0.0,23.95,9.8,3.24,4.25,0.0,0,1,24.444444,2
25290,11,19,7,0,23.55,0.0,25.53,11.4,13.56,3.82,0.0,0,1,24.444444,2
25291,11,20,7,0,23.45,0.0,27.11,10.0,2.28,2.27,0.0,0,1,24.444444,2
25292,11,21,7,0,23.36,0.0,28.52,11.0,0.72,1.86,0.0,0,1,24.444444,2
25293,11,22,7,0,23.25,0.0,30.52,11.3,1.92,1.43,0.0,0,1,24.444444,2
25294,11,23,7,0,23.0,0.0,32.31,8.8,2.64,0.56,0.0,0,1,24.444444,2
25295,11,24,7,0,22.93,0.0,33.33,11.6,2.16,0.74,0.0,0,1,24.444444,2
25296,11,1,1,0,22.83,0.0,34.33,10.2,0.84,0.36,0.0,0,1,24.444444,2
25297,11,2,1,0,22.75,0.0,35.15,9.4,1.8,0.12,0.0,0,1,24.444444,2
25298,11,3,1,0,22.69,0.0,35.39,8.9,0.24,0.0,0.0,0,1,24.444444,2
25299,11,4,1,0,22.69,0.0,35.15,10.5,0.48,0.06,0.0,0,1,24.444444,2
25300,11,5,1,0,22.63,0.0,34.93,8.6,0.12,0.0,0.0,0,1,24.444444,2
25301,11,6,1,0,22.52,0.0,34.96,3.9,0.72,0.0,0.0,0,1,24.444444,2
25302,11,7,1,0,22.55,0.0,34.76,9.1,1.56,0.0,0.0,0,1,24.444444,2
25303,11,8,1,0,22.78,0.0,34.57,7.9,3.6,0.11,141.166,0,1,24.444444,2
25304,11,9,1,0,23.17,0.0,33.93,8.8,11.04,2.73,358.314,0,1,24.444444,2
25305,11,10,1,0,23.39,0.0,32.96,9.8,12.84,5.58,502.689,0,1,24.444444,2
25306,11,11,1,0,23.54,0.0,31.46,10.7,11.88,7.83,607.428,0,1,24.444444,2
25307,11,12,1,0,23.6,0.0,29.86,9.7,12.96,9.48,688.104,0,1,24.444444,2
25308,11,13,1,0,23.69,0.0,28.89,9.8,9.12,11.64,709.122,0,1,24.444444,2
25309,11,14,1,0,23.81,0.0,28.61,12.1,6.84,16.43,659.382,0,1,24.444444,2
25310,11,15,1,0,23.88,0.0,28.67,10.5,3.72,18.18,557.097,0,1,24.444444,2
25311,11,16,1,0,23.89,0.0,28.72,10.1,2.52,17.92,393.51,0,1,24.444444,2
25312,11,17,1,0,23.85,0.0,28.85,9.3,5.52,11.95,152.891,0,1,24.444444,2
25313,11,18,1,0,23.73,0.0,29.87,9.8,5.16,6.98,0.0,0,1,24.444444,2
25314,11,19,1,0,23.68,0.0,31.28,9.9,5.28,6.07,0.0,0,1,24.444444,2
25315,11,20,1,0,23.63,0.0,32.2,9.3,3.6,4.64,0.0,0,1,24.444444,2
25316,11,21,1,0,23.64,0.0,32.63,12.6,4.8,5.34,0.0,0,1,24.444444,2
25317,11,22,1,0,23.57,0.0,33.43,11.6,1.92,3.66,0.0,0,1,24.444444,2
25318,11,23,1,0,23.49,0.0,34.75,11.9,1.2,3.1,0.0,0,1,24.444444,2
25319,11,24,1,0,23.13,0.0,36.19,6.5,1.08,0.76,0.0,0,1,24.444444,2
25320,11,1,2,0,23.3,0.0,36.31,16.1,0.48,2.46,0.0,0,1,24.444444,2
25321,11,2,2,0,22.82,0.0,37.83,4.4,0.84,0.01,0.0,0,1,24.444444,2
25322,11,3,2,0,22.76,0.0,38.05,9.8,0.0,0.24,0.0,0,1,24.444444,2
25323,11,4,2,0,22.74,0.0,37.64,11.3,0.72,0.36,0.0,0,1,24.444444,2
25324,11,5,2,0,22.73,0.0,37.78,10.6,1.2,0.21,0.0,0,1,24.444444,2
25325,11,6,2,0,22.57,0.0,38.1,3.1,0.96,0.0,0.0,0,1,24.444444,2
25326,11,7,2,0,22.67,0.0,37.9,10.7,9.96,0.09,0.0,0,1,24.444444,2
25327,11,8,2,0,22.96,0.0,37.71,8.9,10.2,0.8,134.553,0,1,24.444444,2
25328,11,9,2,0,23.27,0.0,37.95,7.8,5.4,3.89,344.309,0,1,24.444444,2
25329,11,10,2,0,23.61,0.0,37.95,12.6,5.76,9.14,509.46,0,1,24.444444,2
25330,11,11,2,0,23.7,0.0,38.58,9.7,5.28,10.07,618.499,0,1,24.444444,2
25331,11,12,2,0,23.74,0.0,39.3,8.9,5.4,11.77,694.448,0,1,24.444444,2
25332,11,13,2,0,23.78,0.0,40.11,8.1,5.04,13.51,692.952,0,1,24.444444,2
25333,11,14,2,0,23.88,0.0,40.48,9.4,4.08,18.46,568.758,0,1,24.444444,2
25334,11,15,2,0,23.98,0.0,40.39,10.3,3.36,22.35,501.55,0,1,24.444444,2
25335,11,16,2,0,24.01,0.0,40.5,10.2,3.72,22.39,369.274,0,1,24.444444,2
25336,11,17,2,0,24.01,0.0,40.83,9.1,3.12,15.91,137.204,0,1,24.444444,2
25337,11,18,2,0,24.0,0.0,41.43,9.5,3.12,11.97,0.0,0,1,24.444444,2
25338,11,19,2,0,24.0,0.0,42.22,9.9,3.6,11.86,0.0,0,1,24.444444,2
25339,11,20,2,0,23.97,0.0,43.23,9.6,4.32,10.13,0.0,0,1,24.444444,2
25340,11,21,2,0,23.9,0.0,44.32,9.3,6.0,8.23,0.0,0,1,24.444444,2
25341,11,22,2,0,23.88,0.0,45.39,10.1,3.0,8.41,0.0,0,1,24.444444,2
25342,11,23,2,0,23.93,0.0,46.4,12.3,2.76,9.45,0.0,0,1,24.444444,2
25343,11,24,2,0,23.92,0.0,47.35,13.1,2.4,9.07,0.0,0,1,24.444444,2
25344,11,1,3,0,23.77,0.0,49.0,9.5,0.6,5.61,0.0,0,1,24.444444,2
25345,11,2,3,0,23.68,0.0,50.43,9.4,0.48,4.71,0.0,0,1,24.444444,2
25346,11,3,3,0,23.31,0.0,52.7,3.3,0.24,1.5,0.0,0,1,24.444444,2
25347,11,4,3,0,23.55,0.0,52.6,10.3,0.24,4.52,0.0,0,1,24.444444,2
25348,11,5,3,0,23.53,0.0,53.12,9.6,1.56,3.83,0.0,0,1,24.444444,2
25349,11,6,3,0,23.53,0.0,53.63,9.9,1.68,4.05,0.0,0,1,24.444444,2
25350,11,7,3,0,23.55,0.0,54.25,9.7,5.4,4.76,0.0,0,1,24.444444,2
25351,11,8,3,0,23.57,0.0,54.78,3.8,8.52,5.74,104.58,0,1,24.444444,2
25352,11,9,3,0,23.77,0.0,53.81,10.5,15.96,15.37,295.136,0,1,24.444444,2
25353,11,10,3,0,23.86,0.0,52.78,10.1,7.92,16.21,352.582,0,1,24.444444,2
25354,11,11,3,0,23.94,0.0,52.13,9.2,2.76,18.49,488.716,0,1,24.444444,2
25355,11,12,3,0,23.99,0.0,51.46,8.0,3.0,21.4,651.508,0,1,24.444444,2
25356,11,13,3,0,24.06,0.0,50.31,10.7,1.68,26.85,622.747,0,1,24.444444,2
25357,11,14,3,0,24.07,0.0,49.2,9.0,0.84,23.01,323.639,0,1,24.444444,2
25358,11,15,3,0,24.07,0.0,48.8,10.3,0.6,21.68,151.974,0,1,24.444444,2
25359,11,16,3,0,24.07,0.0,49.31,8.8,0.96,16.3,84.9353,0,1,24.444444,2
25360,11,17,3,0,24.06,0.0,50.89,8.5,0.84,14.17,18.6419,0,1,24.444444,2
25361,11,18,3,0,24.07,0.0,51.0,15.8,5.04,24.22,0.0,0,1,24.444444,2
25362,11,19,3,0,24.07,0.0,51.43,9.7,3.48,15.87,0.0,0,1,24.444444,2
25363,11,20,3,0,24.07,0.0,52.63,9.6,2.76,14.61,0.0,0,1,24.444444,2
25364,11,21,3,0,24.07,0.0,51.93,19.1,4.08,26.55,0.0,0,1,24.444444,2
25365,11,22,3,0,24.07,0.0,52.04,11.6,2.52,14.84,0.0,0,1,24.444444,2
25366,11,23,3,0,24.04,0.0,54.42,8.6,1.08,10.86,0.0,0,1,24.444444,2
25367,11,24,3,0,24.06,0.0,56.13,13.4,2.4,16.28,0.0,0,1,24.444444,2
25368,11,1,4,0,24.06,0.0,56.78,13.8,0.6,15.76,0.0,0,1,24.444444,2
25369,11,2,4,0,24.0,0.0,58.23,9.9,0.24,9.3,0.0,0,1,24.444444,2
25370,11,3,4,0,23.93,0.0,59.81,10.2,1.08,8.37,0.0,0,1,24.444444,2
25371,11,4,4,0,23.91,0.0,60.23,11.4,0.48,8.52,0.0,0,1,24.444444,2
25372,11,5,4,0,23.8,0.0,60.87,9.6,0.84,6.35,0.0,0,1,24.444444,2
25373,11,6,4,0,23.76,0.0,61.69,9.9,4.32,6.49,0.0,0,1,24.444444,2
25374,11,7,4,0,23.75,0.0,62.37,9.6,6.72,7.4,0.0,0,1,24.444444,2
25375,11,8,4,0,23.78,0.0,61.73,7.3,11.04,11.2,109.69,0,1,24.444444,2
25376,11,9,4,0,23.79,0.0,60.47,8.8,7.2,12.54,255.614,0,1,24.444444,2
25377,11,10,4,0,23.82,0.0,59.61,10.8,2.16,10.28,144.595,0,1,24.444444,2
25378,11,11,4,0,23.64,0.0,60.75,3.0,7.44,3.58,226.179,0,1,24.444444,2
25379,11,12,4,0,23.78,0.0,60.06,7.8,6.12,10.95,296.514,0,1,24.444444,2
25380,11,13,4,0,23.9,0.0,58.08,7.4,2.4,16.51,594.482,0,1,24.444444,2
25381,11,14,4,0,24.03,0.0,55.47,10.8,3.48,25.73,562.955,0,1,24.444444,2
25382,11,15,4,0,24.07,0.0,53.39,10.3,1.56,29.69,467.292,0,1,24.444444,2
25383,11,16,4,0,24.07,0.0,52.4,9.0,1.2,27.13,329.207,0,1,24.444444,2
25384,11,17,4,0,24.06,0.0,52.42,7.5,1.08,18.31,115.809,0,1,24.444444,2
25385,11,18,4,0,24.07,0.0,52.57,11.9,2.88,19.78,0.0,0,1,24.444444,2
25386,11,19,4,0,24.07,0.0,53.14,9.4,3.48,16.1,0.0,0,1,24.444444,2
25387,11,20,4,0,24.07,0.0,53.76,10.9,5.28,16.54,0.0,0,1,24.444444,2
25388,11,21,4,0,24.07,0.0,54.37,10.5,1.56,13.91,0.0,0,1,24.444444,2
25389,11,22,4,0,24.05,0.0,55.01,10.8,3.24,12.27,0.0,0,1,24.444444,2
25390,11,23,4,0,24.05,0.0,54.97,14.0,2.04,14.2,0.0,0,1,24.444444,2
25391,11,24,4,0,24.03,0.0,54.62,13.6,1.08,11.79,0.0,0,1,24.444444,2
25392,11,1,5,0,23.95,0.0,55.12,11.1,0.12,8.16,0.0,0,1,24.444444,2
25393,11,2,5,0,23.88,0.0,56.43,10.0,0.36,7.58,0.0,0,1,24.444444,2
25394,11,3,5,0,23.83,0.0,58.3,9.4,0.24,7.0,0.0,0,1,24.444444,2
25395,11,4,5,0,23.77,0.0,60.03,9.6,0.0,6.63,0.0,0,1,24.444444,2
25396,11,5,5,0,23.82,0.0,60.6,12.4,0.24,8.62,0.0,0,1,24.444444,2
25397,11,6,5,0,23.71,0.0,61.79,9.5,5.28,5.35,0.0,0,1,24.444444,2
25398,11,7,5,0,23.69,0.0,62.55,10.1,7.92,6.58,0.0,0,1,24.444444,2
25399,11,8,5,0,23.79,0.0,60.85,10.3,17.64,13.76,106.178,0,1,24.444444,2
25400,11,9,5,0,23.85,0.0,57.47,10.8,8.64,18.67,313.283,0,1,24.444444,2
25401,11,10,5,0,23.88,0.0,53.67,9.5,10.92,18.34,475.212,0,1,24.444444,2
25402,11,11,5,0,23.95,0.0,51.09,10.4,11.76,20.26,584.564,0,1,24.444444,2
25403,11,12,5,0,23.98,0.0,48.98,8.7,6.84,20.25,645.157,0,1,24.444444,2
25404,11,13,5,0,24.02,0.0,46.99,9.3,2.04,22.81,650.245,0,1,24.444444,2
25405,11,14,5,0,24.07,0.0,44.87,9.6,1.32,26.19,601.544,0,1,24.444444,2
25406,11,15,5,0,24.08,0.0,43.41,14.0,3.0,34.45,504.558,0,1,24.444444,2
25407,11,16,5,0,24.08,0.0,42.47,10.0,4.2,28.4,334.277,0,1,24.444444,2
25408,11,17,5,0,24.08,0.0,42.26,12.5,1.08,24.97,117.122,0,1,24.444444,2
25409,11,18,5,0,24.07,0.0,43.25,9.7,0.6,15.19,0.0,0,1,24.444444,2
25410,11,19,5,0,24.07,0.0,44.32,16.7,4.08,22.36,0.0,0,1,24.444444,2
25411,11,20,5,0,24.05,0.0,45.3,10.1,3.12,12.37,0.0,0,1,24.444444,2
25412,11,21,5,0,24.05,0.0,46.64,11.1,9.96,13.6,0.0,0,1,24.444444,2
25413,11,22,5,0,24.07,0.0,47.33,13.8,2.04,17.18,0.0,0,1,24.444444,2
25414,11,23,5,0,24.07,0.0,47.07,13.8,5.52,15.1,0.0,0,1,24.444444,2
25415,11,24,5,0,24.07,0.0,46.92,14.7,1.56,14.16,0.0,0,1,24.444444,2
25416,11,1,6,0,23.98,0.0,47.0,10.3,1.08,7.95,0.0,0,1,24.444444,2
25417,11,2,6,0,23.9,0.0,46.75,10.6,0.36,6.82,0.0,0,1,24.444444,2
25418,11,3,6,0,23.75,0.0,46.63,9.5,0.0,4.65,0.0,0,1,24.444444,2
25419,11,4,6,0,23.64,0.0,46.51,9.5,0.24,3.73,0.0,0,1,24.444444,2
25420,11,5,6,0,23.19,0.0,47.49,3.6,0.24,1.02,0.0,0,1,24.444444,2
25421,11,6,6,0,23.43,0.0,46.51,11.4,5.4,3.23,0.0,0,1,24.444444,2
25422,11,7,6,0,23.36,0.0,46.37,10.0,4.08,2.33,0.0,0,1,24.444444,2
25423,11,8,6,0,23.32,0.0,46.13,9.5,8.04,2.28,71.255,0,1,24.444444,2
25424,11,9,6,0,23.32,0.0,45.4,7.2,9.24,1.88,179.478,0,1,24.444444,2
25425,11,10,6,0,23.55,0.0,43.73,10.8,9.96,6.34,401.298,0,1,24.444444,2
25426,11,11,6,0,23.59,0.0,42.71,8.8,1.08,7.13,552.969,0,1,24.444444,2
25427,11,12,6,0,23.62,0.0,41.68,9.0,5.76,9.31,626.2,0,1,24.444444,2
25428,11,13,6,0,23.74,0.0,40.32,11.7,3.24,13.93,695.57,0,1,24.444444,2
25429,11,14,6,0,23.79,0.0,38.84,9.7,3.24,15.09,642.73,0,1,24.444444,2
25430,11,15,6,0,23.88,0.0,37.19,10.1,0.6,17.74,538.121,0,1,24.444444,2
25431,11,16,6,0,23.87,0.0,36.9,9.2,8.88,16.64,368.615,0,1,24.444444,2
25432,11,17,6,0,23.81,0.0,37.26,8.2,5.52,10.77,136.456,0,1,24.444444,2
25433,11,18,6,0,23.69,0.0,38.26,8.4,0.84,6.34,0.0,0,1,24.444444,2
25434,11,19,6,0,23.66,0.0,39.45,9.3,5.76,6.64,0.0,0,1,24.444444,2
25435,11,20,6,0,23.73,0.0,40.49,12.0,5.28,8.38,0.0,0,1,24.444444,2
25436,11,21,6,0,23.7,0.0,41.49,10.4,1.68,6.59,0.0,0,1,24.444444,2
25437,11,22,6,0,23.65,0.0,41.46,10.0,3.6,5.51,0.0,0,1,24.444444,2
25438,11,23,6,0,23.65,0.0,40.36,11.8,1.08,5.72,0.0,0,1,24.444444,2
25439,11,24,6,0,23.57,0.0,38.84,10.8,2.16,3.84,0.0,0,1,24.444444,2
25440,11,1,8,0,23.46,0.0,37.64,10.2,0.48,2.76,0.0,0,1,24.444444,2
25441,11,2,8,0,23.39,0.0,36.03,10.5,0.48,2.23,0.0,0,1,24.444444,2
25442,11,3,8,0,23.25,0.0,34.68,9.8,1.92,1.49,0.0,0,1,24.444444,2
25443,11,4,8,0,23.11,0.0,34.56,9.6,0.0,1.0,0.0,0,1,24.444444,2
25444,11,5,8,0,22.92,0.0,34.68,9.7,0.0,0.51,0.0,0,1,24.444444,2
25445,11,6,8,0,22.66,0.0,35.22,3.1,1.44,0.0,0.0,0,1,24.444444,2
25446,11,7,8,0,22.76,0.0,35.13,10.4,5.16,0.31,0.0,0,1,24.444444,2
25447,11,8,8,0,23.08,0.0,35.0,9.4,5.16,1.32,115.491,0,1,24.444444,2
25448,11,9,8,0,23.33,0.0,35.0,10.1,7.44,3.64,289.904,0,1,24.444444,2
25449,11,10,8,0,23.51,0.0,34.97,10.3,11.4,5.7,447.934,0,1,24.444444,2
25450,11,11,8,0,23.61,0.0,35.15,10.2,4.68,8.13,616.004,0,1,24.444444,2
25451,11,12,8,0,23.66,0.0,35.66,9.3,8.04,9.84,655.6,0,1,24.444444,2
25452,11,13,8,0,23.71,0.0,36.0,8.5,3.96,11.7,629.318,0,1,24.444444,2
25453,11,14,8,0,23.84,0.0,36.04,10.9,2.4,15.93,585.368,0,1,24.444444,2
25454,11,15,8,0,23.96,0.0,36.61,12.2,9.24,18.03,433.141,0,1,24.444444,2
25455,11,16,8,0,23.96,0.0,38.02,10.2,10.68,16.2,303.397,0,1,24.444444,2
25456,11,17,8,0,23.97,0.0,39.05,11.5,13.2,13.76,101.554,0,1,24.444444,2
25457,11,18,8,0,23.9,0.0,40.34,10.5,5.76,9.55,0.0,0,1,24.444444,2
25458,11,19,8,0,23.88,0.0,41.9,11.1,11.76,9.42,0.0,0,1,24.444444,2
25459,11,20,8,0,23.83,0.0,43.54,10.8,3.24,8.01,0.0,0,1,24.444444,2
25460,11,21,8,0,23.85,0.0,44.97,13.5,6.0,8.87,0.0,0,1,24.444444,2
25461,11,22,8,0,23.67,0.0,46.91,8.8,1.08,4.33,0.0,0,1,24.444444,2
25462,11,23,8,0,23.74,0.0,48.56,13.4,1.68,7.59,0.0,0,1,24.444444,2
25463,11,24,8,0,23.72,0.0,49.92,13.1,1.44,6.94,0.0,0,1,24.444444,2
25464,11,1,1,0,23.64,0.0,51.23,11.7,2.52,4.81,0.0,0,1,24.444444,2
25465,11,2,1,0,23.49,0.0,53.01,9.2,0.48,3.03,0.0,0,1,24.444444,2
25466,11,3,1,0,23.38,0.0,55.09,8.9,0.36,2.48,0.0,0,1,24.444444,2
25467,11,4,1,0,23.35,0.0,56.33,9.3,0.72,2.88,0.0,0,1,24.444444,2
25468,11,5,1,0,23.37,0.0,57.98,8.9,0.12,3.24,0.0,0,1,24.444444,2
25469,11,6,1,0,23.17,0.0,61.06,3.5,0.36,1.2,0.0,0,1,24.444444,2
25470,11,7,1,0,23.33,0.0,62.32,9.0,1.2,3.72,0.0,0,1,24.444444,2
25471,11,8,1,0,23.53,0.0,62.26,8.9,6.24,6.34,78.8207,0,1,24.444444,2
25472,11,9,1,0,23.59,0.0,62.42,8.6,4.32,7.65,140.494,0,1,24.444444,2
25473,11,10,1,0,23.76,0.0,61.57,9.5,10.92,13.29,309.268,0,1,24.444444,2
25474,11,11,1,0,23.91,0.0,60.22,10.1,9.0,18.67,435.12,0,1,24.444444,2
25475,11,12,1,0,23.98,0.0,59.6,8.6,6.6,18.8,412.804,0,1,24.444444,2
25476,11,13,1,0,24.04,0.0,59.15,9.8,8.04,20.01,288.743,0,1,24.444444,2
25477,11,14,1,0,24.07,0.0,58.7,11.2,3.36,21.91,97.743,0,1,24.444444,2
25478,11,15,1,0,24.07,0.0,57.79,10.6,3.24,27.59,347.632,0,1,24.444444,2
25479,11,16,1,0,24.07,0.0,57.31,10.0,7.44,27.49,282.157,0,1,24.444444,2
25480,11,17,1,0,24.07,0.0,58.5,8.9,3.84,21.12,71.5868,0,1,24.444444,2
25481,11,18,1,0,24.07,0.0,58.88,14.4,4.32,27.74,0.0,0,1,24.444444,2
25482,11,19,1,0,24.07,0.0,59.63,9.9,3.96,21.43,0.0,0,1,24.444444,2
25483,11,20,1,0,24.07,0.0,60.29,13.8,3.12,27.93,0.0,0,1,24.444444,2
25484,11,21,1,0,24.07,0.0,60.69,12.8,3.72,25.79,0.0,0,1,24.444444,2
25485,11,22,1,0,24.07,0.0,62.75,9.9,1.68,21.3,0.0,0,1,24.444444,2
25486,11,23,1,0,24.07,0.0,64.44,12.1,1.44,25.35,0.0,0,1,24.444444,2
25487,11,24,1,0,24.06,0.0,66.32,7.4,2.52,17.19,0.0,0,1,24.444444,2
25488,11,1,2,0,24.07,0.0,66.13,15.0,0.48,30.61,0.0,0,1,24.444444,2
25489,11,2,2,0,24.07,0.0,66.07,10.3,0.84,21.1,0.0,0,1,24.444444,2
25490,11,3,2,0,24.07,0.0,67.64,9.6,0.6,20.04,0.0,0,1,24.444444,2
25491,11,4,2,0,24.07,0.0,68.53,9.7,0.24,19.85,0.0,0,1,24.444444,2
25492,11,5,2,0,24.07,0.0,68.74,10.3,0.36,20.36,0.0,0,1,24.444444,2
25493,11,6,2,0,24.01,0.0,71.11,4.8,0.72,11.22,0.0,0,1,24.444444,2
25494,11,7,2,0,24.06,0.0,71.44,10.8,9.12,22.54,0.0,0,1,24.444444,2
25495,11,8,2,0,24.06,0.0,69.21,8.9,23.52,23.08,79.9107,0,1,24.444444,2
25496,11,9,2,0,24.07,0.0,67.77,9.0,2.16,25.02,180.79,0,1,24.444444,2
25497,11,10,2,0,24.07,0.0,65.5,11.2,3.48,35.4,366.329,0,1,24.444444,2
25498,11,11,2,0,24.07,0.0,63.02,9.2,8.4,34.52,457.231,0,1,24.444444,2
25499,11,12,2,0,24.07,0.0,61.22,9.2,8.16,35.81,456.336,0,1,24.444444,2
25500,11,13,2,0,24.07,0.0,60.18,8.2,4.2,33.57,389.347,0,1,24.444444,2
25501,11,14,2,0,24.07,0.0,59.72,9.7,4.08,35.15,290.76,0,1,24.444444,2
25502,11,15,2,0,24.07,0.0,59.21,10.1,1.68,37.77,307.905,0,1,24.444444,2
25503,11,16,2,0,24.07,0.0,58.75,9.5,4.32,37.05,283.152,0,1,24.444444,2
25504,11,17,2,0,24.07,0.0,59.91,8.2,0.6,28.88,85.3504,0,1,24.444444,2
25505,11,18,2,0,24.07,0.0,61.49,9.7,5.4,27.86,0.0,0,1,24.444444,2
25506,11,19,2,0,24.07,0.0,62.97,8.8,5.76,26.51,0.0,0,1,24.444444,2
25507,11,20,2,0,24.07,0.0,63.8,10.2,5.4,27.61,0.0,0,1,24.444444,2
25508,11,21,2,0,24.07,0.0,64.93,8.8,1.68,24.33,0.0,0,1,24.444444,2
25509,11,22,2,0,24.07,0.0,64.46,15.5,2.76,35.23,0.0,0,1,24.444444,2
25510,11,23,2,0,24.07,0.0,64.11,10.1,1.2,23.15,0.0,0,1,24.444444,2
25511,11,24,2,0,24.07,0.0,64.81,11.2,0.84,23.67,0.0,0,1,24.444444,2
25512,11,1,3,0,24.01,0.0,67.65,3.5,0.96,10.91,0.0,0,1,24.444444,2
25513,11,2,3,0,24.06,0.0,68.45,9.7,0.24,21.2,0.0,0,1,24.444444,2
25514,11,3,3,0,24.03,0.0,70.18,5.8,0.6,13.88,0.0,0,1,24.444444,2
25515,11,4,3,0,24.05,0.0,71.12,9.4,0.12,19.64,0.0,0,1,24.444444,2
25516,11,5,3,0,24.06,0.0,70.7,9.8,0.72,19.82,0.0,0,1,24.444444,2
25517,11,6,3,0,24.05,0.0,70.98,9.5,2.4,19.02,0.0,0,1,24.444444,2
25518,11,7,3,0,24.06,0.0,71.1,10.2,9.72,20.35,0.0,0,1,24.444444,2
25519,11,8,3,0,24.06,0.0,71.11,9.9,20.4,20.29,0.0,0,1,24.444444,2
25520,11,9,3,0,23.96,0.0,71.48,7.3,13.92,8.85,10.7071,0,1,24.444444,2
25521,11,10,3,0,23.89,0.0,68.41,10.6,3.36,9.77,55.1513,0,1,24.444444,2
25522,11,11,3,0,23.95,0.0,63.67,9.2,3.96,11.37,255.213,0,1,24.444444,2
25523,11,12,3,0,23.99,0.0,59.92,8.4,6.72,13.18,395.208,0,1,24.444444,2
25524,11,13,3,0,23.98,0.0,56.71,7.0,1.68,11.92,326.333,0,1,24.444444,2
25525,11,14,3,0,24.04,0.0,52.42,9.1,1.2,15.89,359.182,0,1,24.444444,2
25526,11,15,3,0,24.07,0.0,46.57,9.8,1.8,17.32,365.235,0,1,24.444444,2
25527,11,16,3,0,24.06,0.0,43.59,9.0,1.2,13.68,217.118,0,1,24.444444,2
25528,11,17,3,0,24.01,0.0,41.7,7.9,3.0,9.04,62.6778,0,1,24.444444,2
25529,11,18,3,0,23.96,0.0,39.74,8.4,6.24,7.32,0.0,0,1,24.444444,2
25530,11,19,3,0,23.97,0.0,38.54,10.4,0.84,8.53,0.0,0,1,24.444444,2
25531,11,20,3,0,24.05,0.0,37.34,16.2,4.32,12.78,0.0,0,1,24.444444,2
25532,11,21,3,0,23.91,0.0,37.0,9.7,4.8,5.98,0.0,0,1,24.444444,2
25533,11,22,3,0,23.88,0.0,37.06,11.1,1.2,6.37,0.0,0,1,24.444444,2
25534,11,23,3,0,23.8,0.0,37.83,12.3,3.6,5.15,0.0,0,1,24.444444,2
25535,11,24,3,0,23.71,0.0,39.05,13.4,0.84,4.34,0.0,0,1,24.444444,2
25536,12,1,4,0,23.38,0.0,40.53,8.3,2.4,1.36,0.0,0,1,24.444444,2
25537,12,2,4,0,23.21,0.0,40.87,9.2,1.2,1.59,0.0,0,1,24.444444,2
25538,12,3,4,0,23.0,0.0,39.8,5.3,0.12,0.59,0.0,0,1,24.444444,2
25539,12,4,4,0,22.82,0.0,38.83,3.6,0.72,0.19,0.0,0,1,24.444444,2
25540,12,5,4,0,22.77,0.0,37.73,4.8,3.12,0.21,0.0,0,1,24.444444,2
25541,12,6,4,0,22.76,0.0,36.65,6.2,1.56,0.28,0.0,0,1,24.444444,2
25542,12,7,4,0,22.71,0.0,35.79,3.4,2.88,0.01,0.0,0,1,24.444444,2
25543,12,8,4,0,23.05,0.0,34.54,7.1,5.52,0.98,108.878,0,1,24.444444,2
25544,12,9,4,0,23.34,0.0,33.09,9.6,3.24,3.91,333.55,0,1,24.444444,2
25545,12,10,4,0,23.47,0.0,31.81,9.0,4.08,5.18,520.795,0,1,24.444444,2
25546,12,11,4,0,23.53,0.0,30.77,9.2,7.32,6.59,636.639,0,1,24.444444,2
25547,12,12,4,0,23.58,0.0,29.8,9.7,4.8,8.08,703.542,0,1,24.444444,2
25548,12,13,4,0,23.65,0.0,29.2,10.5,3.48,10.51,692.942,0,1,24.444444,2
25549,12,14,4,0,23.71,0.0,28.65,9.8,1.44,12.94,642.361,0,1,24.444444,2
25550,12,15,4,0,23.78,0.0,27.97,9.9,0.6,15.22,528.028,0,1,24.444444,2
25551,12,16,4,0,23.79,0.0,27.42,9.2,1.2,14.6,350.161,0,1,24.444444,2
25552,12,17,4,0,23.64,0.0,27.73,3.8,1.68,6.02,129.619,0,1,24.444444,2
25553,12,18,4,0,23.59,0.0,28.61,9.3,2.04,5.58,0.0,0,1,24.444444,2
25554,12,19,4,0,23.6,0.0,30.1,9.6,1.08,5.09,0.0,0,1,24.444444,2
25555,12,20,4,0,23.59,0.0,31.94,10.7,2.76,4.6,0.0,0,1,24.444444,2
25556,12,21,4,0,23.51,0.0,33.92,9.8,3.12,3.15,0.0,0,1,24.444444,2
25557,12,22,4,0,23.46,0.0,35.97,10.6,2.52,2.94,0.0,0,1,24.444444,2
25558,12,23,4,0,23.41,0.0,37.71,9.8,0.84,2.48,0.0,0,1,24.444444,2
25559,12,24,4,0,23.32,0.0,38.48,10.4,5.4,1.72,0.0,0,1,24.444444,2
25560,12,1,5,0,23.16,0.0,39.53,11.0,0.84,1.3,0.0,0,1,24.444444,2
25561,12,2,5,0,23.13,0.0,39.98,10.8,0.24,1.48,0.0,0,1,24.444444,2
25562,12,3,5,0,23.07,0.0,39.85,8.1,0.36,1.05,0.0,0,1,24.444444,2
25563,12,4,5,0,23.08,0.0,39.37,9.9,0.24,1.46,0.0,0,1,24.444444,2
25564,12,5,5,0,22.97,0.0,39.0,7.7,0.6,0.85,0.0,0,1,24.444444,2
25565,12,6,5,0,22.82,0.0,38.59,3.8,1.92,0.17,0.0,0,1,24.444444,2
25566,12,7,5,0,22.89,0.0,37.53,8.1,6.48,0.82,0.0,0,1,24.444444,2
25567,12,8,5,0,23.03,0.0,36.41,8.9,25.56,1.23,86.1811,0,1,24.444444,2
25568,12,9,5,0,23.27,0.0,35.5,9.5,11.04,2.34,244.004,0,1,24.444444,2
25569,12,10,5,0,23.39,0.0,34.96,9.2,5.76,3.17,315.768,0,1,24.444444,2
25570,12,11,5,0,23.56,0.0,34.16,11.6,1.68,6.29,452.283,0,1,24.444444,2
25571,12,12,5,0,23.59,0.0,34.47,8.5,6.96,6.65,577.2,0,1,24.444444,2
25572,12,13,5,0,23.64,0.0,35.2,9.1,6.24,9.12,629.874,0,1,24.444444,2
25573,12,14,5,0,23.72,0.0,35.37,9.9,1.32,10.67,519.646,0,1,24.444444,2
25574,12,15,5,0,23.77,0.0,34.81,9.9,2.4,11.26,424.068,0,1,24.444444,2
25575,12,16,5,0,23.81,0.0,34.74,10.9,3.6,11.09,270.987,0,1,24.444444,2
25576,12,17,5,0,23.79,0.0,35.04,11.2,2.88,8.67,83.6436,0,1,24.444444,2
25577,12,18,5,0,23.74,0.0,35.27,11.1,1.08,6.98,0.0,0,1,24.444444,2
25578,12,19,5,0,23.68,0.0,35.45,9.1,2.28,5.66,0.0,0,1,24.444444,2
25579,12,20,5,0,23.71,0.0,35.83,10.9,5.04,6.49,0.0,0,1,24.444444,2
25580,12,21,5,0,23.72,0.0,36.47,11.1,3.6,6.41,0.0,0,1,24.444444,2
25581,12,22,5,0,23.69,0.0,37.75,10.4,3.12,5.75,0.0,0,1,24.444444,2
25582,12,23,5,0,23.66,0.0,39.3,11.1,0.96,5.63,0.0,0,1,24.444444,2
25583,12,24,5,0,23.61,0.0,40.0,10.5,3.0,4.39,0.0,0,1,24.444444,2
25584,12,1,6,0,23.28,0.0,40.91,4.2,2.76,1.15,0.0,0,1,24.444444,2
25585,12,2,6,0,23.1,0.0,42.36,4.0,0.24,0.87,0.0,0,1,24.444444,2
25586,12,3,6,0,23.07,0.0,44.26,5.3,0.24,1.02,0.0,0,1,24.444444,2
25587,12,4,6,0,22.97,0.0,46.44,3.7,0.24,0.63,0.0,0,1,24.444444,2
25588,12,5,6,0,22.91,0.0,48.53,3.9,0.36,0.52,0.0,0,1,24.444444,2
25589,12,6,6,0,22.86,0.0,49.63,3.7,0.6,0.37,0.0,0,1,24.444444,2
25590,12,7,6,0,22.84,0.0,49.94,3.7,4.68,0.34,0.0,0,1,24.444444,2
25591,12,8,6,0,22.9,0.0,48.79,6.8,3.12,0.98,28.6881,0,1,24.444444,2
25592,12,9,6,0,22.88,0.0,47.62,5.1,5.52,0.48,85.8702,0,1,24.444444,2
25593,12,10,6,0,22.86,0.0,46.42,4.9,12.6,0.42,45.429,0,1,24.444444,2
25594,12,11,6,0,22.87,0.0,45.79,4.7,2.76,0.59,121.11,0,1,24.444444,2
25595,12,12,6,0,22.88,0.0,45.81,3.9,6.84,0.57,92.2269,0,1,24.444444,2
25596,12,13,6,0,23.01,0.0,46.07,6.7,3.96,1.45,124.343,0,1,24.444444,2
25597,12,14,6,0,23.21,0.0,46.13,8.8,7.92,2.67,296.793,0,1,24.444444,2
25598,12,15,6,0,23.26,0.0,47.2,10.6,0.6,2.73,40.6074,0,1,24.444444,2
25599,12,16,6,0,23.22,0.0,49.19,9.4,3.72,2.25,27.3814,0,1,24.444444,2
25600,12,17,6,0,23.03,0.0,51.09,3.6,1.56,0.53,3.23333,0,1,24.444444,2
25601,12,18,6,0,23.19,0.0,51.54,9.9,3.12,2.48,0.0,0,1,24.444444,2
25602,12,19,6,0,23.27,0.0,51.91,11.1,2.76,3.4,0.0,0,1,24.444444,2
25603,12,20,6,0,23.29,0.0,51.57,10.6,9.6,3.13,0.0,0,1,24.444444,2
25604,12,21,6,0,23.25,0.0,51.53,9.3,2.88,2.51,0.0,0,1,24.444444,2
25605,12,22,6,0,23.33,0.0,52.55,11.3,1.44,3.82,0.0,0,1,24.444444,2
25606,12,23,6,0,23.28,0.0,54.84,8.6,3.6,2.75,0.0,0,1,24.444444,2
25607,12,24,6,0,23.28,0.0,57.56,9.1,1.2,3.16,0.0,0,1,24.444444,2
25608,12,1,7,0,23.09,0.0,61.07,3.7,2.52,0.94,0.0,0,1,24.444444,2
25609,12,2,7,0,23.02,0.0,64.17,3.6,1.56,1.1,0.0,0,1,24.444444,2
25610,12,3,7,0,23.04,0.0,66.79,3.7,0.48,1.37,0.0,0,1,24.444444,2
25611,12,4,7,0,23.03,0.0,68.83,3.5,0.48,1.33,0.0,0,1,24.444444,2
25612,12,5,7,0,23.01,0.0,70.16,3.7,0.12,1.3,0.0,0,1,24.444444,2
25613,12,6,7,0,22.97,0.0,70.73,3.3,0.24,1.07,0.0,0,1,24.444444,2
25614,12,7,7,0,22.99,0.0,70.47,4.4,8.04,1.43,0.0,0,1,24.444444,2
25615,12,8,7,0,23.02,0.0,70.38,4.3,2.4,1.68,33.993,0,1,24.444444,2
25616,12,9,7,0,23.09,0.0,70.24,6.5,9.84,2.13,57.4466,0,1,24.444444,2
25617,12,10,7,0,22.99,0.0,70.67,3.6,15.6,0.93,36.3378,0,1,24.444444,2
25618,12,11,7,0,23.05,0.0,70.79,5.6,14.64,1.88,19.799,0,1,24.444444,2
25619,12,12,7,0,23.08,0.0,71.4,4.0,11.52,1.97,89.3854,0,1,24.444444,2
25620,12,13,7,0,23.16,0.0,71.79,4.4,0.72,3.22,207.365,0,1,24.444444,2
25621,12,14,7,0,23.2,0.0,71.47,5.3,9.72,3.16,159.56,0,1,24.444444,2
25622,12,15,7,0,23.33,0.0,69.61,10.6,4.08,5.3,54.5264,0,1,24.444444,2
25623,12,16,7,0,23.21,0.0,69.42,5.6,3.12,2.04,23.9917,0,1,24.444444,2
25624,12,17,7,0,23.09,0.0,69.56,4.1,6.84,1.2,2.41924,0,1,24.444444,2
25625,12,18,7,0,23.05,0.0,69.33,3.9,3.48,1.15,0.0,0,1,24.444444,2
25626,12,19,7,0,23.16,0.0,68.15,7.2,4.44,2.88,0.0,0,1,24.444444,2
25627,12,20,7,0,23.16,0.0,67.58,6.6,2.4,2.37,0.0,0,1,24.444444,2
25628,12,21,7,0,23.09,0.0,67.95,4.5,3.72,1.41,0.0,0,1,24.444444,2
25629,12,22,7,0,23.24,0.0,67.04,9.7,5.04,4.26,0.0,0,1,24.444444,2
25630,12,23,7,0,23.19,0.0,67.09,6.3,9.36,2.17,0.0,0,1,24.444444,2
25631,12,24,7,0,23.13,0.0,67.65,5.5,1.2,1.69,0.0,0,1,24.444444,2
25632,12,1,1,0,23.07,0.0,68.4,4.5,0.36,1.44,0.0,0,1,24.444444,2
25633,12,2,1,0,23.11,0.0,68.6,6.4,2.28,1.97,0.0,0,1,24.444444,2
25634,12,3,1,0,23.0,0.0,68.65,4.2,3.24,1.02,0.0,0,1,24.444444,2
25635,12,4,1,0,22.95,0.0,68.14,4.1,2.64,0.82,0.0,0,1,24.444444,2
25636,12,5,1,0,22.96,0.0,66.81,6.0,0.0,1.21,0.0,0,1,24.444444,2
25637,12,6,1,0,22.91,0.0,66.08,4.0,1.2,0.63,0.0,0,1,24.444444,2
25638,12,7,1,0,22.9,0.0,65.65,4.3,1.2,0.77,0.0,0,1,24.444444,2
25639,12,8,1,0,22.91,0.0,65.76,4.5,1.08,0.92,10.5458,0,1,24.444444,2
25640,12,9,1,0,22.88,0.0,66.03,4.1,2.52,0.46,42.1811,0,1,24.444444,2
25641,12,10,1,0,22.84,0.0,65.82,4.0,9.36,0.25,34.2871,0,1,24.444444,2
25642,12,11,1,0,22.83,0.0,65.12,4.9,12.6,0.36,29.3449,0,1,24.444444,2
25643,12,12,1,0,22.83,0.0,64.28,5.3,8.16,0.5,31.0628,0,1,24.444444,2
25644,12,13,1,0,22.87,0.0,63.66,5.3,5.76,0.93,98.1094,0,1,24.444444,2
25645,12,14,1,0,22.97,0.0,62.94,4.7,1.08,1.58,348.875,0,1,24.444444,2
25646,12,15,1,0,23.22,0.0,61.48,8.8,2.28,3.67,280.799,0,1,24.444444,2
25647,12,16,1,0,23.16,0.0,61.65,5.0,2.16,1.76,168.069,0,1,24.444444,2
25648,12,17,1,0,23.05,0.0,62.82,4.2,9.0,1.25,40.786,0,1,24.444444,2
25649,12,18,1,0,23.05,0.0,64.45,4.9,6.6,1.56,0.0,0,1,24.444444,2
25650,12,19,1,0,23.2,0.0,65.62,8.2,8.28,3.54,0.0,0,1,24.444444,2
25651,12,20,1,0,23.16,0.0,67.33,5.6,2.64,2.07,0.0,0,1,24.444444,2
25652,12,21,1,0,23.11,0.0,68.89,5.0,3.0,1.83,0.0,0,1,24.444444,2
25653,12,22,1,0,23.15,0.0,69.82,5.9,2.52,2.63,0.0,0,1,24.444444,2
25654,12,23,1,0,23.26,0.0,70.12,8.9,3.72,4.63,0.0,0,1,24.444444,2
25655,12,24,1,0,23.43,0.0,69.63,11.1,2.16,6.07,0.0,0,1,24.444444,2
25656,12,1,2,0,23.24,0.0,71.08,4.3,0.36,1.86,0.0,0,1,24.444444,2
25657,12,2,2,0,23.09,0.0,71.23,4.7,0.24,1.23,0.0,0,1,24.444444,2
25658,12,3,2,0,22.92,0.0,69.17,3.5,1.2,0.53,0.0,0,1,24.444444,2
25659,12,4,2,0,22.97,0.0,66.34,6.5,0.36,1.19,0.0,0,1,24.444444,2
25660,12,5,2,0,22.92,0.0,63.99,4.7,0.12,0.62,0.0,0,1,24.444444,2
25661,12,6,2,0,22.85,0.0,62.1,3.8,1.32,0.36,0.0,0,1,24.444444,2
25662,12,7,2,0,22.81,0.0,60.44,3.5,2.64,0.25,0.0,0,1,24.444444,2
25663,12,8,2,0,23.1,0.0,58.14,7.7,18.84,1.71,90.9159,0,1,24.444444,2
25664,12,9,2,0,23.02,0.0,56.62,5.7,5.16,0.73,131.246,0,1,24.444444,2
25665,12,10,2,0,22.98,0.0,55.1,6.4,8.64,0.87,159.671,0,1,24.444444,2
25666,12,11,2,0,22.95,0.0,53.89,5.0,3.36,0.8,204.168,0,1,24.444444,2
25667,12,12,2,0,23.27,0.0,52.01,11.2,5.28,3.46,303.07,0,1,24.444444,2
25668,12,13,2,0,23.22,0.0,51.7,4.1,4.32,1.45,326.161,0,1,24.444444,2
25669,12,14,2,0,23.43,0.0,50.56,9.8,1.2,5.09,288.769,0,1,24.444444,2
25670,12,15,2,0,23.59,0.0,48.76,9.8,2.4,9.82,463.492,0,1,24.444444,2
25671,12,16,2,0,23.63,0.0,47.51,10.1,1.92,10.81,353.47,0,1,24.444444,2
25672,12,17,2,0,23.45,0.0,48.07,4.2,1.8,3.17,124.029,0,1,24.444444,2
25673,12,18,2,0,23.41,0.0,48.69,9.4,0.96,3.51,0.0,0,1,24.444444,2
25674,12,19,2,0,23.52,0.0,48.92,12.2,4.32,5.53,0.0,0,1,24.444444,2
25675,12,20,2,0,23.36,0.0,50.25,6.5,2.64,2.22,0.0,0,1,24.444444,2
25676,12,21,2,0,23.35,0.0,51.25,8.3,4.32,2.81,0.0,0,1,24.444444,2
25677,12,22,2,0,23.37,0.0,51.9,9.6,2.52,3.32,0.0,0,1,24.444444,2
25678,12,23,2,0,23.6,0.0,51.2,16.8,1.44,7.52,0.0,0,1,24.444444,2
25679,12,24,2,0,23.26,0.0,52.75,6.6,1.92,1.48,0.0,0,1,24.444444,2
25680,12,1,3,0,23.27,0.0,53.77,9.8,1.08,2.46,0.0,0,1,24.444444,2
25681,12,2,3,0,22.98,0.0,55.58,3.5,0.36,0.44,0.0,0,1,24.444444,2
25682,12,3,3,0,22.87,0.0,56.78,3.7,0.0,0.38,0.0,0,1,24.444444,2
25683,12,4,3,0,22.83,0.0,57.44,3.8,1.92,0.31,0.0,0,1,24.444444,2
25684,12,5,3,0,22.8,0.0,57.99,3.9,9.24,0.28,0.0,0,1,24.444444,2
25685,12,6,3,0,22.78,0.0,58.38,3.6,4.44,0.25,0.0,0,1,24.444444,2
25686,12,7,3,0,22.79,0.0,58.62,4.4,3.0,0.39,0.0,0,1,24.444444,2
25687,12,8,3,0,22.96,0.0,57.97,4.7,12.24,1.03,82.6243,0,1,24.444444,2
25688,12,9,3,0,23.17,0.0,56.63,4.3,8.76,2.45,281.323,0,1,24.444444,2
25689,12,10,3,0,23.21,0.0,55.75,6.3,10.2,2.17,233.977,0,1,24.444444,2
25690,12,11,3,0,23.18,0.0,55.21,4.0,3.96,1.52,238.47,0,1,24.444444,2
25691,12,12,3,0,23.2,0.0,55.02,3.9,2.16,1.71,245.976,0,1,24.444444,2
25692,12,13,3,0,23.28,0.0,54.92,4.1,0.84,2.18,262.783,0,1,24.444444,2
25693,12,14,3,0,23.46,0.0,54.1,6.0,1.2,5.11,299.181,0,1,24.444444,2
25694,12,15,3,0,23.69,0.0,52.0,10.2,0.96,12.65,424.337,0,1,24.444444,2
25695,12,16,3,0,23.57,0.0,51.48,3.1,1.08,6.72,322.013,0,1,24.444444,2
25696,12,17,3,0,23.54,0.0,51.17,5.7,0.48,5.5,97.7531,0,1,24.444444,2
25697,12,18,3,0,23.67,0.0,50.41,11.9,4.8,8.49,0.0,0,1,24.444444,2
25698,12,19,3,0,23.69,0.0,50.58,10.3,5.16,7.64,0.0,0,1,24.444444,2
25699,12,20,3,0,23.54,0.0,52.25,6.1,2.04,4.02,0.0,0,1,24.444444,2
25700,12,21,3,0,23.64,0.0,53.04,11.2,8.76,7.72,0.0,0,1,24.444444,2
25701,12,22,3,0,23.5,0.0,54.8,6.6,2.28,3.56,0.0,0,1,24.444444,2
25702,12,23,3,0,23.45,0.0,56.47,7.5,3.24,3.49,0.0,0,1,24.444444,2
25703,12,24,3,0,23.42,0.0,57.29,8.3,0.36,3.38,0.0,0,1,24.444444,2
25704,12,1,4,0,23.43,0.0,56.99,10.0,0.24,3.7,0.0,0,1,24.444444,2
25705,12,2,4,0,23.38,0.0,56.88,10.0,0.36,3.03,0.0,0,1,24.444444,2
25706,12,3,4,0,23.16,0.0,57.8,5.3,2.28,1.07,0.0,0,1,24.444444,2
25707,12,4,4,0,22.97,0.0,58.57,3.5,1.08,0.61,0.0,0,1,24.444444,2
25708,12,5,4,0,22.95,0.0,57.99,5.2,0.36,0.89,0.0,0,1,24.444444,2
25709,12,6,4,0,22.94,0.0,57.28,6.4,1.44,0.92,0.0,0,1,24.444444,2
25710,12,7,4,0,22.82,0.0,56.6,3.8,3.24,0.19,0.0,0,1,24.444444,2
25711,12,8,4,0,22.87,0.0,54.66,7.9,5.4,0.74,35.6453,0,1,24.444444,2
25712,12,9,4,0,22.88,0.0,52.29,9.6,8.04,0.74,86.6443,0,1,24.444444,2
25713,12,10,4,0,22.8,0.0,50.28,8.3,1.8,0.22,50.4302,0,1,24.444444,2
25714,12,11,4,0,22.78,0.0,47.91,9.1,11.28,0.31,43.6087,0,1,24.444444,2
25715,12,12,4,0,22.78,0.0,45.11,8.6,6.12,0.26,126.78,0,1,24.444444,2
25716,12,13,4,0,22.75,0.0,42.55,6.9,3.6,0.03,139.25,0,1,24.444444,2
25717,12,14,4,0,22.78,0.0,40.26,9.3,0.72,0.32,126.375,0,1,24.444444,2
25718,12,15,4,0,22.78,0.0,38.54,9.9,2.76,0.33,42.7595,0,1,24.444444,2
25719,12,16,4,0,22.76,0.0,37.45,9.8,1.32,0.31,10.2977,0,1,24.444444,2
25720,12,17,4,0,22.74,0.0,36.35,8.6,3.6,0.17,0.0,0,1,24.444444,2
25721,12,18,4,0,22.74,0.0,34.93,9.0,3.36,0.26,0.0,0,1,24.444444,2
25722,12,19,4,0,22.76,0.0,33.62,9.9,2.4,0.45,0.0,0,1,24.444444,2
25723,12,20,4,0,22.77,0.0,32.63,10.7,4.08,0.51,0.0,0,1,24.444444,2
25724,12,21,4,0,22.77,0.0,31.59,11.8,6.36,0.56,0.0,0,1,24.444444,2
25725,12,22,4,0,22.76,0.0,30.32,11.6,4.56,0.45,0.0,0,1,24.444444,2
25726,12,23,4,0,22.75,0.0,29.06,12.0,1.68,0.42,0.0,0,1,24.444444,2
25727,12,24,4,0,22.72,0.0,28.07,10.8,5.64,0.22,0.0,0,1,24.444444,2
25728,12,1,5,0,22.78,0.0,27.33,17.1,0.72,0.87,0.0,0,1,24.444444,2
25729,12,2,5,0,22.68,0.0,27.37,9.9,0.48,0.0,0.0,0,1,24.444444,2
25730,12,3,5,0,22.61,0.0,27.73,9.3,2.64,0.0,0.0,0,1,24.444444,2
25731,12,4,5,0,22.57,0.0,28.04,7.8,0.24,0.0,0.0,0,1,24.444444,2
25732,12,5,5,0,22.55,0.0,28.03,7.9,0.0,0.0,0.0,0,1,24.444444,2
25733,12,6,5,0,22.49,0.0,27.57,4.2,1.68,0.0,0.0,0,1,24.444444,2
25734,12,7,5,0,22.51,0.0,26.64,9.2,2.88,0.0,0.0,0,1,24.444444,2
25735,12,8,5,0,22.54,0.0,25.61,8.8,12.96,0.0,89.4992,0,1,24.444444,2
25736,12,9,5,0,22.68,0.0,24.23,11.2,7.32,0.04,315.028,0,1,24.444444,2
25737,12,10,5,0,22.83,0.0,22.33,10.1,6.84,0.28,506.269,0,1,24.444444,2
25738,12,11,5,0,23.0,0.0,20.77,12.2,10.32,1.08,636.955,0,1,24.444444,2
25739,12,12,5,0,23.03,0.0,19.92,9.2,1.56,1.33,700.027,0,1,24.444444,2
25740,12,13,5,0,23.12,0.0,19.3,9.3,1.2,2.41,710.166,0,1,24.444444,2
25741,12,14,5,0,23.25,0.0,18.6,9.4,4.32,3.81,657.285,0,1,24.444444,2
25742,12,15,5,0,23.4,0.0,17.94,9.2,3.24,5.09,548.026,0,1,24.444444,2
25743,12,16,5,0,23.46,0.0,17.56,10.3,1.92,6.08,380.227,0,1,24.444444,2
25744,12,17,5,0,23.39,0.0,17.4,8.7,0.96,2.45,142.118,0,1,24.444444,2
25745,12,18,5,0,23.2,0.0,17.54,10.2,1.08,1.19,0.0,0,1,24.444444,2
25746,12,19,5,0,23.17,0.0,17.8,11.0,3.0,1.36,0.0,0,1,24.444444,2
25747,12,20,5,0,23.17,0.0,18.24,12.2,2.04,1.38,0.0,0,1,24.444444,2
25748,12,21,5,0,23.08,0.0,18.65,12.0,6.0,1.07,0.0,0,1,24.444444,2
25749,12,22,5,0,22.9,0.0,18.98,9.4,3.72,0.42,0.0,0,1,24.444444,2
25750,12,23,5,0,22.85,0.0,19.31,11.3,1.68,0.54,0.0,0,1,24.444444,2
25751,12,24,5,0,22.77,0.0,19.95,9.5,2.64,0.17,0.0,0,1,24.444444,2
25752,12,1,6,0,22.61,0.0,20.65,4.1,0.96,0.0,0.0,0,1,24.444444,2
25753,12,2,6,0,22.54,0.0,21.27,4.0,0.72,0.0,0.0,0,1,24.444444,2
25754,12,3,6,0,22.51,0.0,21.8,4.2,0.6,0.0,0.0,0,1,24.444444,2
25755,12,4,6,0,22.5,0.0,22.42,5.0,5.76,0.0,0.0,0,1,24.444444,2
25756,12,5,6,0,22.48,0.0,22.85,3.5,0.12,0.0,0.0,0,1,24.444444,2
25757,12,6,6,0,22.48,0.0,23.13,5.2,0.96,0.0,0.0,0,1,24.444444,2
25758,12,7,6,0,22.48,0.0,23.58,4.1,8.76,0.0,0.0,0,1,24.444444,2
25759,12,8,6,0,22.52,0.0,23.69,8.0,4.44,0.0,90.3767,0,1,24.444444,2
25760,12,9,6,0,22.58,0.0,23.31,4.2,4.44,0.0,312.186,0,1,24.444444,2
25761,12,10,6,0,22.75,0.0,22.19,5.7,3.0,0.07,506.449,0,1,24.444444,2
25762,12,11,6,0,22.92,0.0,21.26,8.6,3.36,0.78,632.121,0,1,24.444444,2
25763,12,12,6,0,22.94,0.0,20.75,4.2,5.28,0.79,711.483,0,1,24.444444,2
25764,12,13,6,0,22.99,0.0,20.12,3.2,6.36,1.29,714.227,0,1,24.444444,2
25765,12,14,6,0,23.25,0.0,18.85,9.3,2.04,4.18,668.303,0,1,24.444444,2
25766,12,15,6,0,23.48,0.0,17.82,13.1,3.96,8.21,550.271,0,1,24.444444,2
25767,12,16,6,0,23.5,0.0,17.44,10.2,1.08,6.89,389.715,0,1,24.444444,2
25768,12,17,6,0,23.28,0.0,17.94,4.3,0.72,1.45,147.611,0,1,24.444444,2
25769,12,18,6,0,23.09,0.0,19.42,9.0,0.72,0.85,0.0,0,1,24.444444,2
25770,12,19,6,0,23.07,0.0,21.23,10.5,3.48,0.97,0.0,0,1,24.444444,2
25771,12,20,6,0,23.12,0.0,22.64,13.7,5.28,1.35,0.0,0,1,24.444444,2
25772,12,21,6,0,22.89,0.0,24.14,9.2,5.52,0.34,0.0,0,1,24.444444,2
25773,12,22,6,0,22.89,0.0,24.9,12.4,4.56,0.8,0.0,0,1,24.444444,2
25774,12,23,6,0,22.72,0.0,25.94,7.1,1.44,0.02,0.0,0,1,24.444444,2
25775,12,24,6,0,22.63,0.0,27.1,6.1,0.72,0.0,0.0,0,1,24.444444,2
25776,12,1,7,0,22.55,0.0,27.92,4.2,0.6,0.0,0.0,0,1,24.444444,2
25777,12,2,7,0,22.5,0.0,28.53,3.5,0.24,0.0,0.0,0,1,24.444444,2
25778,12,3,7,0,22.48,0.0,29.39,3.5,0.72,0.0,0.0,0,1,24.444444,2
25779,12,4,7,0,22.48,0.0,30.18,4.3,0.24,0.0,0.0,0,1,24.444444,2
25780,12,5,7,0,22.48,0.0,30.99,3.6,0.6,0.0,0.0,0,1,24.444444,2
25781,12,6,7,0,22.5,0.0,32.11,6.2,6.12,0.0,0.0,0,1,24.444444,2
25782,12,7,7,0,22.5,0.0,34.0,4.6,3.24,0.0,0.0,0,1,24.444444,2
25783,12,8,7,0,22.53,0.0,36.1,3.3,4.92,0.0,81.5796,0,1,24.444444,2
25784,12,9,7,0,22.75,0.0,36.99,3.1,8.04,0.01,288.549,0,1,24.444444,2
25785,12,10,7,0,23.07,0.0,37.39,6.5,14.4,2.24,460.754,0,1,24.444444,2
25786,12,11,7,0,23.2,0.0,38.18,4.8,17.4,3.53,591.502,0,1,24.444444,2
25787,12,12,7,0,23.31,0.0,39.42,4.5,8.4,5.61,659.973,0,1,24.444444,2
25788,12,13,7,0,23.44,0.0,40.37,5.7,3.72,8.26,668.505,0,1,24.444444,2
25789,12,14,7,0,23.55,0.0,41.65,5.4,4.8,10.19,629.883,0,1,24.444444,2
25790,12,15,7,0,23.77,0.0,41.99,10.5,11.28,16.77,519.762,0,1,24.444444,2
25791,12,16,7,0,23.72,0.0,42.82,5.1,4.56,12.43,353.916,0,1,24.444444,2
25792,12,17,7,0,23.66,0.0,43.7,4.9,3.48,8.28,128.57,0,1,24.444444,2
25793,12,18,7,0,23.55,0.0,45.07,4.3,4.32,4.49,0.0,0,1,24.444444,2
25794,12,19,7,0,23.52,0.0,46.72,4.8,3.36,4.47,0.0,0,1,24.444444,2
25795,12,20,7,0,23.5,0.0,48.26,6.0,1.92,4.32,0.0,0,1,24.444444,2
25796,12,21,7,0,23.43,0.0,49.48,4.8,2.28,2.7,0.0,0,1,24.444444,2
25797,12,22,7,0,23.5,0.0,50.31,9.9,5.28,5.26,0.0,0,1,24.444444,2
25798,12,23,7,0,23.32,0.0,52.18,4.6,0.84,1.79,0.0,0,1,24.444444,2
25799,12,24,7,0,23.32,0.0,54.05,6.8,0.72,2.53,0.0,0,1,24.444444,2
25800,12,1,1,0,23.19,0.0,56.71,3.7,2.88,1.36,0.0,0,1,24.444444,2
25801,12,2,1,0,23.15,0.0,59.17,4.9,1.08,1.46,0.0,0,1,24.444444,2
25802,12,3,1,0,23.02,0.0,60.81,3.9,0.48,0.97,0.0,0,1,24.444444,2
25803,12,4,1,0,22.97,0.0,61.93,4.1,1.56,0.99,0.0,0,1,24.444444,2
25804,12,5,1,0,22.94,0.0,63.11,3.6,0.48,0.88,0.0,0,1,24.444444,2
25805,12,6,1,0,22.95,0.0,64.08,4.8,0.36,1.14,0.0,0,1,24.444444,2
25806,12,7,1,0,22.93,0.0,65.43,3.8,0.48,0.94,0.0,0,1,24.444444,2
25807,12,8,1,0,23.18,0.0,65.37,3.8,6.6,2.74,74.6856,0,1,24.444444,2
25808,12,9,1,0,23.49,0.0,64.4,3.9,9.84,7.75,268.813,0,1,24.444444,2
25809,12,10,1,0,23.69,0.0,63.38,3.9,6.84,12.67,434.553,0,1,24.444444,2
25810,12,11,1,0,23.78,0.0,62.24,4.5,14.28,16.47,555.364,0,1,24.444444,2
25811,12,12,1,0,23.87,0.0,60.52,5.3,8.4,21.05,613.618,0,1,24.444444,2
25812,12,13,1,0,23.91,0.0,58.69,3.9,2.04,21.88,612.856,0,1,24.444444,2
25813,12,14,1,0,23.98,0.0,57.08,5.0,2.88,25.18,511.319,0,1,24.444444,2
25814,12,15,1,0,24.07,0.01,54.99,10.5,3.72,34.13,405.813,0,1,24.444444,2
25815,12,16,1,0,24.05,0.0,54.07,4.3,2.52,25.78,315.702,0,1,24.444444,2
25816,12,17,1,0,24.05,0.0,54.93,4.3,4.8,19.85,105.976,0,1,24.444444,2
25817,12,18,1,0,24.05,0.0,56.96,5.0,5.52,15.95,0.0,0,1,24.444444,2
25818,12,19,1,0,24.06,0.0,58.65,7.7,8.04,19.23,0.0,0,1,24.444444,2
25819,12,20,1,0,24.06,0.0,59.83,6.4,3.48,15.84,0.0,0,1,24.444444,2
25820,12,21,1,0,24.03,0.0,61.74,5.0,7.32,12.94,0.0,0,1,24.444444,2
25821,12,22,1,0,24.0,0.0,64.19,4.9,1.92,12.07,0.0,0,1,24.444444,2
25822,12,23,1,0,23.98,0.0,66.64,5.1,5.64,11.28,0.0,0,1,24.444444,2
25823,12,24,1,0,24.01,0.0,67.43,8.2,3.0,14.03,0.0,0,1,24.444444,2
25824,12,1,2,0,23.9,0.0,68.44,5.3,0.48,8.86,0.0,0,1,24.444444,2
25825,12,2,2,0,23.76,0.0,70.0,4.0,0.12,6.61,0.0,0,1,24.444444,2
25826,12,3,2,0,23.68,0.0,71.2,3.8,0.12,6.09,0.0,0,1,24.444444,2
25827,12,4,2,0,23.74,0.0,71.38,6.2,0.12,8.41,0.0,0,1,24.444444,2
25828,12,5,2,0,23.63,0.0,72.61,3.4,0.36,4.89,0.0,0,1,24.444444,2
25829,12,6,2,0,23.62,0.0,73.88,4.6,1.08,5.79,0.0,0,1,24.444444,2
25830,12,7,2,0,23.6,0.0,75.36,4.0,4.56,5.86,0.0,0,1,24.444444,2
25831,12,8,2,0,23.71,0.0,74.75,4.7,17.52,12.51,68.083,0,1,24.444444,2
25832,12,9,2,0,23.75,0.0,73.57,4.4,4.8,13.22,196.139,0,1,24.444444,2
25833,12,10,2,0,23.76,0.0,74.11,4.8,8.4,10.46,126.981,0,1,24.444444,2
25834,12,11,2,0,23.92,0.0,72.38,9.5,3.96,21.29,278.427,0,1,24.444444,2
25835,12,12,2,0,23.94,0.0,70.83,4.3,2.28,17.98,331.235,0,1,24.444444,2
25836,12,13,2,0,24.06,0.0,67.35,9.3,3.84,30.66,523.383,0,1,24.444444,2
25837,12,14,2,0,24.07,0.0,65.6,5.9,1.44,24.19,367.621,0,1,24.444444,2
25838,12,15,2,0,24.07,0.0,64.66,10.3,0.84,26.12,65.5529,0,1,24.444444,2
25839,12,16,2,0,24.07,0.0,63.64,11.5,2.76,26.16,49.453,0,1,24.444444,2
25840,12,17,2,0,24.0,0.0,63.92,4.0,1.56,10.2,9.7268,0,1,24.444444,2
25841,12,18,2,0,24.03,0.0,63.51,9.5,1.32,14.87,0.0,0,1,24.444444,2
25842,12,19,2,0,24.05,0.0,63.16,9.6,2.52,15.75,0.0,0,1,24.444444,2
25843,12,20,2,0,24.01,0.0,64.1,6.8,3.6,11.38,0.0,0,1,24.444444,2
25844,12,21,2,0,23.9,0.0,66.03,4.7,2.88,8.21,0.0,0,1,24.444444,2
25845,12,22,2,0,23.94,0.0,67.0,7.6,2.04,11.07,0.0,0,1,24.444444,2
25846,12,23,2,0,24.0,0.0,66.51,11.1,2.04,15.15,0.0,0,1,24.444444,2
25847,12,24,2,0,23.9,0.0,67.05,6.7,1.32,8.58,0.0,0,1,24.444444,2
25848,12,1,3,0,23.73,0.0,68.98,3.9,0.48,4.94,0.0,0,1,24.444444,2
25849,12,2,3,0,23.59,0.0,70.37,3.8,0.48,4.11,0.0,0,1,24.444444,2
25850,12,3,3,0,23.47,0.0,71.09,3.6,0.0,3.35,0.0,0,1,24.444444,2
25851,12,4,3,0,23.45,0.0,70.88,4.6,0.0,3.66,0.0,0,1,24.444444,2
25852,12,5,3,0,23.37,0.0,71.11,3.6,0.72,3.01,0.0,0,1,24.444444,2
25853,12,6,3,0,23.29,0.0,71.71,3.2,1.68,2.32,0.0,0,1,24.444444,2
25854,12,7,3,0,23.24,0.0,71.34,3.8,5.16,2.19,0.0,0,1,24.444444,2
25855,12,8,3,0,23.41,0.0,69.2,4.7,19.44,3.94,63.1872,0,1,24.444444,2
25856,12,9,3,0,23.55,0.0,66.37,5.7,9.6,6.38,245.412,0,1,24.444444,2
25857,12,10,3,0,23.47,0.0,64.68,5.1,6.6,3.11,168.694,0,1,24.444444,2
25858,12,11,3,0,23.34,0.0,63.93,3.9,7.92,1.98,149.005,0,1,24.444444,2
25859,12,12,3,0,23.3,0.0,63.27,3.9,9.36,2.04,168.297,0,1,24.444444,2
25860,12,13,3,0,23.32,0.0,62.56,4.4,1.32,2.34,181.399,0,1,24.444444,2
25861,12,14,3,0,23.25,0.0,62.44,3.2,2.04,1.57,138.008,0,1,24.444444,2
25862,12,15,3,0,23.46,0.0,60.78,9.9,1.08,5.31,84.0649,0,1,24.444444,2
25863,12,16,3,0,23.42,0.0,59.91,4.0,0.6,3.76,228.364,0,1,24.444444,2
25864,12,17,3,0,23.34,0.0,59.97,4.1,1.2,2.75,98.669,0,1,24.444444,2
25865,12,18,3,0,23.38,0.0,59.69,8.7,2.04,3.7,0.0,0,1,24.444444,2
25866,12,19,3,0,23.47,0.0,59.25,10.1,1.56,4.76,0.0,0,1,24.444444,2
25867,12,20,3,0,23.42,0.0,59.43,8.7,1.92,3.53,0.0,0,1,24.444444,2
25868,12,21,3,0,23.35,0.0,59.99,7.7,11.64,2.78,0.0,0,1,24.444444,2
25869,12,22,3,0,23.33,0.0,59.93,8.6,4.32,2.98,0.0,0,1,24.444444,2
25870,12,23,3,0,23.32,0.0,59.38,9.7,2.16,2.98,0.0,0,1,24.444444,2
25871,12,24,3,0,23.21,0.0,58.93,7.8,1.08,1.63,0.0,0,1,24.444444,2
25872,12,1,4,0,23.14,0.0,58.14,8.7,3.36,1.44,0.0,0,1,24.444444,2
25873,12,2,4,0,23.0,0.0,56.53,8.2,0.96,0.88,0.0,0,1,24.444444,2
25874,12,3,4,0,22.79,0.0,54.65,3.6,0.12,0.01,0.0,0,1,24.444444,2
25875,12,4,4,0,22.7,0.0,52.01,3.7,0.36,0.0,0.0,0,1,24.444444,2
25876,12,5,4,0,22.66,0.0,49.67,3.9,0.36,0.0,0.0,0,1,24.444444,2
25877,12,6,4,0,22.63,0.0,47.54,4.2,0.84,0.0,0.0,0,1,24.444444,2
25878,12,7,4,0,22.63,0.0,45.81,5.7,3.84,0.0,0.0,0,1,24.444444,2
25879,12,8,4,0,22.71,0.0,44.2,7.7,13.56,0.06,72.0592,0,1,24.444444,2
25880,12,9,4,0,22.9,0.0,42.06,8.8,9.6,0.41,279.903,0,1,24.444444,2
25881,12,10,4,0,23.0,0.0,39.15,7.3,5.28,0.89,472.175,0,1,24.444444,2
25882,12,11,4,0,23.14,0.0,36.46,10.1,5.88,2.84,605.937,0,1,24.444444,2
25883,12,12,4,0,23.24,0.0,34.46,8.8,5.76,3.92,660.767,0,1,24.444444,2
25884,12,13,4,0,23.3,0.0,33.23,8.3,2.64,4.75,693.202,0,1,24.444444,2
25885,12,14,4,0,23.39,0.0,32.3,8.8,4.68,6.09,642.184,0,1,24.444444,2
25886,12,15,4,0,23.5,0.0,31.51,10.4,3.84,8.47,547.198,0,1,24.444444,2
25887,12,16,4,0,23.55,0.0,31.01,10.5,1.32,9.09,370.709,0,1,24.444444,2
25888,12,17,4,0,23.51,0.0,30.94,9.7,0.96,5.45,140.381,0,1,24.444444,2
25889,12,18,4,0,23.43,0.0,31.25,9.6,1.8,2.61,0.0,0,1,24.444444,2
25890,12,19,4,0,23.4,0.0,31.76,9.3,1.68,2.42,0.0,0,1,24.444444,2
25891,12,20,4,0,23.37,0.0,32.48,9.7,2.52,2.16,0.0,0,1,24.444444,2
25892,12,21,4,0,23.44,0.0,33.11,14.7,3.84,4.01,0.0,0,1,24.444444,2
25893,12,22,4,0,23.3,0.0,33.69,10.2,2.4,1.53,0.0,0,1,24.444444,2
25894,12,23,4,0,23.29,0.0,33.63,13.6,2.16,2.03,0.0,0,1,24.444444,2
25895,12,24,4,0,23.07,0.0,33.86,9.7,2.64,0.76,0.0,0,1,24.444444,2
25896,12,1,5,0,22.87,0.0,33.44,8.6,2.16,0.36,0.0,0,1,24.444444,2
25897,12,2,5,0,22.85,0.0,32.9,10.9,0.6,0.52,0.0,0,1,24.444444,2
25898,12,3,5,0,22.79,0.0,33.34,9.7,0.24,0.31,0.0,0,1,24.444444,2
25899,12,4,5,0,22.74,0.0,34.23,8.3,0.0,0.16,0.0,0,1,24.444444,2
25900,12,5,5,0,22.73,0.0,35.57,8.4,0.24,0.21,0.0,0,1,24.444444,2
25901,12,6,5,0,22.67,0.0,37.13,5.0,2.28,0.0,0.0,0,1,24.444444,2
25902,12,7,5,0,22.73,0.0,38.12,10.9,4.92,0.49,0.0,0,1,24.444444,2
25903,12,8,5,0,22.85,0.0,38.7,9.7,20.4,0.54,71.2502,0,1,24.444444,2
25904,12,9,5,0,23.08,0.0,38.52,9.6,15.6,1.51,271.117,0,1,24.444444,2
25905,12,10,5,0,23.21,0.0,38.44,9.3,6.36,3.38,448.835,0,1,24.444444,2
25906,12,11,5,0,23.3,0.0,38.69,9.3,4.68,4.38,523.917,0,1,24.444444,2
25907,12,12,5,0,23.4,0.0,39.59,9.1,7.32,4.55,409.331,0,1,24.444444,2
25908,12,13,5,0,23.57,0.0,42.04,9.5,4.56,6.79,388.066,0,1,24.444444,2
25909,12,14,5,0,23.67,0.0,45.45,9.4,1.44,8.13,260.788,0,1,24.444444,2
25910,12,15,5,0,23.78,0.0,47.92,11.6,0.72,11.22,153.826,0,1,24.444444,2
25911,12,16,5,0,23.82,0.0,50.49,9.1,3.48,13.07,264.59,0,1,24.444444,2
25912,12,17,5,0,23.83,0.0,52.46,8.9,5.4,11.72,115.792,0,1,24.444444,2
25913,12,18,5,0,23.83,0.0,54.25,9.6,1.92,10.36,0.0,0,1,24.444444,2
25914,12,19,5,0,23.86,0.0,55.83,9.2,4.2,10.65,0.0,0,1,24.444444,2
25915,12,20,5,0,23.94,0.0,57.73,11.1,2.76,12.56,0.0,0,1,24.444444,2
25916,12,21,5,0,24.0,0.0,58.73,12.5,5.64,13.79,0.0,0,1,24.444444,2
25917,12,22,5,0,23.96,0.0,60.15,10.3,5.04,11.22,0.0,0,1,24.444444,2
25918,12,23,5,0,23.96,0.0,61.56,10.3,1.8,11.18,0.0,0,1,24.444444,2
25919,12,24,5,0,23.99,0.0,62.31,12.0,2.04,13.09,0.0,0,1,24.444444,2
25920,12,1,6,0,23.72,0.0,65.54,3.9,3.12,4.86,0.0,0,1,24.444444,2
25921,12,2,6,0,23.67,0.0,68.63,5.0,0.48,5.8,0.0,0,1,24.444444,2
25922,12,3,6,0,23.61,0.0,71.3,4.0,0.36,4.93,0.0,0,1,24.444444,2
25923,12,4,6,0,23.57,0.0,73.76,3.9,3.24,4.84,0.0,0,1,24.444444,2
25924,12,5,6,0,23.59,0.0,75.05,5.2,0.96,5.97,0.0,0,1,24.444444,2
25925,12,6,6,0,23.53,0.0,76.6,3.5,3.12,4.59,0.0,0,1,24.444444,2
25926,12,7,6,0,23.52,0.0,78.01,3.9,2.88,5.12,0.0,0,1,24.444444,2
25927,12,8,6,0,23.62,0.0,76.97,3.9,4.2,10.97,60.406,0,1,24.444444,2
25928,12,9,6,0,23.75,0.0,74.0,5.2,5.88,18.5,245.828,0,1,24.444444,2
25929,12,10,6,0,23.85,0.0,71.26,6.3,7.32,21.39,361.26,0,1,24.444444,2
25930,12,11,6,0,23.93,0.0,69.72,7.1,12.24,21.05,314.708,0,1,24.444444,2
25931,12,12,6,0,23.96,0.0,69.06,4.4,1.92,19.1,314.158,0,1,24.444444,2
25932,12,13,6,0,24.01,0.0,67.63,3.9,3.6,22.37,487.815,0,1,24.444444,2
25933,12,14,6,0,24.07,0.0,65.25,9.3,3.24,31.7,376.516,0,1,24.444444,2
25934,12,15,6,0,24.07,0.0,63.6,10.0,3.84,31.79,203.169,0,1,24.444444,2
25935,12,16,6,0,24.07,0.0,61.12,11.4,2.76,37.45,322.676,0,1,24.444444,2
25936,12,17,6,0,24.07,0.0,61.68,4.7,1.32,20.4,105.656,0,1,24.444444,2
25937,12,18,6,0,24.07,0.0,62.92,9.8,3.96,25.14,0.0,0,1,24.444444,2
25938,12,19,6,0,24.07,0.0,63.33,9.9,3.0,25.17,0.0,0,1,24.444444,2
25939,12,20,6,0,24.07,0.0,62.63,15.1,2.4,32.15,0.0,0,1,24.444444,2
25940,12,21,6,0,24.07,0.0,63.63,8.2,0.72,18.75,0.0,0,1,24.444444,2
25941,12,22,6,0,24.07,0.0,63.1,17.6,1.68,34.31,0.0,0,1,24.444444,2
25942,12,23,6,0,24.06,0.0,63.24,7.7,0.72,15.51,0.0,0,1,24.444444,2
25943,12,24,6,0,24.06,0.0,65.34,9.0,0.84,16.78,0.0,0,1,24.444444,2
25944,12,1,7,0,23.95,0.0,68.29,3.8,0.72,9.22,0.0,0,1,24.444444,2
25945,12,2,7,0,23.91,0.0,71.62,4.4,0.36,9.83,0.0,0,1,24.444444,2
25946,12,3,7,0,23.83,0.0,74.37,3.3,0.0,8.28,0.0,0,1,24.444444,2
25947,12,4,7,0,23.77,0.0,76.23,3.4,0.96,8.04,0.0,0,1,24.444444,2
25948,12,5,7,0,23.78,0.0,76.88,4.8,0.0,9.09,0.0,0,1,24.444444,2
25949,12,6,7,0,23.72,0.0,77.47,3.7,1.2,7.04,0.0,0,1,24.444444,2
25950,12,7,7,0,23.51,0.0,77.52,3.6,0.36,2.94,0.0,0,1,24.444444,2
25951,12,8,7,0,23.23,0.0,72.2,4.1,6.36,1.42,60.9716,0,1,24.444444,2
25952,12,9,7,0,22.94,0.0,67.56,3.6,12.24,0.13,44.8252,0,1,24.444444,2
25953,12,10,7,0,22.74,0.0,61.15,4.3,6.84,0.0,15.585,0,1,24.444444,2
25954,12,11,7,0,22.66,0.0,54.92,4.3,6.24,0.0,57.9815,0,1,24.444444,2
25955,12,12,7,0,22.58,0.0,50.42,3.4,10.44,0.0,28.7281,0,1,24.444444,2
25956,12,13,7,0,22.56,0.0,46.85,4.8,4.08,0.0,66.9843,0,1,24.444444,2
25957,12,14,7,0,22.55,0.0,44.02,5.7,8.16,0.0,95.5435,0,1,24.444444,2
25958,12,15,7,0,22.58,0.0,41.38,10.7,8.04,0.0,56.7861,0,1,24.444444,2
25959,12,16,7,0,22.54,0.0,39.4,7.9,4.2,0.0,19.4664,0,1,24.444444,2
25960,12,17,7,0,22.48,0.0,37.8,5.4,11.04,0.0,1.92303,0,1,24.444444,2
25961,12,18,7,0,22.48,0.0,36.5,6.5,6.72,0.0,0.0,0,1,24.444444,2
25962,12,19,7,0,22.48,0.0,35.71,6.9,3.6,0.0,0.0,0,1,24.444444,2
25963,12,20,7,0,22.48,0.0,35.15,6.6,2.64,0.0,0.0,0,1,24.444444,2
25964,12,21,7,0,22.48,0.0,34.57,6.2,1.68,0.0,0.0,0,1,24.444444,2
25965,12,22,7,0,22.48,0.0,34.04,9.2,2.88,0.0,0.0,0,1,24.444444,2
25966,12,23,7,0,22.48,0.0,33.47,6.2,1.56,0.0,0.0,0,1,24.444444,2
25967,12,24,7,0,22.48,0.0,32.97,7.9,1.32,0.0,0.0,0,1,24.444444,2
25968,12,1,1,0,22.48,0.0,32.7,4.2,0.48,0.0,0.0,0,1,24.444444,2
25969,12,2,1,0,22.48,0.0,32.38,3.8,1.92,0.0,0.0,0,1,24.444444,2
25970,12,3,1,0,22.48,0.0,32.08,3.5,0.72,0.0,0.0,0,1,24.444444,2
25971,12,4,1,0,22.48,0.0,31.75,3.2,0.0,0.0,0.0,0,1,24.444444,2
25972,12,5,1,0,22.48,0.0,31.28,4.1,0.24,0.0,0.0,0,1,24.444444,2
25973,12,6,1,0,22.48,0.0,30.69,3.3,0.96,0.0,0.0,0,1,24.444444,2
25974,12,7,1,0,22.48,0.0,30.17,4.1,1.44,0.0,0.0,0,1,24.444444,2
25975,12,8,1,0,22.48,0.0,29.65,4.0,6.0,0.0,61.4738,0,1,24.444444,2
25976,12,9,1,0,22.48,0.0,28.6,3.6,11.64,0.0,151.942,0,1,24.444444,2
25977,12,10,1,0,22.48,0.0,27.32,4.3,5.28,0.0,177.478,0,1,24.444444,2
25978,12,11,1,0,22.48,0.0,26.39,4.4,7.08,0.0,244.03,0,1,24.444444,2
25979,12,12,1,0,22.48,0.0,25.82,6.9,6.12,0.0,364.182,0,1,24.444444,2
25980,12,13,1,0,22.53,0.0,25.36,4.2,1.68,0.0,626.591,0,1,24.444444,2
25981,12,14,1,0,22.57,0.0,25.22,4.0,1.68,0.0,491.654,0,1,24.444444,2
25982,12,15,1,0,23.01,0.0,24.65,14.0,2.16,1.56,532.809,0,1,24.444444,2
25983,12,16,1,0,22.89,0.0,24.97,4.1,5.76,0.54,366.819,0,1,24.444444,2
25984,12,17,1,0,22.77,0.0,25.2,6.0,2.04,0.27,137.319,0,1,24.444444,2
25985,12,18,1,0,22.62,0.0,25.75,5.4,8.16,0.0,0.0,0,1,24.444444,2
25986,12,19,1,0,22.64,0.0,26.6,7.0,6.72,0.0,0.0,0,1,24.444444,2
25987,12,20,1,0,22.62,0.0,27.55,5.9,4.32,0.0,0.0,0,1,24.444444,2
25988,12,21,1,0,22.75,0.0,27.47,14.4,4.68,0.3,0.0,0,1,24.444444,2
25989,12,22,1,0,22.62,0.0,27.68,6.7,3.36,0.0,0.0,0,1,24.444444,2
25990,12,23,1,0,22.57,0.0,27.69,7.8,1.56,0.0,0.0,0,1,24.444444,2
25991,12,24,1,0,22.54,0.0,27.75,6.8,1.92,0.0,0.0,0,1,24.444444,2
25992,12,1,2,0,22.5,0.0,27.85,4.4,2.16,0.0,0.0,0,1,24.444444,2
25993,12,2,2,0,22.48,0.0,27.85,5.6,0.12,0.0,0.0,0,1,24.444444,2
25994,12,3,2,0,22.48,0.0,27.85,3.7,0.24,0.0,0.0,0,1,24.444444,2
25995,12,4,2,0,22.48,0.0,27.98,5.7,0.12,0.0,0.0,0,1,24.444444,2
25996,12,5,2,0,22.48,0.0,28.25,7.6,0.36,0.0,0.0,0,1,24.444444,2
25997,12,6,2,0,22.48,0.0,28.53,3.0,1.68,0.0,0.0,0,1,24.444444,2
25998,12,7,2,0,22.48,0.0,28.88,5.3,3.0,0.0,0.0,0,1,24.444444,2
25999,12,8,2,0,22.48,0.0,29.15,4.5,15.48,0.0,70.3859,0,1,24.444444,2
26000,12,9,2,0,22.53,0.0,29.0,5.7,6.36,0.0,282.24,0,1,24.444444,2
26001,12,10,2,0,22.68,0.0,28.7,5.8,13.32,0.0,469.631,0,1,24.444444,2
26002,12,11,2,0,22.78,0.0,28.72,5.3,3.84,0.21,597.588,0,1,24.444444,2
26003,12,12,2,0,23.01,0.0,28.84,9.3,2.04,1.44,653.421,0,1,24.444444,2
26004,12,13,2,0,23.09,0.0,29.1,6.0,6.36,1.74,675.5,0,1,24.444444,2
26005,12,14,2,0,23.23,0.0,28.94,7.4,3.24,3.54,630.986,0,1,24.444444,2
26006,12,15,2,0,23.45,0.0,28.68,10.6,1.08,6.81,530.32,0,1,24.444444,2
26007,12,16,2,0,23.52,0.0,28.65,11.0,0.72,7.98,369.813,0,1,24.444444,2
26008,12,17,2,0,23.37,0.0,29.17,4.7,4.32,2.14,137.196,0,1,24.444444,2
26009,12,18,2,0,23.36,0.0,29.84,12.1,1.68,2.36,0.0,0,1,24.444444,2
26010,12,19,2,0,23.3,0.0,31.21,9.8,2.88,1.52,0.0,0,1,24.444444,2
26011,12,20,2,0,23.17,0.0,32.63,8.2,2.76,0.96,0.0,0,1,24.444444,2
26012,12,21,2,0,23.03,0.0,33.84,7.9,2.76,0.64,0.0,0,1,24.444444,2
26013,12,22,2,0,23.05,0.0,34.51,11.5,5.28,1.13,0.0,0,1,24.444444,2
26014,12,23,2,0,23.06,0.0,35.7,12.8,2.04,1.24,0.0,0,1,24.444444,2
26015,12,24,2,0,23.1,0.0,36.85,15.5,0.24,1.51,0.0,0,1,24.444444,2
26016,12,1,3,0,22.77,0.0,38.37,7.0,0.48,0.03,0.0,0,1,24.444444,2
26017,12,2,3,0,22.61,0.0,39.14,3.5,0.48,0.0,0.0,0,1,24.444444,2
26018,12,3,3,0,22.62,0.0,39.33,7.6,0.36,0.0,0.0,0,1,24.444444,2
26019,12,4,3,0,22.56,0.0,39.6,4.1,0.24,0.0,0.0,0,1,24.444444,2
26020,12,5,3,0,22.53,0.0,39.89,3.8,0.12,0.0,0.0,0,1,24.444444,2
26021,12,6,3,0,22.54,0.0,40.88,4.0,0.96,0.0,0.0,0,1,24.444444,2
26022,12,7,3,0,22.54,0.0,42.11,4.1,1.44,0.0,0.0,0,1,24.444444,2
26023,12,8,3,0,22.59,0.0,43.22,5.1,14.88,0.0,60.1844,0,1,24.444444,2
26024,12,9,3,0,22.65,0.0,43.68,4.1,10.56,0.0,214.584,0,1,24.444444,2
26025,12,10,3,0,22.67,0.0,43.89,4.5,7.92,0.0,220.479,0,1,24.444444,2
26026,12,11,3,0,22.75,0.0,43.77,4.6,6.24,0.09,273.011,0,1,24.444444,2
26027,12,12,3,0,22.84,0.0,44.03,4.1,4.44,0.43,340.516,0,1,24.444444,2
26028,12,13,3,0,22.9,0.0,44.98,4.2,4.32,0.78,323.884,0,1,24.444444,2
26029,12,14,3,0,22.95,0.0,46.27,3.7,3.96,0.83,256.845,0,1,24.444444,2
26030,12,15,3,0,23.17,0.0,46.36,10.1,3.6,2.3,112.068,0,1,24.444444,2
26031,12,16,3,0,23.0,0.0,47.83,3.9,0.72,0.61,63.8444,0,1,24.444444,2
26032,12,17,3,0,22.88,0.0,49.36,3.9,0.84,0.44,15.1526,0,1,24.444444,2
26033,12,18,3,0,23.06,0.0,49.8,8.8,3.96,1.6,0.0,0,1,24.444444,2
26034,12,19,3,0,23.18,0.0,50.24,10.1,1.92,2.2,0.0,0,1,24.444444,2
26035,12,20,3,0,23.17,0.0,50.95,9.6,1.44,1.83,0.0,0,1,24.444444,2
26036,12,21,3,0,23.05,0.0,52.37,7.4,7.08,1.09,0.0,0,1,24.444444,2
26037,12,22,3,0,23.0,0.0,53.4,7.6,1.92,1.08,0.0,0,1,24.444444,2
26038,12,23,3,0,22.95,0.0,54.12,7.7,1.68,0.92,0.0,0,1,24.444444,2
26039,12,24,3,0,22.91,0.0,54.47,7.3,0.72,0.74,0.0,0,1,24.444444,2
26040,12,1,4,0,23.07,0.0,53.86,13.5,0.6,2.21,0.0,0,1,24.444444,2
26041,12,2,4,0,22.94,0.0,54.41,8.4,0.48,0.87,0.0,0,1,24.444444,2
26042,12,3,4,0,22.82,0.0,55.53,4.9,0.24,0.3,0.0,0,1,24.444444,2
26043,12,4,4,0,22.79,0.0,56.58,5.1,0.48,0.35,0.0,0,1,24.444444,2
26044,12,5,4,0,22.76,0.0,57.58,4.0,0.36,0.2,0.0,0,1,24.444444,2
26045,12,6,4,0,22.76,0.0,58.57,4.1,2.04,0.23,0.0,0,1,24.444444,2
26046,12,7,4,0,22.74,0.0,59.36,3.7,3.6,0.17,0.0,0,1,24.444444,2
26047,12,8,4,0,22.78,0.0,59.6,7.2,13.32,0.72,0.117732,0,1,24.444444,2
26048,12,9,4,0,22.82,0.0,59.7,8.3,5.16,1.06,13.531,0,1,24.444444,2
26049,12,10,4,0,22.87,0.0,59.87,8.5,2.76,1.38,66.5763,0,1,24.444444,2
26050,12,11,4,0,22.96,0.0,60.21,9.1,1.68,1.82,88.9328,0,1,24.444444,2
26051,12,12,4,0,23.01,0.0,61.12,8.2,2.16,1.87,116.959,0,1,24.444444,2
26052,12,13,4,0,23.04,0.0,61.86,8.3,2.04,1.81,112.856,0,1,24.444444,2
26053,12,14,4,0,23.11,0.0,61.39,9.0,1.2,2.23,139.109,0,1,24.444444,2
26054,12,15,4,0,23.57,0.0,59.15,16.6,3.12,7.1,81.9522,0,1,24.444444,2
26055,12,16,4,0,23.54,0.0,58.66,9.6,2.76,5.79,223.488,0,1,24.444444,2
26056,12,17,4,0,23.55,0.0,58.72,10.6,3.24,5.87,88.7977,0,1,24.444444,2
26057,12,18,4,0,23.41,0.0,59.95,8.7,1.56,3.44,0.0,0,1,24.444444,2
26058,12,19,4,0,23.46,0.0,60.39,10.4,1.32,5.07,0.0,0,1,24.444444,2
26059,12,20,4,0,23.48,0.0,61.03,9.8,2.04,4.87,0.0,0,1,24.444444,2
26060,12,21,4,0,23.62,0.0,60.76,13.3,5.28,7.83,0.0,0,1,24.444444,2
26061,12,22,4,0,23.62,0.0,60.86,11.9,0.84,6.6,0.0,0,1,24.444444,2
26062,12,23,4,0,23.58,0.0,61.47,11.1,2.76,5.45,0.0,0,1,24.444444,2
26063,12,24,4,0,23.54,0.0,61.81,10.8,3.72,4.78,0.0,0,1,24.444444,2
26064,12,1,5,0,23.56,0.0,61.51,11.7,4.44,5.31,0.0,0,1,24.444444,2
26065,12,2,5,0,23.48,0.0,62.07,9.4,2.16,3.67,0.0,0,1,24.444444,2
26066,12,3,5,0,23.36,0.0,62.96,7.9,0.36,2.64,0.0,0,1,24.444444,2
26067,12,4,5,0,23.31,0.0,63.2,8.1,6.24,2.54,0.0,0,1,24.444444,2
26068,12,5,5,0,23.37,0.0,62.53,10.8,0.12,3.72,0.0,0,1,24.444444,2
26069,12,6,5,0,23.09,0.0,63.23,3.7,1.44,0.79,0.0,0,1,24.444444,2
26070,12,7,5,0,23.17,0.0,62.12,8.2,3.12,2.05,0.0,0,1,24.444444,2
26071,12,8,5,0,23.41,0.0,59.99,10.0,15.96,4.34,54.3414,0,1,24.444444,2
26072,12,9,5,0,23.64,0.0,57.15,12.4,9.36,10.33,237.06,0,1,24.444444,2
26073,12,10,5,0,23.67,0.0,55.42,9.6,6.36,8.98,333.612,0,1,24.444444,2
26074,12,11,5,0,23.92,0.0,52.97,19.8,5.64,19.96,283.718,0,1,24.444444,2
26075,12,12,5,0,23.96,0.0,51.86,11.4,3.48,16.78,552.054,0,1,24.444444,2
26076,12,13,5,0,23.96,0.0,52.16,9.1,6.6,18.99,623.67,0,1,24.444444,2
26077,12,14,5,0,24.02,0.0,52.59,9.8,7.44,23.55,582.977,0,1,24.444444,2
26078,12,15,5,0,24.06,0.0,52.48,10.6,0.48,27.68,490.436,0,1,24.444444,2
26079,12,16,5,0,24.06,0.0,52.09,9.9,2.16,26.2,337.039,0,1,24.444444,2
26080,12,17,5,0,24.06,0.0,52.9,8.0,2.64,18.27,123.286,0,1,24.444444,2
26081,12,18,5,0,24.06,0.0,54.82,9.6,0.96,15.76,0.0,0,1,24.444444,2
26082,12,19,5,0,24.05,0.0,56.36,9.0,1.8,14.63,0.0,0,1,24.444444,2
26083,12,20,5,0,24.06,0.0,57.49,10.2,3.12,14.98,0.0,0,1,24.444444,2
26084,12,21,5,0,24.06,0.0,58.13,11.6,1.8,15.17,0.0,0,1,24.444444,2
26085,12,22,5,0,24.05,0.0,58.73,11.8,2.4,14.08,0.0,0,1,24.444444,2
26086,12,23,5,0,24.03,0.0,59.31,11.5,2.64,12.14,0.0,0,1,24.444444,2
26087,12,24,5,0,23.98,0.0,59.74,10.9,2.04,10.05,0.0,0,1,24.444444,2
26088,12,1,6,0,23.67,0.0,61.77,5.2,0.6,3.86,0.0,0,1,24.444444,2
26089,12,2,6,0,23.47,0.0,63.09,4.9,0.48,2.93,0.0,0,1,24.444444,2
26090,12,3,6,0,23.23,0.0,63.85,3.4,0.24,1.65,0.0,0,1,24.444444,2
26091,12,4,6,0,23.14,0.0,63.8,4.0,0.24,1.52,0.0,0,1,24.444444,2
26092,12,5,6,0,23.04,0.0,63.77,3.5,0.36,1.08,0.0,0,1,24.444444,2
26093,12,6,6,0,22.95,0.0,63.58,3.8,0.96,0.9,0.0,0,1,24.444444,2
26094,12,7,6,0,22.94,0.0,63.72,3.6,7.68,1.03,0.0,0,1,24.444444,2
26095,12,8,6,0,23.28,0.0,63.59,6.1,2.04,3.58,54.7174,0,1,24.444444,2
26096,12,9,6,0,23.53,0.0,63.22,4.8,7.08,7.67,237.024,0,1,24.444444,2
26097,12,10,6,0,23.69,0.0,63.73,4.2,1.92,11.46,407.643,0,1,24.444444,2
26098,12,11,6,0,23.75,0.0,64.45,4.6,8.88,13.54,488.702,0,1,24.444444,2
26099,12,12,6,0,23.79,0.0,64.76,4.9,1.68,13.67,321.953,0,1,24.444444,2
26100,12,13,6,0,23.88,0.0,63.55,5.4,2.4,20.66,584.781,0,1,24.444444,2
26101,12,14,6,0,24.01,0.0,60.64,8.9,1.44,30.16,580.224,0,1,24.444444,2
26102,12,15,6,0,24.07,0.01,57.38,10.0,1.2,34.74,489.306,0,1,24.444444,2
26103,12,16,6,0,24.07,0.0,55.64,9.7,1.56,33.02,345.093,0,1,24.444444,2
26104,12,17,6,0,24.05,0.0,56.32,4.2,3.0,19.36,133.487,0,1,24.444444,2
26105,12,18,6,0,24.07,0.0,58.41,9.3,1.32,22.03,0.0,0,1,24.444444,2
26106,12,19,6,0,24.07,0.0,59.13,10.8,10.68,24.28,0.0,0,1,24.444444,2
26107,12,20,6,0,24.07,0.0,59.46,10.7,7.68,22.31,0.0,0,1,24.444444,2
26108,12,21,6,0,24.07,0.0,60.13,9.7,3.6,17.8,0.0,0,1,24.444444,2
26109,12,22,6,0,24.07,0.0,60.31,12.0,1.56,19.41,0.0,0,1,24.444444,2
26110,12,23,6,0,24.06,0.0,60.9,9.3,0.96,13.6,0.0,0,1,24.444444,2
26111,12,24,6,0,23.96,0.0,63.11,6.3,1.8,9.33,0.0,0,1,24.444444,2
26112,12,1,8,0,23.82,0.0,66.1,4.1,1.32,6.99,0.0,0,1,24.444444,2
26113,12,2,8,0,23.71,0.0,68.9,3.5,0.12,5.95,0.0,0,1,24.444444,2
26114,12,3,8,0,23.64,0.0,70.85,3.6,0.48,5.36,0.0,0,1,24.444444,2
26115,12,4,8,0,23.59,0.0,72.0,3.7,1.2,4.87,0.0,0,1,24.444444,2
26116,12,5,8,0,23.58,0.0,72.37,4.8,0.24,5.22,0.0,0,1,24.444444,2
26117,12,6,8,0,23.54,0.0,72.52,5.0,6.84,4.6,0.0,0,1,24.444444,2
26118,12,7,8,0,23.62,0.0,71.63,7.9,4.68,7.65,0.0,0,1,24.444444,2
26119,12,8,8,0,23.64,0.0,70.59,3.7,1.68,8.21,58.5812,0,1,24.444444,2
26120,12,9,8,0,23.69,0.0,68.68,3.7,6.24,12.69,252.473,0,1,24.444444,2
26121,12,10,8,0,23.73,0.0,67.4,3.9,12.72,13.14,377.321,0,1,24.444444,2
26122,12,11,8,0,23.79,0.0,67.13,5.5,11.4,15.19,371.537,0,1,24.444444,2
26123,12,12,8,0,23.83,0.0,67.9,4.4,8.04,14.3,309.0,0,1,24.444444,2
26124,12,13,8,0,23.94,0.0,66.7,7.6,1.44,20.81,353.327,0,1,24.444444,2
26125,12,14,8,0,24.03,0.0,65.52,8.5,3.12,20.72,231.032,0,1,24.444444,2
26126,12,15,8,0,24.06,0.0,65.43,10.8,19.44,21.88,19.1664,0,1,24.444444,2
26127,12,16,8,0,24.03,0.0,66.15,4.7,11.64,17.95,242.797,0,1,24.444444,2
26128,12,17,8,0,24.0,0.0,67.34,4.4,10.32,15.46,121.63,0,1,24.444444,2
26129,12,18,8,0,24.0,0.0,69.11,5.8,3.72,13.75,0.0,0,1,24.444444,2
26130,12,19,8,0,23.98,0.0,70.58,5.1,2.76,12.9,0.0,0,1,24.444444,2
26131,12,20,8,0,24.01,0.0,70.86,7.6,3.0,15.45,0.0,0,1,24.444444,2
26132,12,21,8,0,24.0,0.0,71.32,6.6,11.64,13.48,0.0,0,1,24.444444,2
26133,12,22,8,0,24.07,0.0,69.43,14.3,2.04,26.29,0.0,0,1,24.444444,2
26134,12,23,8,0,24.04,0.0,69.06,8.6,1.68,15.29,0.0,0,1,24.444444,2
26135,12,24,8,0,23.98,0.0,71.62,6.0,1.68,11.33,0.0,0,1,24.444444,2
26136,12,1,1,0,23.9,0.0,74.18,4.8,0.72,9.83,0.0,0,1,24.444444,2
26137,12,2,1,0,23.84,0.0,75.81,4.6,0.12,9.15,0.0,0,1,24.444444,2
26138,12,3,1,0,23.76,0.0,77.03,3.8,0.48,7.76,0.0,0,1,24.444444,2
26139,12,4,1,0,23.7,0.0,78.1,3.4,0.48,6.67,0.0,0,1,24.444444,2
26140,12,5,1,0,23.66,0.0,78.47,3.7,0.36,6.12,0.0,0,1,24.444444,2
26141,12,6,1,0,23.61,0.0,78.54,3.5,0.48,5.45,0.0,0,1,24.444444,2
26142,12,7,1,0,23.64,0.0,78.05,5.0,1.56,7.35,0.0,0,1,24.444444,2
26143,12,8,1,0,23.71,0.0,76.4,3.8,7.32,12.01,55.918,0,1,24.444444,2
26144,12,9,1,0,23.76,0.0,73.95,3.7,4.08,17.66,244.369,0,1,24.444444,2
26145,12,10,1,0,23.84,0.0,71.66,5.2,9.96,20.96,378.638,0,1,24.444444,2
26146,12,11,1,0,23.88,0.0,70.6,4.3,9.6,16.55,314.862,0,1,24.444444,2
26147,12,12,1,0,23.92,0.0,69.99,5.7,3.24,15.54,90.3043,0,1,24.444444,2
26148,12,13,1,0,23.93,0.0,69.38,4.9,1.68,15.01,67.0614,0,1,24.444444,2
26149,12,14,1,0,24.04,0.0,66.59,7.7,3.72,27.61,479.3,0,1,24.444444,2
26150,12,15,1,0,24.07,0.0,63.44,8.9,2.04,32.64,344.088,0,1,24.444444,2
26151,12,16,1,0,24.06,0.0,61.34,4.4,3.24,27.19,338.13,0,1,24.444444,2
26152,12,17,1,0,24.07,0.0,61.73,4.9,3.6,21.47,125.156,0,1,24.444444,2
26153,12,18,1,0,24.05,0.0,64.25,4.1,5.76,15.23,0.0,0,1,24.444444,2
26154,12,19,1,0,24.07,0.0,65.55,7.7,4.08,21.5,0.0,0,1,24.444444,2
26155,12,20,1,0,24.07,0.0,64.88,11.4,3.0,27.25,0.0,0,1,24.444444,2
26156,12,21,1,0,24.07,0.0,65.37,7.2,5.04,18.23,0.0,0,1,24.444444,2
26157,12,22,1,0,24.07,0.0,66.7,8.6,2.04,20.12,0.0,0,1,24.444444,2
26158,12,23,1,0,24.07,0.0,67.7,7.3,2.28,16.59,0.0,0,1,24.444444,2
26159,12,24,1,0,24.04,0.0,69.13,6.4,3.12,14.31,0.0,0,1,24.444444,2
26160,12,1,2,0,24.0,0.0,71.03,4.9,0.36,11.55,0.0,0,1,24.444444,2
26161,12,2,2,0,23.98,0.0,72.52,5.5,0.24,12.02,0.0,0,1,24.444444,2
26162,12,3,2,0,23.93,0.0,73.67,4.7,0.36,10.15,0.0,0,1,24.444444,2
26163,12,4,2,0,23.85,0.0,75.0,3.7,0.48,8.62,0.0,0,1,24.444444,2
26164,12,5,2,0,23.86,0.0,75.23,5.1,0.36,9.71,0.0,0,1,24.444444,2
26165,12,6,2,0,23.77,0.0,75.69,3.8,1.44,7.19,0.0,0,1,24.444444,2
26166,12,7,2,0,23.85,0.0,75.1,7.1,1.8,10.99,0.0,0,1,24.444444,2
26167,12,8,2,0,23.87,0.0,73.63,5.2,14.16,15.03,54.104,0,1,24.444444,2
26168,12,9,2,0,23.86,0.0,70.39,4.6,4.2,18.7,232.91,0,1,24.444444,2
26169,12,10,2,0,23.88,0.0,68.42,4.6,10.92,17.46,326.093,0,1,24.444444,2
26170,12,11,2,0,23.98,0.0,67.13,9.6,2.28,19.75,153.698,0,1,24.444444,2
26171,12,12,2,0,23.99,0.0,66.72,4.1,0.24,17.69,386.227,0,1,24.444444,2
26172,12,13,2,0,24.02,0.0,65.98,3.6,1.32,21.45,486.508,0,1,24.444444,2
26173,12,14,2,0,24.06,0.0,64.46,6.7,3.72,28.32,429.619,0,1,24.444444,2
26174,12,15,2,0,24.09,0.02,60.48,10.9,1.08,39.56,476.529,0,1,24.444444,2
26175,12,16,2,0,24.08,0.0,58.06,10.3,1.32,35.63,315.282,0,1,24.444444,2
26176,12,17,2,0,24.07,0.0,58.58,5.5,1.92,22.69,112.304,0,1,24.444444,2
26177,12,18,2,0,24.07,0.0,59.24,11.5,1.32,27.67,0.0,0,1,24.444444,2
26178,12,19,2,0,24.07,0.0,59.33,10.9,2.52,26.29,0.0,0,1,24.444444,2
26179,12,20,2,0,24.07,0.0,60.72,7.2,4.2,19.1,0.0,0,1,24.444444,2
26180,12,21,2,0,24.07,0.0,62.57,7.8,4.8,19.1,0.0,0,1,24.444444,2
26181,12,22,2,0,24.07,0.0,63.73,9.0,1.32,20.51,0.0,0,1,24.444444,2
26182,12,23,2,0,24.07,0.0,63.28,12.8,2.16,25.22,0.0,0,1,24.444444,2
26183,12,24,2,0,24.07,0.0,61.19,17.3,0.84,30.16,0.0,0,1,24.444444,2
26184,12,1,3,0,24.0,0.0,62.77,5.0,0.48,9.79,0.0,0,1,24.444444,2
26185,12,2,3,0,23.91,0.0,66.86,3.8,0.36,8.65,0.0,0,1,24.444444,2
26186,12,3,3,0,23.84,0.0,70.16,3.5,0.24,8.01,0.0,0,1,24.444444,2
26187,12,4,3,0,23.77,0.0,72.43,3.6,0.24,7.58,0.0,0,1,24.444444,2
26188,12,5,3,0,23.76,0.0,73.67,4.5,0.0,8.24,0.0,0,1,24.444444,2
26189,12,6,3,0,23.69,0.0,75.21,2.9,2.04,6.18,0.0,0,1,24.444444,2
26190,12,7,3,0,23.67,0.0,76.35,3.8,1.56,6.88,0.0,0,1,24.444444,2
26191,12,8,3,0,23.74,0.0,75.79,3.7,19.92,12.12,0.0,0,1,24.444444,2
26192,12,9,3,0,23.86,0.0,72.61,6.1,8.04,22.23,224.518,0,1,24.444444,2
26193,12,10,3,0,23.91,0.0,69.14,4.6,6.0,22.43,392.308,0,1,24.444444,2
26194,12,11,3,0,23.94,0.0,67.22,4.3,2.4,20.66,423.273,0,1,24.444444,2
26195,12,12,3,0,23.98,0.0,65.75,3.7,1.44,20.58,436.077,0,1,24.444444,2
26196,12,13,3,0,24.02,0.0,64.44,3.7,1.56,21.03,360.743,0,1,24.444444,2
26197,12,14,3,0,24.06,0.0,62.34,5.2,0.48,25.26,348.709,0,1,24.444444,2
26198,12,15,3,0,24.08,0.01,59.11,10.0,3.96,37.65,403.249,0,1,24.444444,2
26199,12,16,3,0,24.06,0.0,57.05,3.2,1.56,26.29,336.477,0,1,24.444444,2
26200,12,17,3,0,24.06,0.0,57.97,3.4,1.56,20.66,132.84,0,1,24.444444,2
26201,12,18,3,0,24.07,0.0,58.99,10.0,2.16,25.72,0.0,0,1,24.444444,2
26202,12,19,3,0,24.07,0.0,59.86,9.9,3.72,25.67,0.0,0,1,24.444444,2
26203,12,20,3,0,24.07,0.0,62.06,5.4,2.28,16.85,0.0,0,1,24.444444,2
26204,12,21,3,0,24.07,0.0,62.55,12.2,15.36,26.54,0.0,0,1,24.444444,2
26205,12,22,3,0,24.07,0.0,61.87,10.5,1.2,21.92,0.0,0,1,24.444444,2
26206,12,23,3,0,24.07,0.0,62.85,9.2,2.52,18.37,0.0,0,1,24.444444,2
26207,12,24,3,0,24.06,0.0,64.79,7.4,1.08,14.71,0.0,0,1,24.444444,2
26208,12,1,4,0,24.06,0.0,66.27,9.0,0.96,16.99,0.0,0,1,24.444444,2
26209,12,2,4,0,24.07,0.0,67.04,10.0,0.36,18.02,0.0,0,1,24.444444,2
26210,12,3,4,0,23.89,0.0,70.03,3.0,0.0,7.78,0.0,0,1,24.444444,2
26211,12,4,4,0,23.89,0.0,72.4,5.3,0.36,9.94,0.0,0,1,24.444444,2
26212,12,5,4,0,23.85,0.0,74.14,4.4,0.48,8.97,0.0,0,1,24.444444,2
26213,12,6,4,0,23.97,0.0,74.09,8.8,2.52,14.41,0.0,0,1,24.444444,2
26214,12,7,4,0,23.83,0.0,75.28,3.9,3.96,7.94,0.0,0,1,24.444444,2
26215,12,8,4,0,23.96,0.0,73.96,9.2,11.52,15.79,0.0,0,1,24.444444,2
26216,12,9,4,0,23.97,0.0,71.13,8.8,9.48,14.95,143.305,0,1,24.444444,2
26217,12,10,4,0,23.98,0.0,65.93,9.7,0.72,15.88,275.628,0,1,24.444444,2
26218,12,11,4,0,24.02,0.0,59.57,11.8,4.08,18.69,392.15,0,1,24.444444,2
26219,12,12,4,0,24.03,0.0,51.64,9.5,7.08,14.99,435.585,0,1,24.444444,2
26220,12,13,4,0,24.03,0.0,44.89,8.8,2.64,12.99,421.778,0,1,24.444444,2
26221,12,14,4,0,24.03,0.0,40.63,8.9,1.32,11.46,312.777,0,1,24.444444,2
26222,12,15,4,0,24.06,0.0,35.5,10.6,0.96,12.35,306.826,0,1,24.444444,2
26223,12,16,4,0,24.05,0.0,31.81,10.2,1.68,10.89,208.511,0,1,24.444444,2
26224,12,17,4,0,23.95,0.0,29.65,8.3,1.44,7.42,80.1035,0,1,24.444444,2
26225,12,18,4,0,23.82,0.0,27.7,8.9,1.08,5.26,0.0,0,1,24.444444,2
26226,12,19,4,0,23.77,0.0,26.03,9.9,3.0,5.18,0.0,0,1,24.444444,2
26227,12,20,4,0,23.69,0.0,24.69,9.7,2.16,4.1,0.0,0,1,24.444444,2
26228,12,21,4,0,23.61,0.0,24.12,10.0,4.44,3.27,0.0,0,1,24.444444,2
26229,12,22,4,0,23.68,0.0,24.09,14.6,1.56,5.12,0.0,0,1,24.444444,2
26230,12,23,4,0,23.49,0.0,24.57,11.1,2.52,2.24,0.0,0,1,24.444444,2
26231,12,24,4,0,23.35,0.0,25.0,11.4,2.52,1.83,0.0,0,1,24.444444,2
26232,12,1,5,0,23.29,0.0,25.3,12.5,8.16,1.76,0.0,0,1,24.444444,2
26233,12,2,5,0,23.08,0.0,25.67,9.7,0.6,0.86,0.0,0,1,24.444444,2
26234,12,3,5,0,22.96,0.0,26.11,9.2,0.12,0.63,0.0,0,1,24.444444,2
26235,12,4,5,0,22.86,0.0,26.84,8.4,0.0,0.44,0.0,0,1,24.444444,2
26236,12,5,5,0,22.84,0.0,27.38,9.7,0.96,0.52,0.0,0,1,24.444444,2
26237,12,6,5,0,22.67,0.0,27.86,3.0,1.2,0.0,0.0,0,1,24.444444,2
26238,12,7,5,0,22.71,0.0,27.42,8.2,3.36,0.14,0.0,0,1,24.444444,2
26239,12,8,5,0,22.81,0.0,26.39,8.2,18.6,0.34,0.0,0,1,24.444444,2
26240,12,9,5,0,23.08,0.0,25.25,10.8,3.84,1.23,244.087,0,1,24.444444,2
26241,12,10,5,0,23.15,0.0,24.16,9.6,7.2,1.9,392.283,0,1,24.444444,2
26242,12,11,5,0,23.19,0.0,23.21,9.7,5.64,2.22,462.143,0,1,24.444444,2
26243,12,12,5,0,23.24,0.0,22.35,9.4,5.76,2.48,479.33,0,1,24.444444,2
26244,12,13,5,0,23.31,0.0,21.39,8.9,1.32,2.95,473.919,0,1,24.444444,2
26245,12,14,5,0,23.37,0.0,19.98,8.8,0.72,2.82,403.276,0,1,24.444444,2
26246,12,15,5,0,23.45,0.0,19.11,12.0,0.72,4.86,285.414,0,1,24.444444,2
26247,12,16,5,0,23.49,0.0,18.56,9.1,2.52,5.61,350.497,0,1,24.444444,2
26248,12,17,5,0,23.46,0.0,18.56,8.4,3.6,3.96,180.562,0,1,24.444444,2
26249,12,18,5,0,23.36,0.0,19.21,9.4,0.6,1.71,0.0,0,1,24.444444,2
26250,12,19,5,0,23.35,0.0,20.15,10.6,3.96,2.11,0.0,0,1,24.444444,2
26251,12,20,5,0,23.3,0.0,21.47,10.3,3.24,1.73,0.0,0,1,24.444444,2
26252,12,21,5,0,23.31,0.0,23.14,12.2,6.24,2.05,0.0,0,1,24.444444,2
26253,12,22,5,0,23.3,0.0,24.23,13.0,3.36,2.09,0.0,0,1,24.444444,2
26254,12,23,5,0,23.24,0.0,25.06,12.8,1.92,1.77,0.0,0,1,24.444444,2
26255,12,24,5,0,23.23,0.0,25.91,14.2,1.68,1.87,0.0,0,1,24.444444,2
26256,12,1,6,0,22.86,0.0,27.31,5.0,1.08,0.05,0.0,0,1,24.444444,2
26257,12,2,6,0,22.74,0.0,28.59,4.4,0.36,0.0,0.0,0,1,24.444444,2
26258,12,3,6,0,22.68,0.0,30.13,3.4,0.48,0.0,0.0,0,1,24.444444,2
26259,12,4,6,0,22.66,0.0,32.23,3.5,0.6,0.0,0.0,0,1,24.444444,2
26260,12,5,6,0,22.65,0.0,34.63,3.6,0.12,0.0,0.0,0,1,24.444444,2
26261,12,6,6,0,22.66,0.0,36.91,4.3,0.48,0.0,0.0,0,1,24.444444,2
26262,12,7,6,0,22.67,0.0,38.36,3.9,4.68,0.01,0.0,0,1,24.444444,2
26263,12,8,6,0,22.79,0.0,38.65,7.2,5.16,0.42,0.0,0,1,24.444444,2
26264,12,9,6,0,22.96,0.0,39.42,5.2,5.28,0.51,226.502,0,1,24.444444,2
26265,12,10,6,0,23.16,0.0,40.07,6.6,4.92,2.58,391.623,0,1,24.444444,2
26266,12,11,6,0,23.24,0.0,41.23,4.5,4.32,3.27,518.164,0,1,24.444444,2
26267,12,12,6,0,23.42,0.0,42.32,8.0,2.28,6.64,589.565,0,1,24.444444,2
26268,12,13,6,0,23.48,0.0,43.05,5.1,2.64,6.69,602.151,0,1,24.444444,2
26269,12,14,6,0,23.63,0.0,42.77,8.9,9.36,10.89,557.461,0,1,24.444444,2
26270,12,15,6,0,23.76,0.0,42.79,10.2,0.96,13.47,450.579,0,1,24.444444,2
26271,12,16,6,0,23.8,0.0,44.19,9.2,2.52,12.54,291.753,0,1,24.444444,2
26272,12,17,6,0,23.79,0.0,47.34,8.8,1.32,10.74,91.4206,0,1,24.444444,2
26273,12,18,6,0,23.82,0.0,50.87,10.5,1.92,10.96,0.0,0,1,24.444444,2
26274,12,19,6,0,23.87,0.0,54.97,10.4,2.4,12.04,0.0,0,1,24.444444,2
26275,12,20,6,0,23.9,0.0,59.24,10.7,2.28,12.53,0.0,0,1,24.444444,2
26276,12,21,6,0,23.89,0.0,62.16,10.4,9.84,11.9,0.0,0,1,24.444444,2
26277,12,22,6,0,23.79,0.0,65.34,6.7,4.44,8.86,0.0,0,1,24.444444,2
26278,12,23,6,0,23.83,0.0,67.91,8.5,3.0,10.82,0.0,0,1,24.444444,2
26279,12,24,6,0,23.75,0.0,69.43,6.4,1.56,8.16,0.0,0,1,24.444444,2
26280,1,1,8,0,23.61,0.0,68.89,6.2,0.36,5.01,0.0,0,1,24.444444,2
26281,1,2,8,0,23.56,0.0,71.12,5.0,0.6,4.38,0.0,0,1,24.444444,2
26282,1,3,8,0,23.58,0.0,72.5,6.5,0.48,5.73,0.0,0,1,24.444444,2
26283,1,4,8,0,23.58,0.0,73.78,5.9,0.36,5.78,0.0,0,1,24.444444,2
26284,1,5,8,0,23.57,0.0,75.71,5.1,0.12,5.55,0.0,0,1,24.444444,2
26285,1,6,8,0,23.55,0.0,77.57,4.6,0.48,5.4,0.0,0,1,24.444444,2
26286,1,7,8,0,23.57,0.0,78.81,5.6,2.16,6.87,0.0,0,1,24.444444,2
26287,1,8,8,0,23.54,0.0,80.03,3.7,5.28,5.36,0.0,0,1,24.444444,2
26288,1,9,8,0,23.59,0.0,79.34,5.6,1.8,8.53,110.928,0,1,24.444444,2
26289,1,10,8,0,23.63,0.0,78.45,5.1,17.16,9.16,181.073,0,1,24.444444,2
26290,1,11,8,0,23.63,0.0,78.51,4.1,9.72,8.47,134.134,0,1,24.444444,2
26291,1,12,8,0,23.88,0.0,75.94,10.2,4.8,18.29,224.256,0,1,24.444444,2
26292,1,13,8,0,23.96,0.0,74.2,8.9,4.8,17.5,204.707,0,1,24.444444,2
26293,1,14,8,0,24.06,0.0,69.5,15.9,1.2,30.05,287.875,0,1,24.444444,2
26294,1,15,8,0,24.05,0.0,66.27,12.0,1.8,17.2,109.491,0,1,24.444444,2
26295,1,16,8,0,24.01,0.0,64.44,10.9,8.16,12.35,65.26,0,1,24.444444,2
26296,1,17,8,0,23.73,0.0,65.95,4.7,8.28,4.73,18.0823,0,1,24.444444,2
26297,1,18,8,0,23.82,0.0,65.43,9.9,21.96,9.32,0.0,0,1,24.444444,2
26298,1,19,8,0,23.67,0.0,66.13,5.4,3.6,4.88,0.0,0,1,24.444444,2
26299,1,20,8,0,23.75,0.0,66.15,9.9,3.96,8.52,0.0,0,1,24.444444,2
26300,1,21,8,0,23.77,0.0,65.66,10.1,1.68,8.6,0.0,0,1,24.444444,2
26301,1,22,8,0,23.72,0.0,65.97,8.5,1.92,6.75,0.0,0,1,24.444444,2
26302,1,23,8,0,23.68,0.0,66.68,8.7,6.6,6.43,0.0,0,1,24.444444,2
26303,1,24,8,0,23.66,0.0,67.41,8.3,0.72,6.13,0.0,0,1,24.444444,2
26304,1,1,2,0,23.77,0.0,66.9,12.3,3.24,9.91,0.0,0,1,24.444444,2
26305,1,2,2,0,23.61,0.0,67.71,6.9,3.72,4.1,0.0,0,1,24.444444,2
26306,1,3,2,0,23.77,0.0,66.79,13.1,0.72,10.31,0.0,0,1,24.444444,2
26307,1,4,2,0,23.65,0.0,67.99,7.5,0.36,4.94,0.0,0,1,24.444444,2
26308,1,5,2,0,23.59,0.0,70.23,6.7,0.0,4.61,0.0,0,1,24.444444,2
26309,1,6,2,0,23.48,0.0,72.54,4.9,0.24,3.72,0.0,0,1,24.444444,2
26310,1,7,2,0,23.67,0.0,72.69,9.9,1.08,9.58,0.0,0,1,24.444444,2
26311,1,8,2,0,23.67,0.0,73.98,5.1,5.76,8.86,0.0,0,1,24.444444,2
26312,1,9,2,0,23.69,0.0,75.02,4.0,9.72,10.1,184.041,0,1,24.444444,2
26313,1,10,2,0,23.69,0.0,76.31,5.4,4.32,8.91,78.8528,0,1,24.444444,2
26314,1,11,2,0,23.73,0.0,77.74,6.7,20.88,10.55,23.1754,0,1,24.444444,2
26315,1,12,2,0,23.91,0.0,77.09,10.5,4.44,18.63,90.0525,0,1,24.444444,2
26316,1,13,2,0,23.91,0.0,77.28,5.2,13.32,14.45,174.025,0,1,24.444444,2
26317,1,14,2,0,24.03,0.0,74.38,11.4,10.44,27.31,230.349,0,1,24.444444,2
26318,1,15,2,0,24.05,0.0,71.87,11.5,4.2,25.18,100.995,0,1,24.444444,2
26319,1,16,2,0,24.05,0.0,70.34,11.5,9.36,18.15,20.4326,0,1,24.444444,2
26320,1,17,2,0,24.02,0.0,67.99,10.6,7.32,13.3,3.15285,0,1,24.444444,2
26321,1,18,2,0,24.04,0.0,65.7,12.3,5.16,16.82,0.0,0,1,24.444444,2
26322,1,19,2,0,24.03,0.0,65.19,10.2,5.4,14.53,0.0,0,1,24.444444,2
26323,1,20,2,0,24.07,0.0,64.02,16.2,6.72,23.15,0.0,0,1,24.444444,2
26324,1,21,2,0,24.0,0.0,64.2,9.0,11.4,10.25,0.0,0,1,24.444444,2
26325,1,22,2,0,23.9,0.0,65.57,7.6,2.4,8.2,0.0,0,1,24.444444,2
26326,1,23,2,0,23.79,0.0,66.46,7.0,3.72,6.41,0.0,0,1,24.444444,2
26327,1,24,2,0,23.71,0.0,66.66,7.3,3.0,5.56,0.0,0,1,24.444444,2
26328,1,1,3,0,23.66,0.0,66.38,7.9,0.24,5.12,0.0,0,1,24.444444,2
26329,1,2,3,0,23.36,0.0,67.49,3.5,0.0,1.96,0.0,0,1,24.444444,2
26330,1,3,3,0,23.27,0.0,67.87,4.5,0.36,2.25,0.0,0,1,24.444444,2
26331,1,4,3,0,23.22,0.0,68.11,4.1,0.0,1.84,0.0,0,1,24.444444,2
26332,1,5,3,0,23.14,0.0,68.4,3.7,1.08,1.43,0.0,0,1,24.444444,2
26333,1,6,3,0,23.15,0.0,67.99,5.3,2.64,1.91,0.0,0,1,24.444444,2
26334,1,7,3,0,23.05,0.0,67.99,3.7,3.84,1.12,0.0,0,1,24.444444,2
26335,1,8,3,0,23.03,0.0,67.29,4.1,9.96,1.12,0.0,0,1,24.444444,2
26336,1,9,3,0,23.1,0.0,65.85,5.5,6.24,1.71,130.712,0,1,24.444444,2
26337,1,10,3,0,23.34,0.0,63.62,7.3,13.56,3.82,261.279,0,1,24.444444,2
26338,1,11,3,0,23.51,0.0,61.9,5.9,6.6,6.56,420.507,0,1,24.444444,2
26339,1,12,3,0,23.67,0.0,59.91,9.0,2.88,13.67,538.861,0,1,24.444444,2
26340,1,13,3,0,23.78,0.0,57.34,8.4,2.16,17.48,655.458,0,1,24.444444,2
26341,1,14,3,0,23.91,0.0,54.11,8.9,1.44,21.59,612.925,0,1,24.444444,2
26342,1,15,3,0,24.02,0.0,50.88,10.0,2.4,25.37,514.374,0,1,24.444444,2
26343,1,16,3,0,24.05,0.0,46.73,11.1,1.2,25.3,358.335,0,1,24.444444,2
26344,1,17,3,0,24.05,0.0,45.42,9.5,4.08,18.35,151.071,0,1,24.444444,2
26345,1,18,3,0,24.04,0.0,45.99,9.3,2.04,13.36,0.0,0,1,24.444444,2
26346,1,19,3,0,24.04,0.0,46.0,10.1,2.88,13.35,0.0,0,1,24.444444,2
26347,1,20,3,0,24.07,0.0,45.6,15.1,5.28,17.8,0.0,0,1,24.444444,2
26348,1,21,3,0,24.03,0.0,45.58,10.7,8.16,10.55,0.0,0,1,24.444444,2
26349,1,22,3,0,24.01,0.0,46.2,12.3,3.0,10.41,0.0,0,1,24.444444,2
26350,1,23,3,0,24.0,0.0,47.1,13.2,1.32,10.25,0.0,0,1,24.444444,2
26351,1,24,3,0,23.88,0.0,49.0,9.6,1.44,6.91,0.0,0,1,24.444444,2
26352,1,1,4,0,23.78,0.0,50.66,8.9,1.44,5.62,0.0,0,1,24.444444,2
26353,1,2,4,0,23.58,0.0,52.33,6.8,0.48,3.29,0.0,0,1,24.444444,2
26354,1,3,4,0,23.34,0.0,53.25,4.9,0.12,1.9,0.0,0,1,24.444444,2
26355,1,4,4,0,23.11,0.0,53.88,3.9,0.24,1.07,0.0,0,1,24.444444,2
26356,1,5,4,0,22.96,0.0,54.37,3.3,0.72,0.77,0.0,0,1,24.444444,2
26357,1,6,4,0,22.93,0.0,54.49,3.6,3.72,0.79,0.0,0,1,24.444444,2
26358,1,7,4,0,22.99,0.0,54.27,6.3,6.84,1.23,0.0,0,1,24.444444,2
26359,1,8,4,0,23.18,0.0,53.26,7.5,16.44,2.17,0.0,0,1,24.444444,2
26360,1,9,4,0,23.32,0.0,51.79,5.9,2.16,2.43,170.35,0,1,24.444444,2
26361,1,10,4,0,23.38,0.0,50.36,7.0,9.24,3.62,333.019,0,1,24.444444,2
26362,1,11,4,0,23.33,0.0,48.51,4.6,6.96,2.85,440.088,0,1,24.444444,2
26363,1,12,4,0,23.51,0.0,46.07,9.1,1.92,7.69,589.938,0,1,24.444444,2
26364,1,13,4,0,23.55,0.0,44.48,6.5,1.32,7.76,643.409,0,1,24.444444,2
26365,1,14,4,0,23.66,0.0,42.38,10.2,4.32,11.89,596.521,0,1,24.444444,2
26366,1,15,4,0,23.71,0.0,40.48,9.9,2.16,11.52,422.487,0,1,24.444444,2
26367,1,16,4,0,23.76,0.0,38.88,10.4,4.2,11.66,302.734,0,1,24.444444,2
26368,1,17,4,0,23.74,0.0,38.02,10.5,7.68,9.37,127.695,0,1,24.444444,2
26369,1,18,4,0,23.66,0.0,37.4,10.7,4.56,6.2,0.0,0,1,24.444444,2
26370,1,19,4,0,23.62,0.0,37.33,10.5,1.08,5.32,0.0,0,1,24.444444,2
26371,1,20,4,0,23.53,0.0,37.22,9.4,3.6,3.47,0.0,0,1,24.444444,2
26372,1,21,4,0,23.49,0.0,37.13,10.6,11.28,3.32,0.0,0,1,24.444444,2
26373,1,22,4,0,23.42,0.0,37.25,9.7,7.32,2.35,0.0,0,1,24.444444,2
26374,1,23,4,0,23.25,0.0,37.45,8.5,1.56,1.33,0.0,0,1,24.444444,2
26375,1,24,4,0,23.3,0.0,37.18,13.8,0.84,2.21,0.0,0,1,24.444444,2
26376,1,1,5,0,22.97,0.0,37.69,7.4,0.12,0.38,0.0,0,1,24.444444,2
26377,1,2,5,0,22.8,0.0,37.88,5.9,0.72,0.14,0.0,0,1,24.444444,2
26378,1,3,5,0,22.74,0.0,37.99,5.8,0.48,0.05,0.0,0,1,24.444444,2
26379,1,4,5,0,22.78,0.0,38.07,10.4,0.24,0.51,0.0,0,1,24.444444,2
26380,1,5,5,0,22.65,0.0,38.79,3.6,0.0,0.0,0.0,0,1,24.444444,2
26381,1,6,5,0,22.66,0.0,39.72,6.0,2.16,0.0,0.0,0,1,24.444444,2
26382,1,7,5,0,22.64,0.0,40.79,4.5,3.12,0.0,0.0,0,1,24.444444,2
26383,1,8,5,0,22.82,0.0,41.0,10.4,8.88,0.57,0.0,0,1,24.444444,2
26384,1,9,5,0,23.2,0.0,40.75,11.7,6.72,2.55,235.537,0,1,24.444444,2
26385,1,10,5,0,23.29,0.0,40.95,7.6,13.68,3.53,414.074,0,1,24.444444,2
26386,1,11,5,0,23.45,0.0,41.26,9.9,9.36,5.65,475.046,0,1,24.444444,2
26387,1,12,5,0,23.59,0.0,42.12,11.2,3.72,7.18,448.385,0,1,24.444444,2
26388,1,13,5,0,23.58,0.0,43.32,7.5,5.4,5.4,393.922,0,1,24.444444,2
26389,1,14,5,0,23.65,0.0,44.21,10.9,0.96,7.28,209.884,0,1,24.444444,2
26390,1,15,5,0,23.65,0.0,45.24,10.1,1.2,6.84,92.3124,0,1,24.444444,2
26391,1,16,5,0,23.7,0.0,45.65,8.6,1.8,9.92,271.825,0,1,24.444444,2
26392,1,17,5,0,23.74,0.0,46.32,8.6,0.96,9.61,142.862,0,1,24.444444,2
26393,1,18,5,0,23.84,0.0,47.07,13.7,3.6,11.2,0.0,0,1,24.444444,2
26394,1,19,5,0,23.8,0.0,48.62,10.1,6.96,8.08,0.0,0,1,24.444444,2
26395,1,20,5,0,23.67,0.0,51.04,8.0,4.8,5.77,0.0,0,1,24.444444,2
26396,1,21,5,0,23.61,0.0,53.06,9.3,2.64,5.12,0.0,0,1,24.444444,2
26397,1,22,5,0,23.52,0.0,53.99,9.2,5.52,3.6,0.0,0,1,24.444444,2
26398,1,23,5,0,23.5,0.0,53.24,11.0,5.28,3.89,0.0,0,1,24.444444,2
26399,1,24,5,0,23.55,0.0,51.69,13.9,0.72,4.97,0.0,0,1,24.444444,2
26400,1,1,6,0,23.35,0.0,51.28,9.7,0.84,2.01,0.0,0,1,24.444444,2
26401,1,2,6,0,23.16,0.0,50.81,8.3,0.6,1.11,0.0,0,1,24.444444,2
26402,1,3,6,0,23.09,0.0,49.95,10.0,0.24,1.16,0.0,0,1,24.444444,2
26403,1,4,6,0,23.03,0.0,48.76,11.1,0.6,1.1,0.0,0,1,24.444444,2
26404,1,5,6,0,22.95,0.0,47.7,11.0,0.24,0.8,0.0,0,1,24.444444,2
26405,1,6,6,0,22.88,0.0,46.38,10.6,3.0,0.62,0.0,0,1,24.444444,2
26406,1,7,6,0,22.81,0.0,45.11,11.2,4.56,0.51,0.0,0,1,24.444444,2
26407,1,8,6,0,22.74,0.0,43.86,10.3,16.92,0.22,0.0,0,1,24.444444,2
26408,1,9,6,0,22.71,0.0,42.17,12.1,8.04,0.16,6.20606,0,1,24.444444,2
26409,1,10,6,0,22.67,0.0,39.87,12.0,3.12,0.0,30.7277,0,1,24.444444,2
26410,1,11,6,0,22.59,0.0,37.59,9.1,1.8,0.0,43.823,0,1,24.444444,2
26411,1,12,6,0,22.56,0.0,35.5,9.0,2.04,0.0,172.957,0,1,24.444444,2
26412,1,13,6,0,22.52,0.0,33.8,8.4,7.8,0.0,81.6154,0,1,24.444444,2
26413,1,14,6,0,22.52,0.0,32.42,9.0,3.96,0.0,97.7418,0,1,24.444444,2
26414,1,15,6,0,22.53,0.0,31.5,11.4,2.52,0.0,21.317,0,1,24.444444,2
26415,1,16,6,0,22.49,0.0,30.74,8.3,2.4,0.0,40.6411,0,1,24.444444,2
26416,1,17,6,0,22.48,0.0,29.95,8.6,1.56,0.0,10.7742,0,1,24.444444,2
26417,1,18,6,0,22.48,0.0,29.45,11.0,1.56,0.0,0.0,0,1,24.444444,2
26418,1,19,6,0,22.48,0.0,29.26,10.2,3.36,0.0,0.0,0,1,24.444444,2
26419,1,20,6,0,22.48,0.0,29.03,10.4,4.44,0.0,0.0,0,1,24.444444,2
26420,1,21,6,0,22.48,0.0,28.69,9.9,2.16,0.0,0.0,0,1,24.444444,2
26421,1,22,6,0,22.48,0.0,28.36,11.4,6.24,0.0,0.0,0,1,24.444444,2
26422,1,23,6,0,22.48,0.0,27.93,12.2,3.36,0.0,0.0,0,1,24.444444,2
26423,1,24,6,0,22.48,0.0,27.14,9.8,1.92,0.0,0.0,0,1,24.444444,2
26424,1,1,7,0,22.48,0.0,25.98,7.5,0.36,0.0,0.0,0,1,24.444444,2
26425,1,2,7,0,22.48,0.0,24.87,4.3,0.48,0.0,0.0,0,1,24.444444,2
26426,1,3,7,0,22.48,0.0,23.97,4.6,0.36,0.0,0.0,0,1,24.444444,2
26427,1,4,7,0,22.47,0.0,22.91,3.9,2.88,0.0,0.0,0,1,24.444444,2
26428,1,5,7,0,22.46,0.0,21.8,4.4,0.96,0.0,0.0,0,1,24.444444,2
26429,1,6,7,0,22.45,0.0,20.88,3.6,1.32,0.0,0.0,0,1,24.444444,2
26430,1,7,7,0,22.43,0.0,20.01,3.4,6.6,0.0,0.0,0,1,24.444444,2
26431,1,8,7,0,22.47,0.0,19.09,8.6,11.64,0.0,0.0,0,1,24.444444,2
26432,1,9,7,0,22.48,0.0,18.01,10.2,9.0,0.0,301.504,0,1,24.444444,2
26433,1,10,7,0,22.48,0.0,16.53,7.2,6.24,0.0,525.519,0,1,24.444444,2
26434,1,11,7,0,22.5,0.0,15.78,6.2,2.28,0.0,690.506,0,1,24.444444,2
26435,1,12,7,0,22.57,0.0,15.13,11.3,10.56,0.12,782.89,0,1,24.444444,2
26436,1,13,7,0,22.61,0.0,14.74,9.4,2.88,0.28,811.037,0,1,24.444444,2
26437,1,14,7,0,22.65,0.0,14.55,7.5,3.0,0.35,756.972,0,1,24.444444,2
26438,1,15,7,0,22.85,0.0,14.35,11.2,3.84,1.28,662.423,0,1,24.444444,2
26439,1,16,7,0,22.89,0.0,14.22,9.7,4.44,1.21,492.854,0,1,24.444444,2
26440,1,17,7,0,22.81,0.0,14.16,8.7,2.76,0.52,249.693,0,1,24.444444,2
26441,1,18,7,0,22.64,0.0,14.36,12.9,1.56,0.08,18.3045,0,1,24.444444,2
26442,1,19,7,0,22.62,0.0,14.79,13.7,2.76,0.1,0.0,0,1,24.444444,2
26443,1,20,7,0,22.57,0.0,15.21,11.8,2.16,0.0,0.0,0,1,24.444444,2
26444,1,21,7,0,22.61,0.0,15.43,17.3,2.28,0.14,0.0,0,1,24.444444,2
26445,1,22,7,0,22.54,0.0,15.78,10.3,1.68,0.0,0.0,0,1,24.444444,2
26446,1,23,7,0,22.49,0.0,16.25,7.3,3.6,0.0,0.0,0,1,24.444444,2
26447,1,24,7,0,22.49,0.0,16.74,10.1,3.36,0.0,0.0,0,1,24.444444,2
26448,1,1,1,0,22.48,0.0,17.12,5.8,0.48,0.0,0.0,0,1,24.444444,2
26449,1,2,1,0,22.48,0.0,17.39,3.8,1.08,0.0,0.0,0,1,24.444444,2
26450,1,3,1,0,22.48,0.0,17.67,3.9,0.24,0.0,0.0,0,1,24.444444,2
26451,1,4,1,0,22.48,0.0,17.92,3.3,0.6,0.0,0.0,0,1,24.444444,2
26452,1,5,1,0,22.48,0.0,18.15,6.3,0.24,0.0,0.0,0,1,24.444444,2
26453,1,6,1,0,22.48,0.0,18.3,3.5,0.36,0.0,0.0,0,1,24.444444,2
26454,1,7,1,0,22.48,0.0,18.46,4.3,1.8,0.0,0.0,0,1,24.444444,2
26455,1,8,1,0,22.48,0.0,18.46,4.1,4.56,0.0,0.0,0,1,24.444444,2
26456,1,9,1,0,22.48,0.0,18.15,4.7,8.4,0.0,285.264,0,1,24.444444,2
26457,1,10,1,0,22.49,0.0,17.6,6.4,5.28,0.0,493.574,0,1,24.444444,2
26458,1,11,1,0,22.52,0.0,17.11,5.3,13.2,0.0,638.822,0,1,24.444444,2
26459,1,12,1,0,22.61,0.0,16.59,6.7,5.88,0.15,716.059,0,1,24.444444,2
26460,1,13,1,0,22.72,0.0,16.13,7.1,7.68,0.39,747.451,0,1,24.444444,2
26461,1,14,1,0,22.87,0.0,15.63,8.5,8.64,1.07,708.549,0,1,24.444444,2
26462,1,15,1,0,23.3,0.0,14.9,15.5,3.0,4.15,576.705,0,1,24.444444,2
26463,1,16,1,0,23.37,0.0,14.46,10.0,3.84,3.25,459.801,0,1,24.444444,2
26464,1,17,1,0,23.12,0.0,14.6,6.1,6.96,1.28,231.596,0,1,24.444444,2
26465,1,18,1,0,22.83,0.0,15.03,9.6,10.8,0.38,16.9942,0,1,24.444444,2
26466,1,19,1,0,22.71,0.0,15.94,8.5,4.2,0.13,0.0,0,1,24.444444,2
26467,1,20,1,0,22.65,0.0,16.96,8.8,5.16,0.05,0.0,0,1,24.444444,2
26468,1,21,1,0,22.64,0.0,17.94,9.9,2.16,0.03,0.0,0,1,24.444444,2
26469,1,22,1,0,22.56,0.0,19.13,6.6,2.4,0.0,0.0,0,1,24.444444,2
26470,1,23,1,0,22.6,0.0,20.26,12.8,1.92,0.0,0.0,0,1,24.444444,2
26471,1,24,1,0,22.54,0.0,21.04,9.5,1.08,0.0,0.0,0,1,24.444444,2
26472,1,1,2,0,22.52,0.0,21.46,10.0,1.2,0.0,0.0,0,1,24.444444,2
26473,1,2,2,0,22.48,0.0,21.86,6.0,1.2,0.0,0.0,0,1,24.444444,2
26474,1,3,2,0,22.49,0.0,22.18,9.4,0.48,0.0,0.0,0,1,24.444444,2
26475,1,4,2,0,22.48,0.0,22.81,5.7,0.72,0.0,0.0,0,1,24.444444,2
26476,1,5,2,0,22.48,0.0,23.98,3.9,0.0,0.0,0.0,0,1,24.444444,2
26477,1,6,2,0,22.48,0.0,25.28,5.2,0.36,0.0,0.0,0,1,24.444444,2
26478,1,7,2,0,22.52,0.0,26.55,10.5,0.84,0.0,0.0,0,1,24.444444,2
26479,1,8,2,0,22.49,0.0,27.73,4.0,4.56,0.0,0.0,0,1,24.444444,2
26480,1,9,2,0,22.56,0.0,28.53,4.9,4.92,0.0,261.02,0,1,24.444444,2
26481,1,10,2,0,22.82,0.0,29.3,5.7,8.88,0.17,452.114,0,1,24.444444,2
26482,1,11,2,0,23.0,0.0,30.08,6.3,9.6,1.18,556.107,0,1,24.444444,2
26483,1,12,2,0,23.22,0.0,30.81,9.8,3.96,3.99,630.086,0,1,24.444444,2
26484,1,13,2,0,23.29,0.0,31.4,6.2,3.36,4.38,699.745,0,1,24.444444,2
26485,1,14,2,0,23.46,0.0,31.53,10.9,16.92,6.77,584.7,0,1,24.444444,2
26486,1,15,2,0,23.47,0.0,31.77,10.5,3.84,3.78,116.861,0,1,24.444444,2
26487,1,16,2,0,23.48,0.0,31.99,12.0,5.88,4.26,24.133,0,1,24.444444,2
26488,1,17,2,0,23.51,0.0,32.09,10.0,5.4,4.58,133.429,0,1,24.444444,2
26489,1,18,2,0,23.47,0.0,32.77,10.4,7.8,2.78,13.9705,0,1,24.444444,2
26490,1,19,2,0,23.43,0.0,34.03,9.9,6.12,2.35,0.0,0,1,24.444444,2
26491,1,20,2,0,23.56,0.0,35.01,16.9,4.08,5.75,0.0,0,1,24.444444,2
26492,1,21,2,0,23.41,0.0,35.99,11.0,4.08,2.11,0.0,0,1,24.444444,2
26493,1,22,2,0,23.27,0.0,37.05,8.8,9.84,1.46,0.0,0,1,24.444444,2
26494,1,23,2,0,23.11,0.0,38.6,6.7,3.96,0.89,0.0,0,1,24.444444,2
26495,1,24,2,0,23.05,0.0,40.29,7.7,0.96,0.93,0.0,0,1,24.444444,2
26496,1,1,3,0,22.94,0.0,41.89,7.0,1.2,0.59,0.0,0,1,24.444444,2
26497,1,2,3,0,22.79,0.0,43.6,3.6,0.48,0.03,0.0,0,1,24.444444,2
26498,1,3,3,0,22.75,0.0,45.1,3.5,0.24,0.05,0.0,0,1,24.444444,2
26499,1,4,3,0,22.74,0.0,46.78,3.8,0.24,0.07,0.0,0,1,24.444444,2
26500,1,5,3,0,22.74,0.0,47.91,5.2,0.36,0.23,0.0,0,1,24.444444,2
26501,1,6,3,0,22.71,0.0,49.09,3.7,2.04,0.03,0.0,0,1,24.444444,2
26502,1,7,3,0,22.7,0.0,50.09,3.7,5.64,0.07,0.0,0,1,24.444444,2
26503,1,8,3,0,22.85,0.0,50.36,5.5,9.72,0.56,0.0,0,1,24.444444,2
26504,1,9,3,0,23.16,0.0,49.6,4.4,5.16,2.52,240.031,0,1,24.444444,2
26505,1,10,3,0,23.38,0.0,49.08,3.9,5.76,5.1,428.367,0,1,24.444444,2
26506,1,11,3,0,23.53,0.0,49.05,5.3,15.0,6.68,499.514,0,1,24.444444,2
26507,1,12,3,0,23.7,0.0,48.95,9.8,2.04,9.43,372.716,0,1,24.444444,2
26508,1,13,3,0,23.71,0.0,49.43,7.3,4.32,7.4,193.082,0,1,24.444444,2
26509,1,14,3,0,23.8,0.0,49.64,8.1,2.04,10.53,269.082,0,1,24.444444,2
26510,1,15,3,0,23.93,0.0,49.19,9.5,0.96,15.69,350.376,0,1,24.444444,2
26511,1,16,3,0,24.01,0.0,48.56,10.1,1.92,19.2,348.555,0,1,24.444444,2
26512,1,17,3,0,24.03,0.0,48.45,10.6,1.68,17.25,177.149,0,1,24.444444,2
26513,1,18,3,0,24.0,0.0,49.32,9.2,1.92,10.78,0.667666,0,1,24.444444,2
26514,1,19,3,0,24.04,0.0,49.99,12.9,5.64,13.71,0.0,0,1,24.444444,2
26515,1,20,3,0,23.98,0.0,50.95,10.1,4.32,9.2,0.0,0,1,24.444444,2
26516,1,21,3,0,23.97,0.0,52.07,11.5,3.6,9.96,0.0,0,1,24.444444,2
26517,1,22,3,0,24.07,0.0,51.35,21.4,3.12,22.32,0.0,0,1,24.444444,2
26518,1,23,3,0,24.02,0.0,52.0,13.2,3.0,10.47,0.0,0,1,24.444444,2
26519,1,24,3,0,23.85,0.0,54.38,9.5,1.44,6.28,0.0,0,1,24.444444,2
26520,1,1,4,0,23.6,0.0,56.69,6.6,0.36,3.39,0.0,0,1,24.444444,2
26521,1,2,4,0,23.37,0.0,58.69,4.8,1.44,2.23,0.0,0,1,24.444444,2
26522,1,3,4,0,23.25,0.0,60.22,4.8,0.0,1.87,0.0,0,1,24.444444,2
26523,1,4,4,0,23.1,0.0,61.6,3.4,1.44,1.12,0.0,0,1,24.444444,2
26524,1,5,4,0,23.01,0.0,62.45,4.0,0.6,0.95,0.0,0,1,24.444444,2
26525,1,6,4,0,22.93,0.0,62.66,3.5,1.92,0.79,0.0,0,1,24.444444,2
26526,1,7,4,0,22.99,0.0,63.4,4.9,1.56,1.27,0.0,0,1,24.444444,2
26527,1,8,4,0,23.13,0.0,63.87,7.5,23.04,2.67,0.0,0,1,24.444444,2
26528,1,9,4,0,23.22,0.0,64.42,6.4,6.36,2.76,125.367,0,1,24.444444,2
26529,1,10,4,0,23.32,0.0,64.81,4.8,5.04,3.48,209.251,0,1,24.444444,2
26530,1,11,4,0,23.52,0.0,64.88,5.4,9.12,6.22,318.615,0,1,24.444444,2
26531,1,12,4,0,23.63,0.0,64.06,8.1,8.04,9.79,265.82,0,1,24.444444,2
26532,1,13,4,0,23.62,0.0,63.29,5.6,1.32,8.13,306.037,0,1,24.444444,2
26533,1,14,4,0,23.74,0.0,62.47,9.1,6.48,11.31,278.038,0,1,24.444444,2
26534,1,15,4,0,23.84,0.0,62.19,10.8,0.72,11.64,109.767,0,1,24.444444,2
26535,1,16,4,0,23.86,0.0,62.02,10.0,1.08,10.6,56.9952,0,1,24.444444,2
26536,1,17,4,0,23.86,0.0,62.32,9.6,4.2,9.63,18.8361,0,1,24.444444,2
26537,1,18,4,0,23.93,0.0,62.15,12.4,1.92,12.0,0.0,0,1,24.444444,2
26538,1,19,4,0,23.94,0.0,62.27,11.3,6.24,10.86,0.0,0,1,24.444444,2
26539,1,20,4,0,23.91,0.0,62.52,10.4,3.0,10.06,0.0,0,1,24.444444,2
26540,1,21,4,0,23.81,0.0,63.08,7.5,10.8,7.13,0.0,0,1,24.444444,2
26541,1,22,4,0,23.99,0.0,60.98,16.7,2.4,17.04,0.0,0,1,24.444444,2
26542,1,23,4,0,23.92,0.0,60.42,10.6,1.8,8.96,0.0,0,1,24.444444,2
26543,1,24,4,0,23.78,0.0,61.93,7.6,0.6,6.16,0.0,0,1,24.444444,2
26544,1,1,5,0,23.86,0.0,61.83,12.0,0.6,9.59,0.0,0,1,24.444444,2
26545,1,2,5,0,23.64,0.0,63.5,5.7,0.84,3.89,0.0,0,1,24.444444,2
26546,1,3,5,0,23.54,0.0,65.61,5.1,0.24,3.63,0.0,0,1,24.444444,2
26547,1,4,5,0,23.5,0.0,66.85,5.5,1.68,3.77,0.0,0,1,24.444444,2
26548,1,5,5,0,23.35,0.0,68.18,3.9,0.36,2.36,0.0,0,1,24.444444,2
26549,1,6,5,0,23.33,0.0,68.29,6.0,0.36,3.01,0.0,0,1,24.444444,2
26550,1,7,5,0,23.25,0.0,68.48,4.6,4.2,2.07,0.0,0,1,24.444444,2
26551,1,8,5,0,23.4,0.0,67.84,8.1,12.84,4.5,0.0,0,1,24.444444,2
26552,1,9,5,0,23.6,0.0,66.18,10.2,5.88,8.27,122.572,0,1,24.444444,2
26553,1,10,5,0,23.69,0.0,65.0,7.1,4.68,11.34,307.209,0,1,24.444444,2
26554,1,11,5,0,23.84,0.0,63.88,8.3,4.56,15.76,373.355,0,1,24.444444,2
26555,1,12,5,0,23.93,0.0,62.39,8.0,7.32,19.9,568.835,0,1,24.444444,2
26556,1,13,5,0,24.03,0.0,60.28,11.1,3.0,27.45,664.866,0,1,24.444444,2
26557,1,14,5,0,24.07,0.0,58.03,9.7,0.96,26.24,575.771,0,1,24.444444,2
26558,1,15,5,0,24.07,0.0,56.53,10.9,1.56,24.04,196.432,0,1,24.444444,2
26559,1,16,5,0,24.07,0.0,54.77,7.8,3.6,23.55,332.761,0,1,24.444444,2
26560,1,17,5,0,24.07,0.0,52.63,9.0,1.2,23.06,184.964,0,1,24.444444,2
26561,1,18,5,0,24.07,0.0,51.99,10.8,2.88,19.12,10.7798,0,1,24.444444,2
26562,1,19,5,0,24.07,0.0,52.28,11.0,6.72,18.84,0.0,0,1,24.444444,2
26563,1,20,5,0,24.07,0.0,53.17,9.5,3.72,14.94,0.0,0,1,24.444444,2
26564,1,21,5,0,24.07,0.0,54.82,11.0,3.96,15.67,0.0,0,1,24.444444,2
26565,1,22,5,0,24.07,0.0,56.16,11.4,1.44,15.43,0.0,0,1,24.444444,2
26566,1,23,5,0,24.03,0.0,57.94,8.9,3.36,11.11,0.0,0,1,24.444444,2
26567,1,24,5,0,24.02,0.0,59.32,10.7,2.28,12.37,0.0,0,1,24.444444,2
26568,1,1,6,0,24.02,0.0,60.39,11.0,0.12,12.49,0.0,0,1,24.444444,2
26569,1,2,6,0,23.94,0.0,62.6,8.2,0.48,8.96,0.0,0,1,24.444444,2
26570,1,3,6,0,23.9,0.0,64.49,8.5,0.36,9.03,0.0,0,1,24.444444,2
26571,1,4,6,0,23.91,0.0,65.29,9.7,0.48,9.64,0.0,0,1,24.444444,2
26572,1,5,6,0,23.93,0.0,64.72,11.7,0.6,10.42,0.0,0,1,24.444444,2
26573,1,6,6,0,23.91,0.0,63.19,12.4,0.84,9.32,0.0,0,1,24.444444,2
26574,1,7,6,0,23.86,0.0,62.13,11.7,9.6,8.31,0.0,0,1,24.444444,2
26575,1,8,6,0,23.92,0.0,61.67,12.7,16.44,10.82,0.0,0,1,24.444444,2
26576,1,9,6,0,23.9,0.0,61.92,10.0,1.68,9.57,127.697,0,1,24.444444,2
26577,1,10,6,0,23.92,0.0,61.83,9.4,0.96,12.87,236.294,0,1,24.444444,2
26578,1,11,6,0,23.98,0.0,60.97,8.9,13.44,16.83,383.79,0,1,24.444444,2
26579,1,12,6,0,24.05,0.0,59.36,13.2,3.36,23.02,259.945,0,1,24.444444,2
26580,1,13,6,0,24.05,0.0,58.09,8.0,3.84,16.15,233.212,0,1,24.444444,2
26581,1,14,6,0,24.06,0.0,56.14,9.3,0.96,19.98,277.701,0,1,24.444444,2
26582,1,15,6,0,24.07,0.0,53.12,9.6,1.32,21.61,239.147,0,1,24.444444,2
26583,1,16,6,0,24.07,0.0,51.02,8.0,1.08,21.4,239.22,0,1,24.444444,2
26584,1,17,6,0,24.07,0.0,50.2,7.9,1.8,21.34,210.375,0,1,24.444444,2
26585,1,18,6,0,24.08,0.0,51.1,9.6,2.16,16.77,15.9461,0,1,24.444444,2
26586,1,19,6,0,24.07,0.0,52.38,8.4,2.16,14.76,0.0,0,1,24.444444,2
26587,1,20,6,0,24.07,0.0,52.99,11.5,2.52,18.27,0.0,0,1,24.444444,2
26588,1,21,6,0,24.07,0.0,53.54,11.2,2.76,16.03,0.0,0,1,24.444444,2
26589,1,22,6,0,24.07,0.0,53.7,13.4,15.24,16.93,0.0,0,1,24.444444,2
26590,1,23,6,0,24.02,0.0,54.38,9.5,2.52,10.04,0.0,0,1,24.444444,2
26591,1,24,6,0,24.04,0.0,54.88,13.2,1.44,13.46,0.0,0,1,24.444444,2
26592,1,1,7,0,23.82,0.0,56.47,6.3,1.2,5.09,0.0,0,1,24.444444,2
26593,1,2,7,0,23.65,0.0,58.31,6.4,0.36,4.14,0.0,0,1,24.444444,2
26594,1,3,7,0,23.37,0.0,59.63,4.3,0.0,2.13,0.0,0,1,24.444444,2
26595,1,4,7,0,23.41,0.0,59.69,7.3,0.6,3.31,0.0,0,1,24.444444,2
26596,1,5,7,0,23.32,0.0,60.7,5.9,0.96,2.37,0.0,0,1,24.444444,2
26597,1,6,7,0,23.2,0.0,61.81,4.8,5.4,1.61,0.0,0,1,24.444444,2
26598,1,7,7,0,23.11,0.0,62.27,5.1,3.24,1.35,0.0,0,1,24.444444,2
26599,1,8,7,0,23.27,0.0,61.16,8.4,10.2,2.92,0.0,0,1,24.444444,2
26600,1,9,7,0,23.41,0.0,60.07,7.5,2.88,3.33,173.522,0,1,24.444444,2
26601,1,10,7,0,23.43,0.0,60.4,5.3,6.72,3.22,241.724,0,1,24.444444,2
26602,1,11,7,0,23.59,0.0,60.33,8.5,4.44,8.69,298.165,0,1,24.444444,2
26603,1,12,7,0,23.97,0.0,57.01,17.3,2.04,21.68,428.714,0,1,24.444444,2
26604,1,13,7,0,23.94,0.0,55.96,8.6,2.52,14.05,450.524,0,1,24.444444,2
26605,1,14,7,0,23.94,0.0,55.31,7.0,1.92,17.38,598.91,0,1,24.444444,2
26606,1,15,7,0,24.03,0.0,53.44,10.1,0.96,26.36,551.874,0,1,24.444444,2
26607,1,16,7,0,24.07,0.0,51.82,11.8,2.4,30.39,414.253,0,1,24.444444,2
26608,1,17,7,0,24.06,0.0,51.1,8.3,1.8,22.01,214.053,0,1,24.444444,2
26609,1,18,7,0,24.06,0.0,51.59,9.3,1.32,16.04,16.2771,0,1,24.444444,2
26610,1,19,7,0,24.07,0.0,52.05,10.0,6.6,15.43,0.0,0,1,24.444444,2
26611,1,20,7,0,24.04,0.0,52.38,9.3,2.04,12.66,0.0,0,1,24.444444,2
26612,1,21,7,0,24.06,0.0,52.0,11.9,1.32,14.31,0.0,0,1,24.444444,2
26613,1,22,7,0,24.04,0.0,52.23,10.8,2.64,11.8,0.0,0,1,24.444444,2
26614,1,23,7,0,23.91,0.0,53.45,8.2,2.52,7.45,0.0,0,1,24.444444,2
26615,1,24,7,0,23.74,0.0,55.28,6.3,1.32,5.23,0.0,0,1,24.444444,2
26616,1,1,1,0,23.59,0.0,58.02,4.2,2.64,3.7,0.0,0,1,24.444444,2
26617,1,2,1,0,23.65,0.0,59.98,7.6,2.52,5.92,0.0,0,1,24.444444,2
26618,1,3,1,0,23.65,0.0,61.59,8.0,1.08,6.04,0.0,0,1,24.444444,2
26619,1,4,1,0,23.44,0.0,64.08,4.0,0.6,2.76,0.0,0,1,24.444444,2
26620,1,5,1,0,23.37,0.0,65.42,5.4,0.12,2.97,0.0,0,1,24.444444,2
26621,1,6,1,0,23.2,0.0,66.07,3.5,1.44,1.38,0.0,0,1,24.444444,2
26622,1,7,1,0,23.16,0.0,65.3,5.6,0.84,1.76,0.0,0,1,24.444444,2
26623,1,8,1,0,23.38,0.0,63.8,5.2,7.8,3.98,0.0,0,1,24.444444,2
26624,1,9,1,0,23.56,0.0,62.31,4.5,5.88,7.04,225.174,0,1,24.444444,2
26625,1,10,1,0,23.67,0.0,61.24,6.1,6.12,10.33,346.721,0,1,24.444444,2
26626,1,11,1,0,23.72,0.0,60.84,4.9,15.12,11.03,417.035,0,1,24.444444,2
26627,1,12,1,0,23.79,0.0,59.92,5.9,5.88,13.08,425.968,0,1,24.444444,2
26628,1,13,1,0,23.82,0.0,59.05,4.8,5.28,12.42,389.096,0,1,24.444444,2
26629,1,14,1,0,23.88,0.0,57.79,6.1,10.08,14.66,344.307,0,1,24.444444,2
26630,1,15,1,0,24.03,0.0,55.16,11.9,3.84,22.74,327.113,0,1,24.444444,2
26631,1,16,1,0,24.0,0.0,53.67,5.1,9.48,15.06,286.007,0,1,24.444444,2
26632,1,17,1,0,24.01,0.0,53.7,7.1,6.72,15.07,138.489,0,1,24.444444,2
26633,1,18,1,0,24.06,0.0,54.16,10.8,10.92,15.87,7.75976,0,1,24.444444,2
26634,1,19,1,0,23.93,0.0,56.16,5.2,2.52,8.77,0.0,0,1,24.444444,2
26635,1,20,1,0,24.0,0.0,56.85,11.2,4.32,13.46,0.0,0,1,24.444444,2
26636,1,21,1,0,24.03,0.0,56.7,11.7,3.96,13.19,0.0,0,1,24.444444,2
26637,1,22,1,0,23.95,0.0,58.1,8.2,1.32,9.05,0.0,0,1,24.444444,2
26638,1,23,1,0,24.01,0.0,59.64,12.6,1.44,13.63,0.0,0,1,24.444444,2
26639,1,24,1,0,24.01,0.0,60.61,12.3,1.08,13.27,0.0,0,1,24.444444,2
26640,1,1,2,0,23.77,0.0,63.41,5.1,2.28,5.19,0.0,0,1,24.444444,2
26641,1,2,2,0,23.67,0.0,66.08,5.8,0.6,5.16,0.0,0,1,24.444444,2
26642,1,3,2,0,23.74,0.0,66.07,9.8,0.84,8.12,0.0,0,1,24.444444,2
26643,1,4,2,0,23.56,0.0,66.95,5.1,4.92,3.58,0.0,0,1,24.444444,2
26644,1,5,2,0,23.39,0.0,68.47,3.7,0.24,2.66,0.0,0,1,24.444444,2
26645,1,6,2,0,23.44,0.0,68.66,6.5,0.6,3.93,0.0,0,1,24.444444,2
26646,1,7,2,0,23.6,0.0,67.59,10.8,0.72,6.82,0.0,0,1,24.444444,2
26647,1,8,2,0,23.54,0.0,67.91,4.0,9.48,4.95,0.0,0,1,24.444444,2
26648,1,9,2,0,23.61,0.0,67.32,4.7,11.76,8.17,186.623,0,1,24.444444,2
26649,1,10,2,0,23.65,0.0,66.63,4.2,5.16,8.99,244.542,0,1,24.444444,2
26650,1,11,2,0,23.85,0.0,63.97,8.3,11.64,17.25,391.695,0,1,24.444444,2
26651,1,12,2,0,23.96,0.0,61.04,9.2,5.88,19.18,374.79,0,1,24.444444,2
26652,1,13,2,0,24.0,0.0,59.01,7.2,6.36,18.55,402.389,0,1,24.444444,2
26653,1,14,2,0,24.07,0.0,56.91,11.8,3.48,26.57,417.249,0,1,24.444444,2
26654,1,15,2,0,24.07,0.0,55.82,11.6,0.72,22.64,131.478,0,1,24.444444,2
26655,1,16,2,0,24.07,0.0,55.7,11.4,14.76,21.0,59.2439,0,1,24.444444,2
26656,1,17,2,0,24.07,0.0,56.17,11.0,8.4,19.48,20.8198,0,1,24.444444,2
26657,1,18,2,0,24.07,0.0,56.1,11.2,10.44,18.95,0.0,0,1,24.444444,2
26658,1,19,2,0,24.07,0.0,55.98,11.0,14.28,18.44,0.0,0,1,24.444444,2
26659,1,20,2,0,24.07,0.0,57.07,12.2,3.0,19.95,0.0,0,1,24.444444,2
26660,1,21,2,0,24.06,0.0,58.59,8.8,6.24,13.94,0.0,0,1,24.444444,2
26661,1,22,2,0,24.0,0.0,61.14,6.2,7.56,10.16,0.0,0,1,24.444444,2
26662,1,23,2,0,23.97,0.0,63.3,6.9,2.28,10.32,0.0,0,1,24.444444,2
26663,1,24,2,0,24.01,0.0,63.87,10.1,4.68,13.43,0.0,0,1,24.444444,2
26664,1,1,8,0,23.9,0.0,65.18,6.5,0.36,8.23,0.0,0,1,24.444444,2
26665,1,2,8,0,23.73,0.0,67.51,4.0,0.36,5.29,0.0,0,1,24.444444,2
26666,1,3,8,0,23.6,0.0,69.14,3.6,0.36,4.15,0.0,0,1,24.444444,2
26667,1,4,8,0,23.61,0.0,69.56,5.4,0.12,5.26,0.0,0,1,24.444444,2
26668,1,5,8,0,23.54,0.0,70.64,3.8,1.32,4.02,0.0,0,1,24.444444,2
26669,1,6,8,0,23.58,0.0,71.41,5.6,3.84,5.56,0.0,0,1,24.444444,2
26670,1,7,8,0,23.54,0.0,73.16,4.3,3.24,4.56,0.0,0,1,24.444444,2
26671,1,8,8,0,23.58,0.0,74.58,4.5,5.52,6.24,0.0,0,1,24.444444,2
26672,1,9,8,0,23.64,0.0,74.28,5.0,4.32,9.08,165.256,0,1,24.444444,2
26673,1,10,8,0,23.78,0.0,72.4,8.6,7.32,13.85,170.969,0,1,24.444444,2
26674,1,11,8,0,23.86,0.0,70.64,6.8,3.72,15.75,328.368,0,1,24.444444,2
26675,1,12,8,0,24.04,0.0,65.87,12.0,1.44,27.76,497.038,0,1,24.444444,2
26676,1,13,8,0,24.02,0.0,62.44,3.9,6.48,21.19,639.281,0,1,24.444444,2
26677,1,14,8,0,24.07,0.0,58.16,9.3,1.32,30.84,567.172,0,1,24.444444,2
26678,1,15,8,0,24.07,0.0,54.66,8.8,2.04,30.19,444.283,0,1,24.444444,2
26679,1,16,8,0,24.07,0.0,51.97,10.3,4.08,32.62,363.675,0,1,24.444444,2
26680,1,17,8,0,24.07,0.0,51.33,8.7,2.04,26.38,183.032,0,1,24.444444,2
26681,1,18,8,0,24.07,0.0,52.54,10.7,5.76,23.19,14.7856,0,1,24.444444,2
26682,1,19,8,0,24.07,0.0,53.93,10.2,2.52,21.78,0.0,0,1,24.444444,2
26683,1,20,8,0,24.07,0.0,54.95,10.2,3.24,20.12,0.0,0,1,24.444444,2
26684,1,21,8,0,24.07,0.0,55.21,14.9,4.56,25.4,0.0,0,1,24.444444,2
26685,1,22,8,0,24.07,0.0,56.02,11.4,4.08,18.79,0.0,0,1,24.444444,2
26686,1,23,8,0,24.07,0.0,57.6,12.5,2.76,19.18,0.0,0,1,24.444444,2
26687,1,24,8,0,24.07,0.0,57.03,20.0,1.2,29.52,0.0,0,1,24.444444,2
26688,1,1,4,0,24.03,0.0,58.52,8.0,0.36,10.72,0.0,0,1,24.444444,2
26689,1,2,4,0,23.82,0.0,63.25,3.5,0.6,5.99,0.0,0,1,24.444444,2
26690,1,3,4,0,23.71,0.0,67.27,3.2,0.24,5.61,0.0,0,1,24.444444,2
26691,1,4,4,0,23.68,0.0,70.02,3.8,0.48,6.26,0.0,0,1,24.444444,2
26692,1,5,4,0,23.66,0.0,72.13,3.9,0.6,6.05,0.0,0,1,24.444444,2
26693,1,6,4,0,23.68,0.0,73.1,5.6,2.52,7.68,0.0,0,1,24.444444,2
26694,1,7,4,0,23.69,0.0,73.52,6.0,6.72,7.79,0.0,0,1,24.444444,2
26695,1,8,4,0,23.82,0.0,71.62,7.8,18.0,16.24,0.0,0,1,24.444444,2
26696,1,9,4,0,23.89,0.0,68.45,7.9,8.64,20.97,231.461,0,1,24.444444,2
26697,1,10,4,0,23.89,0.0,66.19,6.0,4.08,16.94,326.599,0,1,24.444444,2
26698,1,11,4,0,23.91,0.0,65.64,5.1,6.36,16.33,341.85,0,1,24.444444,2
26699,1,12,4,0,24.04,0.0,63.82,10.2,3.96,25.66,440.344,0,1,24.444444,2
26700,1,13,4,0,24.05,0.0,61.67,5.5,2.04,22.55,528.018,0,1,24.444444,2
26701,1,14,4,0,24.07,0.0,59.01,9.9,4.8,32.45,522.95,0,1,24.444444,2
26702,1,15,4,0,24.07,0.0,56.41,10.7,3.0,33.49,398.18,0,1,24.444444,2
26703,1,16,4,0,24.07,0.0,55.39,9.1,6.0,30.01,306.507,0,1,24.444444,2
26704,1,17,4,0,24.07,0.0,55.45,9.2,6.12,26.31,142.927,0,1,24.444444,2
26705,1,18,4,0,24.07,0.0,56.36,10.8,2.64,24.23,7.83162,0,1,24.444444,2
26706,1,19,4,0,24.07,0.0,57.88,9.5,4.92,22.09,0.0,0,1,24.444444,2
26707,1,20,4,0,24.07,0.0,59.97,7.2,5.16,17.53,0.0,0,1,24.444444,2
26708,1,21,4,0,24.07,0.0,60.71,11.6,6.84,23.79,0.0,0,1,24.444444,2
26709,1,22,4,0,24.07,0.0,60.72,11.6,4.08,22.88,0.0,0,1,24.444444,2
26710,1,23,4,0,24.07,0.0,61.7,11.0,4.08,20.49,0.0,0,1,24.444444,2
26711,1,24,4,0,24.07,0.0,62.2,13.6,0.84,24.26,0.0,0,1,24.444444,2
26712,1,1,5,0,24.07,0.0,63.06,9.9,0.6,17.54,0.0,0,1,24.444444,2
26713,1,2,5,0,24.04,0.0,65.41,6.8,2.16,12.62,0.0,0,1,24.444444,2
26714,1,3,5,0,24.01,0.0,67.8,6.4,0.24,11.77,0.0,0,1,24.444444,2
26715,1,4,5,0,23.92,0.0,70.29,4.4,0.36,9.05,0.0,0,1,24.444444,2
26716,1,5,5,0,23.82,0.0,72.53,3.3,0.12,7.82,0.0,0,1,24.444444,2
26717,1,6,5,0,23.82,0.0,74.0,4.4,1.8,9.09,0.0,0,1,24.444444,2
26718,1,7,5,0,23.77,0.0,75.44,3.7,4.2,7.85,0.0,0,1,24.444444,2
26719,1,8,5,0,23.9,0.0,74.08,8.5,11.16,13.1,0.0,0,1,24.444444,2
26720,1,9,5,0,23.99,0.0,71.32,11.1,4.32,16.08,43.2646,0,1,24.444444,2
26721,1,10,5,0,23.94,0.0,70.4,7.3,5.52,10.56,55.739,0,1,24.444444,2
26722,1,11,5,0,23.98,0.0,69.5,8.8,2.16,14.8,121.414,0,1,24.444444,2
26723,1,12,5,0,24.01,0.0,67.45,7.8,3.12,16.01,198.37,0,1,24.444444,2
26724,1,13,5,0,24.04,0.0,64.75,11.1,7.68,20.28,223.078,0,1,24.444444,2
26725,1,14,5,0,24.03,0.0,63.85,9.5,1.2,14.64,71.1003,0,1,24.444444,2
26726,1,15,5,0,24.01,0.0,63.58,10.2,0.6,12.87,37.6687,0,1,24.444444,2
26727,1,16,5,0,23.95,0.0,63.54,8.4,0.84,8.86,10.5746,0,1,24.444444,2
26728,1,17,5,0,23.89,0.0,63.24,8.2,1.8,8.13,1.50045,0,1,24.444444,2
26729,1,18,5,0,23.9,0.0,62.1,9.3,4.68,9.03,0.0,0,1,24.444444,2
26730,1,19,5,0,23.96,0.0,60.68,11.6,6.48,11.52,0.0,0,1,24.444444,2
26731,1,20,5,0,23.89,0.0,60.66,9.4,3.96,7.92,0.0,0,1,24.444444,2
26732,1,21,5,0,23.89,0.0,60.83,11.2,1.8,8.83,0.0,0,1,24.444444,2
26733,1,22,5,0,23.81,0.0,61.49,9.4,2.4,6.75,0.0,0,1,24.444444,2
26734,1,23,5,0,23.8,0.0,61.63,10.5,5.76,7.35,0.0,0,1,24.444444,2
26735,1,24,5,0,23.76,0.0,61.91,10.2,1.56,6.47,0.0,0,1,24.444444,2
26736,1,1,6,0,23.78,0.0,62.12,11.5,3.6,7.97,0.0,0,1,24.444444,2
26737,1,2,6,0,23.74,0.0,62.59,9.7,0.96,6.2,0.0,0,1,24.444444,2
26738,1,3,6,0,23.74,0.0,63.04,11.0,0.36,7.28,0.0,0,1,24.444444,2
26739,1,4,6,0,23.75,0.0,63.42,11.4,0.36,7.49,0.0,0,1,24.444444,2
26740,1,5,6,0,23.73,0.0,64.13,11.0,0.24,7.02,0.0,0,1,24.444444,2
26741,1,6,6,0,23.76,0.0,64.71,11.7,1.08,8.11,0.0,0,1,24.444444,2
26742,1,7,6,0,23.78,0.0,65.0,12.2,4.2,8.71,0.0,0,1,24.444444,2
26743,1,8,6,0,23.78,0.0,65.5,8.8,19.92,10.56,0.0,0,1,24.444444,2
26744,1,9,6,0,23.89,0.0,63.79,11.8,8.16,21.44,228.474,0,1,24.444444,2
26745,1,10,6,0,23.99,0.0,61.58,12.0,2.88,25.59,408.927,0,1,24.444444,2
26746,1,11,6,0,24.04,0.0,60.43,10.2,7.56,24.28,467.41,0,1,24.444444,2
26747,1,12,6,0,24.06,0.0,59.03,8.8,6.48,26.56,619.066,0,1,24.444444,2
26748,1,13,6,0,24.07,0.0,56.91,8.0,1.08,28.88,632.664,0,1,24.444444,2
26749,1,14,6,0,24.09,0.02,54.64,9.1,2.28,33.7,609.892,0,1,24.444444,2
26750,1,15,6,0,24.09,0.01,52.89,11.1,1.92,36.48,459.859,0,1,24.444444,2
26751,1,16,6,0,24.08,0.0,52.87,8.3,1.2,28.89,263.151,0,1,24.444444,2
26752,1,17,6,0,24.07,0.0,53.69,7.9,3.72,25.53,123.56,0,1,24.444444,2
26753,1,18,6,0,24.07,0.0,54.63,10.2,1.44,25.12,7.55871,0,1,24.444444,2
26754,1,19,6,0,24.07,0.0,55.6,9.2,6.6,23.04,0.0,0,1,24.444444,2
26755,1,20,6,0,24.07,0.0,56.23,11.6,4.44,24.98,0.0,0,1,24.444444,2
26756,1,21,6,0,24.07,0.0,56.8,13.4,6.6,26.22,0.0,0,1,24.444444,2
26757,1,22,6,0,24.07,0.0,58.57,10.5,10.92,21.63,0.0,0,1,24.444444,2
26758,1,23,6,0,24.07,0.0,59.9,11.1,6.0,21.87,0.0,0,1,24.444444,2
26759,1,24,6,0,24.07,0.0,61.26,10.6,1.2,20.23,0.0,0,1,24.444444,2
26760,1,1,7,0,24.01,0.0,64.44,4.8,0.6,10.97,0.0,0,1,24.444444,2
26761,1,2,7,0,23.97,0.0,68.41,4.6,0.36,10.83,0.0,0,1,24.444444,2
26762,1,3,7,0,23.93,0.0,71.42,4.3,2.28,10.55,0.0,0,1,24.444444,2
26763,1,4,7,0,24.0,0.0,71.28,8.5,0.6,16.84,0.0,0,1,24.444444,2
26764,1,5,7,0,23.92,0.0,71.59,4.0,0.72,9.92,0.0,0,1,24.444444,2
26765,1,6,7,0,23.89,0.0,72.69,4.1,2.04,10.04,0.0,0,1,24.444444,2
26766,1,7,7,0,23.72,0.0,72.91,3.8,5.52,5.38,0.0,0,1,24.444444,2
26767,1,8,7,0,23.71,0.0,69.54,8.0,21.0,9.3,0.0,0,1,24.444444,2
26768,1,9,7,0,23.83,0.0,64.23,9.0,4.08,13.74,195.24,0,1,24.444444,2
26769,1,10,7,0,23.84,0.0,60.69,6.5,9.36,12.51,326.674,0,1,24.444444,2
26770,1,11,7,0,23.89,0.0,58.36,7.2,3.24,13.92,355.899,0,1,24.444444,2
26771,1,12,7,0,23.99,0.0,56.43,9.9,4.8,17.38,350.979,0,1,24.444444,2
26772,1,13,7,0,24.01,0.0,55.89,7.8,2.88,15.14,185.6,0,1,24.444444,2
26773,1,14,7,0,24.05,0.0,55.84,6.7,5.04,20.22,534.06,0,1,24.444444,2
26774,1,15,7,0,24.07,0.0,56.0,9.8,3.0,27.56,344.965,0,1,24.444444,2
26775,1,16,7,0,24.07,0.0,56.22,10.8,3.96,29.84,366.041,0,1,24.444444,2
26776,1,17,7,0,24.07,0.0,57.05,8.1,4.68,22.69,172.646,0,1,24.444444,2
26777,1,18,7,0,24.07,0.0,56.43,16.3,1.08,30.02,11.616,0,1,24.444444,2
26778,1,19,7,0,24.07,0.0,56.35,11.0,8.52,21.22,0.0,0,1,24.444444,2
26779,1,20,7,0,24.07,0.0,59.81,11.4,4.68,22.35,0.0,0,1,24.444444,2
26780,1,21,7,0,24.07,0.0,60.98,15.3,0.96,28.43,0.0,0,1,24.444444,2
26781,1,22,7,0,24.07,0.0,61.63,11.6,2.4,21.16,0.0,0,1,24.444444,2
26782,1,23,7,0,24.07,0.0,62.32,11.6,4.08,19.77,0.0,0,1,24.444444,2
26783,1,24,7,0,24.07,0.0,62.56,10.8,1.44,17.33,0.0,0,1,24.444444,2
26784,1,1,1,0,23.96,0.0,64.61,5.0,1.08,8.79,0.0,0,1,24.444444,2
26785,1,2,1,0,23.87,0.0,67.67,4.4,1.68,8.1,0.0,0,1,24.444444,2
26786,1,3,1,0,23.82,0.0,69.7,4.5,0.72,8.04,0.0,0,1,24.444444,2
26787,1,4,1,0,23.8,0.0,70.86,5.3,1.8,8.25,0.0,0,1,24.444444,2
26788,1,5,1,0,23.73,0.0,71.87,4.8,0.48,6.85,0.0,0,1,24.444444,2
26789,1,6,1,0,23.7,0.0,72.13,5.0,0.12,6.7,0.0,0,1,24.444444,2
26790,1,7,1,0,23.63,0.0,70.52,6.3,0.6,5.08,0.0,0,1,24.444444,2
26791,1,8,1,0,23.33,0.0,68.69,3.7,7.2,1.6,0.0,0,1,24.444444,2
26792,1,9,1,0,23.08,0.0,64.91,3.6,1.8,0.91,4.18233,0,1,24.444444,2
26793,1,10,1,0,23.28,0.0,60.15,4.6,3.48,2.72,268.566,0,1,24.444444,2
26794,1,11,1,0,23.58,0.0,55.68,6.3,20.28,8.79,615.387,0,1,24.444444,2
26795,1,12,1,0,23.66,0.0,50.99,6.5,5.16,10.85,702.466,0,1,24.444444,2
26796,1,13,1,0,23.71,0.0,45.37,6.9,5.76,12.08,730.664,0,1,24.444444,2
26797,1,14,1,0,23.78,0.0,40.16,8.1,3.96,12.16,667.038,0,1,24.444444,2
26798,1,15,1,0,23.9,0.0,36.62,11.7,0.96,12.85,315.895,0,1,24.444444,2
26799,1,16,1,0,23.79,0.0,34.7,5.3,1.92,11.17,455.147,0,1,24.444444,2
26800,1,17,1,0,23.74,0.0,33.3,6.2,3.6,9.66,241.592,0,1,24.444444,2
26801,1,18,1,0,23.88,0.0,32.55,13.9,11.52,10.59,24.7088,0,1,24.444444,2
26802,1,19,1,0,23.64,0.0,33.79,5.7,5.28,3.99,0.0,0,1,24.444444,2
26803,1,20,1,0,23.73,0.0,35.09,11.2,7.92,7.0,0.0,0,1,24.444444,2
26804,1,21,1,0,23.55,0.0,37.17,6.9,4.92,3.1,0.0,0,1,24.444444,2
26805,1,22,1,0,23.66,0.0,38.8,13.1,1.44,6.09,0.0,0,1,24.444444,2
26806,1,23,1,0,23.41,0.0,41.43,7.1,3.12,2.12,0.0,0,1,24.444444,2
26807,1,24,1,0,23.26,0.0,43.8,6.3,1.08,1.59,0.0,0,1,24.444444,2
26808,1,1,2,0,23.14,0.0,45.33,5.7,0.72,1.15,0.0,0,1,24.444444,2
26809,1,2,2,0,23.03,0.0,46.29,4.9,4.8,0.83,0.0,0,1,24.444444,2
26810,1,3,2,0,23.16,0.0,45.88,9.5,0.24,2.02,0.0,0,1,24.444444,2
26811,1,4,2,0,22.95,0.0,46.33,4.1,1.08,0.43,0.0,0,1,24.444444,2
26812,1,5,2,0,22.95,0.0,46.17,7.0,0.24,0.89,0.0,0,1,24.444444,2
26813,1,6,2,0,22.83,0.0,46.27,3.5,0.6,0.16,0.0,0,1,24.444444,2
26814,1,7,2,0,22.89,0.0,45.48,8.4,3.48,0.77,0.0,0,1,24.444444,2
26815,1,8,2,0,22.98,0.0,44.38,5.6,7.32,0.68,56.2028,0,1,24.444444,2
26816,1,9,2,0,23.2,0.0,42.41,5.4,10.8,2.3,262.94,0,1,24.444444,2
26817,1,10,2,0,23.29,0.0,40.67,4.3,11.76,3.56,465.143,0,1,24.444444,2
26818,1,11,2,0,23.37,0.0,39.14,4.3,12.96,4.54,609.911,0,1,24.444444,2
26819,1,12,2,0,23.59,0.0,37.71,10.8,7.32,9.12,709.441,0,1,24.444444,2
26820,1,13,2,0,23.61,0.0,36.93,6.2,12.12,8.09,725.251,0,1,24.444444,2
26821,1,14,2,0,23.74,0.0,36.44,9.7,11.04,13.39,687.678,0,1,24.444444,2
26822,1,15,2,0,23.86,0.0,36.21,9.8,3.72,16.9,603.567,0,1,24.444444,2
26823,1,16,2,0,23.96,0.0,36.17,11.8,5.64,20.53,461.596,0,1,24.444444,2
26824,1,17,2,0,23.95,0.0,36.28,9.6,5.16,16.61,263.402,0,1,24.444444,2
26825,1,18,2,0,23.93,0.0,36.68,10.2,18.24,10.93,32.5617,0,1,24.444444,2
26826,1,19,2,0,23.86,0.0,37.65,9.3,13.56,8.63,0.0,0,1,24.444444,2
26827,1,20,2,0,23.83,0.0,38.43,11.1,6.24,7.99,0.0,0,1,24.444444,2
26828,1,21,2,0,23.74,0.0,38.91,10.7,6.48,6.14,0.0,0,1,24.444444,2
26829,1,22,2,0,23.51,0.0,40.09,6.6,6.72,2.68,0.0,0,1,24.444444,2
26830,1,23,2,0,23.47,0.0,40.77,9.4,1.92,3.14,0.0,0,1,24.444444,2
26831,1,24,2,0,23.4,0.0,40.92,9.2,7.08,2.4,0.0,0,1,24.444444,2
26832,1,1,3,0,23.12,0.0,41.66,6.3,1.08,0.88,0.0,0,1,24.444444,2
26833,1,2,3,0,22.86,0.0,42.63,4.3,1.68,0.25,0.0,0,1,24.444444,2
26834,1,3,3,0,22.79,0.0,43.47,4.5,0.36,0.18,0.0,0,1,24.444444,2
26835,1,4,3,0,22.72,0.0,44.07,3.7,0.24,0.0,0.0,0,1,24.444444,2
26836,1,5,3,0,22.68,0.0,44.25,4.5,0.0,0.0,0.0,0,1,24.444444,2
26837,1,6,3,0,22.65,0.0,44.2,4.2,3.12,0.0,0.0,0,1,24.444444,2
26838,1,7,3,0,22.63,0.0,44.07,4.0,7.44,0.0,0.0,0,1,24.444444,2
26839,1,8,3,0,22.72,0.0,44.0,4.0,11.4,0.01,58.4039,0,1,24.444444,2
26840,1,9,3,0,23.08,0.0,43.08,6.0,7.32,1.45,261.785,0,1,24.444444,2
26841,1,10,3,0,23.31,0.0,41.92,7.4,4.92,4.55,456.939,0,1,24.444444,2
26842,1,11,3,0,23.43,0.0,41.24,6.9,5.88,5.84,596.168,0,1,24.444444,2
26843,1,12,3,0,23.67,0.0,40.47,12.2,0.6,11.04,678.492,0,1,24.444444,2
26844,1,13,3,0,23.67,0.0,40.09,5.8,4.2,9.07,710.322,0,1,24.444444,2
26845,1,14,3,0,23.74,0.0,39.12,7.8,1.68,12.97,691.784,0,1,24.444444,2
26846,1,15,3,0,23.91,0.0,38.37,11.2,2.52,18.63,608.145,0,1,24.444444,2
26847,1,16,3,0,23.97,0.0,38.45,11.4,4.2,20.73,466.842,0,1,24.444444,2
26848,1,17,3,0,23.95,0.0,38.93,9.1,2.04,16.9,264.59,0,1,24.444444,2
26849,1,18,3,0,23.98,0.0,40.27,11.7,1.44,12.96,31.4952,0,1,24.444444,2
26850,1,19,3,0,23.96,0.0,42.06,10.9,3.48,11.02,0.0,0,1,24.444444,2
26851,1,20,3,0,23.94,0.0,43.95,11.0,3.12,10.11,0.0,0,1,24.444444,2
26852,1,21,3,0,23.91,0.0,45.42,11.5,6.12,9.41,0.0,0,1,24.444444,2
26853,1,22,3,0,24.05,0.0,45.28,19.6,1.68,16.99,0.0,0,1,24.444444,2
26854,1,23,3,0,23.94,0.0,46.52,12.2,2.76,8.53,0.0,0,1,24.444444,2
26855,1,24,3,0,23.53,0.0,50.02,4.7,1.68,2.61,0.0,0,1,24.444444,2
26856,1,1,4,0,23.39,0.0,53.15,5.8,0.6,2.63,0.0,0,1,24.444444,2
26857,1,2,4,0,23.23,0.0,55.6,4.3,0.6,1.57,0.0,0,1,24.444444,2
26858,1,3,4,0,23.09,0.0,57.24,3.7,0.36,1.13,0.0,0,1,24.444444,2
26859,1,4,4,0,22.95,0.0,58.3,3.6,0.36,0.63,0.0,0,1,24.444444,2
26860,1,5,4,0,22.89,0.0,57.8,5.1,3.36,0.67,0.0,0,1,24.444444,2
26861,1,6,4,0,22.85,0.0,57.53,4.6,5.64,0.46,0.0,0,1,24.444444,2
26862,1,7,4,0,22.81,0.0,57.74,3.7,2.76,0.33,0.0,0,1,24.444444,2
26863,1,8,4,0,23.06,0.0,57.52,6.6,14.4,1.74,52.5622,0,1,24.444444,2
26864,1,9,4,0,23.46,0.0,56.98,7.9,2.04,6.42,227.211,0,1,24.444444,2
26865,1,10,4,0,23.68,0.0,57.04,8.5,5.28,10.96,379.386,0,1,24.444444,2
26866,1,11,4,0,23.73,0.0,57.85,6.8,3.72,10.58,365.387,0,1,24.444444,2
26867,1,12,4,0,23.86,0.0,57.34,9.5,4.92,16.83,501.871,0,1,24.444444,2
26868,1,13,4,0,23.84,0.0,56.98,4.1,2.16,12.38,467.819,0,1,24.444444,2
26869,1,14,4,0,24.0,0.0,55.24,10.3,4.8,20.39,273.405,0,1,24.444444,2
26870,1,15,4,0,24.07,0.0,52.9,11.9,0.96,29.04,466.357,0,1,24.444444,2
26871,1,16,4,0,24.07,0.0,51.64,11.0,1.08,28.38,364.033,0,1,24.444444,2
26872,1,17,4,0,24.07,0.0,51.77,10.1,5.16,23.98,160.227,0,1,24.444444,2
26873,1,18,4,0,24.07,0.0,52.74,9.6,6.84,19.2,8.59894,0,1,24.444444,2
26874,1,19,4,0,24.07,0.0,54.91,9.2,4.56,18.02,0.0,0,1,24.444444,2
26875,1,20,4,0,24.07,0.0,57.33,8.4,6.24,16.29,0.0,0,1,24.444444,2
26876,1,21,4,0,24.07,0.0,59.17,11.4,10.44,20.63,0.0,0,1,24.444444,2
26877,1,22,4,0,24.07,0.0,59.97,9.9,9.96,16.45,0.0,0,1,24.444444,2
26878,1,23,4,0,24.07,0.0,58.79,12.8,3.84,17.11,0.0,0,1,24.444444,2
26879,1,24,4,0,23.94,0.0,57.48,7.2,0.84,7.97,0.0,0,1,24.444444,2
26880,1,1,5,0,23.87,0.0,55.86,7.8,2.28,7.23,0.0,0,1,24.444444,2
26881,1,2,5,0,23.67,0.0,52.61,5.5,0.48,3.75,0.0,0,1,24.444444,2
26882,1,3,5,0,23.43,0.0,49.49,4.0,1.92,2.23,0.0,0,1,24.444444,2
26883,1,4,5,0,23.33,0.0,46.22,5.0,0.96,2.01,0.0,0,1,24.444444,2
26884,1,5,5,0,23.24,0.0,43.84,5.7,0.12,1.58,0.0,0,1,24.444444,2
26885,1,6,5,0,23.05,0.0,42.16,4.2,2.4,0.72,0.0,0,1,24.444444,2
26886,1,7,5,0,22.87,0.0,40.69,3.0,3.6,0.27,0.0,0,1,24.444444,2
26887,1,8,5,0,23.05,0.0,38.8,7.4,12.84,0.95,42.9123,0,1,24.444444,2
26888,1,9,5,0,23.23,0.0,36.55,9.1,7.2,1.71,196.221,0,1,24.444444,2
26889,1,10,5,0,23.42,0.0,34.06,9.4,11.52,3.45,412.868,0,1,24.444444,2
26890,1,11,5,0,23.49,0.0,31.59,8.9,9.12,4.24,552.989,0,1,24.444444,2
26891,1,12,5,0,23.55,0.0,30.02,11.4,6.12,5.98,598.679,0,1,24.444444,2
26892,1,13,5,0,23.76,0.0,28.79,16.6,3.12,10.75,592.833,0,1,24.444444,2
26893,1,14,5,0,23.68,0.0,28.02,10.4,0.6,6.77,487.235,0,1,24.444444,2
26894,1,15,5,0,23.66,0.0,27.29,11.3,2.52,6.62,258.799,0,1,24.444444,2
26895,1,16,5,0,23.62,0.0,26.55,9.6,4.08,5.08,197.683,0,1,24.444444,2
26896,1,17,5,0,23.54,0.0,26.16,8.5,3.96,3.49,93.3613,0,1,24.444444,2
26897,1,18,5,0,23.51,0.0,25.98,9.8,2.04,3.13,4.93739,0,1,24.444444,2
26898,1,19,5,0,23.45,0.0,26.35,9.1,7.08,2.33,0.0,0,1,24.444444,2
26899,1,20,5,0,23.37,0.0,27.08,9.4,3.48,1.84,0.0,0,1,24.444444,2
26900,1,21,5,0,23.34,0.0,27.89,11.0,4.08,1.94,0.0,0,1,24.444444,2
26901,1,22,5,0,23.24,0.0,28.7,9.8,8.04,1.32,0.0,0,1,24.444444,2
26902,1,23,5,0,23.21,0.0,28.99,11.5,1.2,1.47,0.0,0,1,24.444444,2
26903,1,24,5,0,23.22,0.0,29.21,14.5,2.16,1.79,0.0,0,1,24.444444,2
26904,1,1,6,0,23.04,0.0,30.05,12.2,1.08,0.83,0.0,0,1,24.444444,2
26905,1,2,6,0,22.86,0.0,30.84,9.3,0.24,0.37,0.0,0,1,24.444444,2
26906,1,3,6,0,22.87,0.0,30.92,11.6,0.6,0.61,0.0,0,1,24.444444,2
26907,1,4,6,0,22.82,0.0,30.37,11.4,0.48,0.52,0.0,0,1,24.444444,2
26908,1,5,6,0,22.75,0.0,29.78,9.7,0.24,0.22,0.0,0,1,24.444444,2
26909,1,6,6,0,22.74,0.0,28.96,11.5,2.4,0.39,0.0,0,1,24.444444,2
26910,1,7,6,0,22.73,0.0,28.43,11.8,5.28,0.32,0.0,0,1,24.444444,2
26911,1,8,6,0,22.71,0.0,28.11,7.6,15.24,0.02,61.3538,0,1,24.444444,2
26912,1,9,6,0,22.94,0.0,26.69,11.5,5.28,0.49,237.086,0,1,24.444444,2
26913,1,10,6,0,23.07,0.0,24.26,11.5,6.6,0.96,407.302,0,1,24.444444,2
26914,1,11,6,0,23.05,0.0,23.15,9.2,14.4,0.94,461.409,0,1,24.444444,2
26915,1,12,6,0,23.17,0.0,22.41,9.9,1.56,2.8,706.388,0,1,24.444444,2
26916,1,13,6,0,23.26,0.0,21.73,9.8,1.56,3.68,713.246,0,1,24.444444,2
26917,1,14,6,0,23.28,0.0,21.29,9.1,2.76,2.11,385.015,0,1,24.444444,2
26918,1,15,6,0,23.37,0.0,20.52,9.9,2.4,2.77,357.515,0,1,24.444444,2
26919,1,16,6,0,23.43,0.0,19.57,9.8,2.04,2.86,294.807,0,1,24.444444,2
26920,1,17,6,0,23.37,0.0,18.68,9.5,3.36,1.92,149.632,0,1,24.444444,2
26921,1,18,6,0,23.18,0.0,18.54,8.4,3.12,0.87,13.4927,0,1,24.444444,2
26922,1,19,6,0,23.12,0.0,19.06,9.6,3.12,1.11,0.0,0,1,24.444444,2
26923,1,20,6,0,23.16,0.0,19.89,11.9,4.2,1.41,0.0,0,1,24.444444,2
26924,1,21,6,0,23.07,0.0,21.12,11.2,2.52,0.91,0.0,0,1,24.444444,2
26925,1,22,6,0,23.06,0.0,22.46,13.4,9.36,1.13,0.0,0,1,24.444444,2
26926,1,23,6,0,22.95,0.0,23.57,11.7,0.96,0.67,0.0,0,1,24.444444,2
26927,1,24,6,0,22.85,0.0,24.39,10.3,1.44,0.4,0.0,0,1,24.444444,2
26928,1,1,7,0,22.76,0.0,24.91,8.2,0.48,0.13,0.0,0,1,24.444444,2
26929,1,2,7,0,22.63,0.0,25.35,3.5,0.6,0.0,0.0,0,1,24.444444,2
26930,1,3,7,0,22.57,0.0,25.82,3.8,0.72,0.0,0.0,0,1,24.444444,2
26931,1,4,7,0,22.56,0.0,26.32,4.4,0.48,0.0,0.0,0,1,24.444444,2
26932,1,5,7,0,22.54,0.0,26.56,3.7,3.24,0.0,0.0,0,1,24.444444,2
26933,1,6,7,0,22.55,0.0,26.85,5.8,3.36,0.0,0.0,0,1,24.444444,2
26934,1,7,7,0,22.51,0.0,27.54,2.8,10.2,0.0,0.0,0,1,24.444444,2
26935,1,8,7,0,22.56,0.0,27.85,7.3,8.76,0.0,12.6526,0,1,24.444444,2
26936,1,9,7,0,22.58,0.0,27.52,8.0,5.76,0.0,49.7927,0,1,24.444444,2
26937,1,10,7,0,22.6,0.0,27.05,9.1,4.92,0.0,104.502,0,1,24.444444,2
26938,1,11,7,0,22.6,0.0,26.61,6.9,4.08,0.0,159.675,0,1,24.444444,2
26939,1,12,7,0,22.7,0.0,25.47,10.0,8.28,0.13,248.567,0,1,24.444444,2
26940,1,13,7,0,22.8,0.0,23.71,8.4,4.8,0.45,477.122,0,1,24.444444,2
26941,1,14,7,0,22.82,0.0,22.43,6.8,3.0,0.36,369.488,0,1,24.444444,2
26942,1,15,7,0,22.85,0.0,21.39,10.1,2.76,0.76,183.284,0,1,24.444444,2
26943,1,16,7,0,22.89,0.0,20.4,10.9,5.4,0.8,116.459,0,1,24.444444,2
26944,1,17,7,0,22.84,0.0,19.82,8.6,2.64,0.35,51.2169,0,1,24.444444,2
26945,1,18,7,0,22.9,0.0,19.66,12.7,2.64,1.02,0.910582,0,1,24.444444,2
26946,1,19,7,0,22.88,0.0,20.09,11.0,6.0,0.71,0.0,0,1,24.444444,2
26947,1,20,7,0,22.86,0.0,20.87,11.3,1.68,0.66,0.0,0,1,24.444444,2
26948,1,21,7,0,23.0,0.0,21.25,17.5,3.0,1.61,0.0,0,1,24.444444,2
26949,1,22,7,0,22.81,0.0,22.1,10.2,3.96,0.32,0.0,0,1,24.444444,2
26950,1,23,7,0,22.73,0.0,23.11,9.1,2.76,0.13,0.0,0,1,24.444444,2
26951,1,24,7,0,22.66,0.0,24.0,6.5,4.32,0.0,0.0,0,1,24.444444,2
26952,1,1,1,0,22.59,0.0,24.64,4.5,0.6,0.0,0.0,0,1,24.444444,2
26953,1,2,1,0,22.54,0.0,25.13,3.4,2.88,0.0,0.0,0,1,24.444444,2
26954,1,3,1,0,22.54,0.0,25.46,6.3,4.32,0.0,0.0,0,1,24.444444,2
26955,1,4,1,0,22.52,0.0,25.86,5.2,0.48,0.0,0.0,0,1,24.444444,2
26956,1,5,1,0,22.5,0.0,26.18,4.6,0.36,0.0,0.0,0,1,24.444444,2
26957,1,6,1,0,22.49,0.0,26.44,3.5,0.96,0.0,0.0,0,1,24.444444,2
26958,1,7,1,0,22.49,0.0,26.64,4.3,1.2,0.0,0.0,0,1,24.444444,2
26959,1,8,1,0,22.53,0.0,26.72,5.7,4.44,0.0,63.2729,0,1,24.444444,2
26960,1,9,1,0,22.78,0.0,26.31,5.3,2.64,0.08,277.209,0,1,24.444444,2
26961,1,10,1,0,22.96,0.0,25.67,4.2,7.56,1.0,484.624,0,1,24.444444,2
26962,1,11,1,0,23.06,0.0,25.06,4.7,18.36,2.31,637.627,0,1,24.444444,2
26963,1,12,1,0,23.22,0.0,24.19,6.1,12.36,3.88,730.794,0,1,24.444444,2
26964,1,13,1,0,23.32,0.0,23.21,5.5,4.08,5.25,767.405,0,1,24.444444,2
26965,1,14,1,0,23.47,0.0,22.0,6.5,5.4,7.36,740.663,0,1,24.444444,2
26966,1,15,1,0,23.68,0.0,21.17,10.8,1.44,12.86,645.188,0,1,24.444444,2
26967,1,16,1,0,23.66,0.0,20.86,5.0,3.24,10.57,496.281,0,1,24.444444,2
26968,1,17,1,0,23.63,0.0,20.88,4.7,3.48,8.51,287.23,0,1,24.444444,2
26969,1,18,1,0,23.68,0.0,21.55,12.2,10.92,8.0,35.9196,0,1,24.444444,2
26970,1,19,1,0,23.41,0.0,23.36,4.7,3.36,1.79,0.0,0,1,24.444444,2
26971,1,20,1,0,23.4,0.0,24.81,9.1,3.96,2.66,0.0,0,1,24.444444,2
26972,1,21,1,0,23.43,0.0,25.71,10.9,0.72,2.99,0.0,0,1,24.444444,2
26973,1,22,1,0,23.49,0.0,26.32,15.2,2.04,3.99,0.0,0,1,24.444444,2
26974,1,23,1,0,23.32,0.0,27.03,11.6,1.8,1.75,0.0,0,1,24.444444,2
26975,1,24,1,0,23.17,0.0,27.27,10.6,1.08,1.18,0.0,0,1,24.444444,2
26976,1,1,2,0,22.94,0.0,27.68,7.6,1.08,0.41,0.0,0,1,24.444444,2
26977,1,2,2,0,22.87,0.0,27.72,9.3,1.44,0.47,0.0,0,1,24.444444,2
26978,1,3,2,0,22.81,0.0,27.75,9.4,0.96,0.38,0.0,0,1,24.444444,2
26979,1,4,2,0,22.74,0.0,28.23,8.0,0.36,0.06,0.0,0,1,24.444444,2
26980,1,5,2,0,22.61,0.0,29.14,4.3,0.12,0.0,0.0,0,1,24.444444,2
26981,1,6,2,0,22.57,0.0,29.61,5.6,2.4,0.0,0.0,0,1,24.444444,2
26982,1,7,2,0,22.6,0.0,30.03,8.6,0.96,0.0,0.0,0,1,24.444444,2
26983,1,8,2,0,22.62,0.0,30.52,4.1,4.08,0.0,61.2471,0,1,24.444444,2
26984,1,9,2,0,22.96,0.0,30.32,5.7,7.08,0.7,267.597,0,1,24.444444,2
26985,1,10,2,0,23.18,0.0,29.83,4.3,1.56,2.7,466.677,0,1,24.444444,2
26986,1,11,2,0,23.39,0.0,29.1,7.5,19.68,5.47,606.388,0,1,24.444444,2
26987,1,12,2,0,23.62,0.0,28.26,10.5,4.08,8.99,691.231,0,1,24.444444,2
26988,1,13,2,0,23.58,0.0,28.0,4.3,6.84,7.46,733.825,0,1,24.444444,2
26989,1,14,2,0,23.82,0.0,27.45,12.9,7.2,16.05,700.34,0,1,24.444444,2
26990,1,15,2,0,23.95,0.0,27.22,11.2,3.72,18.49,617.74,0,1,24.444444,2
26991,1,16,2,0,23.99,0.0,27.37,10.4,9.48,19.56,480.606,0,1,24.444444,2
26992,1,17,2,0,24.02,0.0,27.83,11.0,6.24,18.16,272.101,0,1,24.444444,2
26993,1,18,2,0,24.01,0.0,28.66,10.3,9.36,11.78,33.7276,0,1,24.444444,2
26994,1,19,2,0,24.0,0.0,30.05,11.8,10.44,10.71,0.0,0,1,24.444444,2
26995,1,20,2,0,23.92,0.0,32.31,10.4,6.96,7.89,0.0,0,1,24.444444,2
26996,1,21,2,0,23.88,0.0,34.83,11.8,5.64,7.39,0.0,0,1,24.444444,2
26997,1,22,2,0,23.6,0.0,38.17,6.7,1.44,3.01,0.0,0,1,24.444444,2
26998,1,23,2,0,23.41,0.0,41.07,6.2,1.08,2.22,0.0,0,1,24.444444,2
26999,1,24,2,0,23.34,0.0,43.43,7.0,4.68,2.11,0.0,0,1,24.444444,2
27000,1,1,3,0,23.22,0.0,45.63,6.4,1.8,1.45,0.0,0,1,24.444444,2
27001,1,2,3,0,23.0,0.0,47.63,4.1,0.36,0.67,0.0,0,1,24.444444,2
27002,1,3,3,0,22.88,0.0,48.76,3.9,0.36,0.41,0.0,0,1,24.444444,2
27003,1,4,3,0,22.84,0.0,49.26,4.1,0.48,0.37,0.0,0,1,24.444444,2
27004,1,5,3,0,22.8,0.0,49.76,3.6,0.84,0.26,0.0,0,1,24.444444,2
27005,1,6,3,0,22.76,0.0,50.02,3.3,2.4,0.11,0.0,0,1,24.444444,2
27006,1,7,3,0,22.75,0.0,50.1,4.9,10.56,0.22,0.0,0,1,24.444444,2
27007,1,8,3,0,22.88,0.0,49.94,3.3,5.4,0.29,60.4608,0,1,24.444444,2
27008,1,9,3,0,23.23,0.0,49.22,3.9,7.44,3.45,263.531,0,1,24.444444,2
27009,1,10,3,0,23.53,0.0,48.34,5.7,4.92,7.6,457.668,0,1,24.444444,2
27010,1,11,3,0,23.69,0.0,47.34,6.6,8.04,10.15,606.457,0,1,24.444444,2
27011,1,12,3,0,23.84,0.0,45.96,10.7,3.24,16.21,682.085,0,1,24.444444,2
27012,1,13,3,0,23.86,0.0,44.58,6.3,9.0,14.9,715.853,0,1,24.444444,2
27013,1,14,3,0,23.95,0.0,43.19,9.6,4.32,20.8,697.601,0,1,24.444444,2
27014,1,15,3,0,24.0,0.0,41.77,8.3,2.16,22.34,612.947,0,1,24.444444,2
27015,1,16,3,0,24.05,0.0,40.4,11.4,1.08,27.07,478.949,0,1,24.444444,2
27016,1,17,3,0,24.05,0.0,39.72,8.8,4.68,21.6,278.223,0,1,24.444444,2
27017,1,18,3,0,24.05,0.0,40.08,9.4,3.6,15.36,35.71,0,1,24.444444,2
27018,1,19,3,0,24.06,0.0,41.2,10.5,1.32,13.82,0.0,0,1,24.444444,2
27019,1,20,3,0,24.03,0.0,42.36,10.3,5.04,11.41,0.0,0,1,24.444444,2
27020,1,21,3,0,24.01,0.0,43.34,11.0,5.04,10.3,0.0,0,1,24.444444,2
27021,1,22,3,0,24.07,0.0,43.46,23.5,4.32,22.87,0.0,0,1,24.444444,2
27022,1,23,3,0,24.02,0.0,44.12,14.4,2.88,10.03,0.0,0,1,24.444444,2
27023,1,24,3,0,23.75,0.0,46.21,8.3,1.2,4.11,0.0,0,1,24.444444,2
27024,2,1,4,0,23.44,0.0,48.67,5.6,0.6,2.24,0.0,0,1,24.444444,2
27025,2,2,4,0,23.2,0.0,50.65,3.9,3.84,1.3,0.0,0,1,24.444444,2
27026,2,3,4,0,23.07,0.0,52.07,3.9,0.12,1.05,0.0,0,1,24.444444,2
27027,2,4,4,0,22.97,0.0,53.47,3.6,0.12,0.81,0.0,0,1,24.444444,2
27028,2,5,4,0,22.91,0.0,54.5,3.7,1.8,0.63,0.0,0,1,24.444444,2
27029,2,6,4,0,22.87,0.0,55.2,4.0,3.12,0.54,0.0,0,1,24.444444,2
27030,2,7,4,0,22.83,0.0,55.81,3.3,2.88,0.38,0.0,0,1,24.444444,2
27031,2,8,4,0,23.06,0.0,55.32,4.4,19.8,1.48,59.5161,0,1,24.444444,2
27032,2,9,4,0,23.4,0.0,54.06,5.3,10.68,5.56,260.772,0,1,24.444444,2
27033,2,10,4,0,23.62,0.0,52.9,5.8,6.72,9.14,449.136,0,1,24.444444,2
27034,2,11,4,0,23.69,0.0,52.4,4.6,5.64,8.48,456.327,0,1,24.444444,2
27035,2,12,4,0,23.78,0.0,51.65,6.8,8.76,12.0,460.836,0,1,24.444444,2
27036,2,13,4,0,23.8,0.0,50.68,4.5,0.84,11.2,429.223,0,1,24.444444,2
27037,2,14,4,0,23.86,0.0,49.76,4.3,1.8,15.25,607.548,0,1,24.444444,2
27038,2,15,4,0,24.01,0.0,48.24,9.5,1.44,23.42,487.5,0,1,24.444444,2
27039,2,16,4,0,23.99,0.0,47.54,4.1,4.2,19.41,453.336,0,1,24.444444,2
27040,2,17,4,0,23.96,0.0,47.59,3.4,2.04,16.0,254.544,0,1,24.444444,2
27041,2,18,4,0,23.94,0.0,48.51,4.3,3.0,11.15,30.2428,0,1,24.444444,2
27042,2,19,4,0,23.86,0.0,49.86,3.9,8.64,8.67,0.0,0,1,24.444444,2
27043,2,20,4,0,23.86,0.0,50.78,6.4,9.96,9.05,0.0,0,1,24.444444,2
27044,2,21,4,0,23.83,0.0,51.44,6.9,11.16,7.98,0.0,0,1,24.444444,2
27045,2,22,4,0,23.75,0.0,52.57,6.5,6.36,6.33,0.0,0,1,24.444444,2
27046,2,23,4,0,23.73,0.0,53.54,8.7,3.12,6.96,0.0,0,1,24.444444,2
27047,2,24,4,0,23.66,0.0,54.64,8.0,1.56,5.22,0.0,0,1,24.444444,2
27048,2,1,5,0,23.88,0.0,53.64,16.1,0.48,11.22,0.0,0,1,24.444444,2
27049,2,2,5,0,23.37,0.0,55.75,3.6,0.12,1.42,0.0,0,1,24.444444,2
27050,2,3,5,0,23.29,0.0,56.39,7.5,0.36,2.35,0.0,0,1,24.444444,2
27051,2,4,5,0,23.14,0.0,56.8,5.4,0.48,1.24,0.0,0,1,24.444444,2
27052,2,5,5,0,22.98,0.0,57.12,4.6,0.6,0.82,0.0,0,1,24.444444,2
27053,2,6,5,0,22.93,0.0,57.04,5.7,3.72,0.84,0.0,0,1,24.444444,2
27054,2,7,5,0,23.02,0.0,56.48,9.1,11.64,1.58,0.0,0,1,24.444444,2
27055,2,8,5,0,23.35,0.0,55.56,9.3,12.84,4.1,60.6219,0,1,24.444444,2
27056,2,9,5,0,23.61,0.0,55.07,9.2,13.92,10.47,254.698,0,1,24.444444,2
27057,2,10,5,0,23.75,0.0,54.5,10.4,1.32,15.55,444.324,0,1,24.444444,2
27058,2,11,5,0,23.8,0.0,54.07,9.5,8.52,14.06,419.579,0,1,24.444444,2
27059,2,12,5,0,23.87,0.0,53.11,8.8,9.36,15.78,451.252,0,1,24.444444,2
27060,2,13,5,0,23.93,0.0,51.93,7.7,9.12,18.42,590.523,0,1,24.444444,2
27061,2,14,5,0,24.01,0.0,50.52,9.5,0.96,22.96,567.251,0,1,24.444444,2
27062,2,15,5,0,24.06,0.0,49.33,9.8,3.36,26.58,507.015,0,1,24.444444,2
27063,2,16,5,0,24.07,0.0,48.32,9.0,3.6,26.6,362.877,0,1,24.444444,2
27064,2,17,5,0,24.07,0.0,47.64,7.8,5.4,24.21,244.016,0,1,24.444444,2
27065,2,18,5,0,24.07,0.0,48.04,9.0,4.68,19.57,39.7496,0,1,24.444444,2
27066,2,19,5,0,24.08,0.0,49.45,9.5,4.2,17.69,0.0,0,1,24.444444,2
27067,2,20,5,0,24.07,0.0,50.98,9.0,4.44,14.82,0.0,0,1,24.444444,2
27068,2,21,5,0,24.04,0.0,52.42,8.1,8.88,12.12,0.0,0,1,24.444444,2
27069,2,22,5,0,24.06,0.0,53.27,12.0,9.84,15.43,0.0,0,1,24.444444,2
27070,2,23,5,0,24.07,0.0,53.47,14.0,1.32,16.57,0.0,0,1,24.444444,2
27071,2,24,5,0,24.07,0.0,53.64,13.9,0.72,14.77,0.0,0,1,24.444444,2
27072,2,1,6,0,24.02,0.0,54.52,11.6,0.84,10.39,0.0,0,1,24.444444,2
27073,2,2,6,0,23.65,0.0,57.71,3.8,0.36,3.44,0.0,0,1,24.444444,2
27074,2,3,6,0,23.53,0.0,61.1,4.3,0.84,3.55,0.0,0,1,24.444444,2
27075,2,4,6,0,23.37,0.0,63.86,3.3,2.64,2.57,0.0,0,1,24.444444,2
27076,2,5,6,0,23.28,0.0,64.99,4.1,9.24,2.37,0.0,0,1,24.444444,2
27077,2,6,6,0,23.3,0.0,64.82,6.2,2.76,2.88,0.0,0,1,24.444444,2
27078,2,7,6,0,23.48,0.0,62.84,11.2,2.76,4.93,0.0,0,1,24.444444,2
27079,2,8,6,0,23.42,0.0,61.02,6.4,15.0,2.48,58.9101,0,1,24.444444,2
27080,2,9,6,0,23.23,0.0,59.54,5.5,11.4,1.22,66.9465,0,1,24.444444,2
27081,2,10,6,0,23.19,0.0,57.32,6.9,9.12,1.42,131.224,0,1,24.444444,2
27082,2,11,6,0,23.09,0.0,55.31,4.3,3.6,0.76,201.73,0,1,24.444444,2
27083,2,12,6,0,23.23,0.0,52.05,8.9,11.04,2.42,208.856,0,1,24.444444,2
27084,2,13,6,0,23.33,0.0,49.58,7.1,2.4,2.6,468.471,0,1,24.444444,2
27085,2,14,6,0,23.49,0.0,46.26,9.0,0.96,6.68,649.529,0,1,24.444444,2
27086,2,15,6,0,23.57,0.0,43.92,9.7,3.6,9.92,614.4,0,1,24.444444,2
27087,2,16,6,0,23.61,0.0,42.11,9.1,1.08,10.22,461.641,0,1,24.444444,2
27088,2,17,6,0,23.6,0.0,41.11,7.4,1.32,7.53,254.871,0,1,24.444444,2
27089,2,18,6,0,23.54,0.0,40.95,8.6,3.12,4.89,41.5217,0,1,24.444444,2
27090,2,19,6,0,23.47,0.0,41.02,8.6,6.96,3.8,0.0,0,1,24.444444,2
27091,2,20,6,0,23.48,0.0,40.67,10.1,4.56,3.98,0.0,0,1,24.444444,2
27092,2,21,6,0,23.43,0.0,39.92,9.8,3.84,2.96,0.0,0,1,24.444444,2
27093,2,22,6,0,23.38,0.0,38.59,10.2,5.4,2.45,0.0,0,1,24.444444,2
27094,2,23,6,0,23.39,0.0,37.19,13.5,1.44,3.03,0.0,0,1,24.444444,2
27095,2,24,6,0,23.06,0.0,36.71,7.3,0.72,0.63,0.0,0,1,24.444444,2
27096,2,1,7,0,22.82,0.0,35.71,4.8,2.64,0.09,0.0,0,1,24.444444,2
27097,2,2,7,0,22.71,0.0,34.5,3.7,1.92,0.0,0.0,0,1,24.444444,2
27098,2,3,7,0,22.66,0.0,32.94,4.5,0.72,0.0,0.0,0,1,24.444444,2
27099,2,4,7,0,22.6,0.0,31.55,3.3,0.72,0.0,0.0,0,1,24.444444,2
27100,2,5,7,0,22.58,0.0,30.27,4.9,0.96,0.0,0.0,0,1,24.444444,2
27101,2,6,7,0,22.54,0.0,28.94,3.2,4.8,0.0,0.0,0,1,24.444444,2
27102,2,7,7,0,22.54,0.0,27.73,4.9,6.36,0.0,0.0,0,1,24.444444,2
27103,2,8,7,0,22.54,0.0,26.94,3.6,15.72,0.0,65.4589,0,1,24.444444,2
27104,2,9,7,0,22.6,0.0,25.94,4.4,7.44,0.0,266.721,0,1,24.444444,2
27105,2,10,7,0,22.72,0.0,25.16,5.2,3.72,0.01,391.231,0,1,24.444444,2
27106,2,11,7,0,22.91,0.0,24.68,4.9,3.96,0.56,580.743,0,1,24.444444,2
27107,2,12,7,0,23.21,0.0,24.27,9.5,5.52,3.4,677.1,0,1,24.444444,2
27108,2,13,7,0,23.41,0.0,24.16,11.7,6.12,6.43,723.106,0,1,24.444444,2
27109,2,14,7,0,23.39,0.0,24.84,4.3,1.56,4.27,695.372,0,1,24.444444,2
27110,2,15,7,0,23.58,0.0,25.19,11.7,2.04,10.7,615.51,0,1,24.444444,2
27111,2,16,7,0,23.56,0.0,25.98,4.3,7.08,7.65,466.796,0,1,24.444444,2
27112,2,17,7,0,23.69,0.0,26.51,11.8,4.32,11.61,265.931,0,1,24.444444,2
27113,2,18,7,0,23.51,0.0,27.95,4.1,2.52,3.24,46.0247,0,1,24.444444,2
27114,2,19,7,0,23.52,0.0,29.76,9.2,4.68,4.41,0.0,0,1,24.444444,2
27115,2,20,7,0,23.52,0.0,31.61,10.4,3.48,3.85,0.0,0,1,24.444444,2
27116,2,21,7,0,23.36,0.0,33.55,7.5,7.44,1.57,0.0,0,1,24.444444,2
27117,2,22,7,0,23.2,0.0,35.81,6.7,0.6,1.11,0.0,0,1,24.444444,2
27118,2,23,7,0,23.08,0.0,37.86,6.0,2.4,0.88,0.0,0,1,24.444444,2
27119,2,24,7,0,22.97,0.0,39.6,5.7,0.6,0.63,0.0,0,1,24.444444,2
27120,2,1,1,0,22.9,0.0,41.11,5.6,0.48,0.52,0.0,0,1,24.444444,2
27121,2,2,1,0,22.82,0.0,42.93,3.7,0.72,0.13,0.0,0,1,24.444444,2
27122,2,3,1,0,22.75,0.0,44.41,3.1,0.36,0.0,0.0,0,1,24.444444,2
27123,2,4,1,0,22.7,0.0,45.32,3.2,0.24,0.0,0.0,0,1,24.444444,2
27124,2,5,1,0,22.68,0.0,45.91,3.6,0.6,0.0,0.0,0,1,24.444444,2
27125,2,6,1,0,22.67,0.0,46.47,3.2,2.52,0.0,0.0,0,1,24.444444,2
27126,2,7,1,0,22.69,0.0,47.04,5.0,0.84,0.06,0.0,0,1,24.444444,2
27127,2,8,1,0,22.75,0.0,47.53,3.2,4.44,0.02,60.8494,0,1,24.444444,2
27128,2,9,1,0,23.05,0.0,47.47,5.5,25.56,1.34,229.839,0,1,24.444444,2
27129,2,10,1,0,23.33,0.0,47.93,4.6,12.48,4.59,432.511,0,1,24.444444,2
27130,2,11,1,0,23.5,0.0,48.88,4.5,8.64,6.64,576.671,0,1,24.444444,2
27131,2,12,1,0,23.6,0.0,49.93,4.4,9.48,9.1,669.735,0,1,24.444444,2
27132,2,13,1,0,23.87,0.0,49.74,10.8,5.4,18.87,676.52,0,1,24.444444,2
27133,2,14,1,0,24.02,0.0,49.27,12.9,3.36,25.52,663.219,0,1,24.444444,2
27134,2,15,1,0,24.01,0.0,49.25,6.5,5.52,22.12,573.06,0,1,24.444444,2
27135,2,16,1,0,24.0,0.0,49.45,3.8,11.76,20.72,436.109,0,1,24.444444,2
27136,2,17,1,0,24.03,0.0,49.52,6.5,8.28,21.27,242.667,0,1,24.444444,2
27137,2,18,1,0,24.0,0.0,51.05,4.6,14.16,13.08,40.9165,0,1,24.444444,2
27138,2,19,1,0,23.98,0.0,53.23,6.3,5.76,12.59,0.0,0,1,24.444444,2
27139,2,20,1,0,24.06,0.0,53.37,12.8,3.6,18.88,0.0,0,1,24.444444,2
27140,2,21,1,0,24.06,0.0,53.56,10.4,3.0,13.99,0.0,0,1,24.444444,2
27141,2,22,1,0,23.91,0.0,55.33,6.0,1.92,8.07,0.0,0,1,24.444444,2
27142,2,23,1,0,23.78,0.0,57.57,5.5,1.2,6.37,0.0,0,1,24.444444,2
27143,2,24,1,0,23.7,0.0,59.07,6.2,1.8,5.79,0.0,0,1,24.444444,2
27144,2,1,2,0,23.52,0.0,60.74,4.0,0.48,3.21,0.0,0,1,24.444444,2
27145,2,2,2,0,23.45,0.0,61.87,5.1,0.36,3.21,0.0,0,1,24.444444,2
27146,2,3,2,0,23.33,0.0,63.18,4.1,2.76,2.48,0.0,0,1,24.444444,2
27147,2,4,2,0,23.28,0.0,64.51,4.0,0.72,2.25,0.0,0,1,24.444444,2
27148,2,5,2,0,23.19,0.0,65.8,3.1,1.32,1.53,0.0,0,1,24.444444,2
27149,2,6,2,0,23.13,0.0,66.52,3.7,1.32,1.48,0.0,0,1,24.444444,2
27150,2,7,2,0,23.08,0.0,67.3,3.6,2.4,1.34,0.0,0,1,24.444444,2
27151,2,8,2,0,23.24,0.0,66.77,3.4,6.12,2.41,56.5957,0,1,24.444444,2
27152,2,9,2,0,23.33,0.0,66.69,3.5,5.64,2.67,144.127,0,1,24.444444,2
27153,2,10,2,0,23.43,0.0,66.52,5.5,5.4,4.59,113.751,0,1,24.444444,2
27154,2,11,2,0,23.64,0.0,64.45,6.6,4.8,11.63,461.477,0,1,24.444444,2
27155,2,12,2,0,23.68,0.0,63.04,3.9,15.48,10.27,473.116,0,1,24.444444,2
27156,2,13,2,0,23.75,0.0,61.25,4.9,3.0,11.39,382.568,0,1,24.444444,2
27157,2,14,2,0,23.85,0.0,58.89,5.6,3.48,14.52,454.92,0,1,24.444444,2
27158,2,15,2,0,23.94,0.0,56.64,5.3,2.04,17.97,497.117,0,1,24.444444,2
27159,2,16,2,0,23.95,0.0,55.66,3.8,5.04,15.63,313.475,0,1,24.444444,2
27160,2,17,2,0,24.0,0.0,54.76,6.4,9.0,17.42,189.438,0,1,24.444444,2
27161,2,18,2,0,23.95,0.0,55.1,4.2,8.52,11.45,50.0703,0,1,24.444444,2
27162,2,19,2,0,23.92,0.0,56.3,5.4,9.6,10.47,0.0,0,1,24.444444,2
27163,2,20,2,0,23.91,0.0,57.23,6.1,9.36,9.91,0.0,0,1,24.444444,2
27164,2,21,2,0,23.94,0.0,57.66,8.1,7.32,10.96,0.0,0,1,24.444444,2
27165,2,22,2,0,23.84,0.0,59.09,5.4,2.4,7.83,0.0,0,1,24.444444,2
27166,2,23,2,0,23.82,0.0,60.21,6.8,3.96,8.28,0.0,0,1,24.444444,2
27167,2,24,2,0,23.86,0.0,60.38,8.6,0.72,9.3,0.0,0,1,24.444444,2
27168,2,1,3,0,23.7,0.0,61.71,5.3,0.48,5.22,0.0,0,1,24.444444,2
27169,2,2,3,0,23.68,0.0,62.74,7.4,0.24,6.24,0.0,0,1,24.444444,2
27170,2,3,3,0,23.48,0.0,64.81,3.2,0.24,3.01,0.0,0,1,24.444444,2
27171,2,4,3,0,23.46,0.0,66.58,4.0,0.12,3.59,0.0,0,1,24.444444,2
27172,2,5,3,0,23.46,0.0,67.9,5.0,0.6,3.78,0.0,0,1,24.444444,2
27173,2,6,3,0,23.34,0.0,69.31,3.5,1.32,2.8,0.0,0,1,24.444444,2
27174,2,7,3,0,23.32,0.0,70.73,3.3,2.64,2.87,0.0,0,1,24.444444,2
27175,2,8,3,0,23.33,0.0,71.91,3.5,6.96,3.35,32.8176,0,1,24.444444,2
27176,2,9,3,0,23.37,0.0,72.94,4.6,9.72,3.84,79.2399,0,1,24.444444,2
27177,2,10,3,0,23.42,0.0,73.37,5.7,3.0,4.65,11.9638,0,1,24.444444,2
27178,2,11,3,0,23.41,0.0,72.88,5.2,6.6,3.91,49.188,0,1,24.444444,2
27179,2,12,3,0,23.46,0.0,71.68,6.6,2.16,5.51,22.5543,0,1,24.444444,2
27180,2,13,3,0,23.52,0.0,71.95,4.0,1.68,7.63,213.003,0,1,24.444444,2
27181,2,14,3,0,23.67,0.0,70.93,3.8,3.12,14.15,555.641,0,1,24.444444,2
27182,2,15,3,0,23.93,0.0,67.55,10.1,1.32,20.7,247.874,0,1,24.444444,2
27183,2,16,3,0,23.9,0.0,65.47,4.4,2.88,18.06,358.076,0,1,24.444444,2
27184,2,17,3,0,23.97,0.0,63.75,6.5,3.48,20.45,251.048,0,1,24.444444,2
27185,2,18,3,0,23.92,0.0,64.02,3.7,3.36,12.0,36.102,0,1,24.444444,2
27186,2,19,3,0,23.97,0.0,64.91,6.0,3.72,13.65,0.0,0,1,24.444444,2
27187,2,20,3,0,24.04,0.0,64.39,9.2,8.76,17.33,0.0,0,1,24.444444,2
27188,2,21,3,0,24.06,0.0,63.46,10.1,21.96,17.73,0.0,0,1,24.444444,2
27189,2,22,3,0,24.03,0.0,63.78,7.6,2.4,13.17,0.0,0,1,24.444444,2
27190,2,23,3,0,24.06,0.0,63.39,11.3,1.44,17.79,0.0,0,1,24.444444,2
27191,2,24,3,0,23.98,0.0,63.75,5.8,0.96,9.38,0.0,0,1,24.444444,2
27192,2,1,4,0,23.9,0.0,65.95,5.4,0.84,8.66,0.0,0,1,24.444444,2
27193,2,2,4,0,23.83,0.0,67.82,5.3,0.24,7.95,0.0,0,1,24.444444,2
27194,2,3,4,0,23.69,0.0,70.43,3.2,0.48,5.34,0.0,0,1,24.444444,2
27195,2,4,4,0,23.76,0.0,71.31,6.7,0.48,8.72,0.0,0,1,24.444444,2
27196,2,5,4,0,23.66,0.0,72.22,4.1,1.68,5.31,0.0,0,1,24.444444,2
27197,2,6,4,0,23.64,0.0,73.08,4.9,3.84,6.08,0.0,0,1,24.444444,2
27198,2,7,4,0,23.6,0.0,73.99,3.8,3.6,5.38,0.0,0,1,24.444444,2
27199,2,8,4,0,23.7,0.0,73.49,3.9,25.44,10.86,62.7766,0,1,24.444444,2
27200,2,9,4,0,23.77,0.0,71.26,5.2,3.96,16.13,224.898,0,1,24.444444,2
27201,2,10,4,0,23.83,0.0,69.61,4.8,3.84,15.62,266.212,0,1,24.444444,2
27202,2,11,4,0,23.93,0.0,67.25,6.0,4.44,21.95,437.673,0,1,24.444444,2
27203,2,12,4,0,24.0,0.0,64.82,4.0,6.84,21.34,498.488,0,1,24.444444,2
27204,2,13,4,0,24.05,0.0,62.3,3.9,2.52,25.2,620.911,0,1,24.444444,2
27205,2,14,4,0,24.07,0.0,59.16,4.5,0.84,29.05,632.71,0,1,24.444444,2
27206,2,15,4,0,24.07,0.0,55.2,10.1,0.84,38.24,494.929,0,1,24.444444,2
27207,2,16,4,0,24.07,0.0,53.56,3.8,2.88,29.12,435.797,0,1,24.444444,2
27208,2,17,4,0,24.07,0.0,53.38,3.6,1.92,24.86,238.381,0,1,24.444444,2
27209,2,18,4,0,24.07,0.0,53.75,4.3,2.16,19.11,35.6652,0,1,24.444444,2
27210,2,19,4,0,24.07,0.0,55.51,4.1,14.4,16.64,0.0,0,1,24.444444,2
27211,2,20,4,0,24.07,0.0,57.51,6.8,7.32,19.09,0.0,0,1,24.444444,2
27212,2,21,4,0,24.07,0.0,58.92,6.1,12.12,16.11,0.0,0,1,24.444444,2
27213,2,22,4,0,24.07,0.0,59.24,10.7,6.36,21.77,0.0,0,1,24.444444,2
27214,2,23,4,0,24.07,0.0,59.4,9.0,2.28,16.81,0.0,0,1,24.444444,2
27215,2,24,4,0,24.07,0.0,60.21,9.3,1.08,15.44,0.0,0,1,24.444444,2
27216,2,1,5,0,24.03,0.0,61.61,7.6,0.72,11.39,0.0,0,1,24.444444,2
27217,2,2,5,0,23.9,0.0,63.8,5.3,0.36,7.86,0.0,0,1,24.444444,2
27218,2,3,5,0,23.96,0.0,63.68,9.3,0.36,10.99,0.0,0,1,24.444444,2
27219,2,4,5,0,23.76,0.0,62.74,5.2,0.36,4.44,0.0,0,1,24.444444,2
27220,2,5,5,0,23.42,0.0,59.24,4.9,0.36,2.34,0.0,0,1,24.444444,2
27221,2,6,5,0,23.12,0.0,54.04,4.6,1.68,1.12,0.0,0,1,24.444444,2
27222,2,7,5,0,23.19,0.0,47.54,9.5,6.24,1.96,0.0,0,1,24.444444,2
27223,2,8,5,0,23.37,0.0,43.15,7.3,6.72,2.4,72.3265,0,1,24.444444,2
27224,2,9,5,0,23.52,0.0,40.06,8.5,4.92,5.21,285.006,0,1,24.444444,2
27225,2,10,5,0,23.64,0.0,37.18,9.1,2.52,7.31,511.135,0,1,24.444444,2
27226,2,11,5,0,23.74,0.0,35.18,10.9,2.52,9.89,655.646,0,1,24.444444,2
27227,2,12,5,0,23.73,0.0,33.55,8.5,4.44,9.22,734.881,0,1,24.444444,2
27228,2,13,5,0,23.79,0.0,31.61,10.1,1.44,12.63,756.743,0,1,24.444444,2
27229,2,14,5,0,23.81,0.0,30.11,8.1,0.84,13.95,717.963,0,1,24.444444,2
27230,2,15,5,0,23.95,0.0,28.7,10.3,3.12,19.15,633.698,0,1,24.444444,2
27231,2,16,5,0,23.98,0.0,27.94,9.0,1.32,20.01,504.377,0,1,24.444444,2
27232,2,17,5,0,23.97,0.0,27.64,7.8,6.96,17.35,307.645,0,1,24.444444,2
27233,2,18,5,0,23.95,0.0,28.2,8.4,4.44,11.9,74.3876,0,1,24.444444,2
27234,2,19,5,0,23.97,0.0,29.67,10.4,3.24,10.9,0.0,0,1,24.444444,2
27235,2,20,5,0,23.99,0.0,31.28,12.6,4.68,11.09,0.0,0,1,24.444444,2
27236,2,21,5,0,23.83,0.0,32.57,8.3,11.4,6.16,0.0,0,1,24.444444,2
27237,2,22,5,0,23.78,0.0,33.09,9.8,25.2,6.07,0.0,0,1,24.444444,2
27238,2,23,5,0,23.72,0.0,33.48,10.3,3.72,5.13,0.0,0,1,24.444444,2
27239,2,24,5,0,23.54,0.0,34.27,7.9,1.32,2.78,0.0,0,1,24.444444,2
27240,2,1,6,0,23.55,0.0,34.5,11.4,0.72,3.55,0.0,0,1,24.444444,2
27241,2,2,6,0,23.17,0.0,35.06,5.3,0.48,0.85,0.0,0,1,24.444444,2
27242,2,3,6,0,22.92,0.0,35.49,4.2,0.24,0.39,0.0,0,1,24.444444,2
27243,2,4,6,0,22.82,0.0,35.97,4.0,0.72,0.2,0.0,0,1,24.444444,2
27244,2,5,6,0,22.75,0.0,36.26,3.3,0.84,0.01,0.0,0,1,24.444444,2
27245,2,6,6,0,22.73,0.0,36.71,5.3,3.12,0.07,0.0,0,1,24.444444,2
27246,2,7,6,0,22.77,0.0,37.3,9.4,4.44,0.48,0.0,0,1,24.444444,2
27247,2,8,6,0,22.91,0.0,37.88,4.7,21.36,0.24,70.8638,0,1,24.444444,2
27248,2,9,6,0,23.23,0.0,38.14,5.4,5.16,2.52,284.399,0,1,24.444444,2
27249,2,10,6,0,23.43,0.0,39.23,5.7,13.44,5.16,482.102,0,1,24.444444,2
27250,2,11,6,0,23.59,0.0,40.88,5.7,6.36,6.64,625.843,0,1,24.444444,2
27251,2,12,6,0,23.78,0.0,41.98,10.1,2.52,12.23,707.192,0,1,24.444444,2
27252,2,13,6,0,23.82,0.0,42.85,7.3,0.6,12.29,745.948,0,1,24.444444,2
27253,2,14,6,0,23.9,0.0,43.75,8.9,1.8,16.7,712.535,0,1,24.444444,2
27254,2,15,6,0,23.99,0.0,44.18,9.5,1.44,21.32,625.742,0,1,24.444444,2
27255,2,16,6,0,24.03,0.0,44.61,9.4,1.44,22.98,480.963,0,1,24.444444,2
27256,2,17,6,0,24.04,0.0,45.58,8.1,0.84,19.85,277.393,0,1,24.444444,2
27257,2,18,6,0,24.05,0.0,47.23,9.4,2.52,16.39,55.4339,0,1,24.444444,2
27258,2,19,6,0,24.06,0.0,49.09,10.2,4.32,15.16,0.0,0,1,24.444444,2
27259,2,20,6,0,24.05,0.0,50.69,9.8,7.32,13.19,0.0,0,1,24.444444,2
27260,2,21,6,0,24.04,0.0,52.58,9.9,3.0,12.65,0.0,0,1,24.444444,2
27261,2,22,6,0,24.06,0.0,53.91,11.7,1.56,14.1,0.0,0,1,24.444444,2
27262,2,23,6,0,24.06,0.0,55.06,12.9,3.48,15.21,0.0,0,1,24.444444,2
27263,2,24,6,0,23.95,0.0,57.49,7.1,1.08,8.44,0.0,0,1,24.444444,2
27264,2,1,7,0,23.86,0.0,60.48,6.4,0.72,7.6,0.0,0,1,24.444444,2
27265,2,2,7,0,23.7,0.0,63.48,4.2,0.84,4.97,0.0,0,1,24.444444,2
27266,2,3,7,0,23.62,0.0,65.73,4.7,3.84,4.76,0.0,0,1,24.444444,2
27267,2,4,7,0,23.54,0.0,67.5,4.5,0.36,4.11,0.0,0,1,24.444444,2
27268,2,5,7,0,23.43,0.0,69.27,3.5,1.44,3.29,0.0,0,1,24.444444,2
27269,2,6,7,0,23.35,0.0,70.67,3.2,1.08,3.01,0.0,0,1,24.444444,2
27270,2,7,7,0,23.33,0.0,71.55,3.3,7.2,3.04,0.0,0,1,24.444444,2
27271,2,8,7,0,23.53,0.0,70.55,4.7,9.96,7.04,77.3664,0,1,24.444444,2
27272,2,9,7,0,23.64,0.0,69.06,3.9,6.0,10.17,249.69,0,1,24.444444,2
27273,2,10,7,0,23.69,0.0,67.94,5.0,7.44,11.47,319.674,0,1,24.444444,2
27274,2,11,7,0,23.74,0.0,67.87,4.9,6.36,10.59,213.615,0,1,24.444444,2
27275,2,12,7,0,23.79,0.0,67.51,4.8,2.4,11.57,187.262,0,1,24.444444,2
27276,2,13,7,0,23.84,0.0,66.33,4.3,6.36,13.78,253.621,0,1,24.444444,2
27277,2,14,7,0,23.94,0.0,64.11,5.2,2.76,20.04,482.262,0,1,24.444444,2
27278,2,15,7,0,24.06,0.0,60.14,11.6,0.84,31.65,526.196,0,1,24.444444,2
27279,2,16,7,0,24.04,0.0,58.73,4.3,1.32,17.51,229.902,0,1,24.444444,2
27280,2,17,7,0,24.07,0.0,57.48,8.8,2.52,24.23,219.175,0,1,24.444444,2
27281,2,18,7,0,24.04,0.0,57.56,4.3,1.68,14.21,42.4317,0,1,24.444444,2
27282,2,19,7,0,24.07,0.0,57.87,10.3,8.04,21.44,0.0,0,1,24.444444,2
27283,2,20,7,0,24.07,0.0,57.85,10.7,5.52,20.23,0.0,0,1,24.444444,2
27284,2,21,7,0,24.07,0.0,58.4,10.8,1.2,18.17,0.0,0,1,24.444444,2
27285,2,22,7,0,24.07,0.0,59.45,10.6,1.2,17.03,0.0,0,1,24.444444,2
27286,2,23,7,0,24.01,0.0,62.14,5.8,3.36,10.33,0.0,0,1,24.444444,2
27287,2,24,7,0,23.96,0.0,65.21,5.4,1.44,9.84,0.0,0,1,24.444444,2
27288,2,1,1,0,23.89,0.0,67.2,4.5,0.96,8.58,0.0,0,1,24.444444,2
27289,2,2,1,0,23.79,0.0,69.12,3.5,0.84,7.12,0.0,0,1,24.444444,2
27290,2,3,1,0,23.73,0.0,70.92,3.3,0.48,6.61,0.0,0,1,24.444444,2
27291,2,4,1,0,23.69,0.0,72.45,3.1,0.84,6.21,0.0,0,1,24.444444,2
27292,2,5,1,0,23.72,0.0,72.43,4.7,0.36,7.94,0.0,0,1,24.444444,2
27293,2,6,1,0,23.7,0.0,72.22,4.1,1.08,6.97,0.0,0,1,24.444444,2
27294,2,7,1,0,23.68,0.0,72.09,3.9,1.08,7.16,0.0,0,1,24.444444,2
27295,2,8,1,0,23.78,0.0,70.21,5.1,5.16,13.74,70.9015,0,1,24.444444,2
27296,2,9,1,0,23.82,0.0,68.25,5.8,10.32,13.29,153.817,0,1,24.444444,2
27297,2,10,1,0,23.85,0.0,66.21,4.2,10.08,13.99,300.826,0,1,24.444444,2
27298,2,11,1,0,23.91,0.0,63.7,4.0,9.84,15.96,363.683,0,1,24.444444,2
27299,2,12,1,0,23.99,0.0,61.09,5.1,7.92,17.83,327.094,0,1,24.444444,2
27300,2,13,1,0,24.04,0.0,59.01,4.2,8.64,19.93,489.826,0,1,24.444444,2
27301,2,14,1,0,24.07,0.0,55.55,13.4,0.6,36.85,597.61,0,1,24.444444,2
27302,2,15,1,0,24.07,0.0,53.76,4.4,7.32,28.04,541.544,0,1,24.444444,2
27303,2,16,1,0,24.07,0.0,53.09,5.2,11.88,30.78,463.105,0,1,24.444444,2
27304,2,17,1,0,24.07,0.0,52.78,6.1,9.48,29.81,270.408,0,1,24.444444,2
27305,2,18,1,0,24.08,0.0,53.61,4.1,20.28,20.96,58.1794,0,1,24.444444,2
27306,2,19,1,0,24.08,0.0,55.62,4.0,18.12,17.95,0.0,0,1,24.444444,2
27307,2,20,1,0,24.07,0.0,55.49,13.0,2.4,29.17,0.0,0,1,24.444444,2
27308,2,21,1,0,24.07,0.0,55.75,8.5,5.16,19.8,0.0,0,1,24.444444,2
27309,2,22,1,0,24.07,0.0,57.36,6.2,2.04,14.57,0.0,0,1,24.444444,2
27310,2,23,1,0,24.07,0.0,57.72,11.4,3.0,20.51,0.0,0,1,24.444444,2
27311,2,24,1,0,24.06,0.0,58.26,8.1,1.44,13.3,0.0,0,1,24.444444,2
27312,2,1,2,0,23.97,0.0,60.53,5.6,1.08,8.81,0.0,0,1,24.444444,2
27313,2,2,2,0,23.87,0.0,63.15,4.9,0.24,7.68,0.0,0,1,24.444444,2
27314,2,3,2,0,23.76,0.0,65.93,3.8,1.08,6.2,0.0,0,1,24.444444,2
27315,2,4,2,0,23.66,0.0,68.3,3.5,0.72,5.11,0.0,0,1,24.444444,2
27316,2,5,2,0,23.61,0.0,69.87,3.6,0.6,4.84,0.0,0,1,24.444444,2
27317,2,6,2,0,23.56,0.0,70.35,3.9,0.72,4.31,0.0,0,1,24.444444,2
27318,2,7,2,0,23.49,0.0,68.4,3.9,2.16,3.76,0.0,0,1,24.444444,2
27319,2,8,2,0,23.61,0.0,64.73,4.5,2.64,6.56,82.2887,0,1,24.444444,2
27320,2,9,2,0,23.61,0.0,61.11,3.7,10.32,5.43,201.535,0,1,24.444444,2
27321,2,10,2,0,23.55,0.0,58.16,4.1,16.2,3.63,172.419,0,1,24.444444,2
27322,2,11,2,0,23.55,0.0,55.07,4.1,9.36,4.82,215.694,0,1,24.444444,2
27323,2,12,2,0,23.66,0.0,52.75,5.1,23.52,9.29,513.413,0,1,24.444444,2
27324,2,13,2,0,23.78,0.0,50.0,5.5,4.44,12.34,686.568,0,1,24.444444,2
27325,2,14,2,0,23.86,0.0,48.38,5.3,9.12,12.34,475.51,0,1,24.444444,2
27326,2,15,2,0,23.96,0.0,46.55,6.9,1.44,13.71,316.245,0,1,24.444444,2
27327,2,16,2,0,23.96,0.0,45.71,4.7,2.88,10.47,153.281,0,1,24.444444,2
27328,2,17,2,0,23.92,0.0,45.76,3.7,2.76,9.23,72.5244,0,1,24.444444,2
27329,2,18,2,0,23.94,0.0,46.46,5.0,11.64,9.75,46.4361,0,1,24.444444,2
27330,2,19,2,0,23.91,0.0,47.87,5.1,8.64,8.81,0.0,0,1,24.444444,2
27331,2,20,2,0,24.0,0.0,48.66,10.6,6.0,13.22,0.0,0,1,24.444444,2
27332,2,21,2,0,23.97,0.0,49.91,8.3,9.48,9.75,0.0,0,1,24.444444,2
27333,2,22,2,0,23.95,0.0,50.87,9.0,2.88,9.48,0.0,0,1,24.444444,2
27334,2,23,2,0,23.79,0.0,51.76,6.2,2.28,5.69,0.0,0,1,24.444444,2
27335,2,24,2,0,23.65,0.0,52.77,5.2,0.96,4.33,0.0,0,1,24.444444,2
27336,2,1,3,0,23.57,0.0,53.68,5.0,0.36,3.53,0.0,0,1,24.444444,2
27337,2,2,3,0,23.46,0.0,54.58,4.9,0.36,2.8,0.0,0,1,24.444444,2
27338,2,3,3,0,23.35,0.0,55.83,4.7,0.6,2.33,0.0,0,1,24.444444,2
27339,2,4,3,0,23.26,0.0,57.57,3.7,0.84,1.77,0.0,0,1,24.444444,2
27340,2,5,3,0,23.45,0.0,58.51,8.8,0.48,4.3,0.0,0,1,24.444444,2
27341,2,6,3,0,23.25,0.0,60.67,3.9,1.08,1.55,0.0,0,1,24.444444,2
27342,2,7,3,0,23.15,0.0,62.33,3.4,1.68,1.44,0.0,0,1,24.444444,2
27343,2,8,3,0,23.42,0.0,62.1,3.8,11.52,4.49,77.4393,0,1,24.444444,2
27344,2,9,3,0,23.58,0.0,61.64,4.3,13.32,7.07,234.515,0,1,24.444444,2
27345,2,10,3,0,23.67,0.0,61.16,6.1,8.04,9.33,292.625,0,1,24.444444,2
27346,2,11,3,0,23.78,0.0,59.82,7.4,7.32,14.66,426.276,0,1,24.444444,2
27347,2,12,3,0,23.85,0.0,58.25,5.4,3.96,14.7,504.586,0,1,24.444444,2
27348,2,13,3,0,23.89,0.0,57.13,4.6,1.56,15.65,508.606,0,1,24.444444,2
27349,2,14,3,0,23.95,0.0,55.54,4.1,1.2,17.69,574.124,0,1,24.444444,2
27350,2,15,3,0,24.05,0.0,53.41,10.2,5.28,25.15,409.257,0,1,24.444444,2
27351,2,16,3,0,24.05,0.0,52.24,5.0,3.48,15.92,222.091,0,1,24.444444,2
27352,2,17,3,0,24.04,0.0,52.26,5.0,4.44,13.88,95.6854,0,1,24.444444,2
27353,2,18,3,0,24.0,0.0,53.92,4.4,6.84,11.21,12.4626,0,1,24.444444,2
27354,2,19,3,0,24.0,0.0,56.6,5.8,6.0,12.57,0.0,0,1,24.444444,2
27355,2,20,3,0,24.04,0.0,58.46,8.5,3.0,15.0,0.0,0,1,24.444444,2
27356,2,21,3,0,24.06,0.0,60.03,9.8,16.56,16.08,0.0,0,1,24.444444,2
27357,2,22,3,0,24.02,0.0,61.5,7.0,3.6,12.25,0.0,0,1,24.444444,2
27358,2,23,3,0,24.05,0.0,62.35,10.8,1.32,17.13,0.0,0,1,24.444444,2
27359,2,24,3,0,24.03,0.0,61.65,10.9,0.96,13.59,0.0,0,1,24.444444,2
27360,2,1,4,0,23.84,0.0,60.12,7.6,1.92,6.32,0.0,0,1,24.444444,2
27361,2,2,4,0,23.41,0.0,59.29,3.5,2.16,2.07,0.0,0,1,24.444444,2
27362,2,3,4,0,23.23,0.0,57.4,5.2,0.36,1.87,0.0,0,1,24.444444,2
27363,2,4,4,0,23.03,0.0,55.63,3.6,0.12,0.69,0.0,0,1,24.444444,2
27364,2,5,4,0,22.86,0.0,53.81,3.3,0.84,0.33,0.0,0,1,24.444444,2
27365,2,6,4,0,22.8,0.0,51.74,3.6,1.8,0.21,0.0,0,1,24.444444,2
27366,2,7,4,0,22.8,0.0,49.52,6.0,3.24,0.39,0.0,0,1,24.444444,2
27367,2,8,4,0,22.73,0.0,47.76,4.3,26.28,0.01,6.90761,0,1,24.444444,2
27368,2,9,4,0,22.69,0.0,45.35,5.4,5.28,0.0,26.6686,0,1,24.444444,2
27369,2,10,4,0,22.67,0.0,42.52,5.4,8.28,0.0,78.3647,0,1,24.444444,2
27370,2,11,4,0,22.68,0.0,40.55,5.1,2.76,0.0,162.721,0,1,24.444444,2
27371,2,12,4,0,22.72,0.0,39.18,4.5,4.68,0.0,322.618,0,1,24.444444,2
27372,2,13,4,0,22.78,0.0,38.53,7.3,1.92,0.26,213.632,0,1,24.444444,2
27373,2,14,4,0,22.8,0.0,38.08,5.2,0.84,0.1,326.322,0,1,24.444444,2
27374,2,15,4,0,22.86,0.0,37.64,9.6,3.24,0.71,163.826,0,1,24.444444,2
27375,2,16,4,0,22.77,0.0,37.75,4.6,3.96,0.0,86.9172,0,1,24.444444,2
27376,2,17,4,0,22.81,0.0,37.61,3.2,3.12,0.3,215.508,0,1,24.444444,2
27377,2,18,4,0,22.88,0.0,37.69,6.1,3.24,0.44,68.5254,0,1,24.444444,2
27378,2,19,4,0,22.77,0.0,38.63,3.8,6.84,0.04,0.0,0,1,24.444444,2
27379,2,20,4,0,22.74,0.0,39.52,5.5,7.56,0.05,0.0,0,1,24.444444,2
27380,2,21,4,0,22.7,0.0,39.7,5.7,10.44,0.0,0.0,0,1,24.444444,2
27381,2,22,4,0,22.74,0.0,39.43,9.2,7.32,0.36,0.0,0,1,24.444444,2
27382,2,23,4,0,22.74,0.0,39.46,8.4,0.84,0.28,0.0,0,1,24.444444,2
27383,2,24,4,0,22.71,0.0,39.37,6.3,0.6,0.09,0.0,0,1,24.444444,2
27384,2,1,5,0,22.75,0.0,38.35,9.5,0.24,0.53,0.0,0,1,24.444444,2
27385,2,2,5,0,22.71,0.0,37.2,5.4,0.72,0.07,0.0,0,1,24.444444,2
27386,2,3,5,0,22.71,0.0,36.25,7.3,0.48,0.16,0.0,0,1,24.444444,2
27387,2,4,5,0,22.67,0.0,35.65,5.1,0.12,0.0,0.0,0,1,24.444444,2
27388,2,5,5,0,22.63,0.0,35.3,4.6,0.24,0.0,0.0,0,1,24.444444,2
27389,2,6,5,0,22.62,0.0,34.9,5.4,3.48,0.0,0.0,0,1,24.444444,2
27390,2,7,5,0,22.68,0.0,34.28,9.0,11.88,0.13,0.0,0,1,24.444444,2
27391,2,8,5,0,22.88,0.0,33.47,7.8,6.0,0.19,84.3248,0,1,24.444444,2
27392,2,9,5,0,23.2,0.0,32.21,8.7,1.44,2.09,310.267,0,1,24.444444,2
27393,2,10,5,0,23.36,0.0,30.81,9.4,3.24,4.45,490.226,0,1,24.444444,2
27394,2,11,5,0,23.52,0.0,29.05,11.0,5.28,5.78,657.185,0,1,24.444444,2
27395,2,12,5,0,23.49,0.0,27.28,7.9,8.28,5.17,743.602,0,1,24.444444,2
27396,2,13,5,0,23.55,0.0,24.74,7.7,5.16,6.49,766.387,0,1,24.444444,2
27397,2,14,5,0,23.64,0.0,22.68,7.0,4.8,8.48,742.456,0,1,24.444444,2
27398,2,15,5,0,23.8,0.0,21.44,9.8,2.4,14.08,657.998,0,1,24.444444,2
27399,2,16,5,0,23.87,0.0,20.55,9.6,5.28,16.45,517.836,0,1,24.444444,2
27400,2,17,5,0,23.84,0.0,20.59,7.6,3.36,14.71,318.933,0,1,24.444444,2
27401,2,18,5,0,23.85,0.0,20.78,9.4,2.16,11.18,92.4375,0,1,24.444444,2
27402,2,19,5,0,23.76,0.0,21.53,8.8,4.92,6.65,0.0,0,1,24.444444,2
27403,2,20,5,0,23.66,0.0,22.89,8.9,5.04,5.0,0.0,0,1,24.444444,2
27404,2,21,5,0,23.57,0.0,24.36,8.0,10.68,3.44,0.0,0,1,24.444444,2
27405,2,22,5,0,23.65,0.0,25.9,12.7,10.32,5.52,0.0,0,1,24.444444,2
27406,2,23,5,0,23.46,0.0,28.16,8.5,1.56,2.25,0.0,0,1,24.444444,2
27407,2,24,5,0,23.31,0.0,30.9,8.2,1.44,1.54,0.0,0,1,24.444444,2
27408,2,1,8,0,23.27,0.0,33.0,10.0,0.48,1.61,0.0,0,1,24.444444,2
27409,2,2,8,0,22.92,0.0,35.18,4.2,0.36,0.14,0.0,0,1,24.444444,2
27410,2,3,8,0,22.75,0.0,36.81,4.0,0.72,0.01,0.0,0,1,24.444444,2
27411,2,4,8,0,22.69,0.0,38.01,4.7,0.24,0.0,0.0,0,1,24.444444,2
27412,2,5,8,0,22.77,0.0,38.36,10.6,0.6,0.47,0.0,0,1,24.444444,2
27413,2,6,8,0,22.67,0.0,38.84,4.7,3.12,0.0,0.0,0,1,24.444444,2
27414,2,7,8,0,22.73,0.0,38.87,10.1,5.52,0.3,0.0,0,1,24.444444,2
27415,2,8,8,0,22.65,0.0,39.41,3.6,30.24,0.0,58.6242,0,1,24.444444,2
27416,2,9,8,0,22.7,0.0,39.8,6.3,10.56,0.03,135.561,0,1,24.444444,2
27417,2,10,8,0,22.74,0.0,40.32,6.1,5.16,0.12,161.476,0,1,24.444444,2
27418,2,11,8,0,22.72,0.0,40.56,4.5,19.56,0.03,123.858,0,1,24.444444,2
27419,2,12,8,0,22.78,0.0,40.4,10.3,6.96,0.61,76.2076,0,1,24.444444,2
27420,2,13,8,0,22.75,0.0,40.52,6.9,2.76,0.18,85.3259,0,1,24.444444,2
27421,2,14,8,0,22.8,0.0,41.02,9.2,0.36,0.55,170.082,0,1,24.444444,2
27422,2,15,8,0,22.88,0.0,41.81,12.1,1.92,1.16,125.593,0,1,24.444444,2
27423,2,16,8,0,22.9,0.0,42.34,9.5,0.84,0.91,172.453,0,1,24.444444,2
27424,2,17,8,0,22.84,0.0,42.22,7.1,1.08,0.31,98.2011,0,1,24.444444,2
27425,2,18,8,0,22.82,0.0,42.19,9.2,1.56,0.51,14.6668,0,1,24.444444,2
27426,2,19,8,0,22.83,0.0,43.27,9.6,7.56,0.64,0.0,0,1,24.444444,2
27427,2,20,8,0,22.83,0.0,45.42,9.9,3.84,0.67,0.0,0,1,24.444444,2
27428,2,21,8,0,22.79,0.0,47.73,8.0,8.16,0.4,0.0,0,1,24.444444,2
27429,2,22,8,0,22.84,0.0,49.46,10.7,5.04,0.93,0.0,0,1,24.444444,2
27430,2,23,8,0,22.88,0.0,50.88,12.3,2.76,1.21,0.0,0,1,24.444444,2
27431,2,24,8,0,22.78,0.0,52.81,5.8,0.0,0.27,0.0,0,1,24.444444,2
27432,2,1,7,0,22.76,0.0,54.59,5.0,2.4,0.24,0.0,0,1,24.444444,2
27433,2,2,7,0,22.75,0.0,56.1,4.9,1.2,0.2,0.0,0,1,24.444444,2
27434,2,3,7,0,22.72,0.0,57.08,3.7,0.72,0.11,0.0,0,1,24.444444,2
27435,2,4,7,0,22.72,0.0,57.71,4.5,2.88,0.16,0.0,0,1,24.444444,2
27436,2,5,7,0,22.75,0.0,57.5,8.5,0.72,0.62,0.0,0,1,24.444444,2
27437,2,6,7,0,22.69,0.0,57.16,3.9,1.2,0.01,0.0,0,1,24.444444,2
27438,2,7,7,0,22.73,0.0,56.06,8.0,11.76,0.4,0.0,0,1,24.444444,2
27439,2,8,7,0,22.87,0.0,55.36,3.7,12.48,0.2,85.0902,0,1,24.444444,2
27440,2,9,7,0,23.22,0.0,54.98,4.5,9.96,2.51,277.227,0,1,24.444444,2
27441,2,10,7,0,23.34,0.0,55.28,5.5,6.24,3.51,342.215,0,1,24.444444,2
27442,2,11,7,0,23.45,0.0,55.6,5.7,1.8,4.61,376.106,0,1,24.444444,2
27443,2,12,7,0,23.63,0.0,55.55,6.4,2.4,9.08,638.556,0,1,24.444444,2
27444,2,13,7,0,23.88,0.0,53.86,12.0,3.72,18.7,668.485,0,1,24.444444,2
27445,2,14,7,0,23.86,0.0,53.33,4.6,6.72,13.97,700.2,0,1,24.444444,2
27446,2,15,7,0,24.02,0.0,51.56,13.1,1.2,27.42,624.272,0,1,24.444444,2
27447,2,16,7,0,24.01,0.0,50.46,5.0,5.04,20.6,486.261,0,1,24.444444,2
27448,2,17,7,0,24.02,0.0,50.11,6.1,2.16,21.48,297.791,0,1,24.444444,2
27449,2,18,7,0,24.01,0.0,50.44,5.3,2.64,15.38,79.5614,0,1,24.444444,2
27450,2,19,7,0,24.06,0.0,50.64,12.1,6.6,19.35,0.0,0,1,24.444444,2
27451,2,20,7,0,24.05,0.0,50.75,10.0,6.72,14.55,0.0,0,1,24.444444,2
27452,2,21,7,0,24.0,0.0,51.6,8.6,4.08,11.24,0.0,0,1,24.444444,2
27453,2,22,7,0,23.91,0.0,53.17,6.8,1.92,8.59,0.0,0,1,24.444444,2
27454,2,23,7,0,23.83,0.0,55.15,6.2,1.08,7.3,0.0,0,1,24.444444,2
27455,2,24,7,0,23.73,0.0,57.94,5.8,1.44,6.05,0.0,0,1,24.444444,2
27456,2,1,1,0,23.6,0.0,60.55,4.7,0.72,4.35,0.0,0,1,24.444444,2
27457,2,2,1,0,23.44,0.0,62.62,3.6,0.96,2.9,0.0,0,1,24.444444,2
27458,2,3,1,0,23.29,0.0,64.35,3.3,0.36,2.2,0.0,0,1,24.444444,2
27459,2,4,1,0,23.29,0.0,64.86,5.0,0.48,2.71,0.0,0,1,24.444444,2
27460,2,5,1,0,23.18,0.0,65.16,3.5,0.84,1.44,0.0,0,1,24.444444,2
27461,2,6,1,0,23.04,0.0,65.11,3.4,0.6,0.99,0.0,0,1,24.444444,2
27462,2,7,1,0,23.05,0.0,64.76,4.1,4.56,1.28,0.0,0,1,24.444444,2
27463,2,8,1,0,23.37,0.0,63.54,3.9,3.48,3.84,82.7545,0,1,24.444444,2
27464,2,9,1,0,23.5,0.0,63.08,5.9,15.6,5.43,225.521,0,1,24.444444,2
27465,2,10,1,0,23.54,0.0,62.8,4.7,9.72,5.37,318.964,0,1,24.444444,2
27466,2,11,1,0,23.7,0.0,61.54,7.1,10.32,11.55,447.169,0,1,24.444444,2
27467,2,12,1,0,23.78,0.0,60.09,4.9,9.72,13.58,661.127,0,1,24.444444,2
27468,2,13,1,0,23.84,0.0,58.98,4.0,5.28,16.35,662.534,0,1,24.444444,2
27469,2,14,1,0,23.95,0.0,57.64,5.4,5.04,22.69,669.089,0,1,24.444444,2
27470,2,15,1,0,24.01,0.0,56.76,4.1,3.36,25.89,603.454,0,1,24.444444,2
27471,2,16,1,0,24.04,0.0,56.25,5.7,6.96,29.81,489.517,0,1,24.444444,2
27472,2,17,1,0,24.05,0.0,55.48,5.5,6.72,27.18,295.643,0,1,24.444444,2
27473,2,18,1,0,24.05,0.0,55.58,4.6,8.16,19.63,73.1414,0,1,24.444444,2
27474,2,19,1,0,24.05,0.0,56.22,5.8,24.96,17.12,0.0,0,1,24.444444,2
27475,2,20,1,0,24.04,0.0,56.78,5.6,2.28,14.31,0.0,0,1,24.444444,2
27476,2,21,1,0,24.02,0.0,57.87,5.6,13.32,12.48,0.0,0,1,24.444444,2
27477,2,22,1,0,24.02,0.0,59.51,6.9,6.84,13.11,0.0,0,1,24.444444,2
27478,2,23,1,0,23.99,0.0,60.99,6.6,2.28,11.25,0.0,0,1,24.444444,2
27479,2,24,1,0,23.97,0.0,62.14,7.7,1.44,11.16,0.0,0,1,24.444444,2
27480,2,1,2,0,23.82,0.0,64.16,4.5,0.72,6.87,0.0,0,1,24.444444,2
27481,2,2,2,0,23.73,0.0,65.92,5.0,1.92,6.27,0.0,0,1,24.444444,2
27482,2,3,2,0,23.67,0.0,67.36,4.8,0.48,5.77,0.0,0,1,24.444444,2
27483,2,4,2,0,23.6,0.0,69.46,3.7,0.6,4.71,0.0,0,1,24.444444,2
27484,2,5,2,0,23.56,0.0,71.28,4.2,0.36,4.69,0.0,0,1,24.444444,2
27485,2,6,2,0,23.49,0.0,72.84,3.8,0.36,3.86,0.0,0,1,24.444444,2
27486,2,7,2,0,23.53,0.0,73.51,5.2,1.08,5.8,0.0,0,1,24.444444,2
27487,2,8,2,0,23.68,0.0,72.1,4.4,6.24,11.95,86.7862,0,1,24.444444,2
27488,2,9,2,0,23.71,0.0,70.0,3.8,13.56,14.91,263.864,0,1,24.444444,2
27489,2,10,2,0,23.82,0.0,67.24,6.4,13.56,17.42,324.567,0,1,24.444444,2
27490,2,11,2,0,23.88,0.0,65.18,4.9,6.48,16.81,384.175,0,1,24.444444,2
27491,2,12,2,0,23.93,0.0,63.22,4.4,23.16,18.3,498.108,0,1,24.444444,2
27492,2,13,2,0,24.0,0.0,61.49,5.0,2.64,19.43,403.881,0,1,24.444444,2
27493,2,14,2,0,24.05,0.0,60.26,5.7,5.64,23.51,503.972,0,1,24.444444,2
27494,2,15,2,0,24.06,0.0,59.48,4.1,6.12,23.1,423.515,0,1,24.444444,2
27495,2,16,2,0,24.06,0.0,59.05,4.3,1.8,23.24,335.323,0,1,24.444444,2
27496,2,17,2,0,24.06,0.0,58.95,4.0,8.4,19.65,185.068,0,1,24.444444,2
27497,2,18,2,0,24.06,0.0,59.66,4.5,7.68,16.98,36.1336,0,1,24.444444,2
27498,2,19,2,0,24.06,0.0,61.03,4.6,6.6,15.64,0.0,0,1,24.444444,2
27499,2,20,2,0,24.07,0.0,62.41,6.9,4.92,18.09,0.0,0,1,24.444444,2
27500,2,21,2,0,24.06,0.0,63.79,5.9,13.92,14.69,0.0,0,1,24.444444,2
27501,2,22,2,0,24.04,0.0,65.67,5.6,4.08,14.19,0.0,0,1,24.444444,2
27502,2,23,2,0,23.94,0.0,66.81,5.0,1.56,8.47,0.0,0,1,24.444444,2
27503,2,24,2,0,23.79,0.0,65.83,7.4,0.72,7.25,0.0,0,1,24.444444,2
27504,2,1,3,0,23.73,0.0,64.17,7.0,1.08,6.32,0.0,0,1,24.444444,2
27505,2,2,3,0,23.53,0.0,63.97,3.6,0.24,3.2,0.0,0,1,24.444444,2
27506,2,3,3,0,23.55,0.0,63.36,6.1,0.96,4.36,0.0,0,1,24.444444,2
27507,2,4,3,0,23.44,0.0,63.73,4.8,0.0,3.0,0.0,0,1,24.444444,2
27508,2,5,3,0,23.43,0.0,63.93,6.5,0.12,3.42,0.0,0,1,24.444444,2
27509,2,6,3,0,23.25,0.0,64.88,3.6,1.56,1.65,0.0,0,1,24.444444,2
27510,2,7,3,0,23.19,0.0,65.66,3.8,5.64,1.62,0.0,0,1,24.444444,2
27511,2,8,3,0,23.18,0.0,65.85,4.1,16.68,1.74,43.3128,0,1,24.444444,2
27512,2,9,3,0,23.22,0.0,65.12,5.2,10.08,2.18,119.114,0,1,24.444444,2
27513,2,10,3,0,23.37,0.0,63.37,5.4,18.96,3.67,263.449,0,1,24.444444,2
27514,2,11,3,0,23.55,0.0,61.16,4.3,4.08,7.78,560.314,0,1,24.444444,2
27515,2,12,3,0,23.61,0.0,58.98,4.2,2.76,9.59,670.058,0,1,24.444444,2
27516,2,13,3,0,23.65,0.0,57.12,4.2,6.84,11.1,552.196,0,1,24.444444,2
27517,2,14,3,0,23.75,0.0,54.53,4.4,6.96,15.36,652.893,0,1,24.444444,2
27518,2,15,3,0,23.99,0.0,51.13,11.5,8.88,24.41,583.487,0,1,24.444444,2
27519,2,16,3,0,24.02,0.0,48.42,8.1,2.52,19.18,410.586,0,1,24.444444,2
27520,2,17,3,0,23.97,0.0,47.77,6.3,3.84,13.84,216.768,0,1,24.444444,2
27521,2,18,3,0,23.82,0.0,49.14,4.3,2.88,8.37,52.2858,0,1,24.444444,2
27522,2,19,3,0,23.81,0.0,50.58,6.3,5.64,8.38,0.0,0,1,24.444444,2
27523,2,20,3,0,23.86,0.0,51.64,9.3,6.0,9.65,0.0,0,1,24.444444,2
27524,2,21,3,0,23.78,0.0,52.42,8.4,19.68,6.83,0.0,0,1,24.444444,2
27525,2,22,3,0,23.7,0.0,52.92,8.9,2.64,5.93,0.0,0,1,24.444444,2
27526,2,23,3,0,23.54,0.0,53.86,6.8,1.92,3.53,0.0,0,1,24.444444,2
27527,2,24,3,0,23.6,0.0,53.64,10.6,0.84,5.25,0.0,0,1,24.444444,2
27528,2,1,4,0,23.41,0.0,54.28,7.4,0.24,2.33,0.0,0,1,24.444444,2
27529,2,2,4,0,23.34,0.0,54.63,8.5,0.12,2.59,0.0,0,1,24.444444,2
27530,2,3,4,0,23.14,0.0,55.81,3.8,0.24,0.83,0.0,0,1,24.444444,2
27531,2,4,4,0,23.03,0.0,57.09,5.1,0.24,1.01,0.0,0,1,24.444444,2
27532,2,5,4,0,22.93,0.0,58.16,4.1,1.2,0.67,0.0,0,1,24.444444,2
27533,2,6,4,0,22.88,0.0,58.98,3.4,1.8,0.54,0.0,0,1,24.444444,2
27534,2,7,4,0,22.93,0.0,59.24,4.6,5.76,0.88,0.0,0,1,24.444444,2
27535,2,8,4,0,23.23,0.0,58.14,4.3,23.4,2.53,88.4155,0,1,24.444444,2
27536,2,9,4,0,23.42,0.0,56.71,4.0,10.56,5.77,301.543,0,1,24.444444,2
27537,2,10,4,0,23.57,0.0,54.81,5.5,4.8,8.85,493.844,0,1,24.444444,2
27538,2,11,4,0,23.7,0.0,52.71,6.1,5.64,10.4,630.453,0,1,24.444444,2
27539,2,12,4,0,23.74,0.0,51.07,4.2,6.96,10.33,716.102,0,1,24.444444,2
27540,2,13,4,0,23.78,0.0,49.63,4.3,5.16,12.94,727.05,0,1,24.444444,2
27541,2,14,4,0,23.84,0.0,48.33,3.8,1.32,15.42,722.482,0,1,24.444444,2
27542,2,15,4,0,23.99,0.0,46.34,9.9,1.56,26.36,625.803,0,1,24.444444,2
27543,2,16,4,0,24.01,0.0,44.63,3.8,1.68,21.97,504.205,0,1,24.444444,2
27544,2,17,4,0,24.01,0.0,43.76,3.5,0.96,20.53,318.146,0,1,24.444444,2
27545,2,18,4,0,24.02,0.0,43.8,4.0,2.04,16.13,90.6379,0,1,24.444444,2
27546,2,19,4,0,24.0,0.0,44.81,3.8,13.08,11.79,0.0,0,1,24.444444,2
27547,2,20,4,0,24.02,0.0,46.28,6.8,8.64,13.38,0.0,0,1,24.444444,2
27548,2,21,4,0,24.0,0.0,47.36,5.7,13.56,11.17,0.0,0,1,24.444444,2
27549,2,22,4,0,24.03,0.0,47.79,8.9,5.16,12.74,0.0,0,1,24.444444,2
27550,2,23,4,0,24.01,0.0,48.28,8.9,1.92,10.33,0.0,0,1,24.444444,2
27551,2,24,4,0,23.88,0.0,49.51,7.5,0.48,6.77,0.0,0,1,24.444444,2
27552,2,1,5,0,23.85,0.0,50.71,10.1,0.6,7.47,0.0,0,1,24.444444,2
27553,2,2,5,0,23.46,0.0,53.45,3.6,0.36,2.23,0.0,0,1,24.444444,2
27554,2,3,5,0,23.26,0.0,55.82,3.7,0.12,1.85,0.0,0,1,24.444444,2
27555,2,4,5,0,23.17,0.0,57.25,3.6,0.48,1.47,0.0,0,1,24.444444,2
27556,2,5,5,0,23.18,0.0,57.62,6.0,0.24,1.88,0.0,0,1,24.444444,2
27557,2,6,5,0,23.17,0.0,57.84,7.0,2.4,1.88,0.0,0,1,24.444444,2
27558,2,7,5,0,23.23,0.0,57.72,8.2,4.92,2.51,0.0,0,1,24.444444,2
27559,2,8,5,0,23.56,0.0,56.58,8.3,6.96,7.95,87.1727,0,1,24.444444,2
27560,2,9,5,0,23.7,0.0,55.54,10.3,2.4,16.06,293.942,0,1,24.444444,2
27561,2,10,5,0,23.78,0.0,53.94,9.0,2.52,17.92,473.955,0,1,24.444444,2
27562,2,11,5,0,23.92,0.0,52.29,11.7,6.84,22.02,610.016,0,1,24.444444,2
27563,2,12,5,0,23.96,0.0,51.52,8.7,14.52,20.1,676.513,0,1,24.444444,2
27564,2,13,5,0,23.98,0.0,51.13,7.0,5.52,20.9,722.029,0,1,24.444444,2
27565,2,14,5,0,24.04,0.0,50.44,7.1,0.72,24.58,712.103,0,1,24.444444,2
27566,2,15,5,0,24.07,0.0,48.56,10.0,1.68,32.74,637.774,0,1,24.444444,2
27567,2,16,5,0,24.07,0.0,46.88,8.6,3.12,32.55,508.518,0,1,24.444444,2
27568,2,17,5,0,24.08,0.0,46.52,7.5,6.24,29.32,321.986,0,1,24.444444,2
27569,2,18,5,0,24.08,0.0,46.89,9.5,1.8,26.33,92.7058,0,1,24.444444,2
27570,2,19,5,0,24.08,0.0,47.92,8.9,2.88,20.95,0.0,0,1,24.444444,2
27571,2,20,5,0,24.08,0.0,48.66,8.1,4.68,16.98,0.0,0,1,24.444444,2
27572,2,21,5,0,24.07,0.0,49.73,8.5,6.6,15.39,0.0,0,1,24.444444,2
27573,2,22,5,0,24.07,0.0,51.13,11.7,10.2,18.51,0.0,0,1,24.444444,2
27574,2,23,5,0,24.07,0.0,52.95,9.5,3.84,13.8,0.0,0,1,24.444444,2
27575,2,24,5,0,24.01,0.0,55.29,8.0,1.44,10.34,0.0,0,1,24.444444,2
27576,2,1,6,0,24.03,0.0,56.41,11.4,0.6,13.13,0.0,0,1,24.444444,2
27577,2,2,6,0,23.94,0.0,58.1,7.7,0.96,8.37,0.0,0,1,24.444444,2
27578,2,3,6,0,23.74,0.0,61.17,4.0,0.24,4.94,0.0,0,1,24.444444,2
27579,2,4,6,0,23.67,0.0,63.72,4.9,0.12,5.26,0.0,0,1,24.444444,2
27580,2,5,6,0,23.5,0.0,65.98,3.4,0.72,3.16,0.0,0,1,24.444444,2
27581,2,6,6,0,23.43,0.0,66.89,5.1,2.04,3.45,0.0,0,1,24.444444,2
27582,2,7,6,0,23.69,0.0,65.33,11.1,6.0,10.0,0.0,0,1,24.444444,2
27583,2,8,6,0,23.75,0.0,63.74,5.6,18.96,12.49,92.4802,0,1,24.444444,2
27584,2,9,6,0,23.75,0.0,62.0,5.3,9.0,15.37,281.562,0,1,24.444444,2
27585,2,10,6,0,23.86,0.0,59.2,7.8,10.92,19.03,417.895,0,1,24.444444,2
27586,2,11,6,0,23.87,0.0,57.48,4.1,12.24,15.67,522.439,0,1,24.444444,2
27587,2,12,6,0,24.01,0.0,55.17,9.1,6.24,20.76,481.613,0,1,24.444444,2
27588,2,13,6,0,24.05,0.0,53.27,6.9,0.72,19.27,480.005,0,1,24.444444,2
27589,2,14,6,0,24.07,0.0,51.61,9.2,2.16,26.61,471.136,0,1,24.444444,2
27590,2,15,6,0,24.07,0.0,49.56,10.2,0.84,33.65,592.492,0,1,24.444444,2
27591,2,16,6,0,24.07,0.0,48.18,9.3,1.44,34.14,512.89,0,1,24.444444,2
27592,2,17,6,0,24.07,0.0,47.97,7.8,2.76,29.47,315.653,0,1,24.444444,2
27593,2,18,6,0,24.08,0.0,48.14,8.8,2.76,24.83,88.1683,0,1,24.444444,2
27594,2,19,6,0,24.08,0.0,49.09,8.7,6.84,20.36,0.0,0,1,24.444444,2
27595,2,20,6,0,24.07,0.0,50.48,9.1,3.36,18.95,0.0,0,1,24.444444,2
27596,2,21,6,0,24.07,0.0,52.23,8.3,5.52,15.69,0.0,0,1,24.444444,2
27597,2,22,6,0,24.07,0.0,53.59,10.9,6.12,17.83,0.0,0,1,24.444444,2
27598,2,23,6,0,24.07,0.0,54.49,11.2,1.92,16.56,0.0,0,1,24.444444,2
27599,2,24,6,0,24.01,0.0,56.72,6.8,6.24,9.74,0.0,0,1,24.444444,2
27600,2,1,7,0,23.89,0.0,59.7,5.1,0.36,7.52,0.0,0,1,24.444444,2
27601,2,2,7,0,23.76,0.0,62.78,3.5,1.92,5.87,0.0,0,1,24.444444,2
27602,2,3,7,0,23.65,0.0,64.73,3.3,0.72,4.69,0.0,0,1,24.444444,2
27603,2,4,7,0,23.52,0.0,62.8,3.6,0.72,3.54,0.0,0,1,24.444444,2
27604,2,5,7,0,23.49,0.0,57.59,5.1,1.32,3.36,0.0,0,1,24.444444,2
27605,2,6,7,0,23.32,0.0,51.76,3.5,1.08,1.85,0.0,0,1,24.444444,2
27606,2,7,7,0,23.32,0.0,48.55,4.8,13.44,2.23,0.0,0,1,24.444444,2
27607,2,8,7,0,23.53,0.0,44.22,3.1,23.28,5.23,101.717,0,1,24.444444,2
27608,2,9,7,0,23.6,0.0,40.46,4.6,9.24,7.86,332.367,0,1,24.444444,2
27609,2,10,7,0,23.65,0.0,37.31,4.7,5.04,8.04,540.498,0,1,24.444444,2
27610,2,11,7,0,23.71,0.0,34.72,5.0,1.44,8.53,676.417,0,1,24.444444,2
27611,2,12,7,0,23.74,0.0,33.12,4.9,4.32,9.28,764.73,0,1,24.444444,2
27612,2,13,7,0,23.81,0.0,31.77,7.3,10.92,12.47,805.326,0,1,24.444444,2
27613,2,14,7,0,23.83,0.0,30.67,4.4,2.16,12.73,767.302,0,1,24.444444,2
27614,2,15,7,0,23.99,0.0,29.61,11.1,2.52,21.78,697.361,0,1,24.444444,2
27615,2,16,7,0,23.98,0.0,28.35,4.7,0.48,18.04,543.888,0,1,24.444444,2
27616,2,17,7,0,24.03,0.0,27.05,8.9,2.88,21.01,347.866,0,1,24.444444,2
27617,2,18,7,0,23.94,0.0,26.58,4.0,1.68,11.24,106.727,0,1,24.444444,2
27618,2,19,7,0,24.01,0.0,26.73,9.8,6.24,11.7,0.0,0,1,24.444444,2
27619,2,20,7,0,24.0,0.0,27.01,9.7,4.08,10.08,0.0,0,1,24.444444,2
27620,2,21,7,0,23.93,0.0,27.3,8.7,3.24,7.81,0.0,0,1,24.444444,2
27621,2,22,7,0,23.81,0.0,28.0,7.8,6.84,5.57,0.0,0,1,24.444444,2
27622,2,23,7,0,23.57,0.0,28.94,5.5,2.76,2.92,0.0,0,1,24.444444,2
27623,2,24,7,0,23.44,0.0,29.82,6.3,2.16,2.35,0.0,0,1,24.444444,2
27624,2,1,1,0,23.24,0.0,30.82,4.8,0.72,1.23,0.0,0,1,24.444444,2
27625,2,2,1,0,23.07,0.0,31.58,4.2,1.2,0.81,0.0,0,1,24.444444,2
27626,2,3,1,0,22.94,0.0,31.94,4.3,0.24,0.51,0.0,0,1,24.444444,2
27627,2,4,1,0,22.81,0.0,32.48,4.0,0.84,0.1,0.0,0,1,24.444444,2
27628,2,5,1,0,22.71,0.0,32.68,3.2,0.36,0.0,0.0,0,1,24.444444,2
27629,2,6,1,0,22.7,0.0,32.6,3.6,0.6,0.0,0.0,0,1,24.444444,2
27630,2,7,1,0,22.75,0.0,32.68,6.9,0.72,0.22,0.0,0,1,24.444444,2
27631,2,8,1,0,22.96,0.0,32.71,5.6,6.0,0.34,102.403,0,1,24.444444,2
27632,2,9,1,0,23.16,0.0,32.46,4.0,8.64,1.33,329.031,0,1,24.444444,2
27633,2,10,1,0,23.28,0.0,32.49,4.2,12.96,3.19,528.305,0,1,24.444444,2
27634,2,11,1,0,23.39,0.0,33.48,4.1,12.24,4.01,676.507,0,1,24.444444,2
27635,2,12,1,0,23.48,0.0,34.35,4.4,9.0,5.34,743.95,0,1,24.444444,2
27636,2,13,1,0,23.83,0.0,34.19,13.6,5.88,13.39,777.356,0,1,24.444444,2
27637,2,14,1,0,23.75,0.0,35.65,5.1,0.96,9.37,752.167,0,1,24.444444,2
27638,2,15,1,0,23.71,0.0,37.27,4.3,3.84,8.07,389.578,0,1,24.444444,2
27639,2,16,1,0,23.74,0.0,39.06,4.7,24.24,9.72,321.712,0,1,24.444444,2
27640,2,17,1,0,23.77,0.0,40.61,4.5,7.08,11.34,316.657,0,1,24.444444,2
27641,2,18,1,0,23.72,0.0,42.27,4.6,15.12,8.2,83.4592,0,1,24.444444,2
27642,2,19,1,0,23.65,0.0,44.35,4.8,29.4,6.16,0.0,0,1,24.444444,2
27643,2,20,1,0,23.9,0.0,45.3,13.7,2.52,12.46,0.0,0,1,24.444444,2
27644,2,21,1,0,23.65,0.0,47.57,5.2,10.8,4.64,0.0,0,1,24.444444,2
27645,2,22,1,0,23.67,0.0,49.53,8.1,2.16,6.73,0.0,0,1,24.444444,2
27646,2,23,1,0,23.62,0.0,51.87,6.5,1.56,5.47,0.0,0,1,24.444444,2
27647,2,24,1,0,23.57,0.0,54.24,5.6,1.44,4.46,0.0,0,1,24.444444,2
27648,2,1,2,0,23.5,0.0,56.75,4.4,0.6,3.6,0.0,0,1,24.444444,2
27649,2,2,2,0,23.49,0.0,58.93,4.7,0.36,3.88,0.0,0,1,24.444444,2
27650,2,3,2,0,23.48,0.0,60.43,5.4,0.84,4.13,0.0,0,1,24.444444,2
27651,2,4,2,0,23.46,0.0,62.04,5.5,0.84,3.99,0.0,0,1,24.444444,2
27652,2,5,2,0,23.39,0.0,64.17,3.7,0.24,3.09,0.0,0,1,24.444444,2
27653,2,6,2,0,23.36,0.0,66.59,3.6,0.24,3.1,0.0,0,1,24.444444,2
27654,2,7,2,0,23.38,0.0,68.96,3.3,2.76,3.81,0.0,0,1,24.444444,2
27655,2,8,2,0,23.58,0.0,69.01,3.8,4.2,8.61,99.9156,0,1,24.444444,2
27656,2,9,2,0,23.67,0.0,68.23,5.6,6.84,11.29,199.808,0,1,24.444444,2
27657,2,10,2,0,23.71,0.0,67.18,3.9,8.88,12.3,365.429,0,1,24.444444,2
27658,2,11,2,0,23.8,0.0,66.4,5.0,13.92,15.22,361.753,0,1,24.444444,2
27659,2,12,2,0,23.94,0.0,64.15,7.3,22.8,22.21,529.314,0,1,24.444444,2
27660,2,13,2,0,24.0,0.0,61.93,4.4,2.88,20.24,636.002,0,1,24.444444,2
27661,2,14,2,0,24.06,0.0,60.57,7.7,6.6,23.75,343.727,0,1,24.444444,2
27662,2,15,2,0,24.07,0.0,59.04,8.5,5.16,26.16,304.912,0,1,24.444444,2
27663,2,16,2,0,24.07,0.0,58.14,5.7,3.96,24.1,277.161,0,1,24.444444,2
27664,2,17,2,0,24.07,0.0,57.72,4.5,15.12,23.06,264.817,0,1,24.444444,2
27665,2,18,2,0,24.07,0.0,57.65,8.7,11.04,24.84,60.3714,0,1,24.444444,2
27666,2,19,2,0,24.07,0.0,59.37,4.4,5.4,16.02,0.0,0,1,24.444444,2
27667,2,20,2,0,24.07,0.0,61.5,6.4,5.16,18.37,0.0,0,1,24.444444,2
27668,2,21,2,0,24.07,0.0,62.8,7.4,14.76,18.48,0.0,0,1,24.444444,2
27669,2,22,2,0,24.07,0.0,64.12,6.5,3.12,15.96,0.0,0,1,24.444444,2
27670,2,23,2,0,24.06,0.0,65.51,6.5,3.24,15.27,0.0,0,1,24.444444,2
27671,2,24,2,0,24.06,0.0,66.08,8.1,0.48,16.87,0.0,0,1,24.444444,2
27672,2,1,3,0,24.03,0.0,67.49,5.7,0.48,12.74,0.0,0,1,24.444444,2
27673,2,2,3,0,23.95,0.0,70.23,3.4,0.24,9.76,0.0,0,1,24.444444,2
27674,2,3,3,0,23.92,0.0,72.17,3.9,0.84,10.04,0.0,0,1,24.444444,2
27675,2,4,3,0,23.87,0.0,73.79,3.7,0.12,9.25,0.0,0,1,24.444444,2
27676,2,5,3,0,23.8,0.0,75.42,3.2,0.12,8.28,0.0,0,1,24.444444,2
27677,2,6,3,0,23.81,0.0,76.09,4.5,1.68,9.56,0.0,0,1,24.444444,2
27678,2,7,3,0,23.79,0.0,76.51,3.4,7.44,9.79,0.0,0,1,24.444444,2
27679,2,8,3,0,23.86,0.0,74.78,4.2,12.72,17.46,100.897,0,1,24.444444,2
27680,2,9,3,0,23.89,0.0,72.2,4.4,16.8,17.72,235.36,0,1,24.444444,2
27681,2,10,3,0,23.96,0.0,69.9,5.7,4.92,21.04,329.42,0,1,24.444444,2
27682,2,11,3,0,24.0,0.0,68.08,4.0,7.8,21.65,456.898,0,1,24.444444,2
27683,2,12,3,0,24.06,0.0,66.09,5.0,3.6,25.79,548.872,0,1,24.444444,2
27684,2,13,3,0,24.07,0.0,63.71,7.0,2.04,31.57,554.228,0,1,24.444444,2
27685,2,14,3,0,24.07,0.0,61.8,4.1,2.4,29.6,596.661,0,1,24.444444,2
27686,2,15,3,0,24.07,0.0,58.93,10.0,6.24,41.22,597.279,0,1,24.444444,2
27687,2,16,3,0,24.07,0.0,58.22,3.9,1.68,28.43,388.597,0,1,24.444444,2
27688,2,17,3,0,24.07,0.0,59.31,4.0,2.76,24.96,198.916,0,1,24.444444,2
27689,2,18,3,0,24.07,0.0,61.34,3.9,3.36,21.38,49.4647,0,1,24.444444,2
27690,2,19,3,0,24.07,0.0,62.75,6.8,6.84,24.27,0.0,0,1,24.444444,2
27691,2,20,3,0,24.07,0.0,62.61,9.2,3.84,26.25,0.0,0,1,24.444444,2
27692,2,21,3,0,24.07,0.0,62.87,8.1,27.72,22.55,0.0,0,1,24.444444,2
27693,2,22,3,0,24.07,0.0,63.84,7.7,3.84,21.0,0.0,0,1,24.444444,2
27694,2,23,3,0,24.07,0.0,65.22,6.5,2.64,17.88,0.0,0,1,24.444444,2
27695,2,24,3,0,24.07,0.0,66.47,7.5,0.24,18.66,0.0,0,1,24.444444,2
27696,3,1,4,0,24.07,0.0,66.98,8.2,1.08,18.93,0.0,0,1,24.444444,2
27697,3,2,4,0,24.01,0.0,68.48,3.6,0.0,10.98,0.0,0,1,24.444444,2
27698,3,3,4,0,24.0,0.0,70.29,4.9,0.36,12.43,0.0,0,1,24.444444,2
27699,3,4,4,0,23.94,0.0,71.86,3.1,0.12,9.74,0.0,0,1,24.444444,2
27700,3,5,4,0,23.89,0.0,72.83,3.2,2.04,9.14,0.0,0,1,24.444444,2
27701,3,6,4,0,23.88,0.0,73.29,4.4,6.24,9.72,0.0,0,1,24.444444,2
27702,3,7,4,0,23.86,0.0,73.6,4.0,18.84,10.56,0.0,0,1,24.444444,2
27703,3,8,4,0,23.89,0.0,72.29,4.0,11.4,16.42,88.7275,0,1,24.444444,2
27704,3,9,4,0,24.0,0.0,68.78,8.4,7.56,21.82,196.116,0,1,24.444444,2
27705,3,10,4,0,24.02,0.0,66.17,5.6,10.56,20.01,315.445,0,1,24.444444,2
27706,3,11,4,0,24.03,0.0,64.9,3.9,2.64,19.08,324.828,0,1,24.444444,2
27707,3,12,4,0,24.06,0.0,63.59,4.1,2.52,22.6,498.904,0,1,24.444444,2
27708,3,13,4,0,24.07,0.0,62.61,3.8,6.0,23.48,409.473,0,1,24.444444,2
27709,3,14,4,0,24.07,0.0,59.51,9.2,5.88,36.88,530.275,0,1,24.444444,2
27710,3,15,4,0,24.08,0.0,55.44,10.4,1.32,42.06,573.235,0,1,24.444444,2
27711,3,16,4,0,24.07,0.0,54.14,3.7,3.0,31.92,439.15,0,1,24.444444,2
27712,3,17,4,0,24.07,0.0,53.56,8.1,1.68,34.84,246.84,0,1,24.444444,2
27713,3,18,4,0,24.07,0.0,53.1,8.9,7.08,30.37,60.3342,0,1,24.444444,2
27714,3,19,4,0,24.07,0.0,53.44,8.9,5.28,27.4,0.0,0,1,24.444444,2
27715,3,20,4,0,24.07,0.0,54.05,9.4,4.08,26.1,0.0,0,1,24.444444,2
27716,3,21,4,0,24.07,0.0,54.88,9.9,6.48,23.98,0.0,0,1,24.444444,2
27717,3,22,4,0,24.07,0.0,54.63,12.3,1.56,25.05,0.0,0,1,24.444444,2
27718,3,23,4,0,24.07,0.0,52.79,7.7,2.28,14.94,0.0,0,1,24.444444,2
27719,3,24,4,0,24.06,0.0,47.96,8.1,1.08,12.42,0.0,0,1,24.444444,2
27720,3,1,5,0,24.05,0.0,42.52,9.9,0.36,11.32,0.0,0,1,24.444444,2
27721,3,2,5,0,23.96,0.0,38.43,7.7,0.48,6.57,0.0,0,1,24.444444,2
27722,3,3,5,0,23.85,0.0,36.33,7.5,0.24,5.14,0.0,0,1,24.444444,2
27723,3,4,5,0,23.58,0.0,35.63,3.6,0.6,2.3,0.0,0,1,24.444444,2
27724,3,5,5,0,23.65,0.0,34.1,8.9,0.84,4.02,0.0,0,1,24.444444,2
27725,3,6,5,0,23.28,0.0,33.18,3.0,1.08,1.15,0.0,0,1,24.444444,2
27726,3,7,5,0,23.42,0.0,30.92,9.0,11.04,2.94,0.0,0,1,24.444444,2
27727,3,8,5,0,23.58,0.0,28.98,7.7,13.92,4.24,106.876,0,1,24.444444,2
27728,3,9,5,0,23.64,0.0,27.59,9.3,8.88,6.78,322.082,0,1,24.444444,2
27729,3,10,5,0,23.64,0.0,25.88,6.9,2.64,6.02,546.601,0,1,24.444444,2
27730,3,11,5,0,23.7,0.0,23.8,9.0,5.52,7.75,697.588,0,1,24.444444,2
27731,3,12,5,0,23.72,0.0,22.69,8.0,5.64,7.55,789.531,0,1,24.444444,2
27732,3,13,5,0,23.73,0.0,21.97,6.5,0.96,8.17,806.169,0,1,24.444444,2
27733,3,14,5,0,23.85,0.0,21.2,9.5,0.48,12.55,784.092,0,1,24.444444,2
27734,3,15,5,0,23.98,0.0,20.39,10.0,1.92,15.95,695.122,0,1,24.444444,2
27735,3,16,5,0,24.0,0.0,19.67,9.1,1.32,16.92,534.847,0,1,24.444444,2
27736,3,17,5,0,23.97,0.0,19.13,7.6,1.8,15.48,351.933,0,1,24.444444,2
27737,3,18,5,0,23.96,0.0,19.02,7.7,3.6,11.77,107.577,0,1,24.444444,2
27738,3,19,5,0,23.96,0.0,19.37,8.8,10.32,9.43,0.0,0,1,24.444444,2
27739,3,20,5,0,23.94,0.0,19.76,9.2,5.16,8.56,0.0,0,1,24.444444,2
27740,3,21,5,0,23.94,0.0,20.43,10.7,16.56,8.54,0.0,0,1,24.444444,2
27741,3,22,5,0,23.87,0.0,21.64,9.8,3.84,6.66,0.0,0,1,24.444444,2
27742,3,23,5,0,23.75,0.0,23.11,8.7,0.84,4.75,0.0,0,1,24.444444,2
27743,3,24,5,0,23.66,0.0,24.29,8.9,1.08,3.96,0.0,0,1,24.444444,2
27744,3,1,6,0,23.58,0.0,25.18,9.4,0.84,3.18,0.0,0,1,24.444444,2
27745,3,2,6,0,23.52,0.0,25.97,10.4,0.6,2.8,0.0,0,1,24.444444,2
27746,3,3,6,0,23.32,0.0,26.91,7.9,0.36,1.56,0.0,0,1,24.444444,2
27747,3,4,6,0,23.28,0.0,27.74,9.6,1.08,1.81,0.0,0,1,24.444444,2
27748,3,5,6,0,23.13,0.0,29.02,7.7,1.56,0.96,0.0,0,1,24.444444,2
27749,3,6,6,0,23.03,0.0,30.17,8.0,5.76,0.84,0.0,0,1,24.444444,2
27750,3,7,6,0,23.07,0.0,30.61,8.5,23.64,0.96,0.0,0,1,24.444444,2
27751,3,8,6,0,23.4,0.0,29.93,9.5,10.32,3.43,117.88,0,1,24.444444,2
27752,3,9,6,0,23.52,0.0,29.22,10.3,12.6,6.72,349.317,0,1,24.444444,2
27753,3,10,6,0,23.6,0.0,27.81,9.6,9.36,7.09,562.319,0,1,24.444444,2
27754,3,11,6,0,23.74,0.0,25.31,13.7,2.76,10.4,711.252,0,1,24.444444,2
27755,3,12,6,0,23.74,0.0,23.4,8.6,1.56,7.86,790.161,0,1,24.444444,2
27756,3,13,6,0,23.77,0.0,22.27,8.3,0.84,9.43,822.283,0,1,24.444444,2
27757,3,14,6,0,23.86,0.0,21.53,9.0,0.96,12.43,770.657,0,1,24.444444,2
27758,3,15,6,0,23.98,0.0,20.7,9.7,0.84,17.15,689.281,0,1,24.444444,2
27759,3,16,6,0,24.02,0.0,20.15,9.4,2.28,19.49,548.652,0,1,24.444444,2
27760,3,17,6,0,24.02,0.0,19.99,7.8,16.8,17.3,358.916,0,1,24.444444,2
27761,3,18,6,0,24.03,0.0,20.63,9.9,1.44,14.03,114.878,0,1,24.444444,2
27762,3,19,6,0,24.0,0.0,21.83,9.9,5.4,9.93,0.0,0,1,24.444444,2
27763,3,20,6,0,23.91,0.0,23.44,8.8,3.84,7.3,0.0,0,1,24.444444,2
27764,3,21,6,0,23.88,0.0,25.58,11.1,5.76,7.45,0.0,0,1,24.444444,2
27765,3,22,6,0,23.78,0.0,27.44,10.0,1.8,4.91,0.0,0,1,24.444444,2
27766,3,23,6,0,23.74,0.0,29.29,11.1,1.32,5.26,0.0,0,1,24.444444,2
27767,3,24,6,0,23.67,0.0,29.72,9.9,1.2,4.15,0.0,0,1,24.444444,2
27768,3,1,7,0,23.5,0.0,29.6,7.7,1.44,2.44,0.0,0,1,24.444444,2
27769,3,2,7,0,23.2,0.0,30.1,4.1,0.48,0.97,0.0,0,1,24.444444,2
27770,3,3,7,0,23.23,0.0,30.48,8.3,0.48,1.66,0.0,0,1,24.444444,2
27771,3,4,7,0,23.03,0.0,31.59,5.3,0.24,0.67,0.0,0,1,24.444444,2
27772,3,5,7,0,23.14,0.0,32.42,10.4,1.08,1.63,0.0,0,1,24.444444,2
27773,3,6,7,0,22.9,0.0,33.69,3.6,2.4,0.25,0.0,0,1,24.444444,2
27774,3,7,7,0,22.98,0.0,33.79,7.5,3.84,0.84,0.0,0,1,24.444444,2
27775,3,8,7,0,23.34,0.0,33.49,8.0,12.6,2.63,114.331,0,1,24.444444,2
27776,3,9,7,0,23.5,0.0,33.74,8.7,14.28,5.86,330.973,0,1,24.444444,2
27777,3,10,7,0,23.67,0.0,34.3,12.6,11.04,10.08,525.327,0,1,24.444444,2
27778,3,11,7,0,23.79,0.0,34.99,13.4,13.8,12.08,676.361,0,1,24.444444,2
27779,3,12,7,0,23.81,0.0,36.22,9.1,1.8,9.74,754.541,0,1,24.444444,2
27780,3,13,7,0,23.8,0.0,37.18,7.0,1.92,9.79,782.131,0,1,24.444444,2
27781,3,14,7,0,23.86,0.0,38.06,7.2,2.52,12.29,763.044,0,1,24.444444,2
27782,3,15,7,0,24.03,0.0,38.23,13.6,1.08,19.89,639.593,0,1,24.444444,2
27783,3,16,7,0,24.03,0.0,38.3,10.1,1.8,12.37,179.523,0,1,24.444444,2
27784,3,17,7,0,23.93,0.0,38.68,7.8,1.08,8.04,30.4213,0,1,24.444444,2
27785,3,18,7,0,23.92,0.0,38.93,9.6,2.16,8.55,4.04529,0,1,24.444444,2
27786,3,19,7,0,23.87,0.0,39.61,8.2,4.8,7.22,0.0,0,1,24.444444,2
27787,3,20,7,0,23.87,0.0,40.16,9.4,2.88,7.38,0.0,0,1,24.444444,2
27788,3,21,7,0,23.89,0.0,40.34,11.0,3.6,7.8,0.0,0,1,24.444444,2
27789,3,22,7,0,23.82,0.0,41.0,9.7,3.6,6.36,0.0,0,1,24.444444,2
27790,3,23,7,0,23.91,0.0,41.25,13.1,1.8,8.96,0.0,0,1,24.444444,2
27791,3,24,7,0,23.81,0.0,41.8,10.1,0.96,5.91,0.0,0,1,24.444444,2
27792,3,1,1,0,23.45,0.0,43.17,4.2,0.84,1.89,0.0,0,1,24.444444,2
27793,3,2,1,0,23.24,0.0,44.37,3.3,1.2,1.31,0.0,0,1,24.444444,2
27794,3,3,1,0,23.19,0.0,45.11,3.6,1.2,1.28,0.0,0,1,24.444444,2
27795,3,4,1,0,23.12,0.0,45.65,3.4,0.12,1.03,0.0,0,1,24.444444,2
27796,3,5,1,0,23.11,0.0,46.11,4.5,2.04,1.2,0.0,0,1,24.444444,2
27797,3,6,1,0,23.01,0.0,46.95,3.4,2.64,0.78,0.0,0,1,24.444444,2
27798,3,7,1,0,23.0,0.0,48.15,4.3,2.04,1.01,0.0,0,1,24.444444,2
27799,3,8,1,0,23.01,0.0,49.25,3.8,8.76,1.15,19.8547,0,1,24.444444,2
27800,3,9,1,0,23.05,0.0,50.0,4.4,13.08,1.31,74.1526,0,1,24.444444,2
27801,3,10,1,0,23.12,0.0,51.5,5.2,9.96,1.78,140.835,0,1,24.444444,2
27802,3,11,1,0,23.18,0.0,52.22,4.1,6.36,2.36,180.771,0,1,24.444444,2
27803,3,12,1,0,23.66,0.0,50.6,10.7,3.12,8.27,328.82,0,1,24.444444,2
27804,3,13,1,0,23.65,0.0,50.44,4.3,12.6,5.38,342.257,0,1,24.444444,2
27805,3,14,1,0,23.92,0.0,49.66,11.8,11.76,13.71,393.295,0,1,24.444444,2
27806,3,15,1,0,23.99,0.0,49.54,11.4,6.36,13.5,290.38,0,1,24.444444,2
27807,3,16,1,0,23.76,0.0,51.4,4.2,4.8,4.96,59.3133,0,1,24.444444,2
27808,3,17,1,0,23.71,0.0,52.58,6.0,8.4,6.02,0.0,0,1,24.444444,2
27809,3,18,1,0,23.85,0.0,52.33,9.4,7.08,9.13,0.0,0,1,24.444444,2
27810,3,19,1,0,23.87,0.0,52.7,8.8,3.0,8.68,0.0,0,1,24.444444,2
27811,3,20,1,0,23.87,0.0,53.55,9.5,4.32,8.77,0.0,0,1,24.444444,2
27812,3,21,1,0,23.74,0.0,55.47,6.1,4.68,5.55,0.0,0,1,24.444444,2
27813,3,22,1,0,23.77,0.0,56.99,8.6,4.08,7.56,0.0,0,1,24.444444,2
27814,3,23,1,0,23.66,0.0,59.09,6.0,3.84,4.76,0.0,0,1,24.444444,2
27815,3,24,1,0,23.64,0.0,60.59,7.1,1.2,5.28,0.0,0,1,24.444444,2
27816,3,1,2,0,23.5,0.0,62.29,4.7,1.44,3.27,0.0,0,1,24.444444,2
27817,3,2,2,0,23.34,0.0,64.1,3.2,0.48,2.33,0.0,0,1,24.444444,2
27818,3,3,2,0,23.5,0.0,63.86,8.3,0.24,4.79,0.0,0,1,24.444444,2
27819,3,4,2,0,23.31,0.0,65.06,3.8,0.36,2.02,0.0,0,1,24.444444,2
27820,3,5,2,0,23.42,0.0,64.82,8.2,0.72,4.15,0.0,0,1,24.444444,2
27821,3,6,2,0,23.25,0.0,65.39,3.5,1.08,1.64,0.0,0,1,24.444444,2
27822,3,7,2,0,23.43,0.0,64.47,8.4,1.32,5.07,0.0,0,1,24.444444,2
27823,3,8,2,0,23.55,0.0,63.4,3.3,9.84,5.99,115.722,0,1,24.444444,2
27824,3,9,2,0,23.64,0.0,62.0,4.6,15.36,11.18,303.906,0,1,24.444444,2
27825,3,10,2,0,23.7,0.0,60.57,5.0,24.84,11.91,379.466,0,1,24.444444,2
27826,3,11,2,0,23.73,0.0,59.65,4.0,7.68,9.0,223.76,0,1,24.444444,2
27827,3,12,2,0,23.9,0.0,57.73,9.6,19.8,16.15,261.089,0,1,24.444444,2
27828,3,13,2,0,23.89,0.0,56.85,4.5,15.48,11.76,278.152,0,1,24.444444,2
27829,3,14,2,0,24.01,0.0,55.8,10.0,11.4,17.75,203.819,0,1,24.444444,2
27830,3,15,2,0,24.03,0.0,55.09,9.4,5.04,16.66,152.616,0,1,24.444444,2
27831,3,16,2,0,24.01,0.0,55.16,6.1,5.52,12.45,117.63,0,1,24.444444,2
27832,3,17,2,0,24.02,0.0,55.23,7.3,7.68,14.48,106.593,0,1,24.444444,2
27833,3,18,2,0,24.05,0.0,54.94,10.3,5.4,18.35,73.4605,0,1,24.444444,2
27834,3,19,2,0,24.06,0.0,55.07,11.1,7.56,17.53,0.0,0,1,24.444444,2
27835,3,20,2,0,24.05,0.0,55.32,10.1,4.44,15.18,0.0,0,1,24.444444,2
27836,3,21,2,0,24.05,0.0,56.09,9.9,4.32,14.13,0.0,0,1,24.444444,2
27837,3,22,2,0,24.01,0.0,57.73,7.0,2.4,10.29,0.0,0,1,24.444444,2
27838,3,23,2,0,24.0,0.0,59.06,8.2,0.96,11.4,0.0,0,1,24.444444,2
27839,3,24,2,0,23.91,0.0,61.03,5.3,0.96,7.92,0.0,0,1,24.444444,2
27840,3,1,3,0,23.95,0.0,62.87,7.9,0.72,10.79,0.0,0,1,24.444444,2
27841,3,2,3,0,23.97,0.0,63.77,8.8,0.6,11.54,0.0,0,1,24.444444,2
27842,3,3,3,0,23.98,0.0,64.49,9.8,1.08,12.67,0.0,0,1,24.444444,2
27843,3,4,3,0,23.78,0.0,66.76,3.5,1.44,5.6,0.0,0,1,24.444444,2
27844,3,5,3,0,23.82,0.0,68.04,6.7,2.04,8.99,0.0,0,1,24.444444,2
27845,3,6,3,0,23.71,0.0,69.46,3.4,2.16,5.5,0.0,0,1,24.444444,2
27846,3,7,3,0,23.91,0.0,68.18,9.9,14.52,14.82,0.0,0,1,24.444444,2
27847,3,8,3,0,23.85,0.0,67.95,3.7,12.6,13.01,116.427,0,1,24.444444,2
27848,3,9,3,0,23.95,0.0,66.34,9.4,6.12,20.07,249.808,0,1,24.444444,2
27849,3,10,3,0,23.97,0.0,65.23,6.9,4.44,15.89,207.027,0,1,24.444444,2
27850,3,11,3,0,24.03,0.0,63.29,9.2,5.4,22.91,342.234,0,1,24.444444,2
27851,3,12,3,0,24.06,0.0,61.15,9.8,0.6,26.84,442.138,0,1,24.444444,2
27852,3,13,3,0,24.06,0.0,60.21,3.8,3.12,18.92,406.132,0,1,24.444444,2
27853,3,14,3,0,24.07,0.0,58.51,8.5,1.32,26.73,398.106,0,1,24.444444,2
27854,3,15,3,0,24.07,0.0,57.35,10.8,2.52,26.97,123.117,0,1,24.444444,2
27855,3,16,3,0,24.07,0.0,56.91,8.3,2.76,22.92,157.583,0,1,24.444444,2
27856,3,17,3,0,24.07,0.0,56.93,8.4,1.56,20.8,125.889,0,1,24.444444,2
27857,3,18,3,0,24.07,0.0,57.98,8.2,5.16,18.73,27.535,0,1,24.444444,2
27858,3,19,3,0,24.07,0.0,59.31,9.1,3.24,17.17,0.0,0,1,24.444444,2
27859,3,20,3,0,24.06,0.0,58.91,10.2,4.56,15.33,0.0,0,1,24.444444,2
27860,3,21,3,0,24.07,0.0,57.72,14.9,7.92,21.18,0.0,0,1,24.444444,2
27861,3,22,3,0,24.07,0.0,56.8,13.3,3.96,17.2,0.0,0,1,24.444444,2
27862,3,23,3,0,24.06,0.0,57.04,12.3,0.72,14.49,0.0,0,1,24.444444,2
27863,3,24,3,0,23.98,0.0,58.62,8.6,1.44,8.93,0.0,0,1,24.444444,2
27864,3,1,4,0,23.72,0.0,61.85,4.8,0.48,4.26,0.0,0,1,24.444444,2
27865,3,2,4,0,23.64,0.0,62.91,7.0,1.68,4.81,0.0,0,1,24.444444,2
27866,3,3,4,0,23.4,0.0,64.45,3.8,0.48,2.44,0.0,0,1,24.444444,2
27867,3,4,4,0,23.24,0.0,65.87,3.1,0.6,1.79,0.0,0,1,24.444444,2
27868,3,5,4,0,23.16,0.0,66.4,3.2,0.48,1.48,0.0,0,1,24.444444,2
27869,3,6,4,0,23.07,0.0,65.89,3.5,4.2,1.15,0.0,0,1,24.444444,2
27870,3,7,4,0,23.04,0.0,63.54,3.8,17.76,1.17,0.0,0,1,24.444444,2
27871,3,8,4,0,23.3,0.0,58.18,8.5,9.24,3.5,88.8173,0,1,24.444444,2
27872,3,9,4,0,23.44,0.0,53.31,6.9,3.0,3.32,247.589,0,1,24.444444,2
27873,3,10,4,0,23.45,0.0,48.75,3.6,6.84,2.85,395.805,0,1,24.444444,2
27874,3,11,4,0,23.54,0.0,45.37,4.4,1.56,4.54,503.71,0,1,24.444444,2
27875,3,12,4,0,23.6,0.0,43.28,4.4,5.88,6.37,609.795,0,1,24.444444,2
27876,3,13,4,0,23.65,0.0,42.38,3.5,5.28,7.52,623.784,0,1,24.444444,2
27877,3,14,4,0,23.91,0.0,41.51,9.4,0.6,14.62,595.883,0,1,24.444444,2
27878,3,15,4,0,24.02,0.0,41.33,9.9,3.12,16.99,490.268,0,1,24.444444,2
27879,3,16,4,0,23.93,0.0,42.49,3.4,4.32,10.65,349.425,0,1,24.444444,2
27880,3,17,4,0,24.0,0.0,43.79,7.9,5.76,12.52,115.622,0,1,24.444444,2
27881,3,18,4,0,24.03,0.0,44.43,8.9,4.32,12.8,26.6596,0,1,24.444444,2
27882,3,19,4,0,24.04,0.0,45.65,8.7,12.48,12.14,0.0,0,1,24.444444,2
27883,3,20,4,0,24.04,0.0,47.02,9.3,6.12,12.04,0.0,0,1,24.444444,2
27884,3,21,4,0,24.02,0.0,47.98,8.8,4.92,10.63,0.0,0,1,24.444444,2
27885,3,22,4,0,24.04,0.0,48.72,11.1,2.28,12.12,0.0,0,1,24.444444,2
27886,3,23,4,0,24.0,0.0,49.8,10.0,1.08,9.42,0.0,0,1,24.444444,2
27887,3,24,4,0,23.74,0.0,51.56,5.1,0.84,4.28,0.0,0,1,24.444444,2
27888,3,1,5,1,23.73,0.0,52.41,8.3,0.24,5.79,0.0,0,1,24.444444,2
27889,3,2,5,1,23.74,0.0,52.8,9.9,0.6,6.41,0.0,0,1,24.444444,2
27890,3,3,5,1,23.39,0.0,55.43,3.6,0.6,1.93,0.0,0,1,24.444444,2
27891,3,4,5,1,23.25,0.0,57.27,4.2,0.36,1.76,0.0,0,1,24.444444,2
27892,3,5,5,1,23.16,0.0,58.83,3.3,1.08,1.43,0.0,0,1,24.444444,2
27893,3,6,5,1,23.37,0.0,59.0,9.0,4.44,4.02,0.0,0,1,24.444444,2
27894,3,7,5,1,23.52,0.0,59.47,9.1,8.28,5.31,0.0,0,1,24.444444,2
27895,3,8,5,1,23.67,0.0,58.83,8.8,15.12,10.05,116.622,0,1,24.444444,2
27896,3,9,5,1,23.69,0.0,58.16,6.8,7.56,13.97,312.177,0,1,24.444444,2
27897,3,10,5,1,23.85,0.0,56.51,10.2,4.32,20.86,489.881,0,1,24.444444,2
27898,3,11,5,1,23.92,0.0,55.51,7.9,9.0,19.41,616.548,0,1,24.444444,2
27899,3,12,5,1,23.98,0.0,54.85,7.0,4.32,19.31,677.833,0,1,24.444444,2
27900,3,13,5,1,24.06,0.0,53.94,9.3,3.96,25.23,708.535,0,1,24.444444,2
27901,3,14,5,1,24.07,0.0,53.1,9.7,0.72,30.67,702.019,0,1,24.444444,2
27902,3,15,5,1,24.07,0.0,51.7,8.9,1.8,33.51,626.901,0,1,24.444444,2
27903,3,16,5,1,24.07,0.0,50.48,7.5,1.32,32.7,476.194,0,1,24.444444,2
27904,3,17,5,1,24.07,0.0,50.09,7.7,6.36,32.57,312.846,0,1,24.444444,2
27905,3,18,5,1,24.07,0.0,50.53,8.5,6.72,29.28,94.218,0,1,24.444444,2
27906,3,19,5,1,24.07,0.0,51.45,9.1,5.76,24.27,0.0,0,1,24.444444,2
27907,3,20,5,1,24.07,0.0,52.41,9.7,5.88,22.57,0.0,0,1,24.444444,2
27908,3,21,5,1,24.07,0.0,53.42,9.7,15.12,21.02,0.0,0,1,24.444444,2
27909,3,22,5,1,24.07,0.0,54.67,8.6,2.64,17.03,0.0,0,1,24.444444,2
27910,3,23,5,1,24.07,0.0,56.29,8.7,2.04,15.16,0.0,0,1,24.444444,2
27911,3,24,5,1,24.05,0.0,57.9,7.5,0.96,12.27,0.0,0,1,24.444444,2
27912,3,1,6,1,24.02,0.0,59.67,7.9,0.24,11.43,0.0,0,1,24.444444,2
27913,3,2,6,1,24.0,0.0,61.14,8.4,0.6,10.57,0.0,0,1,24.444444,2
27914,3,3,6,1,23.97,0.0,62.34,8.5,0.12,9.73,0.0,0,1,24.444444,2
27915,3,4,6,1,23.93,0.0,63.33,8.4,1.08,9.04,0.0,0,1,24.444444,2
27916,3,5,6,1,23.95,0.0,64.06,9.9,1.08,10.83,0.0,0,1,24.444444,2
27917,3,6,6,1,23.93,0.0,65.13,8.9,6.12,9.49,0.0,0,1,24.444444,2
27918,3,7,6,1,23.92,0.0,65.68,8.9,11.88,12.02,0.0,0,1,24.444444,2
27919,3,8,6,1,23.95,0.0,64.15,9.7,10.68,18.91,117.981,0,1,24.444444,2
27920,3,9,6,1,23.96,0.0,62.41,8.4,9.6,17.19,245.63,0,1,24.444444,2
27921,3,10,6,1,24.0,0.0,60.41,8.4,3.0,19.19,354.608,0,1,24.444444,2
27922,3,11,6,1,24.05,0.0,57.23,8.6,2.04,21.43,422.318,0,1,24.444444,2
27923,3,12,6,1,24.07,0.0,54.31,8.3,1.8,23.44,561.908,0,1,24.444444,2
27924,3,13,6,1,24.07,0.0,52.36,8.6,1.68,27.19,611.041,0,1,24.444444,2
27925,3,14,6,1,24.07,0.0,50.93,10.7,0.96,33.65,677.763,0,1,24.444444,2
27926,3,15,6,1,24.07,0.0,49.91,9.5,0.84,34.02,569.979,0,1,24.444444,2
27927,3,16,6,1,24.08,0.0,49.48,8.7,3.0,30.24,322.329,0,1,24.444444,2
27928,3,17,6,1,24.07,0.0,49.67,8.8,7.44,28.95,173.159,0,1,24.444444,2
27929,3,18,6,1,24.07,0.0,49.86,9.6,0.96,28.7,44.5235,0,1,24.444444,2
27930,3,19,6,1,24.07,0.0,50.2,9.6,3.48,25.39,0.0,0,1,24.444444,2
27931,3,20,6,1,24.07,0.0,51.16,10.5,1.44,24.76,0.0,0,1,24.444444,2
27932,3,21,6,1,24.07,0.0,52.22,11.9,5.4,25.55,0.0,0,1,24.444444,2
27933,3,22,6,1,24.07,0.0,53.86,9.9,2.04,21.29,0.0,0,1,24.444444,2
27934,3,23,6,1,24.07,0.0,55.24,11.4,0.6,22.26,0.0,0,1,24.444444,2
27935,3,24,6,1,24.07,0.0,56.67,8.7,0.84,17.24,0.0,0,1,24.444444,2
27936,3,1,7,1,24.05,0.0,58.84,6.0,0.84,12.55,0.0,0,1,24.444444,2
27937,3,2,7,1,24.01,0.0,61.0,5.4,1.32,10.44,0.0,0,1,24.444444,2
27938,3,3,7,1,23.89,0.0,63.29,3.2,0.36,7.46,0.0,0,1,24.444444,2
27939,3,4,7,1,23.83,0.0,64.3,3.6,0.6,7.2,0.0,0,1,24.444444,2
27940,3,5,7,1,23.75,0.0,65.02,3.4,1.32,6.24,0.0,0,1,24.444444,2
27941,3,6,7,1,23.87,0.0,63.93,8.2,6.48,9.83,0.0,0,1,24.444444,2
27942,3,7,7,1,23.82,0.0,61.82,7.1,3.84,8.08,0.0,0,1,24.444444,2
27943,3,8,7,1,23.86,0.0,58.49,9.3,18.0,12.08,118.943,0,1,24.444444,2
27944,3,9,7,1,23.92,0.0,55.44,10.1,8.88,14.52,271.385,0,1,24.444444,2
27945,3,10,7,1,23.99,0.0,53.25,11.1,12.24,16.36,304.647,0,1,24.444444,2
27946,3,11,7,1,24.02,0.0,52.43,9.2,5.88,16.64,390.059,0,1,24.444444,2
27947,3,12,7,1,24.04,0.0,52.19,7.8,2.28,17.45,489.041,0,1,24.444444,2
27948,3,13,7,1,24.06,0.0,51.45,7.5,1.44,19.19,570.586,0,1,24.444444,2
27949,3,14,7,1,24.07,0.0,50.1,10.2,1.2,23.59,445.797,0,1,24.444444,2
27950,3,15,7,1,24.07,0.0,49.34,10.1,1.68,23.87,446.64,0,1,24.444444,2
27951,3,16,7,1,24.07,0.0,49.52,8.2,1.8,18.65,244.382,0,1,24.444444,2
27952,3,17,7,1,24.08,0.0,50.47,8.8,3.12,16.82,20.9712,0,1,24.444444,2
27953,3,18,7,1,24.08,0.0,51.45,9.4,1.8,16.98,2.2922,0,1,24.444444,2
27954,3,19,7,1,24.07,0.0,52.57,9.5,6.24,15.49,0.0,0,1,24.444444,2
27955,3,20,7,1,24.07,0.0,53.89,9.9,5.52,15.12,0.0,0,1,24.444444,2
27956,3,21,7,1,24.07,0.0,54.85,10.9,3.36,15.97,0.0,0,1,24.444444,2
27957,3,22,7,1,24.07,0.0,55.55,11.4,1.56,15.73,0.0,0,1,24.444444,2
27958,3,23,7,1,24.05,0.0,56.63,9.1,4.2,12.34,0.0,0,1,24.444444,2
27959,3,24,7,1,24.0,0.0,58.28,7.7,2.16,9.8,0.0,0,1,24.444444,2
27960,3,1,1,1,23.77,0.0,61.38,3.5,0.6,4.89,0.0,0,1,24.444444,2
27961,3,2,1,1,23.54,0.0,63.19,3.8,1.32,3.28,0.0,0,1,24.444444,2
27962,3,3,1,1,23.25,0.0,62.61,4.1,1.08,1.81,0.0,0,1,24.444444,2
27963,3,4,1,1,23.03,0.0,60.52,3.5,0.6,0.83,0.0,0,1,24.444444,2
27964,3,5,1,1,22.99,0.0,57.8,6.2,0.84,1.01,0.0,0,1,24.444444,2
27965,3,6,1,1,22.87,0.0,55.97,4.2,5.04,0.43,0.0,0,1,24.444444,2
27966,3,7,1,1,22.8,0.0,54.5,3.6,2.64,0.13,0.0,0,1,24.444444,2
27967,3,8,1,1,22.73,0.0,52.55,4.9,6.48,0.02,0.0,0,1,24.444444,2
27968,3,9,1,1,22.65,0.0,50.21,3.5,5.28,0.0,25.8128,0,1,24.444444,2
27969,3,10,1,1,22.64,0.0,48.13,3.8,9.96,0.0,172.83,0,1,24.444444,2
27970,3,11,1,1,22.78,0.0,46.28,7.7,4.44,0.21,264.49,0,1,24.444444,2
27971,3,12,1,1,22.77,0.0,45.32,4.7,3.48,0.03,229.564,0,1,24.444444,2
27972,3,13,1,1,22.98,0.0,43.99,10.0,12.6,1.24,328.202,0,1,24.444444,2
27973,3,14,1,1,23.14,0.0,43.09,10.4,6.72,1.91,372.597,0,1,24.444444,2
27974,3,15,1,1,23.0,0.0,43.17,4.1,10.56,0.65,267.715,0,1,24.444444,2
27975,3,16,1,1,23.1,0.0,42.91,4.3,2.64,2.3,381.86,0,1,24.444444,2
27976,3,17,1,1,23.39,0.0,42.19,9.1,8.88,6.48,340.804,0,1,24.444444,2
27977,3,18,1,1,23.42,0.0,42.43,9.4,9.48,5.04,104.855,0,1,24.444444,2
27978,3,19,1,1,23.37,0.0,43.07,10.5,4.8,3.56,0.0,0,1,24.444444,2
27979,3,20,1,1,23.16,0.0,44.27,5.0,5.04,1.17,0.0,0,1,24.444444,2
27980,3,21,1,1,23.09,0.0,45.26,5.9,5.16,1.21,0.0,0,1,24.444444,2
27981,3,22,1,1,23.0,0.0,46.31,5.2,1.44,0.65,0.0,0,1,24.444444,2
27982,3,23,1,1,22.92,0.0,46.58,4.2,3.0,0.44,0.0,0,1,24.444444,2
27983,3,24,1,1,22.9,0.0,46.39,3.7,0.6,0.39,0.0,0,1,24.444444,2
27984,3,1,2,1,22.88,0.0,46.69,4.2,1.44,0.43,0.0,0,1,24.444444,2
27985,3,2,2,1,22.97,0.0,47.32,8.4,1.32,1.33,0.0,0,1,24.444444,2
27986,3,3,2,1,22.86,0.0,48.78,3.5,0.48,0.25,0.0,0,1,24.444444,2
27987,3,4,2,1,22.95,0.0,49.64,8.4,0.36,1.31,0.0,0,1,24.444444,2
27988,3,5,2,1,22.88,0.0,51.56,4.1,2.16,0.44,0.0,0,1,24.444444,2
27989,3,6,2,1,22.97,0.0,53.29,9.0,1.92,1.67,0.0,0,1,24.444444,2
27990,3,7,2,1,22.86,0.0,55.1,3.5,3.36,0.32,0.0,0,1,24.444444,2
27991,3,8,2,1,22.85,0.0,56.57,4.5,4.32,0.49,47.7761,0,1,24.444444,2
27992,3,9,2,1,22.86,0.0,57.41,4.8,10.92,0.63,109.356,0,1,24.444444,2
27993,3,10,2,1,22.88,0.0,57.57,4.5,18.72,0.7,186.85,0,1,24.444444,2
27994,3,11,2,1,23.1,0.0,56.69,9.1,13.2,2.55,258.323,0,1,24.444444,2
27995,3,12,2,1,23.08,0.0,56.72,3.7,22.56,1.24,254.463,0,1,24.444444,2
27996,3,13,2,1,23.47,0.0,55.07,11.5,5.04,5.04,266.809,0,1,24.444444,2
27997,3,14,2,1,23.41,0.0,54.81,8.9,5.64,3.2,98.9607,0,1,24.444444,2
27998,3,15,2,1,23.26,0.0,55.11,6.9,3.0,1.97,89.3287,0,1,24.444444,2
27999,3,16,2,1,23.18,0.0,54.95,5.8,7.2,1.33,48.451,0,1,24.444444,2
28000,3,17,2,1,23.25,0.0,53.49,9.3,12.24,2.77,7.52152,0,1,24.444444,2
28001,3,18,2,1,23.32,0.0,51.27,10.6,8.64,3.36,0.0,0,1,24.444444,2
28002,3,19,2,1,23.3,0.0,49.77,10.5,7.8,2.67,0.0,0,1,24.444444,2
28003,3,20,2,1,23.21,0.0,48.37,10.0,7.92,1.62,0.0,0,1,24.444444,2
28004,3,21,2,1,23.09,0.0,46.93,9.3,6.48,1.09,0.0,0,1,24.444444,2
28005,3,22,2,1,22.88,0.0,46.58,5.0,5.28,0.22,0.0,0,1,24.444444,2
28006,3,23,2,1,22.83,0.0,45.69,6.6,2.04,0.35,0.0,0,1,24.444444,2
28007,3,24,2,1,22.73,0.0,45.13,3.7,1.32,0.0,0.0,0,1,24.444444,2
28008,3,1,3,1,22.78,0.0,44.11,8.3,0.6,0.42,0.0,0,1,24.444444,2
28009,3,2,3,1,22.76,0.0,43.23,8.1,0.6,0.37,0.0,0,1,24.444444,2
28010,3,3,3,1,22.66,0.0,43.03,3.4,0.48,0.0,0.0,0,1,24.444444,2
28011,3,4,3,1,22.6,0.0,43.2,3.0,0.24,0.0,0.0,0,1,24.444444,2
28012,3,5,3,1,22.61,0.0,43.38,5.2,1.8,0.0,0.0,0,1,24.444444,2
28013,3,6,3,1,22.69,0.0,43.77,9.1,3.84,0.15,0.0,0,1,24.444444,2
28014,3,7,3,1,22.63,0.0,44.18,4.2,11.88,0.0,0.0,0,1,24.444444,2
28015,3,8,3,1,22.79,0.0,43.22,8.7,14.4,0.04,127.459,0,1,24.444444,2
28016,3,9,3,1,22.92,0.0,41.67,6.6,7.32,0.06,326.313,0,1,24.444444,2
28017,3,10,3,1,23.22,0.0,38.8,11.2,4.08,2.17,551.057,0,1,24.444444,2
28018,3,11,3,1,23.34,0.0,36.49,11.7,1.08,3.21,716.89,0,1,24.444444,2
28019,3,12,3,1,23.15,0.0,35.25,4.0,1.68,0.95,807.214,0,1,24.444444,2
28020,3,13,3,1,23.31,0.0,33.69,9.0,0.96,3.47,823.196,0,1,24.444444,2
28021,3,14,3,1,23.58,0.0,32.09,12.1,3.72,7.09,782.483,0,1,24.444444,2
28022,3,15,3,1,23.63,0.0,31.39,8.8,1.68,8.36,704.013,0,1,24.444444,2
28023,3,16,3,1,23.67,0.0,31.06,7.8,3.24,10.4,554.705,0,1,24.444444,2
28024,3,17,3,1,23.7,0.0,30.85,8.8,2.16,11.94,357.721,0,1,24.444444,2
28025,3,18,3,1,23.7,0.0,31.26,8.4,5.4,9.24,121.316,0,1,24.444444,2
28026,3,19,3,1,23.69,0.0,32.1,10.8,2.76,6.53,0.0,0,1,24.444444,2
28027,3,20,3,1,23.78,0.0,32.57,15.4,8.64,8.77,0.0,0,1,24.444444,2
28028,3,21,3,1,23.63,0.0,33.28,9.7,12.48,4.16,0.0,0,1,24.444444,2
28029,3,22,3,1,23.61,0.0,33.68,12.1,6.6,4.68,0.0,0,1,24.444444,2
28030,3,23,3,1,23.45,0.0,34.17,9.6,1.2,2.27,0.0,0,1,24.444444,2
28031,3,24,3,1,23.22,0.0,34.78,8.3,0.72,1.07,0.0,0,1,24.444444,2
28032,3,1,4,1,22.86,0.0,35.63,3.8,0.96,0.06,0.0,0,1,24.444444,2
28033,3,2,4,1,22.71,0.0,35.99,3.2,0.6,0.0,0.0,0,1,24.444444,2
28034,3,3,4,1,22.65,0.0,35.92,3.1,0.6,0.0,0.0,0,1,24.444444,2
28035,3,4,4,1,22.62,0.0,35.19,3.7,0.84,0.0,0.0,0,1,24.444444,2
28036,3,5,4,1,22.58,0.0,34.32,3.4,3.0,0.0,0.0,0,1,24.444444,2
28037,3,6,4,1,22.57,0.0,33.58,4.6,6.48,0.0,0.0,0,1,24.444444,2
28038,3,7,4,1,22.54,0.0,32.88,3.7,19.32,0.0,0.0,0,1,24.444444,2
28039,3,8,4,1,22.55,0.0,31.84,7.2,6.72,0.0,128.398,0,1,24.444444,2
28040,3,9,4,1,22.56,0.0,30.32,6.3,4.32,0.0,230.705,0,1,24.444444,2
28041,3,10,4,1,22.63,0.0,29.45,4.5,8.04,0.0,512.547,0,1,24.444444,2
28042,3,11,4,1,22.79,0.0,28.49,5.8,4.56,0.04,716.014,0,1,24.444444,2
28043,3,12,4,1,22.8,0.0,27.64,4.4,5.4,0.16,797.584,0,1,24.444444,2
28044,3,13,4,1,23.05,0.0,26.45,9.4,0.84,1.39,813.994,0,1,24.444444,2
28045,3,14,4,1,23.33,0.0,25.6,10.1,0.72,2.78,773.773,0,1,24.444444,2
28046,3,15,4,1,23.34,0.0,25.47,3.5,1.32,2.5,689.045,0,1,24.444444,2
28047,3,16,4,1,23.53,0.0,25.27,8.7,0.96,7.37,539.025,0,1,24.444444,2
28048,3,17,4,1,23.61,0.0,25.46,8.9,3.6,8.48,342.124,0,1,24.444444,2
28049,3,18,4,1,23.6,0.0,25.83,8.7,12.0,6.15,114.993,0,1,24.444444,2
28050,3,19,4,1,23.51,0.0,26.31,9.3,3.72,3.47,0.0,0,1,24.444444,2
28051,3,20,4,1,23.5,0.0,26.9,11.9,6.0,3.95,0.0,0,1,24.444444,2
28052,3,21,4,1,23.49,0.0,28.14,12.6,5.16,3.69,0.0,0,1,24.444444,2
28053,3,22,4,1,23.29,0.0,29.72,8.1,3.6,1.28,0.0,0,1,24.444444,2
28054,3,23,4,1,23.0,0.0,31.81,5.1,0.72,0.31,0.0,0,1,24.444444,2
28055,3,24,4,1,23.03,0.0,33.18,10.6,0.96,0.99,0.0,0,1,24.444444,2
28056,3,1,5,1,22.89,0.0,34.6,8.1,0.96,0.28,0.0,0,1,24.444444,2
28057,3,2,5,1,22.78,0.0,35.37,7.7,0.24,0.16,0.0,0,1,24.444444,2
28058,3,3,5,1,22.66,0.0,35.55,3.5,0.36,0.0,0.0,0,1,24.444444,2
28059,3,4,5,1,22.71,0.0,35.1,8.8,0.72,0.1,0.0,0,1,24.444444,2
28060,3,5,5,1,22.59,0.0,34.92,3.2,1.2,0.0,0.0,0,1,24.444444,2
28061,3,6,5,1,22.61,0.0,34.38,7.8,1.32,0.0,0.0,0,1,24.444444,2
28062,3,7,5,1,22.64,0.0,34.0,8.4,8.28,0.0,0.0,0,1,24.444444,2
28063,3,8,5,1,22.75,0.0,33.6,8.1,19.44,0.02,134.584,0,1,24.444444,2
28064,3,9,5,1,22.91,0.0,33.01,9.6,8.28,0.38,239.871,0,1,24.444444,2
28065,3,10,5,1,23.01,0.0,32.11,8.7,2.4,0.72,329.663,0,1,24.444444,2
28066,3,11,5,1,23.19,0.0,31.39,7.9,4.2,1.9,584.299,0,1,24.444444,2
28067,3,12,5,1,23.32,0.0,30.89,6.7,4.8,2.91,685.469,0,1,24.444444,2
28068,3,13,5,1,23.54,0.0,30.4,9.5,3.6,6.31,717.779,0,1,24.444444,2
28069,3,14,5,1,23.68,0.0,30.1,9.7,1.2,9.15,744.954,0,1,24.444444,2
28070,3,15,5,1,23.78,0.0,30.01,9.3,1.68,11.87,684.567,0,1,24.444444,2
28071,3,16,5,1,23.8,0.0,30.51,7.3,3.6,12.85,539.585,0,1,24.444444,2
28072,3,17,5,1,23.86,0.0,31.62,9.4,5.76,14.55,343.481,0,1,24.444444,2
28073,3,18,5,1,23.86,0.0,33.03,8.8,7.2,10.96,111.422,0,1,24.444444,2
28074,3,19,5,1,23.78,0.0,34.43,9.2,9.72,6.93,0.0,0,1,24.444444,2
28075,3,20,5,1,23.78,0.0,35.41,11.8,8.16,7.58,0.0,0,1,24.444444,2
28076,3,21,5,1,23.72,0.0,36.4,10.1,15.36,5.64,0.0,0,1,24.444444,2
28077,3,22,5,1,23.68,0.0,37.7,10.4,5.28,5.19,0.0,0,1,24.444444,2
28078,3,23,5,1,23.67,0.0,38.67,11.8,1.2,5.52,0.0,0,1,24.444444,2
28079,3,24,5,1,23.47,0.0,39.92,7.4,1.32,2.51,0.0,0,1,24.444444,2
28080,3,1,6,1,23.46,0.0,40.65,9.5,0.24,3.08,0.0,0,1,24.444444,2
28081,3,2,6,1,23.45,0.0,41.59,9.9,0.48,3.01,0.0,0,1,24.444444,2
28082,3,3,6,1,23.39,0.0,42.93,9.6,0.96,2.58,0.0,0,1,24.444444,2
28083,3,4,6,1,23.29,0.0,44.11,8.7,0.24,1.97,0.0,0,1,24.444444,2
28084,3,5,6,1,23.21,0.0,44.91,8.3,1.8,1.5,0.0,0,1,24.444444,2
28085,3,6,6,1,23.19,0.0,45.28,9.9,8.04,1.73,0.0,0,1,24.444444,2
28086,3,7,6,1,23.33,0.0,45.22,10.2,25.92,2.72,0.0,0,1,24.444444,2
28087,3,8,6,1,23.55,0.0,44.71,9.8,10.2,6.68,140.754,0,1,24.444444,2
28088,3,9,6,1,23.62,0.0,44.65,8.5,18.12,10.11,351.525,0,1,24.444444,2
28089,3,10,6,1,23.7,0.0,44.94,9.4,8.52,13.41,533.831,0,1,24.444444,2
28090,3,11,6,1,23.76,0.0,45.31,8.2,1.2,11.81,552.873,0,1,24.444444,2
28091,3,12,6,1,23.87,0.0,45.67,9.6,0.6,13.97,547.518,0,1,24.444444,2
28092,3,13,6,1,23.95,0.0,46.09,9.4,7.8,15.91,521.568,0,1,24.444444,2
28093,3,14,6,1,24.04,0.0,46.25,10.0,0.84,19.99,623.905,0,1,24.444444,2
28094,3,15,6,1,24.06,0.0,46.08,9.6,4.92,24.25,678.502,0,1,24.444444,2
28095,3,16,6,1,24.06,0.0,45.86,8.3,1.2,24.67,539.404,0,1,24.444444,2
28096,3,17,6,1,24.07,0.0,45.77,8.1,12.96,24.03,346.693,0,1,24.444444,2
28097,3,18,6,1,24.08,0.0,45.86,9.1,4.32,21.58,119.153,0,1,24.444444,2
28098,3,19,6,1,24.08,0.0,46.32,9.1,4.08,14.78,0.0,0,1,24.444444,2
28099,3,20,6,1,24.08,0.0,46.76,10.6,1.92,14.2,0.0,0,1,24.444444,2
28100,3,21,6,1,24.07,0.0,47.39,11.6,4.92,13.99,0.0,0,1,24.444444,2
28101,3,22,6,1,24.04,0.0,48.52,9.6,2.4,10.59,0.0,0,1,24.444444,2
28102,3,23,6,1,24.0,0.0,49.55,9.4,1.44,9.61,0.0,0,1,24.444444,2
28103,3,24,6,1,23.97,0.0,50.64,9.4,4.44,8.69,0.0,0,1,24.444444,2
28104,3,1,7,1,23.82,0.0,52.29,7.1,0.48,5.65,0.0,0,1,24.444444,2
28105,3,2,7,1,23.5,0.0,54.78,3.3,1.44,2.61,0.0,0,1,24.444444,2
28106,3,3,7,1,23.35,0.0,56.65,3.5,0.48,2.38,0.0,0,1,24.444444,2
28107,3,4,7,1,23.45,0.0,57.34,6.7,0.72,3.64,0.0,0,1,24.444444,2
28108,3,5,7,1,23.32,0.0,58.49,4.6,0.72,2.32,0.0,0,1,24.444444,2
28109,3,6,7,1,23.46,0.0,58.07,9.6,6.72,4.3,0.0,0,1,24.444444,2
28110,3,7,7,1,23.55,0.0,57.67,8.5,5.88,5.47,0.0,0,1,24.444444,2
28111,3,8,7,1,23.68,0.0,56.57,8.6,8.76,11.24,141.132,0,1,24.444444,2
28112,3,9,7,1,23.75,0.0,54.79,9.4,8.4,16.66,347.937,0,1,24.444444,2
28113,3,10,7,1,23.97,0.0,51.68,14.8,1.44,24.65,521.437,0,1,24.444444,2
28114,3,11,7,1,24.0,0.0,50.42,9.0,12.0,18.55,602.228,0,1,24.444444,2
28115,3,12,7,1,24.03,0.0,49.81,8.0,6.24,19.01,665.263,0,1,24.444444,2
28116,3,13,7,1,24.07,0.0,48.94,7.6,2.28,21.53,729.87,0,1,24.444444,2
28117,3,14,7,1,24.07,0.0,47.42,15.3,1.8,35.44,643.886,0,1,24.444444,2
28118,3,15,7,1,24.07,0.0,46.31,10.2,1.2,32.55,603.855,0,1,24.444444,2
28119,3,16,7,1,24.07,0.0,46.05,8.5,1.56,31.97,469.255,0,1,24.444444,2
28120,3,17,7,1,24.08,0.0,46.1,9.2,0.6,32.1,287.153,0,1,24.444444,2
28121,3,18,7,1,24.08,0.0,46.72,8.5,0.72,27.75,88.5816,0,1,24.444444,2
28122,3,19,7,1,24.08,0.0,48.3,10.4,8.16,25.02,0.0,0,1,24.444444,2
28123,3,20,7,1,24.07,0.0,49.9,11.6,8.76,24.29,0.0,0,1,24.444444,2
28124,3,21,7,1,24.07,0.0,50.94,12.6,4.56,24.25,0.0,0,1,24.444444,2
28125,3,22,7,1,24.07,0.0,52.21,9.6,1.92,18.06,0.0,0,1,24.444444,2
28126,3,23,7,1,24.07,0.0,54.23,8.7,0.96,15.0,0.0,0,1,24.444444,2
28127,3,24,7,1,24.06,0.0,56.06,8.9,0.84,13.67,0.0,0,1,24.444444,2
28128,3,1,1,1,23.87,0.0,58.94,3.4,0.96,6.62,0.0,0,1,24.444444,2
28129,3,2,1,1,23.73,0.0,62.1,3.5,0.84,5.44,0.0,0,1,24.444444,2
28130,3,3,1,1,23.61,0.0,64.37,3.4,0.72,4.54,0.0,0,1,24.444444,2
28131,3,4,1,1,23.59,0.0,65.95,4.4,0.84,4.58,0.0,0,1,24.444444,2
28132,3,5,1,1,23.46,0.0,67.42,3.4,1.92,3.19,0.0,0,1,24.444444,2
28133,3,6,1,1,23.42,0.0,68.11,4.4,2.64,3.42,0.0,0,1,24.444444,2
28134,3,7,1,1,23.42,0.0,68.42,3.5,4.68,3.3,0.0,0,1,24.444444,2
28135,3,8,1,1,23.48,0.0,68.52,5.1,6.84,3.9,75.3849,0,1,24.444444,2
28136,3,9,1,1,23.52,0.0,68.63,5.6,8.4,4.95,145.902,0,1,24.444444,2
28137,3,10,1,1,23.56,0.0,68.52,3.5,3.6,6.63,266.018,0,1,24.444444,2
28138,3,11,1,1,23.72,0.0,66.47,5.2,10.8,13.2,496.346,0,1,24.444444,2
28139,3,12,1,1,23.83,0.0,63.86,5.0,2.52,15.5,713.896,0,1,24.444444,2
28140,3,13,1,1,24.02,0.0,60.58,11.6,6.96,26.94,715.153,0,1,24.444444,2
28141,3,14,1,1,24.07,0.0,56.56,10.2,1.8,29.74,644.313,0,1,24.444444,2
28142,3,15,1,1,24.06,0.0,54.36,5.2,4.92,28.01,574.942,0,1,24.444444,2
28143,3,16,1,1,24.07,0.0,53.04,4.4,2.4,29.02,483.266,0,1,24.444444,2
28144,3,17,1,1,24.07,0.0,51.1,9.9,11.52,35.54,297.469,0,1,24.444444,2
28145,3,18,1,1,24.08,0.0,50.63,10.1,8.28,31.7,101.238,0,1,24.444444,2
28146,3,19,1,1,24.08,0.0,51.17,9.3,3.6,24.63,0.0,0,1,24.444444,2
28147,3,20,1,1,24.08,0.0,52.4,6.7,6.84,19.07,0.0,0,1,24.444444,2
28148,3,21,1,1,24.07,0.0,54.36,6.1,3.6,16.95,0.0,0,1,24.444444,2
28149,3,22,1,1,24.07,0.0,55.71,9.6,3.12,20.08,0.0,0,1,24.444444,2
28150,3,23,1,1,24.05,0.0,57.29,6.0,2.4,12.51,0.0,0,1,24.444444,2
28151,3,24,1,1,23.91,0.0,60.07,3.3,1.08,7.94,0.0,0,1,24.444444,2
28152,3,1,2,1,23.82,0.0,62.34,3.9,0.72,7.11,0.0,0,1,24.444444,2
28153,3,2,2,1,23.9,0.0,62.67,8.4,0.96,10.17,0.0,0,1,24.444444,2
28154,3,3,2,1,23.67,0.0,64.28,3.7,0.6,4.34,0.0,0,1,24.444444,2
28155,3,4,2,1,23.74,0.0,64.46,8.5,0.96,7.53,0.0,0,1,24.444444,2
28156,3,5,2,1,23.53,0.0,65.37,4.3,1.08,3.22,0.0,0,1,24.444444,2
28157,3,6,2,1,23.59,0.0,64.91,8.9,1.32,5.42,0.0,0,1,24.444444,2
28158,3,7,2,1,23.45,0.0,65.11,3.8,1.08,2.57,0.0,0,1,24.444444,2
28159,3,8,2,1,23.46,0.0,65.09,4.3,14.64,3.15,100.949,0,1,24.444444,2
28160,3,9,2,1,23.52,0.0,65.0,4.0,9.12,5.45,228.774,0,1,24.444444,2
28161,3,10,2,1,23.67,0.0,63.73,4.3,30.48,11.1,443.436,0,1,24.444444,2
28162,3,11,2,1,23.86,0.0,60.36,8.6,9.48,18.74,543.157,0,1,24.444444,2
28163,3,12,2,1,23.9,0.0,58.16,4.2,21.0,15.28,608.97,0,1,24.444444,2
28164,3,13,2,1,24.03,0.0,55.87,9.0,11.4,23.57,756.591,0,1,24.444444,2
28165,3,14,2,1,24.07,0.0,53.76,9.2,8.04,28.82,743.031,0,1,24.444444,2
28166,3,15,2,1,24.07,0.0,51.52,4.9,7.44,27.93,648.374,0,1,24.444444,2
28167,3,16,2,1,24.07,0.0,49.94,3.8,6.96,28.8,526.815,0,1,24.444444,2
28168,3,17,2,1,24.07,0.0,48.34,9.9,6.6,36.34,339.865,0,1,24.444444,2
28169,3,18,2,1,24.07,0.0,47.57,11.0,5.04,33.68,120.95,0,1,24.444444,2
28170,3,19,2,1,24.07,0.0,48.12,10.4,4.32,25.55,0.0,0,1,24.444444,2
28171,3,20,2,1,24.07,0.0,49.67,7.3,6.36,18.75,0.0,0,1,24.444444,2
28172,3,21,2,1,24.07,0.0,51.87,5.7,4.92,14.46,0.0,0,1,24.444444,2
28173,3,22,2,1,24.07,0.0,54.65,6.3,2.64,13.3,0.0,0,1,24.444444,2
28174,3,23,2,1,24.01,0.0,57.29,5.3,1.44,10.56,0.0,0,1,24.444444,2
28175,3,24,2,1,23.91,0.0,59.9,4.3,0.6,8.08,0.0,0,1,24.444444,2
28176,3,1,3,1,23.99,0.0,60.47,9.8,1.44,12.7,0.0,0,1,24.444444,2
28177,3,2,3,1,23.93,0.0,60.76,7.9,0.6,8.62,0.0,0,1,24.444444,2
28178,3,3,3,1,23.66,0.0,62.96,3.6,0.72,4.01,0.0,0,1,24.444444,2
28179,3,4,3,1,23.61,0.0,64.51,4.6,0.12,4.58,0.0,0,1,24.444444,2
28180,3,5,3,1,23.55,0.0,66.49,3.9,0.72,3.96,0.0,0,1,24.444444,2
28181,3,6,3,1,23.72,0.0,66.87,9.5,1.32,8.73,0.0,0,1,24.444444,2
28182,3,7,3,1,23.65,0.0,67.56,4.2,13.8,6.5,0.0,0,1,24.444444,2
28183,3,8,3,1,23.78,0.0,65.63,9.4,12.84,18.95,149.38,0,1,24.444444,2
28184,3,9,3,1,23.84,0.0,62.93,8.0,4.56,19.45,336.808,0,1,24.444444,2
28185,3,10,3,1,23.99,0.0,59.86,11.5,6.6,25.56,482.467,0,1,24.444444,2
28186,3,11,3,1,24.06,0.0,57.47,9.5,3.24,25.27,638.575,0,1,24.444444,2
28187,3,12,3,1,24.05,0.0,56.13,3.9,5.76,19.58,753.698,0,1,24.444444,2
28188,3,13,3,1,24.07,0.0,54.24,8.8,1.56,29.36,761.986,0,1,24.444444,2
28189,3,14,3,1,24.07,0.0,51.79,9.3,3.6,33.55,718.92,0,1,24.444444,2
28190,3,15,3,1,24.07,0.0,49.61,10.4,1.68,38.57,632.586,0,1,24.444444,2
28191,3,16,3,1,24.07,0.0,48.18,9.4,3.36,38.49,520.403,0,1,24.444444,2
28192,3,17,3,1,24.08,0.0,47.89,9.1,3.96,37.56,334.198,0,1,24.444444,2
28193,3,18,3,1,24.07,0.0,47.99,8.8,7.08,33.21,119.916,0,1,24.444444,2
28194,3,19,3,1,24.07,0.0,49.0,9.4,6.12,26.91,0.0,0,1,24.444444,2
28195,3,20,3,1,24.07,0.0,49.87,17.1,5.76,34.61,0.0,0,1,24.444444,2
28196,3,21,3,1,24.07,0.0,50.83,12.6,4.92,26.18,0.0,0,1,24.444444,2
28197,3,22,3,1,24.07,0.0,52.61,10.3,3.0,20.72,0.0,0,1,24.444444,2
28198,3,23,3,1,24.07,0.0,54.04,13.2,1.2,22.8,0.0,0,1,24.444444,2
28199,3,24,3,1,24.06,0.0,55.74,8.3,0.48,13.54,0.0,0,1,24.444444,2
28200,3,1,4,1,23.87,0.0,59.1,3.4,0.84,6.64,0.0,0,1,24.444444,2
28201,3,2,4,1,23.78,0.0,62.12,4.5,0.24,6.53,0.0,0,1,24.444444,2
28202,3,3,4,1,23.68,0.0,64.39,3.6,1.08,5.2,0.0,0,1,24.444444,2
28203,3,4,4,1,23.63,0.0,66.34,3.5,0.6,4.92,0.0,0,1,24.444444,2
28204,3,5,4,1,23.6,0.0,67.98,3.9,2.04,4.78,0.0,0,1,24.444444,2
28205,3,6,4,1,23.55,0.0,69.2,3.8,3.36,4.31,0.0,0,1,24.444444,2
28206,3,7,4,1,23.64,0.0,68.58,3.9,7.56,7.77,0.0,0,1,24.444444,2
28207,3,8,4,1,23.71,0.0,65.88,5.5,5.04,14.42,152.504,0,1,24.444444,2
28208,3,9,4,1,23.72,0.0,62.74,5.0,3.48,13.95,309.169,0,1,24.444444,2
28209,3,10,4,1,23.76,0.0,60.82,4.3,10.32,13.2,392.393,0,1,24.444444,2
28210,3,11,4,1,23.82,0.0,59.37,4.6,1.08,14.72,679.02,0,1,24.444444,2
28211,3,12,4,1,23.9,0.0,57.76,4.6,7.44,15.73,750.238,0,1,24.444444,2
28212,3,13,4,1,24.05,0.0,55.37,9.1,2.4,23.34,765.811,0,1,24.444444,2
28213,3,14,4,1,24.07,0.0,52.86,9.2,2.16,28.44,720.516,0,1,24.444444,2
28214,3,15,4,1,24.07,0.0,50.76,4.0,0.96,26.13,636.716,0,1,24.444444,2
28215,3,16,4,1,24.07,0.0,48.33,8.1,2.4,33.69,478.894,0,1,24.444444,2
28216,3,17,4,1,24.07,0.0,46.74,9.2,2.64,34.42,315.772,0,1,24.444444,2
28217,3,18,4,1,24.08,0.0,46.48,8.9,9.12,30.98,110.443,0,1,24.444444,2
28218,3,19,4,1,24.08,0.0,46.82,9.6,3.6,25.3,0.0,0,1,24.444444,2
28219,3,20,4,1,24.08,0.0,47.78,7.7,5.64,20.71,0.0,0,1,24.444444,2
28220,3,21,4,1,24.07,0.0,48.55,10.7,6.72,23.55,0.0,0,1,24.444444,2
28221,3,22,4,1,24.07,0.0,49.07,9.8,2.52,20.16,0.0,0,1,24.444444,2
28222,3,23,4,1,24.07,0.0,50.38,6.0,0.84,12.36,0.0,0,1,24.444444,2
28223,3,24,4,1,23.93,0.0,53.71,3.1,2.76,7.26,0.0,0,1,24.444444,2
28224,3,1,5,1,23.99,0.0,55.45,9.0,0.84,11.9,0.0,0,1,24.444444,2
28225,3,2,5,1,23.97,0.0,56.99,7.4,0.6,9.21,0.0,0,1,24.444444,2
28226,3,3,5,1,23.77,0.0,60.11,3.7,0.6,5.24,0.0,0,1,24.444444,2
28227,3,4,5,1,23.86,0.0,61.52,8.7,0.24,8.91,0.0,0,1,24.444444,2
28228,3,5,5,1,23.57,0.0,63.62,3.6,0.24,3.22,0.0,0,1,24.444444,2
28229,3,6,5,1,23.65,0.0,63.91,8.6,1.68,6.64,0.0,0,1,24.444444,2
28230,3,7,5,1,23.74,0.0,63.2,6.8,10.8,9.22,0.0,0,1,24.444444,2
28231,3,8,5,1,23.82,0.0,60.54,8.5,19.08,16.38,151.601,0,1,24.444444,2
28232,3,9,5,1,23.86,0.0,57.61,7.6,5.28,18.3,352.469,0,1,24.444444,2
28233,3,10,5,1,23.96,0.0,55.36,8.7,3.48,21.7,526.075,0,1,24.444444,2
28234,3,11,5,1,24.04,0.0,53.59,9.0,2.04,23.36,653.89,0,1,24.444444,2
28235,3,12,5,1,24.07,0.0,52.13,7.3,6.6,22.54,728.712,0,1,24.444444,2
28236,3,13,5,1,24.07,0.0,50.62,8.9,5.52,27.04,750.152,0,1,24.444444,2
28237,3,14,5,1,24.07,0.0,49.45,9.9,1.92,32.13,707.824,0,1,24.444444,2
28238,3,15,5,1,24.07,0.0,48.33,9.2,0.96,34.61,624.659,0,1,24.444444,2
28239,3,16,5,1,24.07,0.0,47.78,7.7,4.08,34.13,489.682,0,1,24.444444,2
28240,3,17,5,1,24.07,0.0,48.34,7.9,2.16,33.75,307.323,0,1,24.444444,2
28241,3,18,5,1,24.07,0.0,49.71,9.2,6.24,31.76,101.089,0,1,24.444444,2
28242,3,19,5,1,24.07,0.0,51.57,9.3,13.8,25.8,0.0,0,1,24.444444,2
28243,3,20,5,1,24.07,0.0,52.64,11.5,4.08,26.68,0.0,0,1,24.444444,2
28244,3,21,5,1,24.07,0.0,53.69,10.3,14.52,23.89,0.0,0,1,24.444444,2
28245,3,22,5,1,24.07,0.0,55.14,11.3,3.0,23.95,0.0,0,1,24.444444,2
28246,3,23,5,1,24.07,0.0,56.92,8.4,2.28,17.89,0.0,0,1,24.444444,2
28247,3,24,5,1,24.07,0.0,58.41,8.8,1.2,16.97,0.0,0,1,24.444444,2
28248,3,1,6,1,24.06,0.0,59.73,8.4,0.48,14.84,0.0,0,1,24.444444,2
28249,3,2,6,1,24.04,0.0,61.18,8.3,0.36,13.13,0.0,0,1,24.444444,2
28250,3,3,6,1,24.03,0.0,62.24,9.3,1.2,13.36,0.0,0,1,24.444444,2
28251,3,4,6,1,24.0,0.0,63.34,8.0,1.08,10.72,0.0,0,1,24.444444,2
28252,3,5,6,1,24.0,0.0,63.74,9.2,1.08,11.79,0.0,0,1,24.444444,2
28253,3,6,6,1,24.0,0.0,63.56,10.2,7.08,12.61,0.0,0,1,24.444444,2
28254,3,7,6,1,24.02,0.0,62.59,12.1,23.76,19.48,0.0,0,1,24.444444,2
28255,3,8,6,1,24.01,0.0,61.54,9.8,16.08,19.42,149.37,0,1,24.444444,2
28256,3,9,6,1,24.03,0.0,60.23,10.3,18.36,20.47,257.677,0,1,24.444444,2
28257,3,10,6,1,24.04,0.0,59.0,8.3,6.24,19.48,300.954,0,1,24.444444,2
28258,3,11,6,1,24.05,0.0,57.4,8.4,1.56,22.16,368.967,0,1,24.444444,2
28259,3,12,6,1,24.07,0.0,56.15,8.8,1.8,24.9,519.456,0,1,24.444444,2
28260,3,13,6,1,24.07,0.0,55.03,10.1,3.72,29.13,614.285,0,1,24.444444,2
28261,3,14,6,1,24.07,0.0,54.3,9.9,0.72,29.7,397.19,0,1,24.444444,2
28262,3,15,6,1,24.07,0.0,53.48,9.9,1.44,31.95,482.927,0,1,24.444444,2
28263,3,16,6,1,24.07,0.0,53.08,7.6,2.52,27.42,327.849,0,1,24.444444,2
28264,3,17,6,1,24.07,0.0,52.98,9.4,19.8,30.02,271.884,0,1,24.444444,2
28265,3,18,6,1,24.07,0.0,53.26,9.2,4.08,26.64,85.4543,0,1,24.444444,2
28266,3,19,6,1,24.07,0.0,54.59,10.1,11.04,23.49,0.0,0,1,24.444444,2
28267,3,20,6,1,24.07,0.0,55.76,11.3,4.08,23.73,0.0,0,1,24.444444,2
28268,3,21,6,1,24.07,0.0,56.7,10.9,4.56,22.19,0.0,0,1,24.444444,2
28269,3,22,6,1,24.07,0.0,57.93,9.3,3.48,18.88,0.0,0,1,24.444444,2
28270,3,23,6,1,24.07,0.0,59.07,8.7,0.84,17.14,0.0,0,1,24.444444,2
28271,3,24,6,1,24.06,0.0,60.23,8.1,0.96,15.44,0.0,0,1,24.444444,2
28272,3,1,7,1,24.02,0.0,62.14,5.3,0.96,10.93,0.0,0,1,24.444444,2
28273,3,2,7,1,24.06,0.0,61.73,12.0,0.96,20.38,0.0,0,1,24.444444,2
28274,3,3,7,1,23.99,0.0,62.92,5.1,0.12,9.66,0.0,0,1,24.444444,2
28275,3,4,7,1,24.02,0.0,64.18,9.2,0.36,14.75,0.0,0,1,24.444444,2
28276,3,5,7,1,23.89,0.0,66.17,3.8,3.96,7.68,0.0,0,1,24.444444,2
28277,3,6,7,1,23.97,0.0,66.83,8.6,5.52,12.69,0.0,0,1,24.444444,2
28278,3,7,7,1,23.98,0.0,66.49,7.4,3.12,15.53,0.0,0,1,24.444444,2
28279,3,8,7,1,24.02,0.0,64.46,10.5,6.96,24.2,156.913,0,1,24.444444,2
28280,3,9,7,1,24.05,0.0,62.05,11.6,8.76,24.82,231.197,0,1,24.444444,2
28281,3,10,7,1,24.05,0.0,60.97,9.1,1.56,21.97,229.153,0,1,24.444444,2
28282,3,11,7,1,24.07,0.0,59.53,9.5,6.24,25.45,632.672,0,1,24.444444,2
28283,3,12,7,1,24.07,0.0,58.4,7.3,4.92,23.03,517.941,0,1,24.444444,2
28284,3,13,7,1,24.04,0.0,58.18,7.4,4.2,13.11,101.255,0,1,24.444444,2
28285,3,14,7,1,24.03,0.0,56.85,12.9,1.8,15.85,123.723,0,1,24.444444,2
28286,3,15,7,1,24.05,0.0,55.2,11.6,2.76,15.17,167.721,0,1,24.444444,2
28287,3,16,7,1,24.02,0.0,54.45,7.7,2.16,11.34,245.444,0,1,24.444444,2
28288,3,17,7,1,24.03,0.0,54.24,9.8,4.2,14.75,185.73,0,1,24.444444,2
28289,3,18,7,1,24.03,0.0,54.6,9.3,6.6,13.46,90.2645,0,1,24.444444,2
28290,3,19,7,1,24.01,0.0,55.41,10.1,6.6,10.5,0.0,0,1,24.444444,2
28291,3,20,7,1,23.97,0.0,56.67,9.4,2.76,9.31,0.0,0,1,24.444444,2
28292,3,21,7,1,23.98,0.0,58.37,10.2,2.28,10.63,0.0,0,1,24.444444,2
28293,3,22,7,1,23.99,0.0,59.49,11.8,0.84,12.48,0.0,0,1,24.444444,2
28294,3,23,7,1,23.9,0.0,61.01,8.3,2.28,7.98,0.0,0,1,24.444444,2
28295,3,24,7,1,23.83,0.0,62.72,7.8,0.72,7.15,0.0,0,1,24.444444,2
28296,3,1,1,1,23.61,0.0,65.35,3.6,0.72,3.67,0.0,0,1,24.444444,2
28297,3,2,1,1,23.54,0.0,67.58,3.6,0.6,3.98,0.0,0,1,24.444444,2
28298,3,3,1,1,23.5,0.0,69.66,3.0,0.72,3.78,0.0,0,1,24.444444,2
28299,3,4,1,1,23.45,0.0,71.77,3.2,0.84,3.56,0.0,0,1,24.444444,2
28300,3,5,1,1,23.42,0.0,73.32,3.8,0.48,3.81,0.0,0,1,24.444444,2
28301,3,6,1,1,23.43,0.0,74.43,4.1,1.44,4.08,0.0,0,1,24.444444,2
28302,3,7,1,1,23.54,0.0,74.26,3.6,1.32,6.92,0.0,0,1,24.444444,2
28303,3,8,1,1,23.66,0.0,72.47,4.4,7.08,14.24,157.836,0,1,24.444444,2
28304,3,9,1,1,23.72,0.0,69.62,5.2,7.2,18.76,355.406,0,1,24.444444,2
28305,3,10,1,1,23.82,0.0,66.62,6.0,9.72,19.95,485.595,0,1,24.444444,2
28306,3,11,1,1,23.89,0.0,64.52,4.4,5.64,17.85,480.8,0,1,24.444444,2
28307,3,12,1,1,24.01,0.0,62.14,6.1,5.16,22.05,585.111,0,1,24.444444,2
28308,3,13,1,1,24.07,0.0,58.33,10.8,3.0,32.3,740.721,0,1,24.444444,2
28309,3,14,1,1,24.07,0.0,55.25,11.0,7.8,36.01,715.649,0,1,24.444444,2
28310,3,15,1,1,24.07,0.0,54.61,4.1,13.32,29.6,635.889,0,1,24.444444,2
28311,3,16,1,1,24.07,0.0,54.34,4.9,6.36,32.39,499.141,0,1,24.444444,2
28312,3,17,1,1,24.07,0.0,52.89,9.7,3.6,37.8,313.652,0,1,24.444444,2
28313,3,18,1,1,24.07,0.0,52.64,9.1,11.64,32.63,104.472,0,1,24.444444,2
28314,3,19,1,1,24.07,0.0,53.4,10.4,2.52,28.12,0.0,0,1,24.444444,2
28315,3,20,1,1,24.07,0.0,55.12,5.7,2.88,19.17,0.0,0,1,24.444444,2
28316,3,21,1,1,24.07,0.0,57.58,5.5,2.52,17.34,0.0,0,1,24.444444,2
28317,3,22,1,1,24.07,0.0,59.58,8.4,3.0,20.01,0.0,0,1,24.444444,2
28318,3,23,1,1,24.07,0.0,61.44,6.0,3.0,14.67,0.0,0,1,24.444444,2
28319,3,24,1,1,24.02,0.0,64.29,4.4,1.56,11.52,0.0,0,1,24.444444,2
28320,3,1,2,1,24.02,0.0,66.01,5.6,4.2,12.98,0.0,0,1,24.444444,2
28321,3,2,2,1,24.04,0.0,66.52,8.4,0.96,16.93,0.0,0,1,24.444444,2
28322,3,3,2,1,23.94,0.0,68.02,3.5,0.48,8.83,0.0,0,1,24.444444,2
28323,3,4,2,1,24.0,0.0,68.15,8.4,1.44,14.59,0.0,0,1,24.444444,2
28324,3,5,2,1,23.88,0.0,69.26,3.5,0.48,7.72,0.0,0,1,24.444444,2
28325,3,6,2,1,23.97,0.0,69.32,8.6,1.8,13.29,0.0,0,1,24.444444,2
28326,3,7,2,1,23.91,0.0,69.38,4.4,3.0,12.24,38.9343,0,1,24.444444,2
28327,3,8,2,1,23.91,0.0,68.65,5.1,5.64,19.18,156.441,0,1,24.444444,2
28328,3,9,2,1,23.98,0.0,66.08,6.4,6.12,24.52,358.511,0,1,24.444444,2
28329,3,10,2,1,24.0,0.0,64.46,4.1,24.6,23.19,539.667,0,1,24.444444,2
28330,3,11,2,1,24.07,0.0,61.7,10.1,17.88,32.86,635.541,0,1,24.444444,2
28331,3,12,2,1,24.07,0.0,59.31,5.6,20.88,25.89,522.243,0,1,24.444444,2
28332,3,13,2,1,24.07,0.0,58.24,8.9,7.44,33.05,746.068,0,1,24.444444,2
28333,3,14,2,1,24.07,0.0,56.02,9.0,9.0,36.26,728.977,0,1,24.444444,2
28334,3,15,2,1,24.07,0.0,53.38,4.3,1.8,31.62,643.529,0,1,24.444444,2
28335,3,16,2,1,24.07,0.0,52.68,4.1,5.28,32.13,507.915,0,1,24.444444,2
28336,3,17,2,1,24.07,0.0,51.68,10.1,7.56,38.75,320.454,0,1,24.444444,2
28337,3,18,2,1,24.07,0.0,51.44,10.9,8.04,35.26,106.262,0,1,24.444444,2
28338,3,19,2,1,24.07,0.0,52.35,11.2,5.64,29.52,0.0,0,1,24.444444,2
28339,3,20,2,1,24.07,0.0,54.05,7.5,6.36,22.27,0.0,0,1,24.444444,2
28340,3,21,2,1,24.07,0.0,56.65,7.0,4.2,20.36,0.0,0,1,24.444444,2
28341,3,22,2,1,24.07,0.0,59.4,6.1,2.64,17.34,0.0,0,1,24.444444,2
28342,3,23,2,1,24.06,0.0,62.09,4.9,0.12,14.22,0.0,0,1,24.444444,2
28343,3,24,2,1,24.07,0.0,62.48,11.4,1.08,23.58,0.0,0,1,24.444444,2
28344,3,1,3,1,24.07,0.0,62.09,9.7,0.84,18.98,0.0,0,1,24.444444,2
28345,3,2,3,1,24.07,0.0,63.0,9.0,0.72,16.39,0.0,0,1,24.444444,2
28346,3,3,3,1,23.93,0.0,65.71,3.4,0.48,8.06,0.0,0,1,24.444444,2
28347,3,4,3,1,23.9,0.0,68.67,4.9,0.48,9.13,0.0,0,1,24.444444,2
28348,3,5,3,1,23.8,0.0,71.18,3.5,2.04,6.94,0.0,0,1,24.444444,2
28349,3,6,3,1,23.9,0.0,71.28,7.8,5.28,11.49,0.0,0,1,24.444444,2
28350,3,7,3,1,23.89,0.0,71.09,4.8,14.4,13.68,36.6343,0,1,24.444444,2
28351,3,8,3,1,23.99,0.0,68.34,10.6,7.32,26.16,158.223,0,1,24.444444,2
28352,3,9,3,1,24.03,0.0,64.76,10.6,4.8,27.24,320.003,0,1,24.444444,2
28353,3,10,3,1,24.06,0.0,61.36,12.0,10.68,32.29,517.022,0,1,24.444444,2
28354,3,11,3,1,24.07,0.0,58.94,10.0,5.16,30.68,603.42,0,1,24.444444,2
28355,3,12,3,1,24.07,0.0,56.81,7.6,5.16,28.36,671.738,0,1,24.444444,2
28356,3,13,3,1,24.07,0.0,55.22,8.8,1.8,32.31,681.135,0,1,24.444444,2
28357,3,14,3,1,24.07,0.0,53.01,8.4,1.08,34.35,647.481,0,1,24.444444,2
28358,3,15,3,1,24.07,0.0,51.17,8.7,2.4,37.34,634.062,0,1,24.444444,2
28359,3,16,3,1,24.07,0.0,50.23,8.8,1.68,37.41,461.084,0,1,24.444444,2
28360,3,17,3,1,24.07,0.0,49.79,8.1,1.2,34.96,280.092,0,1,24.444444,2
28361,3,18,3,1,24.07,0.0,49.79,8.6,7.32,32.43,110.923,0,1,24.444444,2
28362,3,19,3,1,24.07,0.0,51.09,10.1,4.08,28.24,0.0,0,1,24.444444,2
28363,3,20,3,1,24.07,0.0,52.34,11.9,6.0,28.66,0.0,0,1,24.444444,2
28364,3,21,3,1,24.07,0.0,52.78,16.2,6.48,33.03,0.0,0,1,24.444444,2
28365,3,22,3,1,24.07,0.0,52.4,21.9,5.64,38.78,0.0,0,1,24.444444,2
28366,3,23,3,1,24.07,0.0,53.6,13.3,1.68,24.83,0.0,0,1,24.444444,2
28367,3,24,3,1,24.07,0.0,56.63,8.4,0.72,16.9,0.0,0,1,24.444444,2
28368,3,1,4,1,24.04,0.0,60.13,5.8,0.48,12.18,0.0,0,1,24.444444,2
28369,3,2,4,1,23.93,0.0,63.92,3.1,0.36,8.18,0.0,0,1,24.444444,2
28370,3,3,4,1,23.86,0.0,66.83,3.4,0.36,8.05,0.0,0,1,24.444444,2
28371,3,4,4,1,23.83,0.0,68.74,4.3,0.48,8.3,0.0,0,1,24.444444,2
28372,3,5,4,1,23.75,0.0,70.31,3.5,1.44,6.76,0.0,0,1,24.444444,2
28373,3,6,4,1,23.79,0.0,70.42,5.7,4.92,9.2,0.0,0,1,24.444444,2
28374,3,7,4,1,23.81,0.0,69.64,3.8,24.96,12.05,38.9607,0,1,24.444444,2
28375,3,8,4,1,23.84,0.0,67.93,5.0,3.0,18.41,165.207,0,1,24.444444,2
28376,3,9,4,1,23.9,0.0,65.31,5.2,7.32,19.36,305.969,0,1,24.444444,2
28377,3,10,4,1,23.93,0.0,62.93,3.1,9.72,20.18,539.063,0,1,24.444444,2
28378,3,11,4,1,24.0,0.0,60.91,4.4,2.4,22.31,667.02,0,1,24.444444,2
28379,3,12,4,1,24.06,0.0,59.08,3.8,6.84,22.37,733.954,0,1,24.444444,2
28380,3,13,4,1,24.07,0.0,56.27,8.9,1.56,32.01,765.138,0,1,24.444444,2
28381,3,14,4,1,24.07,0.0,53.58,9.5,0.72,35.84,728.054,0,1,24.444444,2
28382,3,15,4,1,24.07,0.0,52.78,4.1,3.6,31.18,630.828,0,1,24.444444,2
28383,3,16,4,1,24.07,0.0,52.34,8.2,3.48,36.98,446.36,0,1,24.444444,2
28384,3,17,4,1,24.07,0.0,52.05,9.3,3.48,37.12,295.115,0,1,24.444444,2
28385,3,18,4,1,24.07,0.0,52.8,9.1,5.28,33.41,100.607,0,1,24.444444,2
28386,3,19,4,1,24.07,0.0,53.88,10.2,8.52,29.78,0.0,0,1,24.444444,2
28387,3,20,4,1,24.07,0.0,55.13,8.6,4.56,25.55,0.0,0,1,24.444444,2
28388,3,21,4,1,24.07,0.0,56.86,11.5,5.88,29.02,0.0,0,1,24.444444,2
28389,3,22,4,1,24.07,0.0,58.59,7.6,3.24,21.56,0.0,0,1,24.444444,2
28390,3,23,4,1,24.07,0.0,60.91,5.7,2.76,17.43,0.0,0,1,24.444444,2
28391,3,24,4,1,24.07,0.0,63.21,5.0,1.44,15.84,0.0,0,1,24.444444,2
28392,3,1,5,1,24.04,0.0,65.65,3.5,0.96,12.99,0.0,0,1,24.444444,2
28393,3,2,5,1,24.06,0.0,66.42,7.8,0.36,19.02,0.0,0,1,24.444444,2
28394,3,3,5,1,24.01,0.0,67.12,3.7,0.96,11.29,0.0,0,1,24.444444,2
28395,3,4,5,1,24.04,0.0,67.36,7.9,0.6,16.92,0.0,0,1,24.444444,2
28396,3,5,5,1,24.01,0.0,67.78,5.1,1.8,11.53,0.0,0,1,24.444444,2
28397,3,6,5,1,24.03,0.0,67.67,8.4,1.32,16.67,0.0,0,1,24.444444,2
28398,3,7,5,1,24.03,0.0,67.14,8.4,7.08,14.92,0.0,0,1,24.444444,2
28399,3,8,5,1,24.0,0.0,67.25,8.4,12.12,11.34,7.15426,0,1,24.444444,2
28400,3,9,5,1,23.88,0.0,66.66,7.7,8.16,7.23,29.9402,0,1,24.444444,2
28401,3,10,5,1,23.8,0.0,64.08,8.7,5.16,6.86,46.4536,0,1,24.444444,2
28402,3,11,5,1,23.76,0.0,61.8,8.0,2.76,5.9,79.4499,0,1,24.444444,2
28403,3,12,5,1,23.7,0.0,60.75,7.4,2.28,5.15,98.7149,0,1,24.444444,2
28404,3,13,5,1,23.76,0.0,59.2,9.1,4.92,7.36,192.515,0,1,24.444444,2
28405,3,14,5,1,23.86,0.0,57.72,10.0,1.2,10.02,319.584,0,1,24.444444,2
28406,3,15,5,1,23.89,0.0,56.86,9.3,1.8,9.68,186.957,0,1,24.444444,2
28407,3,16,5,1,23.91,0.0,56.12,7.4,0.96,10.87,294.574,0,1,24.444444,2
28408,3,17,5,1,23.96,0.0,55.62,7.9,1.2,15.56,280.473,0,1,24.444444,2
28409,3,18,5,1,23.99,0.0,55.26,8.7,4.92,16.04,118.817,0,1,24.444444,2
28410,3,19,5,1,23.99,0.0,55.62,9.6,12.48,11.17,0.608875,0,1,24.444444,2
28411,3,20,5,1,23.99,0.0,55.98,10.6,6.72,11.01,0.0,0,1,24.444444,2
28412,3,21,5,1,23.97,0.0,56.61,9.7,15.48,9.66,0.0,0,1,24.444444,2
28413,3,22,5,1,23.98,0.0,57.14,11.7,1.44,11.18,0.0,0,1,24.444444,2
28414,3,23,5,1,23.93,0.0,58.27,9.9,1.08,8.59,0.0,0,1,24.444444,2
28415,3,24,5,1,23.8,0.0,60.02,7.4,1.68,5.66,0.0,0,1,24.444444,2
28416,3,1,6,1,23.78,0.0,61.07,9.7,0.48,6.92,0.0,0,1,24.444444,2
28417,3,2,6,1,23.67,0.0,61.53,8.2,0.72,4.81,0.0,0,1,24.444444,2
28418,3,3,6,1,23.65,0.0,61.32,9.3,0.6,5.17,0.0,0,1,24.444444,2
28419,3,4,6,1,23.53,0.0,61.67,8.2,0.24,3.35,0.0,0,1,24.444444,2
28420,3,5,6,1,23.59,0.0,60.48,12.7,1.2,5.21,0.0,0,1,24.444444,2
28421,3,6,6,1,23.47,0.0,59.66,10.4,6.6,3.1,0.0,0,1,24.444444,2
28422,3,7,6,1,23.62,0.0,57.82,10.1,21.24,7.69,37.8692,0,1,24.444444,2
28423,3,8,6,1,23.69,0.0,56.62,9.0,17.28,13.77,169.687,0,1,24.444444,2
28424,3,9,6,1,23.75,0.0,54.8,8.9,14.88,17.01,378.374,0,1,24.444444,2
28425,3,10,6,1,23.9,0.0,51.55,11.9,4.32,20.42,551.055,0,1,24.444444,2
28426,3,11,6,1,23.97,0.0,48.23,9.2,0.96,17.23,661.77,0,1,24.444444,2
28427,3,12,6,1,24.04,0.0,45.65,9.2,3.0,17.47,721.107,0,1,24.444444,2
28428,3,13,6,1,24.07,0.0,43.57,8.6,1.32,19.59,752.928,0,1,24.444444,2
28429,3,14,6,1,24.07,0.0,41.11,10.4,0.48,25.89,707.578,0,1,24.444444,2
28430,3,15,6,1,24.07,0.0,39.36,9.0,3.6,28.63,632.701,0,1,24.444444,2
28431,3,16,6,1,24.08,0.0,38.88,7.9,1.32,30.17,516.293,0,1,24.444444,2
28432,3,17,6,1,24.08,0.0,38.84,9.2,9.36,32.32,337.283,0,1,24.444444,2
28433,3,18,6,1,24.08,0.0,39.88,9.2,3.12,29.64,127.297,0,1,24.444444,2
28434,3,19,6,1,24.08,0.0,41.51,9.8,3.96,23.87,0.500989,0,1,24.444444,2
28435,3,20,6,1,24.08,0.0,43.32,12.1,4.56,24.68,0.0,0,1,24.444444,2
28436,3,21,6,1,24.07,0.0,44.95,12.0,5.88,23.21,0.0,0,1,24.444444,2
28437,3,22,6,1,24.07,0.0,45.82,10.6,0.96,19.04,0.0,0,1,24.444444,2
28438,3,23,6,1,24.07,0.0,46.73,8.9,3.36,14.4,0.0,0,1,24.444444,2
28439,3,24,6,1,24.06,0.0,48.16,8.1,0.72,11.46,0.0,0,1,24.444444,2
28440,4,1,7,1,23.93,0.0,50.42,5.3,1.44,6.83,0.0,0,1,24.444444,2
28441,4,2,7,1,23.9,0.0,52.08,8.1,0.48,7.62,0.0,0,1,24.444444,2
28442,4,3,7,1,23.65,0.0,54.25,3.7,0.36,3.52,0.0,0,1,24.444444,2
28443,4,4,7,1,23.76,0.0,54.67,9.5,1.08,6.78,0.0,0,1,24.444444,2
28444,4,5,7,1,23.4,0.0,57.01,3.3,2.28,2.0,0.0,0,1,24.444444,2
28445,4,6,7,1,23.5,0.0,57.97,7.5,7.68,3.99,0.0,0,1,24.444444,2
28446,4,7,7,1,23.72,0.0,57.53,8.7,14.88,10.83,38.5806,0,1,24.444444,2
28447,4,8,7,1,23.81,0.0,56.43,9.0,6.36,17.51,172.587,0,1,24.444444,2
28448,4,9,7,1,23.92,0.0,54.02,10.6,4.56,21.71,377.955,0,1,24.444444,2
28449,4,10,7,1,23.9,0.0,52.41,4.9,5.52,17.24,555.399,0,1,24.444444,2
28450,4,11,7,1,24.01,0.0,50.92,8.7,4.68,21.28,691.399,0,1,24.444444,2
28451,4,12,7,1,24.06,0.0,49.74,8.2,3.36,22.45,752.443,0,1,24.444444,2
28452,4,13,7,1,24.07,0.0,48.77,9.5,0.84,27.38,774.951,0,1,24.444444,2
28453,4,14,7,1,24.07,0.0,47.17,10.3,3.0,31.42,697.354,0,1,24.444444,2
28454,4,15,7,1,24.07,0.0,45.17,9.6,8.4,33.51,686.154,0,1,24.444444,2
28455,4,16,7,1,24.07,0.0,43.04,12.2,4.92,38.02,548.948,0,1,24.444444,2
28456,4,17,7,1,24.08,0.0,42.01,8.4,2.4,32.79,354.493,0,1,24.444444,2
28457,4,18,7,1,24.08,0.0,41.52,9.6,1.92,30.07,131.738,0,1,24.444444,2
28458,4,19,7,1,24.08,0.0,41.35,10.2,7.2,23.52,1.27684,0,1,24.444444,2
28459,4,20,7,1,24.08,0.0,42.6,9.6,4.32,20.53,0.0,0,1,24.444444,2
28460,4,21,7,1,24.07,0.0,44.22,16.0,2.88,26.72,0.0,0,1,24.444444,2
28461,4,22,7,1,24.07,0.0,47.54,8.6,3.6,15.88,0.0,0,1,24.444444,2
28462,4,23,7,1,24.03,0.0,52.04,4.7,0.84,10.02,0.0,0,1,24.444444,2
28463,4,24,7,1,23.99,0.0,56.04,5.0,0.6,9.76,0.0,0,1,24.444444,2
28464,4,1,1,1,23.89,0.0,59.23,3.8,3.48,7.54,0.0,0,1,24.444444,2
28465,4,2,1,1,23.78,0.0,62.24,3.1,0.48,6.29,0.0,0,1,24.444444,2
28466,4,3,1,1,23.72,0.0,65.12,3.3,0.48,6.11,0.0,0,1,24.444444,2
28467,4,4,1,1,23.7,0.0,67.74,3.7,0.48,6.5,0.0,0,1,24.444444,2
28468,4,5,1,1,23.68,0.0,70.72,3.3,3.24,6.27,0.0,0,1,24.444444,2
28469,4,6,1,1,23.67,0.0,73.01,3.4,7.08,7.08,0.0,0,1,24.444444,2
28470,4,7,1,1,23.73,0.0,73.53,3.5,8.4,9.27,48.0408,0,1,24.444444,2
28471,4,8,1,1,23.77,0.0,73.7,4.8,11.52,9.86,78.1346,0,1,24.444444,2
28472,4,9,1,1,23.83,0.0,72.94,5.3,8.04,12.74,187.674,0,1,24.444444,2
28473,4,10,1,1,23.87,0.0,71.64,3.9,7.8,15.42,347.858,0,1,24.444444,2
28474,4,11,1,1,23.96,0.0,70.24,5.3,4.44,19.05,343.45,0,1,24.444444,2
28475,4,12,1,1,24.0,0.0,69.19,4.7,6.72,19.43,297.476,0,1,24.444444,2
28476,4,13,1,1,24.02,0.0,68.69,4.9,2.76,20.43,195.937,0,1,24.444444,2
28477,4,14,1,1,24.06,0.0,66.25,10.5,6.0,31.87,223.358,0,1,24.444444,2
28478,4,15,1,1,24.06,0.0,64.77,4.7,6.48,24.9,349.275,0,1,24.444444,2
28479,4,16,1,1,24.06,0.0,65.28,3.5,4.8,24.19,305.419,0,1,24.444444,2
28480,4,17,1,1,24.06,0.0,66.09,4.1,11.88,25.9,232.967,0,1,24.444444,2
28481,4,18,1,1,24.07,0.0,66.85,3.9,8.16,23.35,68.2241,0,1,24.444444,2
28482,4,19,1,1,24.07,0.0,67.91,4.0,12.36,20.72,0.0,0,1,24.444444,2
28483,4,20,1,1,24.07,0.0,68.52,4.2,2.28,20.32,0.0,0,1,24.444444,2
28484,4,21,1,1,24.07,0.0,68.6,5.8,3.12,22.92,0.0,0,1,24.444444,2
28485,4,22,1,1,24.07,0.0,69.04,4.8,1.44,20.16,0.0,0,1,24.444444,2
28486,4,23,1,1,24.07,0.0,69.78,5.4,0.96,20.22,0.0,0,1,24.444444,2
28487,4,24,1,1,24.04,0.0,71.3,3.3,0.84,15.18,0.0,0,1,24.444444,2
28488,4,1,2,1,24.04,0.0,72.81,4.5,3.24,16.76,0.0,0,1,24.444444,2
28489,4,2,2,1,24.02,0.0,73.7,3.6,4.32,14.53,0.0,0,1,24.444444,2
28490,4,3,2,1,24.01,0.0,74.88,3.4,0.36,14.01,0.0,0,1,24.444444,2
28491,4,4,2,1,23.9,0.0,75.35,3.5,0.48,8.85,0.0,0,1,24.444444,2
28492,4,5,2,1,23.69,0.0,74.47,3.3,0.12,5.57,0.0,0,1,24.444444,2
28493,4,6,2,1,23.63,0.0,73.04,3.7,1.08,5.35,0.0,0,1,24.444444,2
28494,4,7,2,1,23.61,0.0,71.22,3.5,5.52,5.18,13.5145,0,1,24.444444,2
28495,4,8,2,1,23.66,0.0,70.04,4.3,3.72,6.65,95.5926,0,1,24.444444,2
28496,4,9,2,1,23.75,0.0,68.46,4.6,9.84,11.52,279.647,0,1,24.444444,2
28497,4,10,2,1,23.8,0.0,66.3,4.2,3.84,15.5,460.421,0,1,24.444444,2
28498,4,11,2,1,23.89,0.0,63.95,5.2,6.72,17.45,649.296,0,1,24.444444,2
28499,4,12,2,1,23.94,0.0,61.95,3.9,2.76,17.08,745.921,0,1,24.444444,2
28500,4,13,2,1,24.02,0.0,58.64,4.4,1.92,19.98,765.905,0,1,24.444444,2
28501,4,14,2,1,24.07,0.0,55.07,8.7,2.52,30.34,728.429,0,1,24.444444,2
28502,4,15,2,1,24.07,0.0,51.7,3.4,5.88,26.76,669.512,0,1,24.444444,2
28503,4,16,2,1,24.07,0.0,48.72,4.2,3.96,29.61,530.782,0,1,24.444444,2
28504,4,17,2,1,24.07,0.0,46.42,4.3,6.24,29.37,346.882,0,1,24.444444,2
28505,4,18,2,1,24.08,0.0,45.4,9.4,5.64,32.19,130.881,0,1,24.444444,2
28506,4,19,2,1,24.08,0.0,45.37,9.3,5.16,24.04,2.07891,0,1,24.444444,2
28507,4,20,2,1,24.08,0.0,46.27,8.8,7.56,20.11,0.0,0,1,24.444444,2
28508,4,21,2,1,24.07,0.0,47.73,4.8,4.8,12.96,0.0,0,1,24.444444,2
28509,4,22,2,1,24.05,0.0,49.12,5.1,4.56,11.01,0.0,0,1,24.444444,2
28510,4,23,2,1,23.97,0.0,51.2,4.3,0.36,8.53,0.0,0,1,24.444444,2
28511,4,24,2,1,23.88,0.0,53.44,4.7,0.12,6.9,0.0,0,1,24.444444,2
28512,4,1,3,1,23.7,0.0,56.54,3.5,0.36,4.92,0.0,0,1,24.444444,2
28513,4,2,3,1,23.6,0.0,59.55,3.6,0.6,4.17,0.0,0,1,24.444444,2
28514,4,3,3,1,23.49,0.0,62.19,3.4,0.24,3.28,0.0,0,1,24.444444,2
28515,4,4,3,1,23.37,0.0,64.31,3.3,0.36,2.65,0.0,0,1,24.444444,2
28516,4,5,3,1,23.25,0.0,65.7,3.2,1.8,1.88,0.0,0,1,24.444444,2
28517,4,6,3,1,23.33,0.0,64.98,6.8,8.76,3.43,0.0,0,1,24.444444,2
28518,4,7,3,1,23.5,0.0,64.21,3.7,10.32,5.84,43.9412,0,1,24.444444,2
28519,4,8,3,1,23.62,0.0,62.93,5.2,4.68,14.33,180.698,0,1,24.444444,2
28520,4,9,3,1,23.67,0.0,61.11,3.6,6.6,15.93,374.479,0,1,24.444444,2
28521,4,10,3,1,23.74,0.0,58.76,4.3,4.2,17.41,560.743,0,1,24.444444,2
28522,4,11,3,1,23.84,0.0,56.18,3.6,1.32,16.58,673.728,0,1,24.444444,2
28523,4,12,3,1,23.95,0.0,52.06,3.8,2.64,17.42,733.974,0,1,24.444444,2
28524,4,13,3,1,24.07,0.0,48.71,9.2,2.88,26.23,759.283,0,1,24.444444,2
28525,4,14,3,1,24.07,0.0,46.32,10.4,4.32,32.05,745.884,0,1,24.444444,2
28526,4,15,3,1,24.08,0.0,45.03,10.1,4.08,35.75,658.268,0,1,24.444444,2
28527,4,16,3,1,24.08,0.0,43.99,4.7,0.6,29.02,461.038,0,1,24.444444,2
28528,4,17,3,1,24.08,0.0,43.96,5.5,4.68,27.69,250.956,0,1,24.444444,2
28529,4,18,3,1,24.07,0.0,45.35,8.9,5.64,29.23,80.7905,0,1,24.444444,2
28530,4,19,3,1,24.07,0.0,47.76,10.4,2.88,28.08,0.0,0,1,24.444444,2
28531,4,20,3,1,24.07,0.0,51.1,11.8,7.8,29.62,0.0,0,1,24.444444,2
28532,4,21,3,1,24.07,0.0,54.77,9.5,4.8,26.6,0.0,0,1,24.444444,2
28533,4,22,3,1,24.07,0.0,57.99,9.8,1.8,26.84,0.0,0,1,24.444444,2
28534,4,23,3,1,24.07,0.0,61.84,5.1,1.08,19.1,0.0,0,1,24.444444,2
28535,4,24,3,1,24.07,0.0,66.2,5.1,0.96,19.43,0.0,0,1,24.444444,2
28536,4,1,4,1,24.06,0.0,69.79,3.0,0.36,15.72,0.0,0,1,24.444444,2
28537,4,2,4,1,24.05,0.0,72.19,3.6,0.48,16.41,0.0,0,1,24.444444,2
28538,4,3,4,1,24.03,0.0,73.53,3.1,0.36,14.8,0.0,0,1,24.444444,2
28539,4,4,4,1,24.02,0.0,74.51,3.6,3.0,14.65,0.0,0,1,24.444444,2
28540,4,5,4,1,24.01,0.0,75.45,3.6,2.88,13.89,0.0,0,1,24.444444,2
28541,4,6,4,1,24.0,0.0,76.08,3.8,4.56,14.44,0.0,0,1,24.444444,2
28542,4,7,4,1,24.04,0.0,73.82,7.9,25.56,26.16,31.3334,0,1,24.444444,2
28543,4,8,4,1,24.02,0.0,71.89,3.5,3.36,22.26,176.878,0,1,24.444444,2
28544,4,9,4,1,24.04,0.0,69.29,5.5,10.2,26.49,300.316,0,1,24.444444,2
28545,4,10,4,1,24.05,0.0,66.81,4.7,3.48,24.55,288.956,0,1,24.444444,2
28546,4,11,4,1,24.06,0.0,64.67,4.1,3.12,25.53,396.285,0,1,24.444444,2
28547,4,12,4,1,24.07,0.0,62.65,3.6,1.08,28.92,635.881,0,1,24.444444,2
28548,4,13,4,1,24.07,0.0,59.3,9.2,1.32,40.04,617.699,0,1,24.444444,2
28549,4,14,4,1,24.07,0.0,55.59,10.0,2.88,41.95,649.043,0,1,24.444444,2
28550,4,15,4,1,24.07,0.0,52.12,8.9,2.88,42.04,658.114,0,1,24.444444,2
28551,4,16,4,1,24.07,0.0,46.94,8.6,1.8,39.16,527.577,0,1,24.444444,2
28552,4,17,4,1,24.08,0.0,43.83,9.3,2.16,36.04,348.158,0,1,24.444444,2
28553,4,18,4,1,24.08,0.0,41.23,8.3,1.32,28.46,132.955,0,1,24.444444,2
28554,4,19,4,1,24.08,0.0,40.51,7.3,3.72,19.23,2.10634,0,1,24.444444,2
28555,4,20,4,1,24.08,0.0,40.25,7.8,6.0,16.31,0.0,0,1,24.444444,2
28556,4,21,4,1,24.08,0.0,39.98,9.5,2.64,15.37,0.0,0,1,24.444444,2
28557,4,22,4,1,24.07,0.0,39.2,9.4,4.92,12.23,0.0,0,1,24.444444,2
28558,4,23,4,1,23.93,0.0,38.45,4.8,1.68,6.1,0.0,0,1,24.444444,2
28559,4,24,4,1,23.82,0.0,38.2,4.9,0.24,4.99,0.0,0,1,24.444444,2
28560,4,1,5,1,23.7,0.0,38.37,5.3,0.96,3.9,0.0,0,1,24.444444,2
28561,4,2,5,1,23.64,0.0,39.37,7.4,0.72,3.57,0.0,0,1,24.444444,2
28562,4,3,5,1,23.28,0.0,41.53,4.1,0.24,1.3,0.0,0,1,24.444444,2
28563,4,4,5,1,23.06,0.0,42.99,3.8,0.24,0.84,0.0,0,1,24.444444,2
28564,4,5,5,1,22.94,0.0,44.08,3.7,2.52,0.55,0.0,0,1,24.444444,2
28565,4,6,5,1,23.06,0.0,44.12,8.5,8.04,1.39,0.0,0,1,24.444444,2
28566,4,7,5,1,23.46,0.0,43.27,10.2,24.36,4.57,36.7005,0,1,24.444444,2
28567,4,8,5,1,23.55,0.0,42.46,7.8,14.28,7.83,191.856,0,1,24.444444,2
28568,4,9,5,1,23.58,0.0,40.73,8.2,2.64,9.69,415.985,0,1,24.444444,2
28569,4,10,5,1,23.65,0.0,38.94,8.4,10.08,10.09,594.153,0,1,24.444444,2
28570,4,11,5,1,23.78,0.0,37.31,11.6,1.08,12.09,735.277,0,1,24.444444,2
28571,4,12,5,1,23.86,0.0,36.11,10.1,4.32,11.31,811.753,0,1,24.444444,2
28572,4,13,5,1,23.93,0.0,34.57,9.5,5.16,12.32,819.749,0,1,24.444444,2
28573,4,14,5,1,23.99,0.0,33.21,8.3,4.92,14.07,779.479,0,1,24.444444,2
28574,4,15,5,1,24.05,0.0,32.11,9.2,1.2,18.81,702.669,0,1,24.444444,2
28575,4,16,5,1,24.05,0.0,31.28,7.6,1.68,19.63,559.857,0,1,24.444444,2
28576,4,17,5,1,24.07,0.0,30.54,8.1,6.12,20.75,363.531,0,1,24.444444,2
28577,4,18,5,1,24.08,0.0,30.22,8.7,4.68,18.73,138.87,0,1,24.444444,2
28578,4,19,5,1,24.08,0.0,30.37,12.9,3.84,17.06,3.01148,0,1,24.444444,2
28579,4,20,5,1,24.08,0.0,30.81,10.6,7.08,12.62,0.0,0,1,24.444444,2
28580,4,21,5,1,24.07,0.0,31.43,9.7,7.56,10.41,0.0,0,1,24.444444,2
28581,4,22,5,1,24.01,0.0,32.24,8.4,3.0,7.82,0.0,0,1,24.444444,2
28582,4,23,5,1,23.89,0.0,33.61,8.0,1.32,5.42,0.0,0,1,24.444444,2
28583,4,24,5,1,23.65,0.0,36.2,8.0,0.36,3.21,0.0,0,1,24.444444,2
28584,4,1,6,1,23.24,0.0,39.17,4.0,0.96,1.11,0.0,0,1,24.444444,2
28585,4,2,6,1,23.31,0.0,40.51,8.8,0.72,2.25,0.0,0,1,24.444444,2
28586,4,3,6,1,23.2,0.0,41.59,8.6,0.36,1.51,0.0,0,1,24.444444,2
28587,4,4,6,1,23.06,0.0,42.78,8.1,0.24,1.09,0.0,0,1,24.444444,2
28588,4,5,6,1,22.84,0.0,44.08,3.7,1.92,0.16,0.0,0,1,24.444444,2
28589,4,6,6,1,22.91,0.0,44.27,9.1,4.92,0.93,0.0,0,1,24.444444,2
28590,4,7,6,1,23.24,0.0,43.61,8.4,19.92,2.2,38.3375,0,1,24.444444,2
28591,4,8,6,1,23.49,0.0,42.91,9.1,12.6,7.43,193.092,0,1,24.444444,2
28592,4,9,6,1,23.56,0.0,41.41,9.0,5.28,9.75,413.481,0,1,24.444444,2
28593,4,10,6,1,23.63,0.0,39.24,8.8,3.36,9.99,589.993,0,1,24.444444,2
28594,4,11,6,1,23.72,0.0,37.21,9.0,5.52,9.79,701.328,0,1,24.444444,2
28595,4,12,6,1,23.84,0.0,34.98,10.4,2.52,11.44,769.653,0,1,24.444444,2
28596,4,13,6,1,23.9,0.0,33.47,8.8,1.68,11.83,805.71,0,1,24.444444,2
28597,4,14,6,1,24.02,0.0,32.07,10.2,0.84,16.01,780.83,0,1,24.444444,2
28598,4,15,6,1,24.05,0.0,31.2,9.0,1.32,19.69,688.137,0,1,24.444444,2
28599,4,16,6,1,24.06,0.0,30.81,8.6,1.8,22.66,556.733,0,1,24.444444,2
28600,4,17,6,1,24.08,0.0,30.88,8.8,1.68,24.26,362.351,0,1,24.444444,2
28601,4,18,6,1,24.08,0.0,31.55,9.3,2.28,22.64,140.781,0,1,24.444444,2
28602,4,19,6,1,24.08,0.0,32.47,10.2,7.68,16.87,2.98189,0,1,24.444444,2
28603,4,20,6,1,24.08,0.0,33.07,10.8,11.88,15.55,0.0,0,1,24.444444,2
28604,4,21,6,1,24.08,0.0,33.62,11.3,1.68,14.34,0.0,0,1,24.444444,2
28605,4,22,6,1,24.07,0.0,33.93,10.0,1.2,11.25,0.0,0,1,24.444444,2
28606,4,23,6,1,23.87,0.0,34.48,4.8,1.08,4.77,0.0,0,1,24.444444,2
28607,4,24,6,1,23.83,0.0,35.56,9.9,1.32,5.89,0.0,0,1,24.444444,2
28608,4,1,7,1,23.47,0.0,38.08,4.3,1.08,1.8,0.0,0,1,24.444444,2
28609,4,2,7,1,23.38,0.0,39.64,7.4,0.72,2.37,0.0,0,1,24.444444,2
28610,4,3,7,1,23.1,0.0,41.03,3.3,0.48,0.84,0.0,0,1,24.444444,2
28611,4,4,7,1,23.14,0.0,41.04,7.5,0.6,1.52,0.0,0,1,24.444444,2
28612,4,5,7,1,22.91,0.0,41.51,3.0,3.24,0.33,0.0,0,1,24.444444,2
28613,4,6,7,1,22.99,0.0,40.6,8.0,10.44,1.15,0.0,0,1,24.444444,2
28614,4,7,7,1,23.46,0.0,38.79,11.3,21.0,4.68,38.8804,0,1,24.444444,2
28615,4,8,7,1,23.55,0.0,37.39,7.0,4.44,6.9,191.579,0,1,24.444444,2
28616,4,9,7,1,23.7,0.0,35.24,12.4,5.88,12.69,399.546,0,1,24.444444,2
28617,4,10,7,1,23.7,0.0,34.65,6.8,1.2,9.95,562.575,0,1,24.444444,2
28618,4,11,7,1,23.79,0.0,34.01,8.7,3.6,11.62,670.876,0,1,24.444444,2
28619,4,12,7,1,23.9,0.0,33.48,9.1,5.52,12.95,757.626,0,1,24.444444,2
28620,4,13,7,1,24.01,0.0,33.03,9.4,3.24,15.21,768.484,0,1,24.444444,2
28621,4,14,7,1,24.07,0.0,32.63,9.8,3.84,19.3,738.424,0,1,24.444444,2
28622,4,15,7,1,24.08,0.0,32.31,10.5,5.76,24.55,657.209,0,1,24.444444,2
28623,4,16,7,1,24.08,0.0,31.52,7.9,1.2,24.86,525.093,0,1,24.444444,2
28624,4,17,7,1,24.08,0.0,31.13,11.7,4.44,29.52,345.326,0,1,24.444444,2
28625,4,18,7,1,24.08,0.0,31.78,9.9,1.08,24.79,132.295,0,1,24.444444,2
28626,4,19,7,1,24.08,0.0,33.55,9.3,17.16,17.59,2.88622,0,1,24.444444,2
28627,4,20,7,1,24.08,0.0,36.24,8.9,2.52,14.55,0.0,0,1,24.444444,2
28628,4,21,7,1,24.08,0.0,38.63,11.1,4.8,15.22,0.0,0,1,24.444444,2
28629,4,22,7,1,24.07,0.0,40.04,9.6,3.0,11.26,0.0,0,1,24.444444,2
28630,4,23,7,1,23.9,0.0,41.63,5.2,0.96,5.76,0.0,0,1,24.444444,2
28631,4,24,7,1,23.71,0.0,43.55,5.0,1.32,4.51,0.0,0,1,24.444444,2
28632,4,1,1,1,23.53,0.0,44.9,3.7,0.96,2.92,0.0,0,1,24.444444,2
28633,4,2,1,1,23.37,0.0,46.24,3.5,0.72,2.14,0.0,0,1,24.444444,2
28634,4,3,1,1,23.22,0.0,47.22,3.6,0.48,1.39,0.0,0,1,24.444444,2
28635,4,4,1,1,23.06,0.0,48.38,3.5,4.32,0.95,0.0,0,1,24.444444,2
28636,4,5,1,1,22.95,0.0,49.66,3.5,0.24,0.65,0.0,0,1,24.444444,2
28637,4,6,1,1,22.9,0.0,50.16,4.0,9.96,0.54,0.0,0,1,24.444444,2
28638,4,7,1,1,23.17,0.0,49.27,3.7,9.84,1.5,40.6099,0,1,24.444444,2
28639,4,8,1,1,23.44,0.0,47.92,4.3,9.36,6.25,192.646,0,1,24.444444,2
28640,4,9,1,1,23.51,0.0,46.27,3.7,15.6,8.72,403.24,0,1,24.444444,2
28641,4,10,1,1,23.6,0.0,44.95,4.6,8.16,9.89,576.645,0,1,24.444444,2
28642,4,11,1,1,23.68,0.0,44.32,4.4,4.32,9.58,703.392,0,1,24.444444,2
28643,4,12,1,1,23.78,0.0,44.53,5.2,8.64,10.88,776.618,0,1,24.444444,2
28644,4,13,1,1,23.85,0.0,45.35,4.2,4.92,11.97,796.401,0,1,24.444444,2
28645,4,14,1,1,24.03,0.0,44.71,10.2,1.32,21.25,771.524,0,1,24.444444,2
28646,4,15,1,1,24.03,0.0,43.96,4.7,3.48,19.1,683.817,0,1,24.444444,2
28647,4,16,1,1,24.01,0.0,43.85,3.1,6.96,19.58,541.551,0,1,24.444444,2
28648,4,17,1,1,24.03,0.0,44.05,4.8,6.6,21.84,351.032,0,1,24.444444,2
28649,4,18,1,1,24.05,0.0,44.46,4.4,3.0,18.91,133.374,0,1,24.444444,2
28650,4,19,1,1,24.05,0.0,45.27,4.9,4.08,12.74,2.88547,0,1,24.444444,2
28651,4,20,1,1,24.05,0.0,46.26,7.0,2.76,12.71,0.0,0,1,24.444444,2
28652,4,21,1,1,24.01,0.0,47.39,5.7,1.08,9.95,0.0,0,1,24.444444,2
28653,4,22,1,1,23.97,0.0,48.48,6.3,1.8,8.98,0.0,0,1,24.444444,2
28654,4,23,1,1,23.85,0.0,49.69,4.9,0.84,6.42,0.0,0,1,24.444444,2
28655,4,24,1,1,23.67,0.0,51.22,3.5,0.72,4.41,0.0,0,1,24.444444,2
28656,4,1,2,1,23.63,0.0,52.22,4.9,1.68,4.45,0.0,0,1,24.444444,2
28657,4,2,2,1,23.43,0.0,53.71,3.3,0.72,2.52,0.0,0,1,24.444444,2
28658,4,3,2,1,23.31,0.0,54.78,3.9,0.48,2.39,0.0,0,1,24.444444,2
28659,4,4,2,1,23.27,0.0,55.68,3.7,0.48,2.08,0.0,0,1,24.444444,2
28660,4,5,2,1,23.26,0.0,56.71,3.8,0.36,2.25,0.0,0,1,24.444444,2
28661,4,6,2,1,23.28,0.0,57.83,3.7,0.72,2.43,0.0,0,1,24.444444,2
28662,4,7,2,1,23.42,0.0,58.0,3.3,4.8,3.06,32.2644,0,1,24.444444,2
28663,4,8,2,1,23.44,0.0,57.93,3.5,3.36,3.34,112.093,0,1,24.444444,2
28664,4,9,2,1,23.59,0.0,56.72,3.9,7.32,7.73,315.267,0,1,24.444444,2
28665,4,10,2,1,23.69,0.0,54.78,3.9,11.28,12.0,508.549,0,1,24.444444,2
28666,4,11,2,1,23.84,0.0,52.58,6.0,6.24,15.3,660.885,0,1,24.444444,2
28667,4,12,2,1,23.95,0.0,51.21,6.6,3.96,16.72,532.561,0,1,24.444444,2
28668,4,13,2,1,24.02,0.0,50.26,5.8,4.56,18.27,548.132,0,1,24.444444,2
28669,4,14,2,1,24.07,0.0,50.02,9.2,6.72,25.44,503.512,0,1,24.444444,2
28670,4,15,2,1,24.06,0.0,50.51,3.7,2.64,20.59,501.613,0,1,24.444444,2
28671,4,16,2,1,24.07,0.0,51.06,4.2,4.08,21.95,352.407,0,1,24.444444,2
28672,4,17,2,1,24.07,0.0,51.53,4.2,6.24,23.38,262.99,0,1,24.444444,2
28673,4,18,2,1,24.07,0.0,51.29,9.5,3.72,29.81,126.309,0,1,24.444444,2
28674,4,19,2,1,24.08,0.0,51.51,7.4,4.44,19.78,3.13276,0,1,24.444444,2
28675,4,20,2,1,24.07,0.0,52.6,5.2,7.68,14.01,0.0,0,1,24.444444,2
28676,4,21,2,1,24.07,0.0,53.99,5.8,8.04,13.58,0.0,0,1,24.444444,2
28677,4,22,2,1,24.04,0.0,55.91,4.7,2.28,11.17,0.0,0,1,24.444444,2
28678,4,23,2,1,23.97,0.0,58.31,3.9,1.68,8.78,0.0,0,1,24.444444,2
28679,4,24,2,1,23.89,0.0,60.82,3.8,0.0,7.84,0.0,0,1,24.444444,2
28680,4,1,3,1,23.81,0.0,62.91,3.3,3.24,6.83,0.0,0,1,24.444444,2
28681,4,2,3,1,23.73,0.0,65.23,3.3,0.0,5.92,0.0,0,1,24.444444,2
28682,4,3,3,1,23.69,0.0,67.01,3.6,0.48,5.83,0.0,0,1,24.444444,2
28683,4,4,3,1,23.63,0.0,68.52,3.2,1.2,4.81,0.0,0,1,24.444444,2
28684,4,5,3,1,23.58,0.0,69.65,3.6,0.36,4.5,0.0,0,1,24.444444,2
28685,4,6,3,1,23.55,0.0,69.88,3.4,8.88,4.59,0.0,0,1,24.444444,2
28686,4,7,3,1,23.69,0.0,68.1,4.1,10.2,10.55,46.0996,0,1,24.444444,2
28687,4,8,3,1,23.74,0.0,65.59,5.3,4.8,16.52,185.986,0,1,24.444444,2
28688,4,9,3,1,23.78,0.0,61.85,4.5,3.96,17.86,394.421,0,1,24.444444,2
28689,4,10,3,1,23.9,0.0,59.08,6.7,4.32,20.6,562.711,0,1,24.444444,2
28690,4,11,3,1,23.97,0.0,56.69,4.6,2.4,18.24,609.993,0,1,24.444444,2
28691,4,12,3,1,24.01,0.0,54.32,3.6,3.24,18.04,632.63,0,1,24.444444,2
28692,4,13,3,1,24.07,0.0,51.07,9.5,1.92,27.6,663.385,0,1,24.444444,2
28693,4,14,3,1,24.07,0.0,47.15,10.3,3.72,31.01,620.996,0,1,24.444444,2
28694,4,15,3,1,24.07,0.0,44.86,9.7,2.16,32.15,588.202,0,1,24.444444,2
28695,4,16,3,1,24.07,0.0,43.64,7.5,0.84,30.4,477.08,0,1,24.444444,2
28696,4,17,3,1,24.08,0.0,43.91,8.0,2.88,30.72,287.65,0,1,24.444444,2
28697,4,18,3,1,24.08,0.0,44.51,7.8,2.28,27.82,109.319,0,1,24.444444,2
28698,4,19,3,1,24.08,0.0,45.35,9.2,2.52,24.15,3.00364,0,1,24.444444,2
28699,4,20,3,1,24.07,0.0,47.44,10.3,11.04,23.2,0.0,0,1,24.444444,2
28700,4,21,3,1,24.07,0.0,49.73,9.4,10.92,20.66,0.0,0,1,24.444444,2
28701,4,22,3,1,24.09,0.01,49.25,24.9,2.04,39.96,0.0,0,1,24.444444,2
28702,4,23,3,1,24.07,0.0,50.91,6.0,0.96,13.06,0.0,0,1,24.444444,2
28703,4,24,3,1,24.03,0.0,55.99,4.5,0.36,10.47,0.0,0,1,24.444444,2
28704,4,1,4,1,23.94,0.0,59.74,3.5,0.6,7.89,0.0,0,1,24.444444,2
28705,4,2,4,1,23.87,0.0,62.17,4.5,0.24,7.7,0.0,0,1,24.444444,2
28706,4,3,4,1,23.73,0.0,64.77,3.2,0.84,5.4,0.0,0,1,24.444444,2
28707,4,4,4,1,23.81,0.0,65.88,6.9,0.48,8.77,0.0,0,1,24.444444,2
28708,4,5,4,1,23.76,0.0,67.06,4.6,6.72,6.76,0.0,0,1,24.444444,2
28709,4,6,4,1,23.7,0.0,68.39,3.6,6.6,6.1,0.0,0,1,24.444444,2
28710,4,7,4,1,23.83,0.0,67.35,7.1,17.04,16.04,43.13,0,1,24.444444,2
28711,4,8,4,1,23.85,0.0,65.87,4.9,8.88,18.0,190.424,0,1,24.444444,2
28712,4,9,4,1,23.89,0.0,62.99,5.5,3.24,18.15,312.96,0,1,24.444444,2
28713,4,10,4,1,23.94,0.0,59.64,3.8,9.72,17.49,427.807,0,1,24.444444,2
28714,4,11,4,1,23.99,0.0,56.91,4.2,2.4,18.23,648.32,0,1,24.444444,2
28715,4,12,4,1,24.02,0.0,55.82,3.8,1.2,17.77,633.341,0,1,24.444444,2
28716,4,13,4,1,24.07,0.0,53.29,9.2,3.72,27.53,718.993,0,1,24.444444,2
28717,4,14,4,1,24.07,0.0,50.38,9.6,1.68,31.49,629.317,0,1,24.444444,2
28718,4,15,4,1,24.07,0.0,47.16,10.2,5.52,34.27,589.973,0,1,24.444444,2
28719,4,16,4,1,24.07,0.0,43.74,8.0,1.2,32.71,500.346,0,1,24.444444,2
28720,4,17,4,1,24.08,0.0,42.05,10.0,4.56,33.94,304.344,0,1,24.444444,2
28721,4,18,4,1,24.08,0.0,41.33,8.0,3.72,28.9,122.949,0,1,24.444444,2
28722,4,19,4,1,24.08,0.0,41.65,5.8,4.08,20.08,3.44818,0,1,24.444444,2
28723,4,20,4,1,24.08,0.0,42.31,9.0,5.4,20.87,0.0,0,1,24.444444,2
28724,4,21,4,1,24.08,0.0,42.85,10.2,2.28,19.65,0.0,0,1,24.444444,2
28725,4,22,4,1,24.07,0.0,43.87,7.3,2.4,12.91,0.0,0,1,24.444444,2
28726,4,23,4,1,24.04,0.0,46.03,6.2,0.84,9.62,0.0,0,1,24.444444,2
28727,4,24,4,1,23.95,0.0,48.13,5.0,1.2,7.07,0.0,0,1,24.444444,2
28728,4,1,5,1,23.94,0.0,50.81,7.6,0.24,8.14,0.0,0,1,24.444444,2
28729,4,2,5,1,23.72,0.0,53.69,4.0,0.6,4.37,0.0,0,1,24.444444,2
28730,4,3,5,1,23.61,0.0,56.01,4.6,0.24,3.92,0.0,0,1,24.444444,2
28731,4,4,5,1,23.47,0.0,58.1,3.9,0.48,2.93,0.0,0,1,24.444444,2
28732,4,5,5,1,23.35,0.0,60.03,3.5,3.48,2.5,0.0,0,1,24.444444,2
28733,4,6,5,1,23.32,0.0,61.66,3.9,7.8,2.55,0.0,0,1,24.444444,2
28734,4,7,5,1,23.76,0.0,60.11,12.3,16.2,14.89,44.6492,0,1,24.444444,2
28735,4,8,5,1,23.88,0.0,58.69,10.2,11.64,19.47,187.486,0,1,24.444444,2
28736,4,9,5,1,23.94,0.0,57.05,9.5,3.6,21.16,382.337,0,1,24.444444,2
28737,4,10,5,1,23.98,0.0,54.9,7.9,8.04,20.25,544.906,0,1,24.444444,2
28738,4,11,5,1,24.04,0.0,51.83,10.4,0.84,23.11,654.726,0,1,24.444444,2
28739,4,12,5,1,24.07,0.0,49.05,12.3,9.24,26.29,727.84,0,1,24.444444,2
28740,4,13,5,1,24.07,0.0,46.93,9.0,6.24,24.6,738.851,0,1,24.444444,2
28741,4,14,5,1,24.07,0.0,45.73,10.4,4.44,30.66,702.964,0,1,24.444444,2
28742,4,15,5,1,24.07,0.0,44.61,9.2,1.2,32.51,565.849,0,1,24.444444,2
28743,4,16,5,1,24.08,0.0,43.21,7.3,4.2,30.99,437.894,0,1,24.444444,2
28744,4,17,5,1,24.08,0.0,42.22,8.0,2.16,30.41,235.444,0,1,24.444444,2
28745,4,18,5,1,24.08,0.0,42.41,9.3,7.32,30.94,119.482,0,1,24.444444,2
28746,4,19,5,1,24.08,0.0,43.16,9.9,4.68,25.75,3.79783,0,1,24.444444,2
28747,4,20,5,1,24.08,0.0,43.95,9.1,5.4,22.03,0.0,0,1,24.444444,2
28748,4,21,5,1,24.07,0.0,46.01,9.9,5.52,21.73,0.0,0,1,24.444444,2
28749,4,22,5,1,24.07,0.0,48.4,8.7,4.92,18.31,0.0,0,1,24.444444,2
28750,4,23,5,1,24.07,0.0,50.75,12.8,0.84,22.76,0.0,0,1,24.444444,2
28751,4,24,5,1,24.07,0.0,53.37,7.5,0.72,14.15,0.0,0,1,24.444444,2
28752,4,1,6,1,23.99,0.0,56.79,4.7,0.48,8.78,0.0,0,1,24.444444,2
28753,4,2,6,1,24.0,0.0,58.42,8.6,0.48,11.41,0.0,0,1,24.444444,2
28754,4,3,6,1,24.0,0.0,58.75,9.5,0.72,10.65,0.0,0,1,24.444444,2
28755,4,4,6,1,23.69,0.0,61.05,3.1,0.96,3.95,0.0,0,1,24.444444,2
28756,4,5,6,1,23.6,0.0,62.87,3.8,3.96,4.15,0.0,0,1,24.444444,2
28757,4,6,6,1,23.8,0.0,62.11,8.9,3.96,9.83,0.0,0,1,24.444444,2
28758,4,7,6,1,23.95,0.0,60.45,11.2,23.4,19.23,47.683,0,1,24.444444,2
28759,4,8,6,1,23.98,0.0,59.0,9.4,8.4,20.79,186.424,0,1,24.444444,2
28760,4,9,6,1,24.0,0.0,57.22,8.6,7.92,20.8,362.859,0,1,24.444444,2
28761,4,10,6,1,24.03,0.0,54.78,8.7,6.96,22.8,491.1,0,1,24.444444,2
28762,4,11,6,1,24.05,0.0,52.67,8.3,5.28,23.58,606.315,0,1,24.444444,2
28763,4,12,6,1,24.07,0.0,51.1,8.3,1.08,24.83,646.077,0,1,24.444444,2
28764,4,13,6,1,24.07,0.0,50.18,8.8,2.76,28.0,613.802,0,1,24.444444,2
28765,4,14,6,1,24.07,0.0,49.65,9.9,1.44,30.64,570.625,0,1,24.444444,2
28766,4,15,6,1,24.07,0.0,49.63,9.0,3.72,30.07,484.034,0,1,24.444444,2
28767,4,16,6,1,24.07,0.0,49.48,8.4,4.68,29.83,380.818,0,1,24.444444,2
28768,4,17,6,1,24.07,0.0,49.1,9.5,3.48,29.56,209.85,0,1,24.444444,2
28769,4,18,6,1,24.07,0.0,48.67,10.0,2.88,27.17,70.7169,0,1,24.444444,2
28770,4,19,6,1,24.07,0.0,49.1,9.1,5.76,22.17,0.574351,0,1,24.444444,2
28771,4,20,6,1,24.07,0.0,50.2,9.7,3.0,20.9,0.0,0,1,24.444444,2
28772,4,21,6,1,24.07,0.0,51.27,10.3,6.72,20.03,0.0,0,1,24.444444,2
28773,4,22,6,1,24.07,0.0,51.78,13.7,1.56,22.88,0.0,0,1,24.444444,2
28774,4,23,6,1,24.03,0.0,53.42,5.2,1.32,9.89,0.0,0,1,24.444444,2
28775,4,24,6,1,24.06,0.0,55.04,10.1,0.84,15.08,0.0,0,1,24.444444,2
28776,4,1,7,1,23.91,0.0,57.31,3.7,0.6,6.96,0.0,0,1,24.444444,2
28777,4,2,7,1,23.98,0.0,58.78,7.9,0.84,10.93,0.0,0,1,24.444444,2
28778,4,3,7,1,23.82,0.0,60.7,3.6,0.12,5.89,0.0,0,1,24.444444,2
28779,4,4,7,1,23.87,0.0,61.59,7.8,2.04,9.02,0.0,0,1,24.444444,2
28780,4,5,7,1,23.72,0.0,63.54,3.9,1.56,4.9,0.0,0,1,24.444444,2
28781,4,6,7,1,23.8,0.0,64.33,7.6,8.04,9.52,0.0,0,1,24.444444,2
28782,4,7,7,1,23.89,0.0,63.28,7.9,10.44,16.45,48.6522,0,1,24.444444,2
28783,4,8,7,1,23.94,0.0,61.62,8.1,8.16,20.11,192.814,0,1,24.444444,2
28784,4,9,7,1,23.99,0.0,59.88,8.3,4.92,19.87,310.908,0,1,24.444444,2
28785,4,10,7,1,24.0,0.0,58.61,5.6,4.32,17.36,361.398,0,1,24.444444,2
28786,4,11,7,1,24.05,0.0,56.38,11.9,1.56,27.36,443.799,0,1,24.444444,2
28787,4,12,7,1,24.07,0.0,54.49,8.5,2.52,23.78,425.182,0,1,24.444444,2
28788,4,13,7,1,24.07,0.0,53.16,9.9,2.28,28.08,470.356,0,1,24.444444,2
28789,4,14,7,1,24.07,0.0,51.42,13.0,0.84,34.53,525.183,0,1,24.444444,2
28790,4,15,7,1,24.07,0.0,50.19,9.8,4.08,31.56,436.142,0,1,24.444444,2
28791,4,16,7,1,24.07,0.0,48.75,15.1,2.16,41.03,487.729,0,1,24.444444,2
28792,4,17,7,1,24.07,0.0,48.78,7.4,4.68,30.06,304.029,0,1,24.444444,2
28793,4,18,7,1,24.07,0.0,50.22,8.4,3.6,29.44,119.625,0,1,24.444444,2
28794,4,19,7,1,24.07,0.0,51.29,10.3,5.64,26.9,3.72436,0,1,24.444444,2
28795,4,20,7,1,24.07,0.0,52.24,9.8,1.8,23.78,0.0,0,1,24.444444,2
28796,4,21,7,1,24.07,0.0,53.86,9.2,4.8,21.7,0.0,0,1,24.444444,2
28797,4,22,7,1,24.07,0.0,55.23,12.1,1.56,24.79,0.0,0,1,24.444444,2
28798,4,23,7,1,24.06,0.0,57.76,5.2,0.6,13.48,0.0,0,1,24.444444,2
28799,4,24,7,1,24.04,0.0,60.84,5.3,0.6,12.94,0.0,0,1,24.444444,2
28800,4,1,1,1,23.97,0.0,63.49,3.2,0.6,9.23,0.0,0,1,24.444444,2
28801,4,2,1,1,23.9,0.0,66.04,3.2,0.84,8.48,0.0,0,1,24.444444,2
28802,4,3,1,1,23.88,0.0,67.68,4.3,2.88,8.87,0.0,0,1,24.444444,2
28803,4,4,1,1,23.81,0.0,69.23,3.6,0.48,7.53,0.0,0,1,24.444444,2
28804,4,5,1,1,23.77,0.0,70.49,3.7,1.92,7.33,0.0,0,1,24.444444,2
28805,4,6,1,1,23.74,0.0,71.35,3.2,6.6,7.3,0.0,0,1,24.444444,2
28806,4,7,1,1,23.79,0.0,71.1,3.4,9.36,9.57,48.6365,0,1,24.444444,2
28807,4,8,1,1,23.85,0.0,69.86,5.6,5.52,13.81,147.78,0,1,24.444444,2
28808,4,9,1,1,23.87,0.0,67.94,3.8,13.56,14.05,277.702,0,1,24.444444,2
28809,4,10,1,1,23.93,0.0,65.64,4.1,3.84,18.15,435.364,0,1,24.444444,2
28810,4,11,1,1,24.01,0.0,63.03,5.0,8.64,20.76,470.943,0,1,24.444444,2
28811,4,12,1,1,24.04,0.0,60.54,5.0,8.76,22.41,514.155,0,1,24.444444,2
28812,4,13,1,1,24.04,0.0,59.58,3.8,4.92,17.8,372.515,0,1,24.444444,2
28813,4,14,1,1,24.07,0.0,58.22,13.4,4.92,32.0,375.164,0,1,24.444444,2
28814,4,15,1,1,24.06,0.0,57.38,4.4,7.68,15.06,84.7777,0,1,24.444444,2
28815,4,16,1,1,24.04,0.0,58.39,3.7,9.84,13.55,78.4483,0,1,24.444444,2
28816,4,17,1,1,24.05,0.0,59.37,4.4,4.32,15.25,89.3252,0,1,24.444444,2
28817,4,18,1,1,24.06,0.0,61.61,4.3,7.68,15.54,44.0678,0,1,24.444444,2
28818,4,19,1,1,24.06,0.0,63.17,6.5,3.12,17.24,0.0,0,1,24.444444,2
28819,4,20,1,1,24.04,0.0,64.53,4.8,1.56,13.0,0.0,0,1,24.444444,2
28820,4,21,1,1,24.07,0.0,64.13,11.3,3.0,22.32,0.0,0,1,24.444444,2
28821,4,22,1,1,24.05,0.0,64.18,7.0,1.56,14.05,0.0,0,1,24.444444,2
28822,4,23,1,1,23.98,0.0,66.17,4.5,0.72,9.9,0.0,0,1,24.444444,2
28823,4,24,1,1,23.91,0.0,68.41,3.8,1.08,8.61,0.0,0,1,24.444444,2
28824,4,1,2,1,23.87,0.0,69.89,4.5,0.48,8.64,0.0,0,1,24.444444,2
28825,4,2,2,1,23.78,0.0,71.4,3.6,0.48,7.06,0.0,0,1,24.444444,2
28826,4,3,2,1,23.73,0.0,72.6,3.6,0.24,6.68,0.0,0,1,24.444444,2
28827,4,4,2,1,23.7,0.0,73.24,3.9,0.6,6.48,0.0,0,1,24.444444,2
28828,4,5,2,1,23.63,0.0,74.32,3.1,1.44,4.87,0.0,0,1,24.444444,2
28829,4,6,2,1,23.77,0.0,73.09,7.9,5.4,11.32,0.0,0,1,24.444444,2
28830,4,7,2,1,23.79,0.0,71.92,3.3,1.8,12.34,51.069,0,1,24.444444,2
28831,4,8,2,1,23.8,0.0,70.46,4.4,3.0,17.47,190.922,0,1,24.444444,2
28832,4,9,2,1,23.87,0.0,68.42,4.9,10.56,18.94,343.003,0,1,24.444444,2
28833,4,10,2,1,23.93,0.0,67.09,4.3,8.88,17.87,463.289,0,1,24.444444,2
28834,4,11,2,1,24.0,0.0,65.69,8.8,3.6,19.06,205.686,0,1,24.444444,2
28835,4,12,2,1,23.97,0.0,63.52,6.2,3.0,11.87,97.5006,0,1,24.444444,2
28836,4,13,2,1,23.96,0.0,62.11,6.8,3.84,12.98,137.132,0,1,24.444444,2
28837,4,14,2,1,24.01,0.0,61.0,8.5,7.8,14.94,98.5589,0,1,24.444444,2
28838,4,15,2,1,23.99,0.0,61.11,6.0,6.36,12.42,86.0199,0,1,24.444444,2
28839,4,16,2,1,24.0,0.0,61.5,3.8,1.56,15.82,340.103,0,1,24.444444,2
28840,4,17,2,1,24.01,0.0,61.13,5.1,3.0,20.48,281.607,0,1,24.444444,2
28841,4,18,2,1,24.05,0.0,60.27,9.4,5.88,24.53,99.9329,0,1,24.444444,2
28842,4,19,2,1,24.04,0.0,60.66,6.2,6.48,15.28,2.93535,0,1,24.444444,2
28843,4,20,2,1,24.07,0.0,60.85,11.5,4.2,21.69,0.0,0,1,24.444444,2
28844,4,21,2,1,24.02,0.0,62.13,4.9,3.6,11.43,0.0,0,1,24.444444,2
28845,4,22,2,1,24.01,0.0,63.72,6.1,2.52,11.94,0.0,0,1,24.444444,2
28846,4,23,2,1,23.92,0.0,65.45,4.0,4.08,8.48,0.0,0,1,24.444444,2
28847,4,24,2,1,23.88,0.0,66.48,4.6,1.68,8.07,0.0,0,1,24.444444,2
28848,4,1,3,1,23.76,0.0,67.81,3.8,0.12,6.04,0.0,0,1,24.444444,2
28849,4,2,3,1,23.65,0.0,68.96,3.7,0.36,4.97,0.0,0,1,24.444444,2
28850,4,3,3,1,23.55,0.0,69.98,3.3,0.12,4.09,0.0,0,1,24.444444,2
28851,4,4,3,1,23.49,0.0,71.03,3.4,0.48,3.76,0.0,0,1,24.444444,2
28852,4,5,3,1,23.44,0.0,71.83,3.5,0.72,3.53,0.0,0,1,24.444444,2
28853,4,6,3,1,23.4,0.0,72.22,3.4,11.28,3.51,0.0,0,1,24.444444,2
28854,4,7,3,1,23.54,0.0,71.78,4.0,6.96,6.34,50.8346,0,1,24.444444,2
28855,4,8,3,1,23.68,0.0,70.83,4.1,12.48,11.45,183.229,0,1,24.444444,2
28856,4,9,3,1,23.72,0.0,68.75,3.3,1.56,14.76,359.53,0,1,24.444444,2
28857,4,10,3,1,23.79,0.0,66.13,3.9,1.32,16.67,483.092,0,1,24.444444,2
28858,4,11,3,1,23.89,0.0,63.17,4.1,1.68,17.7,662.733,0,1,24.444444,2
28859,4,12,3,1,23.99,0.0,59.83,4.5,1.56,20.17,671.59,0,1,24.444444,2
28860,4,13,3,1,24.07,0.0,55.82,10.4,2.16,30.5,658.158,0,1,24.444444,2
28861,4,14,3,1,24.07,0.0,52.94,9.6,2.52,32.15,621.271,0,1,24.444444,2
28862,4,15,3,1,24.07,0.0,51.28,9.7,3.48,35.17,527.809,0,1,24.444444,2
28863,4,16,3,1,24.07,0.0,49.75,6.8,1.2,32.81,492.134,0,1,24.444444,2
28864,4,17,3,1,24.07,0.0,50.03,4.0,1.44,27.53,320.436,0,1,24.444444,2
28865,4,18,3,1,24.07,0.0,51.49,8.3,7.8,30.52,122.96,0,1,24.444444,2
28866,4,19,3,1,24.07,0.0,51.42,13.0,2.4,31.11,4.55003,0,1,24.444444,2
28867,4,20,3,1,24.07,0.0,51.17,11.3,9.84,26.23,0.0,0,1,24.444444,2
28868,4,21,3,1,24.07,0.0,51.89,10.0,12.36,22.73,0.0,0,1,24.444444,2
28869,4,22,3,1,24.07,0.0,52.59,12.9,1.68,24.81,0.0,0,1,24.444444,2
28870,4,23,3,1,24.07,0.0,53.73,7.6,1.2,15.53,0.0,0,1,24.444444,2
28871,4,24,3,1,24.03,0.0,55.89,4.8,0.96,9.89,0.0,0,1,24.444444,2
28872,4,1,4,1,23.93,0.0,58.99,3.5,0.36,7.86,0.0,0,1,24.444444,2
28873,4,2,4,1,23.84,0.0,61.91,3.4,0.48,6.66,0.0,0,1,24.444444,2
28874,4,3,4,1,23.73,0.0,64.59,3.4,0.0,5.63,0.0,0,1,24.444444,2
28875,4,4,4,1,23.81,0.0,65.43,6.8,0.96,8.67,0.0,0,1,24.444444,2
28876,4,5,4,1,23.7,0.0,66.8,3.9,2.76,5.34,0.0,0,1,24.444444,2
28877,4,6,4,1,23.66,0.0,68.41,3.4,1.44,5.89,0.0,0,1,24.444444,2
28878,4,7,4,1,23.82,0.0,67.23,7.1,18.48,17.31,50.0091,0,1,24.444444,2
28879,4,8,4,1,23.85,0.0,65.66,5.0,5.88,18.97,199.189,0,1,24.444444,2
28880,4,9,4,1,23.9,0.0,63.51,5.1,3.48,19.85,359.15,0,1,24.444444,2
28881,4,10,4,1,23.97,0.0,61.05,5.2,3.36,20.73,512.055,0,1,24.444444,2
28882,4,11,4,1,24.01,0.0,59.92,3.8,2.04,19.6,451.453,0,1,24.444444,2
28883,4,12,4,1,24.04,0.0,58.28,4.7,1.08,22.9,610.12,0,1,24.444444,2
28884,4,13,4,1,24.07,0.0,56.42,9.0,1.32,29.8,642.336,0,1,24.444444,2
28885,4,14,4,1,24.07,0.0,55.48,10.3,6.12,32.08,530.599,0,1,24.444444,2
28886,4,15,4,1,24.07,0.0,54.78,9.4,2.76,27.24,191.869,0,1,24.444444,2
28887,4,16,4,1,24.07,0.0,54.9,7.8,1.56,28.81,372.577,0,1,24.444444,2
28888,4,17,4,1,24.07,0.0,55.13,9.2,1.68,35.01,318.761,0,1,24.444444,2
28889,4,18,4,1,24.07,0.0,55.11,8.8,5.04,31.85,122.832,0,1,24.444444,2
28890,4,19,4,1,24.07,0.0,55.75,8.2,2.16,24.29,4.5043,0,1,24.444444,2
28891,4,20,4,1,24.07,0.0,56.42,9.7,4.8,24.02,0.0,0,1,24.444444,2
28892,4,21,4,1,24.07,0.0,57.23,9.8,6.0,22.99,0.0,0,1,24.444444,2
28893,4,22,4,1,24.07,0.0,58.85,7.1,6.6,17.18,0.0,0,1,24.444444,2
28894,4,23,4,1,24.06,0.0,61.12,5.9,0.72,14.31,0.0,0,1,24.444444,2
28895,4,24,4,1,24.04,0.0,63.24,5.0,0.84,12.02,0.0,0,1,24.444444,2
28896,4,1,5,1,23.93,0.0,65.61,2.9,0.48,8.33,0.0,0,1,24.444444,2
28897,4,2,5,1,23.88,0.0,68.45,3.9,0.72,8.72,0.0,0,1,24.444444,2
28898,4,3,5,1,23.88,0.0,69.72,4.7,0.12,9.05,0.0,0,1,24.444444,2
28899,4,4,5,1,23.83,0.0,70.78,4.6,0.12,8.12,0.0,0,1,24.444444,2
28900,4,5,5,1,23.72,0.0,72.3,3.3,1.44,5.87,0.0,0,1,24.444444,2
28901,4,6,5,1,23.68,0.0,73.4,3.0,3.72,6.51,0.0,0,1,24.444444,2
28902,4,7,5,1,23.88,0.0,71.34,8.2,14.88,20.16,55.8677,0,1,24.444444,2
28903,4,8,5,1,23.97,0.0,68.33,8.6,9.36,24.14,193.925,0,1,24.444444,2
28904,4,9,5,1,24.01,0.0,65.13,8.5,3.96,26.07,365.693,0,1,24.444444,2
28905,4,10,5,1,24.04,0.0,62.51,8.7,7.32,28.33,531.973,0,1,24.444444,2
28906,4,11,5,1,24.06,0.0,59.85,9.4,2.16,28.34,627.519,0,1,24.444444,2
28907,4,12,5,1,24.07,0.0,57.94,7.7,1.8,26.47,687.537,0,1,24.444444,2
28908,4,13,5,1,24.07,0.0,56.67,8.8,1.32,30.22,737.482,0,1,24.444444,2
28909,4,14,5,1,24.07,0.0,55.33,10.2,1.68,36.36,713.242,0,1,24.444444,2
28910,4,15,5,1,24.07,0.0,53.97,9.3,1.8,38.61,635.041,0,1,24.444444,2
28911,4,16,5,1,24.07,0.0,52.96,7.7,3.72,36.1,398.741,0,1,24.444444,2
28912,4,17,5,1,24.07,0.0,52.3,7.8,3.12,37.23,324.631,0,1,24.444444,2
28913,4,18,5,1,24.07,0.0,51.9,8.9,5.04,35.38,127.679,0,1,24.444444,2
28914,4,19,5,1,24.07,0.0,51.98,10.3,3.72,30.13,4.68112,0,1,24.444444,2
28915,4,20,5,1,24.07,0.0,52.23,11.9,7.92,29.34,0.0,0,1,24.444444,2
28916,4,21,5,1,24.07,0.0,52.57,10.5,2.28,25.57,0.0,0,1,24.444444,2
28917,4,22,5,1,24.07,0.0,53.92,8.9,2.04,21.38,0.0,0,1,24.444444,2
28918,4,23,5,1,24.07,0.0,55.14,11.9,1.32,23.97,0.0,0,1,24.444444,2
28919,4,24,5,1,24.07,0.0,56.53,7.7,0.36,15.75,0.0,0,1,24.444444,2
28920,4,1,6,1,24.02,0.0,59.4,4.1,0.24,9.83,0.0,0,1,24.444444,2
28921,4,2,6,1,24.05,0.0,61.14,8.7,0.48,15.43,0.0,0,1,24.444444,2
28922,4,3,6,1,24.04,0.0,61.64,8.9,0.48,14.1,0.0,0,1,24.444444,2
28923,4,4,6,1,23.89,0.0,63.91,3.7,0.36,7.01,0.0,0,1,24.444444,2
28924,4,5,6,1,23.8,0.0,66.81,3.6,3.72,6.77,0.0,0,1,24.444444,2
28925,4,6,6,1,23.96,0.0,66.9,9.4,10.2,14.84,0.0,0,1,24.444444,2
28926,4,7,6,1,24.0,0.0,65.52,8.9,33.96,22.19,50.3751,0,1,24.444444,2
28927,4,8,6,1,24.02,0.0,63.5,9.2,10.32,26.16,201.472,0,1,24.444444,2
28928,4,9,6,1,24.03,0.0,61.41,9.4,1.68,27.87,392.982,0,1,24.444444,2
28929,4,10,6,1,24.05,0.0,59.53,8.3,4.92,26.59,481.635,0,1,24.444444,2
28930,4,11,6,1,24.07,0.0,57.82,7.9,2.64,26.47,628.115,0,1,24.444444,2
28931,4,12,6,1,24.07,0.0,56.25,8.3,0.96,27.6,735.787,0,1,24.444444,2
28932,4,13,6,1,24.07,0.0,53.89,8.9,0.96,30.13,751.447,0,1,24.444444,2
28933,4,14,6,1,24.07,0.0,51.17,9.7,1.08,33.94,725.677,0,1,24.444444,2
28934,4,15,6,1,24.07,0.0,49.31,9.0,3.0,35.95,647.204,0,1,24.444444,2
28935,4,16,6,1,24.07,0.0,47.83,7.7,1.56,35.87,512.42,0,1,24.444444,2
28936,4,17,6,1,24.07,0.0,46.68,9.2,2.16,37.38,336.595,0,1,24.444444,2
28937,4,18,6,1,24.07,0.0,46.49,10.1,2.88,35.35,134.297,0,1,24.444444,2
28938,4,19,6,1,24.07,0.0,47.95,8.8,4.08,27.03,5.47132,0,1,24.444444,2
28939,4,20,6,1,24.07,0.0,49.23,10.0,10.92,25.68,0.0,0,1,24.444444,2
28940,4,21,6,1,24.07,0.0,50.48,10.5,4.08,24.7,0.0,0,1,24.444444,2
28941,4,22,6,1,24.07,0.0,51.8,10.2,2.4,22.35,0.0,0,1,24.444444,2
28942,4,23,6,1,24.07,0.0,54.15,5.4,1.08,13.52,0.0,0,1,24.444444,2
28943,4,24,6,1,24.07,0.0,55.99,9.6,1.2,18.02,0.0,0,1,24.444444,2
28944,4,1,7,1,24.01,0.0,58.09,4.0,0.36,9.28,0.0,0,1,24.444444,2
28945,4,2,7,1,24.03,0.0,59.67,8.0,0.6,13.46,0.0,0,1,24.444444,2
28946,4,3,7,1,23.92,0.0,61.55,4.1,2.28,7.6,0.0,0,1,24.444444,2
28947,4,4,7,1,23.96,0.0,63.0,7.7,0.6,10.61,0.0,0,1,24.444444,2
28948,4,5,7,1,23.75,0.0,65.56,3.1,1.08,4.97,0.0,0,1,24.444444,2
28949,4,6,7,1,23.84,0.0,66.05,8.1,8.28,10.79,0.0,0,1,24.444444,2
28950,4,7,7,1,23.91,0.0,64.71,7.3,12.72,18.38,50.2732,0,1,24.444444,2
28951,4,8,7,1,23.97,0.0,62.81,8.2,8.64,23.81,203.101,0,1,24.444444,2
28952,4,9,7,1,24.01,0.0,60.37,8.6,5.16,25.86,396.421,0,1,24.444444,2
28953,4,10,7,1,24.03,0.0,58.81,7.0,2.04,24.79,549.58,0,1,24.444444,2
28954,4,11,7,1,24.06,0.0,56.69,9.7,5.4,29.07,651.681,0,1,24.444444,2
28955,4,12,7,1,24.07,0.0,54.8,7.6,0.96,27.66,586.43,0,1,24.444444,2
28956,4,13,7,1,24.07,0.0,53.47,9.2,2.16,30.76,622.23,0,1,24.444444,2
28957,4,14,7,1,24.07,0.0,51.85,10.4,0.84,36.13,648.455,0,1,24.444444,2
28958,4,15,7,1,24.07,0.0,50.84,10.7,5.28,40.91,619.423,0,1,24.444444,2
28959,4,16,7,1,24.07,0.0,51.03,8.8,1.8,38.88,457.19,0,1,24.444444,2
28960,4,17,7,1,24.07,0.0,51.68,11.8,3.72,39.64,182.144,0,1,24.444444,2
28961,4,18,7,1,24.07,0.0,53.1,9.4,2.16,34.15,55.7515,0,1,24.444444,2
28962,4,19,7,1,24.07,0.0,54.71,9.0,7.08,31.69,0.502767,0,1,24.444444,2
28963,4,20,7,1,24.07,0.0,55.48,9.9,2.16,30.96,0.0,0,1,24.444444,2
28964,4,21,7,1,24.07,0.0,56.32,10.0,6.0,29.43,0.0,0,1,24.444444,2
28965,4,22,7,1,24.07,0.0,57.04,10.9,2.76,28.87,0.0,0,1,24.444444,2
28966,4,23,7,1,24.07,0.0,58.7,6.6,1.44,19.8,0.0,0,1,24.444444,2
28967,4,24,7,1,24.07,0.0,60.49,5.7,0.36,15.45,0.0,0,1,24.444444,2
28968,4,1,1,1,23.99,0.0,61.8,3.5,0.6,9.78,0.0,0,1,24.444444,2
28969,4,2,1,1,23.89,0.0,61.86,3.3,0.96,7.91,0.0,0,1,24.444444,2
28970,4,3,1,1,23.82,0.0,61.38,3.6,3.24,6.9,0.0,0,1,24.444444,2
28971,4,4,1,1,23.73,0.0,61.02,3.6,0.48,5.55,0.0,0,1,24.444444,2
28972,4,5,1,1,23.64,0.0,61.3,3.4,0.84,4.5,0.0,0,1,24.444444,2
28973,4,6,1,1,23.62,0.0,60.98,4.0,10.2,4.55,0.0,0,1,24.444444,2
28974,4,7,1,1,23.48,0.0,60.89,2.6,7.68,2.93,9.02059,0,1,24.444444,2
28975,4,8,1,1,23.45,0.0,60.09,4.8,4.56,3.18,74.1416,0,1,24.444444,2
28976,4,9,1,1,23.46,0.0,58.8,6.2,12.36,3.33,70.4528,0,1,24.444444,2
28977,4,10,1,1,23.4,0.0,57.92,3.6,7.08,2.55,207.786,0,1,24.444444,2
28978,4,11,1,1,23.49,0.0,56.5,4.3,6.96,4.26,413.797,0,1,24.444444,2
28979,4,12,1,1,23.56,0.0,54.78,4.7,3.84,5.59,457.482,0,1,24.444444,2
28980,4,13,1,1,23.61,0.0,52.81,4.4,6.6,6.39,682.947,0,1,24.444444,2
28981,4,14,1,1,23.85,0.0,50.04,10.4,13.32,13.48,722.422,0,1,24.444444,2
28982,4,15,1,1,23.83,0.0,48.63,3.8,14.4,8.62,467.775,0,1,24.444444,2
28983,4,16,1,1,23.78,0.0,47.6,4.2,5.64,7.22,219.907,0,1,24.444444,2
28984,4,17,1,1,23.72,0.0,46.71,4.1,5.64,6.02,133.454,0,1,24.444444,2
28985,4,18,1,1,23.64,0.0,46.5,3.6,7.8,4.95,70.3339,0,1,24.444444,2
28986,4,19,1,1,23.58,0.0,46.14,5.2,9.12,4.56,2.39896,0,1,24.444444,2
28987,4,20,1,1,23.5,0.0,45.72,4.6,7.2,3.4,0.0,0,1,24.444444,2
28988,4,21,1,1,23.48,0.0,45.69,5.6,2.4,3.34,0.0,0,1,24.444444,2
28989,4,22,1,1,23.59,0.0,45.77,9.8,1.56,5.24,0.0,0,1,24.444444,2
28990,4,23,1,1,23.31,0.0,47.24,4.8,1.32,1.36,0.0,0,1,24.444444,2
28991,4,24,1,1,23.03,0.0,48.92,3.4,5.4,0.57,0.0,0,1,24.444444,2
28992,4,1,2,1,22.98,0.0,49.7,5.0,3.72,0.76,0.0,0,1,24.444444,2
28993,4,2,2,1,22.88,0.0,50.48,3.4,1.68,0.3,0.0,0,1,24.444444,2
28994,4,3,2,1,22.83,0.0,50.49,4.0,0.72,0.28,0.0,0,1,24.444444,2
28995,4,4,2,1,22.77,0.0,50.46,3.7,0.6,0.14,0.0,0,1,24.444444,2
28996,4,5,2,1,22.73,0.0,50.5,3.3,0.72,0.06,0.0,0,1,24.444444,2
28997,4,6,2,1,22.73,0.0,50.65,3.2,2.76,0.09,0.0,0,1,24.444444,2
28998,4,7,2,1,22.98,0.0,50.38,3.7,3.84,0.46,55.9217,0,1,24.444444,2
28999,4,8,2,1,23.3,0.0,49.4,4.2,9.96,3.3,222.099,0,1,24.444444,2
29000,4,9,2,1,23.44,0.0,47.92,7.5,22.44,8.42,428.159,0,1,24.444444,2
29001,4,10,2,1,23.49,0.0,46.26,3.8,4.92,6.53,600.884,0,1,24.444444,2
29002,4,11,2,1,23.71,0.0,44.17,10.5,8.88,10.58,720.636,0,1,24.444444,2
29003,4,12,2,1,23.75,0.0,42.83,6.3,2.28,7.9,780.756,0,1,24.444444,2
29004,4,13,2,1,23.79,0.0,41.84,5.2,8.16,8.84,801.299,0,1,24.444444,2
29005,4,14,2,1,23.98,0.0,40.79,9.4,14.04,16.27,768.609,0,1,24.444444,2
29006,4,15,2,1,23.99,0.0,40.68,4.2,5.64,16.25,673.159,0,1,24.444444,2
29007,4,16,2,1,24.01,0.0,40.59,5.1,1.56,20.8,535.229,0,1,24.444444,2
29008,4,17,2,1,24.03,0.0,40.69,4.1,5.4,21.68,351.636,0,1,24.444444,2
29009,4,18,2,1,24.07,0.0,40.79,10.1,15.12,26.63,143.165,0,1,24.444444,2
29010,4,19,2,1,24.08,0.0,41.42,9.3,9.48,18.03,6.42972,0,1,24.444444,2
29011,4,20,2,1,24.08,0.0,42.67,12.8,3.96,18.08,0.0,0,1,24.444444,2
29012,4,21,2,1,23.96,0.0,44.95,4.9,9.84,7.98,0.0,0,1,24.444444,2
29013,4,22,2,1,23.91,0.0,46.48,5.1,5.4,7.67,0.0,0,1,24.444444,2
29014,4,23,2,1,23.77,0.0,47.77,3.7,2.16,5.31,0.0,0,1,24.444444,2
29015,4,24,2,1,23.64,0.0,49.89,4.5,1.2,4.54,0.0,0,1,24.444444,2
29016,4,1,3,1,23.5,0.0,51.95,3.6,0.24,3.14,0.0,0,1,24.444444,2
29017,4,2,3,1,23.37,0.0,53.74,3.5,0.24,2.47,0.0,0,1,24.444444,2
29018,4,3,3,1,23.24,0.0,55.36,3.3,0.96,1.67,0.0,0,1,24.444444,2
29019,4,4,3,1,23.14,0.0,56.71,3.4,0.84,1.38,0.0,0,1,24.444444,2
29020,4,5,3,1,23.06,0.0,57.74,3.4,0.48,1.07,0.0,0,1,24.444444,2
29021,4,6,3,1,23.04,0.0,58.07,3.7,1.8,1.09,0.0,0,1,24.444444,2
29022,4,7,3,1,23.34,0.0,57.24,3.7,8.16,3.36,62.5076,0,1,24.444444,2
29023,4,8,3,1,23.54,0.0,55.76,4.2,5.88,8.87,218.525,0,1,24.444444,2
29024,4,9,3,1,23.68,0.0,52.74,7.8,5.28,14.24,414.195,0,1,24.444444,2
29025,4,10,3,1,23.76,0.0,50.76,7.3,2.04,14.29,574.084,0,1,24.444444,2
29026,4,11,3,1,23.78,0.0,50.02,4.5,1.2,11.42,686.441,0,1,24.444444,2
29027,4,12,3,1,23.83,0.0,49.81,3.6,5.16,11.28,760.806,0,1,24.444444,2
29028,4,13,3,1,24.02,0.0,48.96,9.5,4.08,19.24,773.211,0,1,24.444444,2
29029,4,14,3,1,24.07,0.0,48.15,10.7,1.92,24.85,751.7,0,1,24.444444,2
29030,4,15,3,1,24.07,0.0,47.17,10.2,2.28,28.92,666.05,0,1,24.444444,2
29031,4,16,3,1,24.07,0.0,46.6,4.7,1.8,24.43,532.42,0,1,24.444444,2
29032,4,17,3,1,24.07,0.0,46.57,4.8,1.56,25.49,346.964,0,1,24.444444,2
29033,4,18,3,1,24.07,0.0,46.52,9.6,3.0,29.3,140.884,0,1,24.444444,2
29034,4,19,3,1,24.08,0.0,46.66,9.6,3.72,22.09,6.27474,0,1,24.444444,2
29035,4,20,3,1,24.08,0.0,47.4,10.3,5.76,20.14,0.0,0,1,24.444444,2
29036,4,21,3,1,24.07,0.0,48.29,10.8,5.64,19.38,0.0,0,1,24.444444,2
29037,4,22,3,1,24.07,0.0,49.92,9.4,3.36,15.82,0.0,0,1,24.444444,2
29038,4,23,3,1,24.05,0.0,52.05,6.3,2.52,10.93,0.0,0,1,24.444444,2
29039,4,24,3,1,23.91,0.0,54.7,3.1,1.92,6.95,0.0,0,1,24.444444,2
29040,4,1,4,1,23.81,0.0,57.02,3.2,0.6,6.28,0.0,0,1,24.444444,2
29041,4,2,4,1,23.73,0.0,58.94,3.3,0.24,5.52,0.0,0,1,24.444444,2
29042,4,3,4,1,23.65,0.0,60.77,3.3,0.36,4.82,0.0,0,1,24.444444,2
29043,4,4,4,1,23.65,0.0,62.23,3.8,0.72,5.61,0.0,0,1,24.444444,2
29044,4,5,4,1,23.66,0.0,63.13,3.4,5.52,5.71,0.0,0,1,24.444444,2
29045,4,6,4,1,23.72,0.0,63.22,4.7,4.44,8.04,0.0,0,1,24.444444,2
29046,4,7,4,1,23.79,0.0,62.51,4.3,21.24,9.96,36.5072,0,1,24.444444,2
29047,4,8,4,1,23.81,0.0,62.73,5.3,9.0,9.23,93.9341,0,1,24.444444,2
29048,4,9,4,1,23.87,0.0,62.54,5.8,10.56,13.54,252.431,0,1,24.444444,2
29049,4,10,4,1,23.95,0.0,61.76,5.8,2.88,18.08,411.913,0,1,24.444444,2
29050,4,11,4,1,23.99,0.0,61.11,3.9,2.76,18.72,558.15,0,1,24.444444,2
29051,4,12,4,1,24.02,0.0,60.27,3.7,1.08,19.59,717.291,0,1,24.444444,2
29052,4,13,4,1,24.07,0.0,58.71,9.0,3.48,30.02,636.599,0,1,24.444444,2
29053,4,14,4,1,24.07,0.0,57.15,10.2,4.56,34.18,586.896,0,1,24.444444,2
29054,4,15,4,1,24.07,0.0,56.8,9.1,5.52,33.2,364.119,0,1,24.444444,2
29055,4,16,4,1,24.07,0.0,57.48,8.2,3.12,32.56,307.209,0,1,24.444444,2
29056,4,17,4,1,24.07,0.0,58.32,8.8,4.8,33.61,191.497,0,1,24.444444,2
29057,4,18,4,1,24.07,0.0,58.83,7.9,4.44,32.94,114.613,0,1,24.444444,2
29058,4,19,4,1,24.07,0.0,60.87,6.5,4.68,26.62,5.50063,0,1,24.444444,2
29059,4,20,4,1,24.07,0.0,62.68,7.9,7.08,27.59,0.0,0,1,24.444444,2
29060,4,21,4,1,24.07,0.0,62.14,12.1,4.08,33.9,0.0,0,1,24.444444,2
29061,4,22,4,1,24.07,0.0,62.07,7.7,2.28,24.81,0.0,0,1,24.444444,2
29062,4,23,4,1,24.07,0.0,64.45,4.8,3.12,18.81,0.0,0,1,24.444444,2
29063,4,24,4,1,24.07,0.0,67.28,4.6,0.36,17.96,0.0,0,1,24.444444,2
29064,4,1,5,1,24.06,0.0,69.04,4.3,0.48,16.59,0.0,0,1,24.444444,2
29065,4,2,5,1,24.02,0.0,68.98,3.2,0.24,11.5,0.0,0,1,24.444444,2
29066,4,3,5,1,23.95,0.0,67.16,3.3,0.36,8.93,0.0,0,1,24.444444,2
29067,4,4,5,1,23.87,0.0,65.68,3.3,0.72,7.51,0.0,0,1,24.444444,2
29068,4,5,5,1,23.78,0.0,65.07,3.6,1.08,6.44,0.0,0,1,24.444444,2
29069,4,6,5,1,23.89,0.0,63.82,7.7,4.32,11.89,0.0,0,1,24.444444,2
29070,4,7,5,1,23.93,0.0,61.95,7.3,16.8,16.93,53.9962,0,1,24.444444,2
29071,4,8,5,1,23.95,0.0,58.69,8.4,7.2,17.71,199.086,0,1,24.444444,2
29072,4,9,5,1,23.96,0.0,55.54,8.3,1.2,19.65,418.742,0,1,24.444444,2
29073,4,10,5,1,23.99,0.0,53.4,8.8,7.56,19.6,587.793,0,1,24.444444,2
29074,4,11,5,1,24.02,0.0,52.32,8.5,1.68,18.04,695.589,0,1,24.444444,2
29075,4,12,5,1,24.05,0.0,51.19,9.4,2.28,19.82,735.313,0,1,24.444444,2
29076,4,13,5,1,24.07,0.0,50.04,8.9,0.84,21.78,743.018,0,1,24.444444,2
29077,4,14,5,1,24.07,0.0,49.01,9.9,3.24,27.7,720.419,0,1,24.444444,2
29078,4,15,5,1,24.07,0.0,47.65,9.1,1.92,32.07,634.245,0,1,24.444444,2
29079,4,16,5,1,24.07,0.0,46.92,7.9,2.64,33.6,506.422,0,1,24.444444,2
29080,4,17,5,1,24.07,0.0,46.68,7.7,6.0,34.33,331.232,0,1,24.444444,2
29081,4,18,5,1,24.08,0.0,46.68,9.1,9.96,33.82,134.949,0,1,24.444444,2
29082,4,19,5,1,24.08,0.0,47.03,9.4,3.12,27.73,6.80335,0,1,24.444444,2
29083,4,20,5,1,24.07,0.0,48.17,11.2,3.96,27.98,0.0,0,1,24.444444,2
29084,4,21,5,1,24.07,0.0,50.61,9.9,4.32,25.9,0.0,0,1,24.444444,2
29085,4,22,5,1,24.07,0.0,53.95,7.3,2.64,21.53,0.0,0,1,24.444444,2
29086,4,23,5,1,24.07,0.0,56.79,12.2,1.08,28.69,0.0,0,1,24.444444,2
29087,4,24,5,1,24.07,0.0,59.7,8.1,0.48,22.69,0.0,0,1,24.444444,2
29088,4,1,6,1,24.07,0.0,63.75,5.2,0.84,18.69,0.0,0,1,24.444444,2
29089,4,2,6,1,24.07,0.0,66.11,9.1,0.6,25.82,0.0,0,1,24.444444,2
29090,4,3,6,1,24.07,0.0,66.73,9.5,0.48,26.0,0.0,0,1,24.444444,2
29091,4,4,6,1,24.05,0.0,69.49,3.0,1.32,14.86,0.0,0,1,24.444444,2
29092,4,5,6,1,24.04,0.0,72.74,3.5,2.16,16.43,0.0,0,1,24.444444,2
29093,4,6,6,1,24.07,0.0,71.88,9.4,5.76,28.9,0.0,0,1,24.444444,2
29094,4,7,6,1,24.07,0.0,69.09,9.3,28.2,30.72,53.6786,0,1,24.444444,2
29095,4,8,6,1,24.07,0.0,67.69,9.5,6.6,28.56,116.1,0,1,24.444444,2
29096,4,9,6,1,24.07,0.0,66.37,9.2,7.8,31.36,240.727,0,1,24.444444,2
29097,4,10,6,1,24.07,0.0,64.64,8.1,8.04,32.04,307.877,0,1,24.444444,2
29098,4,11,6,1,24.07,0.0,63.12,8.3,0.96,34.96,421.319,0,1,24.444444,2
29099,4,12,6,1,24.07,0.0,61.38,9.3,0.84,38.96,518.72,0,1,24.444444,2
29100,4,13,6,1,24.07,0.0,60.47,9.6,2.88,40.7,565.087,0,1,24.444444,2
29101,4,14,6,1,24.07,0.0,60.01,10.4,3.0,43.98,529.601,0,1,24.444444,2
29102,4,15,6,1,24.07,0.0,59.49,9.1,3.12,43.53,502.778,0,1,24.444444,2
29103,4,16,6,1,24.07,0.0,59.03,8.1,3.0,41.27,354.693,0,1,24.444444,2
29104,4,17,6,1,24.07,0.0,58.85,10.1,2.52,44.91,276.299,0,1,24.444444,2
29105,4,18,6,1,24.07,0.0,59.13,9.0,2.88,40.71,112.155,0,1,24.444444,2
29106,4,19,6,1,24.07,0.0,60.42,8.9,5.88,35.37,5.46521,0,1,24.444444,2
29107,4,20,6,1,24.07,0.0,61.41,10.1,6.36,34.91,0.0,0,1,24.444444,2
29108,4,21,6,1,24.07,0.0,62.1,9.7,1.92,33.22,0.0,0,1,24.444444,2
29109,4,22,6,1,24.08,0.01,61.29,16.2,2.16,42.16,0.0,0,1,24.444444,2
29110,4,23,6,1,24.07,0.0,62.88,5.1,0.48,22.54,0.0,0,1,24.444444,2
29111,4,24,6,1,24.07,0.0,64.77,9.7,0.6,30.16,0.0,0,1,24.444444,2
29112,4,1,7,1,24.07,0.0,66.42,4.0,0.36,19.39,0.0,0,1,24.444444,2
29113,4,2,7,1,24.07,0.0,67.49,8.0,0.6,25.8,0.0,0,1,24.444444,2
29114,4,3,7,1,24.06,0.0,68.97,3.4,0.12,16.73,0.0,0,1,24.444444,2
29115,4,4,7,1,24.07,0.0,70.0,7.4,2.4,24.29,0.0,0,1,24.444444,2
29116,4,5,7,1,24.06,0.0,71.22,3.9,2.64,17.17,0.0,0,1,24.444444,2
29117,4,6,7,1,24.07,0.0,71.4,8.0,4.2,24.79,0.0,0,1,24.444444,2
29118,4,7,7,1,24.07,0.0,70.59,7.0,8.76,24.46,54.5802,0,1,24.444444,2
29119,4,8,7,1,24.07,0.0,69.04,8.9,6.72,29.65,157.058,0,1,24.444444,2
29120,4,9,7,1,24.07,0.0,67.52,8.4,4.08,29.38,196.718,0,1,24.444444,2
29121,4,10,7,1,24.07,0.0,66.84,5.0,3.24,27.86,348.794,0,1,24.444444,2
29122,4,11,7,1,24.07,0.0,65.31,8.7,1.2,37.27,397.932,0,1,24.444444,2
29123,4,12,7,1,24.07,0.0,63.2,10.2,4.08,39.44,341.714,0,1,24.444444,2
29124,4,13,7,1,24.07,0.0,61.56,10.1,3.36,41.25,494.893,0,1,24.444444,2
29125,4,14,7,1,24.08,0.01,59.48,13.0,3.48,45.69,444.697,0,1,24.444444,2
29126,4,15,7,1,24.07,0.0,59.32,10.0,4.68,37.3,156.172,0,1,24.444444,2
29127,4,16,7,1,24.07,0.0,59.55,10.8,4.2,38.28,149.33,0,1,24.444444,2
29128,4,17,7,1,24.07,0.0,59.78,11.3,3.6,40.04,140.609,0,1,24.444444,2
29129,4,18,7,1,24.07,0.0,60.39,8.4,2.64,36.05,92.3434,0,1,24.444444,2
29130,4,19,7,1,24.07,0.0,61.42,9.2,3.96,33.79,6.24384,0,1,24.444444,2
29131,4,20,7,1,24.07,0.0,62.19,9.8,6.48,33.32,0.0,0,1,24.444444,2
29132,4,21,7,1,24.07,0.0,62.58,10.7,5.88,33.99,0.0,0,1,24.444444,2
29133,4,22,7,1,24.07,0.0,63.73,8.5,1.44,29.45,0.0,0,1,24.444444,2
29134,4,23,7,1,24.07,0.0,65.81,4.9,0.6,22.92,0.0,0,1,24.444444,2
29135,4,24,7,1,24.07,0.0,67.8,4.8,1.44,22.69,0.0,0,1,24.444444,2
29136,4,1,1,1,24.07,0.0,69.67,3.5,4.44,20.4,0.0,0,1,24.444444,2
29137,4,2,1,1,24.07,0.0,71.36,3.7,0.6,20.76,0.0,0,1,24.444444,2
29138,4,3,1,1,24.06,0.0,72.55,3.1,4.44,19.62,0.0,0,1,24.444444,2
29139,4,4,1,1,24.06,0.0,73.43,3.5,0.72,20.09,0.0,0,1,24.444444,2
29140,4,5,1,1,24.06,0.0,73.2,4.2,0.6,20.71,0.0,0,1,24.444444,2
29141,4,6,1,1,24.05,0.0,73.51,3.0,7.08,18.38,0.0,0,1,24.444444,2
29142,4,7,1,1,24.05,0.0,73.93,3.3,9.72,19.47,38.3699,0,1,24.444444,2
29143,4,8,1,1,24.06,0.0,72.58,6.0,7.44,23.5,79.2131,0,1,24.444444,2
29144,4,9,1,1,24.05,0.0,72.16,4.4,15.36,17.57,30.6932,0,1,24.444444,2
29145,4,10,1,1,24.01,0.0,73.12,4.0,10.56,12.69,20.1507,0,1,24.444444,2
29146,4,11,1,1,23.94,0.0,73.35,4.2,1.44,10.27,38.2849,0,1,24.444444,2
29147,4,12,1,1,23.95,0.0,71.48,5.3,4.68,11.59,53.5313,0,1,24.444444,2
29148,4,13,1,1,23.96,0.0,70.64,5.6,3.12,11.54,56.9679,0,1,24.444444,2
29149,4,14,1,1,24.04,0.0,68.02,11.8,5.52,21.88,63.8043,0,1,24.444444,2
29150,4,15,1,1,23.98,0.0,68.38,4.7,12.36,10.78,51.478,0,1,24.444444,2
29151,4,16,1,1,24.0,0.0,69.6,6.0,3.96,14.48,92.694,0,1,24.444444,2
29152,4,17,1,1,23.98,0.0,69.99,3.3,10.68,11.58,86.8517,0,1,24.444444,2
29153,4,18,1,1,23.98,0.0,70.17,3.9,10.08,13.19,47.0822,0,1,24.444444,2
29154,4,19,1,1,23.98,0.0,70.26,4.5,8.52,12.25,0.0,0,1,24.444444,2
29155,4,20,1,1,24.03,0.0,69.21,9.1,2.76,18.66,0.0,0,1,24.444444,2
29156,4,21,1,1,24.02,0.0,69.03,7.0,1.92,14.58,0.0,0,1,24.444444,2
29157,4,22,1,1,23.97,0.0,69.63,5.3,2.28,10.56,0.0,0,1,24.444444,2
29158,4,23,1,1,23.9,0.0,67.95,6.0,2.04,8.96,0.0,0,1,24.444444,2
29159,4,24,1,1,23.74,0.0,63.61,3.6,0.96,5.15,0.0,0,1,24.444444,2
29160,5,1,2,1,23.73,0.0,59.82,6.0,0.24,5.88,0.0,0,1,24.444444,2
29161,5,2,2,1,23.79,0.0,56.71,9.9,2.28,7.83,0.0,0,1,24.444444,2
29162,5,3,2,1,23.49,0.0,55.85,3.6,0.24,2.39,0.0,0,1,24.444444,2
29163,5,4,2,1,23.37,0.0,54.95,4.8,0.6,2.44,0.0,0,1,24.444444,2
29164,5,5,2,1,23.29,0.0,54.22,5.0,1.2,1.99,0.0,0,1,24.444444,2
29165,5,6,2,1,23.28,0.0,54.1,3.6,2.16,1.89,0.0,0,1,24.444444,2
29166,5,7,2,1,23.53,0.0,52.8,3.7,3.84,7.33,58.6613,0,1,24.444444,2
29167,5,8,2,1,23.58,0.0,50.76,3.6,9.0,11.04,230.147,0,1,24.444444,2
29168,5,9,2,1,23.63,0.0,48.28,4.1,6.36,12.35,429.515,0,1,24.444444,2
29169,5,10,2,1,23.7,0.0,45.99,3.9,10.56,11.82,584.578,0,1,24.444444,2
29170,5,11,2,1,23.77,0.0,43.44,4.3,9.12,10.81,695.467,0,1,24.444444,2
29171,5,12,2,1,23.86,0.0,40.79,4.1,4.44,10.66,755.779,0,1,24.444444,2
29172,5,13,2,1,24.0,0.0,37.71,6.6,19.44,14.49,760.891,0,1,24.444444,2
29173,5,14,2,1,24.07,0.0,36.51,8.9,1.2,21.03,734.405,0,1,24.444444,2
29174,5,15,2,1,24.08,0.0,36.59,5.9,10.92,22.82,644.6,0,1,24.444444,2
29175,5,16,2,1,24.08,0.0,36.82,4.4,8.64,24.94,511.706,0,1,24.444444,2
29176,5,17,2,1,24.08,0.0,37.18,4.5,10.44,26.91,346.306,0,1,24.444444,2
29177,5,18,2,1,24.08,0.0,37.72,14.0,4.92,36.02,144.197,0,1,24.444444,2
29178,5,19,2,1,24.08,0.0,39.05,4.9,4.8,18.88,7.57684,0,1,24.444444,2
29179,5,20,2,1,24.08,0.0,41.32,8.9,2.52,19.67,0.0,0,1,24.444444,2
29180,5,21,2,1,24.08,0.0,43.46,7.6,2.4,17.33,0.0,0,1,24.444444,2
29181,5,22,2,1,24.07,0.0,45.27,5.6,1.92,12.78,0.0,0,1,24.444444,2
29182,5,23,2,1,24.07,0.0,47.01,6.4,0.6,11.54,0.0,0,1,24.444444,2
29183,5,24,2,1,23.92,0.0,49.32,3.5,0.84,6.63,0.0,0,1,24.444444,2
29184,5,1,3,1,23.75,0.0,52.14,3.6,0.24,5.22,0.0,0,1,24.444444,2
29185,5,2,3,1,23.77,0.0,53.69,6.4,2.52,6.07,0.0,0,1,24.444444,2
29186,5,3,3,1,23.54,0.0,55.89,3.4,0.48,3.06,0.0,0,1,24.444444,2
29187,5,4,3,1,23.38,0.0,57.71,3.4,0.12,2.5,0.0,0,1,24.444444,2
29188,5,5,3,1,23.3,0.0,58.97,3.5,3.24,2.32,0.0,0,1,24.444444,2
29189,5,6,3,1,23.34,0.0,59.65,3.1,6.84,2.61,0.0,0,1,24.444444,2
29190,5,7,3,1,23.59,0.0,58.94,4.2,14.76,9.67,57.2534,0,1,24.444444,2
29191,5,8,3,1,23.69,0.0,57.49,4.6,8.4,15.28,218.254,0,1,24.444444,2
29192,5,9,3,1,23.75,0.0,54.68,4.3,9.48,16.42,408.022,0,1,24.444444,2
29193,5,10,3,1,23.82,0.0,51.58,4.1,7.56,15.66,551.939,0,1,24.444444,2
29194,5,11,3,1,23.9,0.0,48.84,3.9,3.72,14.17,665.378,0,1,24.444444,2
29195,5,12,3,1,23.98,0.0,46.97,3.8,0.48,14.79,727.761,0,1,24.444444,2
29196,5,13,3,1,24.03,0.0,45.97,3.6,3.24,16.62,732.844,0,1,24.444444,2
29197,5,14,3,1,24.07,0.0,43.51,8.2,1.32,25.85,710.639,0,1,24.444444,2
29198,5,15,3,1,24.08,0.0,42.41,6.7,2.28,28.44,638.19,0,1,24.444444,2
29199,5,16,3,1,24.08,0.0,41.8,4.4,3.96,28.61,519.057,0,1,24.444444,2
29200,5,17,3,1,24.08,0.0,41.83,8.0,3.36,34.08,342.44,0,1,24.444444,2
29201,5,18,3,1,24.08,0.0,42.37,5.2,7.56,29.13,144.874,0,1,24.444444,2
29202,5,19,3,1,24.08,0.0,43.31,6.0,9.12,23.51,11.2854,0,1,24.444444,2
29203,5,20,3,1,24.08,0.0,44.07,8.3,6.96,22.45,0.0,0,1,24.444444,2
29204,5,21,3,1,24.07,0.0,45.77,7.0,3.96,19.24,0.0,0,1,24.444444,2
29205,5,22,3,1,24.07,0.0,48.18,7.1,1.92,17.86,0.0,0,1,24.444444,2
29206,5,23,3,1,24.07,0.0,50.11,6.2,1.08,14.53,0.0,0,1,24.444444,2
29207,5,24,3,1,24.06,0.0,51.76,5.5,0.6,11.64,0.0,0,1,24.444444,2
29208,5,1,4,1,24.03,0.0,52.97,5.7,0.24,10.12,0.0,0,1,24.444444,2
29209,5,2,4,1,23.92,0.0,55.02,3.9,0.48,7.15,0.0,0,1,24.444444,2
29210,5,3,4,1,23.81,0.0,57.39,3.4,0.6,5.85,0.0,0,1,24.444444,2
29211,5,4,4,1,23.83,0.0,58.59,6.1,0.24,7.51,0.0,0,1,24.444444,2
29212,5,5,4,1,23.68,0.0,60.43,3.3,2.16,4.51,0.0,0,1,24.444444,2
29213,5,6,4,1,23.76,0.0,61.4,5.8,9.36,8.55,0.0,0,1,24.444444,2
29214,5,7,4,1,23.88,0.0,60.51,7.2,23.64,15.46,65.3668,0,1,24.444444,2
29215,5,8,4,1,23.82,0.0,60.98,3.3,9.6,8.25,121.028,0,1,24.444444,2
29216,5,9,4,1,23.82,0.0,60.44,6.7,10.56,8.42,52.2703,0,1,24.444444,2
29217,5,10,4,1,23.76,0.0,60.0,5.4,5.4,6.05,42.9756,0,1,24.444444,2
29218,5,11,4,1,23.64,0.0,60.99,4.0,7.92,3.87,39.301,0,1,24.444444,2
29219,5,12,4,1,23.49,0.0,60.97,3.4,2.04,2.83,44.0035,0,1,24.444444,2
29220,5,13,4,1,23.32,0.0,61.1,3.9,1.8,1.87,36.938,0,1,24.444444,2
29221,5,14,4,1,23.54,0.0,59.68,10.3,3.0,4.98,36.7171,0,1,24.444444,2
29222,5,15,4,1,23.34,0.0,60.73,4.5,1.08,2.03,29.0064,0,1,24.444444,2
29223,5,16,4,1,23.27,0.0,61.62,3.8,4.44,1.97,67.0515,0,1,24.444444,2
29224,5,17,4,1,23.47,0.0,59.35,7.8,1.56,4.59,56.9803,0,1,24.444444,2
29225,5,18,4,1,23.43,0.0,58.19,5.4,3.24,3.44,8.92227,0,1,24.444444,2
29226,5,19,4,1,23.39,0.0,59.9,6.2,5.16,3.43,0.0,0,1,24.444444,2
29227,5,20,4,1,23.45,0.0,62.11,7.9,2.52,4.4,0.0,0,1,24.444444,2
29228,5,21,4,1,23.48,0.0,64.55,7.3,9.36,4.46,0.0,0,1,24.444444,2
29229,5,22,4,1,23.53,0.0,65.73,9.0,3.12,5.69,0.0,0,1,24.444444,2
29230,5,23,4,1,23.37,0.0,67.33,5.0,0.84,2.85,0.0,0,1,24.444444,2
29231,5,24,4,1,23.26,0.0,68.69,3.4,0.6,1.97,0.0,0,1,24.444444,2
29232,5,1,5,1,23.24,0.0,69.0,4.2,0.48,2.2,0.0,0,1,24.444444,2
29233,5,2,5,1,23.22,0.0,69.19,4.3,0.36,2.15,0.0,0,1,24.444444,2
29234,5,3,5,1,23.14,0.0,69.71,2.8,0.6,1.47,0.0,0,1,24.444444,2
29235,5,4,5,1,23.17,0.0,69.95,4.5,0.84,2.31,0.0,0,1,24.444444,2
29236,5,5,5,1,23.3,0.0,69.27,7.9,5.52,4.61,0.0,0,1,24.444444,2
29237,5,6,5,1,23.23,0.0,70.2,3.6,5.4,2.21,0.0,0,1,24.444444,2
29238,5,7,5,1,23.41,0.0,69.86,8.7,16.2,5.53,46.0444,0,1,24.444444,2
29239,5,8,5,1,23.54,0.0,68.92,8.4,8.28,5.92,150.492,0,1,24.444444,2
29240,5,9,5,1,23.5,0.0,68.48,6.7,4.8,4.23,200.553,0,1,24.444444,2
29241,5,10,5,1,23.56,0.0,66.47,11.2,3.84,6.54,62.402,0,1,24.444444,2
29242,5,11,5,1,23.6,0.0,63.72,8.7,4.08,7.04,468.26,0,1,24.444444,2
29243,5,12,5,1,23.62,0.0,59.79,6.4,5.16,6.61,677.938,0,1,24.444444,2
29244,5,13,5,1,23.73,0.0,55.87,9.0,1.08,9.65,776.225,0,1,24.444444,2
29245,5,14,5,1,23.85,0.0,52.57,9.9,1.32,10.86,450.667,0,1,24.444444,2
29246,5,15,5,1,23.91,0.0,49.01,10.9,0.96,11.79,517.667,0,1,24.444444,2
29247,5,16,5,1,23.93,0.0,45.34,10.7,7.92,11.25,290.175,0,1,24.444444,2
29248,5,17,5,1,23.93,0.0,44.12,9.1,2.04,11.43,251.741,0,1,24.444444,2
29249,5,18,5,1,23.94,0.0,43.25,9.8,3.6,12.8,153.645,0,1,24.444444,2
29250,5,19,5,1,23.91,0.0,42.9,9.8,4.32,8.11,12.7059,0,1,24.444444,2
29251,5,20,5,1,23.73,0.0,42.97,7.6,3.36,4.57,0.0,0,1,24.444444,2
29252,5,21,5,1,23.72,0.0,42.85,10.2,2.88,5.31,0.0,0,1,24.444444,2
29253,5,22,5,1,23.88,0.0,42.74,17.8,6.0,8.88,0.0,0,1,24.444444,2
29254,5,23,5,1,23.45,0.0,44.41,7.7,0.96,2.01,0.0,0,1,24.444444,2
29255,5,24,5,1,23.4,0.0,45.06,9.8,0.6,2.6,0.0,0,1,24.444444,2
29256,5,1,6,1,22.98,0.0,47.13,2.8,0.84,0.29,0.0,0,1,24.444444,2
29257,5,2,6,1,23.04,0.0,47.64,8.9,0.0,1.4,0.0,0,1,24.444444,2
29258,5,3,6,1,23.1,0.0,47.91,9.3,0.36,1.6,0.0,0,1,24.444444,2
29259,5,4,6,1,23.16,0.0,47.99,11.4,0.24,2.14,0.0,0,1,24.444444,2
29260,5,5,6,1,23.03,0.0,48.46,8.4,1.2,1.05,0.0,0,1,24.444444,2
29261,5,6,6,1,23.1,0.0,48.1,9.9,5.28,1.66,0.0,0,1,24.444444,2
29262,5,7,6,1,23.4,0.0,46.78,9.1,27.0,3.64,61.2836,0,1,24.444444,2
29263,5,8,6,1,23.52,0.0,45.29,8.7,13.56,7.36,233.901,0,1,24.444444,2
29264,5,9,6,1,23.56,0.0,43.31,8.6,2.64,9.29,435.715,0,1,24.444444,2
29265,5,10,6,1,23.64,0.0,41.13,9.3,5.4,9.86,612.147,0,1,24.444444,2
29266,5,11,6,1,23.71,0.0,38.98,8.0,4.56,7.94,724.835,0,1,24.444444,2
29267,5,12,6,1,23.75,0.0,38.11,7.5,1.32,7.88,793.661,0,1,24.444444,2
29268,5,13,6,1,23.88,0.0,37.49,9.2,1.44,10.9,805.761,0,1,24.444444,2
29269,5,14,6,1,24.0,0.0,36.65,10.3,0.96,15.22,769.941,0,1,24.444444,2
29270,5,15,6,1,24.03,0.0,36.16,9.1,2.76,18.25,681.915,0,1,24.444444,2
29271,5,16,6,1,24.05,0.0,35.97,8.2,2.88,20.02,540.58,0,1,24.444444,2
29272,5,17,6,1,24.07,0.0,36.3,9.3,3.24,22.64,353.86,0,1,24.444444,2
29273,5,18,6,1,24.08,0.0,37.19,8.2,1.8,20.26,147.517,0,1,24.444444,2
29274,5,19,6,1,24.08,0.0,38.3,11.6,2.04,19.01,12.205,0,1,24.444444,2
29275,5,20,6,1,24.08,0.0,39.37,12.7,4.56,17.41,0.0,0,1,24.444444,2
29276,5,21,6,1,24.08,0.0,40.82,11.9,1.8,14.77,0.0,0,1,24.444444,2
29277,5,22,6,1,24.03,0.0,42.83,9.4,1.44,9.04,0.0,0,1,24.444444,2
29278,5,23,6,1,23.93,0.0,45.49,8.8,2.04,6.91,0.0,0,1,24.444444,2
29279,5,24,6,1,23.94,0.0,47.02,11.0,0.72,7.93,0.0,0,1,24.444444,2
29280,5,1,7,1,23.48,0.0,50.13,3.4,0.84,2.18,0.0,0,1,24.444444,2
29281,5,2,7,1,23.22,0.0,52.59,3.1,0.12,1.59,0.0,0,1,24.444444,2
29282,5,3,7,1,23.25,0.0,53.4,6.1,0.36,2.22,0.0,0,1,24.444444,2
29283,5,4,7,1,23.06,0.0,54.34,3.2,0.36,0.96,0.0,0,1,24.444444,2
29284,5,5,7,1,23.0,0.0,54.35,4.6,2.88,1.08,0.0,0,1,24.444444,2
29285,5,6,7,1,23.04,0.0,53.8,4.2,9.12,1.04,0.0,0,1,24.444444,2
29286,5,7,7,1,23.47,0.0,52.09,7.9,9.6,6.52,62.4767,0,1,24.444444,2
29287,5,8,7,1,23.57,0.0,50.86,6.4,8.04,10.61,225.086,0,1,24.444444,2
29288,5,9,7,1,23.58,0.0,49.12,4.3,7.32,10.52,416.361,0,1,24.444444,2
29289,5,10,7,1,23.66,0.0,46.63,5.5,4.56,10.85,569.494,0,1,24.444444,2
29290,5,11,7,1,23.72,0.0,44.99,4.6,1.68,8.95,684.077,0,1,24.444444,2
29291,5,12,7,1,23.86,0.0,43.37,8.1,2.88,12.12,747.297,0,1,24.444444,2
29292,5,13,7,1,23.9,0.0,42.47,4.4,1.08,10.5,748.504,0,1,24.444444,2
29293,5,14,7,1,24.05,0.0,41.59,10.5,0.48,21.04,719.877,0,1,24.444444,2
29294,5,15,7,1,24.08,0.0,40.96,9.5,1.68,25.63,636.356,0,1,24.444444,2
29295,5,16,7,1,24.08,0.0,40.51,7.8,3.36,26.55,516.931,0,1,24.444444,2
29296,5,17,7,1,24.08,0.0,40.12,12.5,1.8,33.25,341.565,0,1,24.444444,2
29297,5,18,7,1,24.08,0.0,40.23,8.9,1.44,27.42,145.086,0,1,24.444444,2
29298,5,19,7,1,24.08,0.0,40.72,10.3,3.6,22.4,13.007,0,1,24.444444,2
29299,5,20,7,1,24.08,0.0,41.66,7.9,1.32,15.57,0.0,0,1,24.444444,2
29300,5,21,7,1,24.08,0.0,43.17,7.3,1.8,12.81,0.0,0,1,24.444444,2
29301,5,22,7,1,24.07,0.0,44.07,13.2,2.64,18.11,0.0,0,1,24.444444,2
29302,5,23,7,1,24.02,0.0,45.57,7.0,0.84,8.88,0.0,0,1,24.444444,2
29303,5,24,7,1,23.85,0.0,47.88,4.7,1.08,5.56,0.0,0,1,24.444444,2
29304,5,1,1,1,23.68,0.0,49.97,4.6,0.48,4.25,0.0,0,1,24.444444,2
29305,5,2,1,1,23.63,0.0,51.34,6.2,0.36,4.45,0.0,0,1,24.444444,2
29306,5,3,1,1,23.42,0.0,53.35,3.5,0.24,2.34,0.0,0,1,24.444444,2
29307,5,4,1,1,23.35,0.0,54.87,4.7,0.48,2.59,0.0,0,1,24.444444,2
29308,5,5,1,1,23.26,0.0,56.39,4.0,1.08,1.85,0.0,0,1,24.444444,2
29309,5,6,1,1,23.29,0.0,56.89,3.8,3.84,2.17,0.0,0,1,24.444444,2
29310,5,7,1,1,23.58,0.0,56.06,6.0,6.6,9.4,59.797,0,1,24.444444,2
29311,5,8,1,1,23.64,0.0,55.24,4.7,9.6,12.98,224.11,0,1,24.444444,2
29312,5,9,1,1,23.69,0.0,53.72,4.3,14.52,14.22,409.911,0,1,24.444444,2
29313,5,10,1,1,23.74,0.0,51.2,3.8,8.4,13.49,536.478,0,1,24.444444,2
29314,5,11,1,1,23.82,0.0,49.03,4.6,5.64,12.77,666.682,0,1,24.444444,2
29315,5,12,1,1,23.96,0.0,47.6,6.8,3.96,15.16,738.555,0,1,24.444444,2
29316,5,13,1,1,24.02,0.0,46.47,5.1,6.36,15.37,742.355,0,1,24.444444,2
29317,5,14,1,1,24.07,0.0,44.59,16.6,4.2,33.4,704.594,0,1,24.444444,2
29318,5,15,1,1,24.07,0.0,42.88,5.4,7.68,24.49,622.439,0,1,24.444444,2
29319,5,16,1,1,24.08,0.0,42.3,4.2,5.28,26.52,510.887,0,1,24.444444,2
29320,5,17,1,1,24.08,0.0,42.43,4.6,10.08,28.81,345.412,0,1,24.444444,2
29321,5,18,1,1,24.08,0.0,42.74,4.1,5.88,26.68,149.289,0,1,24.444444,2
29322,5,19,1,1,24.08,0.0,43.22,4.0,4.92,19.77,13.0681,0,1,24.444444,2
29323,5,20,1,1,24.08,0.0,44.26,6.8,6.72,19.29,0.0,0,1,24.444444,2
29324,5,21,1,1,24.08,0.0,45.27,6.4,3.6,16.67,0.0,0,1,24.444444,2
29325,5,22,1,1,24.07,0.0,46.71,4.9,1.2,12.24,0.0,0,1,24.444444,2
29326,5,23,1,1,24.06,0.0,48.28,6.2,2.16,11.71,0.0,0,1,24.444444,2
29327,5,24,1,1,23.99,0.0,50.03,4.6,1.68,8.28,0.0,0,1,24.444444,2
29328,5,1,2,1,23.9,0.0,51.74,4.6,0.84,6.82,0.0,0,1,24.444444,2
29329,5,2,2,1,23.93,0.0,52.68,8.2,0.72,8.63,0.0,0,1,24.444444,2
29330,5,3,2,1,23.65,0.0,54.76,3.5,0.12,3.51,0.0,0,1,24.444444,2
29331,5,4,2,1,23.46,0.0,56.68,3.4,0.84,2.83,0.0,0,1,24.444444,2
29332,5,5,2,1,23.44,0.0,57.4,4.8,0.72,3.1,0.0,0,1,24.444444,2
29333,5,6,2,1,23.45,0.0,57.86,4.0,1.8,3.44,0.0,0,1,24.444444,2
29334,5,7,2,1,23.67,0.0,57.07,4.4,7.8,11.17,60.8046,0,1,24.444444,2
29335,5,8,2,1,23.74,0.0,55.97,5.0,4.8,15.96,222.026,0,1,24.444444,2
29336,5,9,2,1,23.78,0.0,54.62,5.3,9.0,16.71,412.33,0,1,24.444444,2
29337,5,10,2,1,23.81,0.0,53.5,3.7,10.2,14.7,537.061,0,1,24.444444,2
29338,5,11,2,1,23.9,0.0,52.36,5.2,9.24,15.01,660.799,0,1,24.444444,2
29339,5,12,2,1,23.97,0.0,51.56,3.7,6.0,14.4,670.325,0,1,24.444444,2
29340,5,13,2,1,24.03,0.0,50.32,5.0,12.84,18.83,687.375,0,1,24.444444,2
29341,5,14,2,1,24.07,0.0,48.83,9.3,1.68,29.19,716.41,0,1,24.444444,2
29342,5,15,2,1,24.08,0.0,48.35,4.3,9.0,27.79,617.171,0,1,24.444444,2
29343,5,16,2,1,24.08,0.0,47.94,4.4,2.16,29.25,416.505,0,1,24.444444,2
29344,5,17,2,1,24.07,0.0,47.88,6.3,6.48,33.31,315.389,0,1,24.444444,2
29345,5,18,2,1,24.07,0.0,47.43,12.3,7.08,39.84,147.237,0,1,24.444444,2
29346,5,19,2,1,24.08,0.0,47.55,6.3,4.32,24.79,13.6973,0,1,24.444444,2
29347,5,20,2,1,24.07,0.0,48.77,8.1,1.68,22.81,0.0,0,1,24.444444,2
29348,5,21,2,1,24.07,0.0,50.34,6.3,4.56,18.31,0.0,0,1,24.444444,2
29349,5,22,2,1,24.07,0.0,51.74,5.1,1.68,14.56,0.0,0,1,24.444444,2
29350,5,23,2,1,24.07,0.0,52.9,5.9,0.84,13.52,0.0,0,1,24.444444,2
29351,5,24,2,1,24.0,0.0,54.71,3.6,0.24,8.91,0.0,0,1,24.444444,2
29352,5,1,3,1,23.91,0.0,57.1,3.4,1.68,7.33,0.0,0,1,24.444444,2
29353,5,2,3,1,23.78,0.0,59.11,3.5,0.36,5.63,0.0,0,1,24.444444,2
29354,5,3,3,1,23.63,0.0,60.64,3.6,0.24,4.37,0.0,0,1,24.444444,2
29355,5,4,3,1,23.52,0.0,61.75,3.4,0.48,3.48,0.0,0,1,24.444444,2
29356,5,5,3,1,23.58,0.0,61.93,6.0,2.52,4.7,0.0,0,1,24.444444,2
29357,5,6,3,1,23.6,0.0,62.09,4.4,8.64,5.45,0.0,0,1,24.444444,2
29358,5,7,3,1,23.74,0.0,61.06,4.8,8.64,13.98,59.9779,0,1,24.444444,2
29359,5,8,3,1,23.77,0.0,59.66,4.4,14.76,17.34,217.541,0,1,24.444444,2
29360,5,9,3,1,23.85,0.0,57.58,6.5,9.0,19.84,396.96,0,1,24.444444,2
29361,5,10,3,1,23.92,0.0,56.62,6.0,7.2,18.68,563.51,0,1,24.444444,2
29362,5,11,3,1,24.0,0.0,56.23,7.0,2.28,19.19,661.613,0,1,24.444444,2
29363,5,12,3,1,24.03,0.0,55.69,5.5,1.92,19.13,725.182,0,1,24.444444,2
29364,5,13,3,1,24.05,0.0,54.58,3.4,2.16,18.84,749.974,0,1,24.444444,2
29365,5,14,3,1,24.07,0.0,51.88,10.2,0.48,31.96,721.271,0,1,24.444444,2
29366,5,15,3,1,24.07,0.0,47.92,4.1,2.88,27.44,640.734,0,1,24.444444,2
29367,5,16,3,1,24.08,0.0,45.49,4.1,1.92,29.49,515.87,0,1,24.444444,2
29368,5,17,3,1,24.08,0.0,45.24,7.2,4.32,33.93,344.664,0,1,24.444444,2
29369,5,18,3,1,24.08,0.0,45.52,6.9,6.24,31.5,148.029,0,1,24.444444,2
29370,5,19,3,1,24.08,0.0,46.44,5.7,5.28,23.48,13.7208,0,1,24.444444,2
29371,5,20,3,1,24.07,0.0,47.04,9.8,8.16,24.83,0.0,0,1,24.444444,2
29372,5,21,3,1,24.07,0.0,47.85,7.5,9.72,19.78,0.0,0,1,24.444444,2
29373,5,22,3,1,24.07,0.0,49.12,6.6,1.92,16.48,0.0,0,1,24.444444,2
29374,5,23,3,1,24.06,0.0,51.3,4.7,0.72,11.67,0.0,0,1,24.444444,2
29375,5,24,3,1,24.0,0.0,53.68,4.5,3.36,8.89,0.0,0,1,24.444444,2
29376,5,1,4,1,23.84,0.0,56.37,3.2,0.24,6.04,0.0,0,1,24.444444,2
29377,5,2,4,1,23.78,0.0,58.48,4.7,0.6,6.19,0.0,0,1,24.444444,2
29378,5,3,4,1,23.66,0.0,60.81,3.6,0.0,4.62,0.0,0,1,24.444444,2
29379,5,4,4,1,23.68,0.0,62.26,5.0,0.12,5.74,0.0,0,1,24.444444,2
29380,5,5,4,1,23.59,0.0,63.96,3.5,2.88,3.94,0.0,0,1,24.444444,2
29381,5,6,4,1,23.7,0.0,64.06,6.5,6.6,8.47,0.0,0,1,24.444444,2
29382,5,7,4,1,23.88,0.0,62.25,9.2,22.8,17.99,69.9395,0,1,24.444444,2
29383,5,8,4,1,23.86,0.0,61.11,4.7,8.16,14.37,200.997,0,1,24.444444,2
29384,5,9,4,1,23.88,0.0,60.0,4.7,5.88,16.66,368.933,0,1,24.444444,2
29385,5,10,4,1,23.98,0.0,58.28,6.5,3.12,20.25,502.691,0,1,24.444444,2
29386,5,11,4,1,24.01,0.0,57.42,4.3,4.08,18.42,537.534,0,1,24.444444,2
29387,5,12,4,1,24.03,0.0,56.8,5.0,6.24,19.8,628.414,0,1,24.444444,2
29388,5,13,4,1,24.04,0.0,56.33,3.7,1.2,19.86,711.061,0,1,24.444444,2
29389,5,14,4,1,24.07,0.0,54.81,9.9,1.08,33.46,713.802,0,1,24.444444,2
29390,5,15,4,1,24.07,0.0,52.49,3.6,0.84,28.67,623.969,0,1,24.444444,2
29391,5,16,4,1,24.07,0.0,51.44,5.3,5.52,33.63,497.333,0,1,24.444444,2
29392,5,17,4,1,24.07,0.0,51.09,4.3,1.32,33.16,331.398,0,1,24.444444,2
29393,5,18,4,1,24.07,0.0,51.16,5.6,2.28,32.67,142.727,0,1,24.444444,2
29394,5,19,4,1,24.07,0.0,51.69,6.1,6.0,26.24,13.4821,0,1,24.444444,2
29395,5,20,4,1,24.07,0.0,52.41,8.5,3.72,25.72,0.0,0,1,24.444444,2
29396,5,21,4,1,24.07,0.0,52.42,12.2,8.04,28.87,0.0,0,1,24.444444,2
29397,5,22,4,1,24.07,0.0,53.15,9.2,1.32,22.68,0.0,0,1,24.444444,2
29398,5,23,4,1,24.07,0.0,55.21,5.5,1.08,15.78,0.0,0,1,24.444444,2
29399,5,24,4,1,24.06,0.0,57.72,4.5,0.36,13.15,0.0,0,1,24.444444,2
29400,5,1,5,1,24.05,0.0,59.83,4.7,0.36,12.51,0.0,0,1,24.444444,2
29401,5,2,5,1,24.02,0.0,61.95,4.0,0.6,10.61,0.0,0,1,24.444444,2
29402,5,3,5,1,23.99,0.0,64.01,4.5,0.84,10.24,0.0,0,1,24.444444,2
29403,5,4,5,1,23.9,0.0,66.17,3.3,0.24,8.13,0.0,0,1,24.444444,2
29404,5,5,5,1,23.89,0.0,67.34,4.8,2.04,8.76,0.0,0,1,24.444444,2
29405,5,6,5,1,23.91,0.0,67.55,5.6,7.32,10.73,0.0,0,1,24.444444,2
29406,5,7,5,1,24.0,0.0,66.09,9.3,14.28,21.25,75.4981,0,1,24.444444,2
29407,5,8,5,1,24.04,0.0,63.48,10.8,4.92,26.71,207.333,0,1,24.444444,2
29408,5,9,5,1,24.03,0.0,61.54,5.6,4.32,20.59,345.204,0,1,24.444444,2
29409,5,10,5,1,24.05,0.0,59.14,8.2,4.2,26.74,454.118,0,1,24.444444,2
29410,5,11,5,1,24.07,0.0,56.57,7.9,3.24,27.39,535.794,0,1,24.444444,2
29411,5,12,5,1,24.07,0.0,54.66,7.5,2.16,27.94,626.181,0,1,24.444444,2
29412,5,13,5,1,24.07,0.0,52.89,9.3,0.84,32.54,638.317,0,1,24.444444,2
29413,5,14,5,1,24.07,0.0,51.53,10.1,1.8,36.85,636.263,0,1,24.444444,2
29414,5,15,5,1,24.07,0.0,51.06,9.1,1.08,38.42,605.787,0,1,24.444444,2
29415,5,16,5,1,24.07,0.0,50.88,8.2,1.56,37.18,351.292,0,1,24.444444,2
29416,5,17,5,1,24.07,0.0,50.27,10.8,1.56,42.83,301.795,0,1,24.444444,2
29417,5,18,5,1,24.07,0.0,50.22,9.0,2.16,38.98,145.579,0,1,24.444444,2
29418,5,19,5,1,24.07,0.0,51.34,9.9,1.56,33.17,15.0553,0,1,24.444444,2
29419,5,20,5,1,24.07,0.0,53.01,7.8,3.12,26.09,0.0,0,1,24.444444,2
29420,5,21,5,1,24.07,0.0,53.73,11.6,4.68,29.75,0.0,0,1,24.444444,2
29421,5,22,5,1,24.07,0.0,54.43,9.8,6.24,25.25,0.0,0,1,24.444444,2
29422,5,23,5,1,24.07,0.0,55.74,9.5,0.96,22.82,0.0,0,1,24.444444,2
29423,5,24,5,1,24.07,0.0,57.31,7.8,0.84,18.07,0.0,0,1,24.444444,2
29424,5,1,6,1,24.07,0.0,58.85,8.4,0.24,17.42,0.0,0,1,24.444444,2
29425,5,2,6,1,24.07,0.0,59.08,10.5,0.36,19.39,0.0,0,1,24.444444,2
29426,5,3,6,1,24.07,0.0,59.3,9.7,0.24,17.08,0.0,0,1,24.444444,2
29427,5,4,6,1,24.06,0.0,60.69,7.7,0.24,13.95,0.0,0,1,24.444444,2
29428,5,5,6,1,24.06,0.0,62.49,8.5,1.08,15.33,0.0,0,1,24.444444,2
29429,5,6,6,1,24.05,0.0,64.7,8.5,4.56,18.3,0.0,0,1,24.444444,2
29430,5,7,6,1,24.07,0.0,64.29,11.3,18.36,28.18,72.9046,0,1,24.444444,2
29431,5,8,6,1,24.07,0.0,63.78,10.2,11.16,25.61,184.147,0,1,24.444444,2
29432,5,9,6,1,24.07,0.0,63.99,9.3,6.36,22.58,174.422,0,1,24.444444,2
29433,5,10,6,1,24.05,0.0,64.67,8.0,1.08,14.26,31.0283,0,1,24.444444,2
29434,5,11,6,1,24.02,0.0,64.43,8.6,3.0,13.4,58.9418,0,1,24.444444,2
29435,5,12,6,1,24.04,0.0,63.64,7.8,1.56,16.81,515.135,0,1,24.444444,2
29436,5,13,6,1,24.06,0.0,62.88,8.9,1.44,23.39,710.071,0,1,24.444444,2
29437,5,14,6,1,24.07,0.0,61.31,10.0,1.2,31.13,679.956,0,1,24.444444,2
29438,5,15,6,1,24.07,0.0,59.44,8.8,2.28,27.71,366.932,0,1,24.444444,2
29439,5,16,6,1,24.07,0.0,57.0,8.4,1.08,29.11,455.206,0,1,24.444444,2
29440,5,17,6,1,24.08,0.0,56.53,8.7,2.88,24.36,150.825,0,1,24.444444,2
29441,5,18,6,1,24.07,0.0,57.46,6.1,6.24,17.16,30.7304,0,1,24.444444,2
29442,5,19,6,1,24.07,0.0,57.3,12.7,5.4,24.53,0.638231,0,1,24.444444,2
29443,5,20,6,1,24.07,0.0,56.91,13.7,1.92,24.3,0.0,0,1,24.444444,2
29444,5,21,6,1,24.06,0.0,58.33,7.5,4.2,13.87,0.0,0,1,24.444444,2
29445,5,22,6,1,24.07,0.0,59.83,11.2,2.4,18.48,0.0,0,1,24.444444,2
29446,5,23,6,1,24.05,0.0,61.22,8.3,1.2,13.36,0.0,0,1,24.444444,2
29447,5,24,6,1,24.06,0.0,61.55,11.9,0.36,17.3,0.0,0,1,24.444444,2
29448,5,1,7,1,23.98,0.0,62.22,7.2,1.68,9.01,0.0,0,1,24.444444,2
29449,5,2,7,1,23.7,0.0,64.57,3.2,0.48,4.36,0.0,0,1,24.444444,2
29450,5,3,7,1,23.55,0.0,66.16,3.3,0.6,3.82,0.0,0,1,24.444444,2
29451,5,4,7,1,23.63,0.0,65.8,6.4,1.68,5.66,0.0,0,1,24.444444,2
29452,5,5,7,1,23.55,0.0,66.16,4.9,2.04,3.86,0.0,0,1,24.444444,2
29453,5,6,7,1,23.55,0.0,66.29,4.7,7.8,4.78,0.0,0,1,24.444444,2
29454,5,7,7,1,23.74,0.0,64.53,8.3,11.76,10.79,43.9335,0,1,24.444444,2
29455,5,8,7,1,23.72,0.0,63.88,5.9,8.76,6.82,121.098,0,1,24.444444,2
29456,5,9,7,1,23.73,0.0,63.0,5.4,12.96,9.48,286.46,0,1,24.444444,2
29457,5,10,7,1,23.79,0.0,61.22,6.9,4.8,14.53,524.057,0,1,24.444444,2
29458,5,11,7,1,23.84,0.0,59.46,5.7,3.12,12.54,677.888,0,1,24.444444,2
29459,5,12,7,1,23.96,0.0,58.31,8.5,0.96,16.35,738.513,0,1,24.444444,2
29460,5,13,7,1,23.99,0.0,57.94,5.5,3.84,15.69,738.501,0,1,24.444444,2
29461,5,14,7,1,24.06,0.0,55.8,11.0,1.08,28.41,488.38,0,1,24.444444,2
29462,5,15,7,1,24.06,0.0,54.68,3.6,1.32,21.93,478.933,0,1,24.444444,2
29463,5,16,7,1,24.07,0.0,52.88,8.9,2.28,32.08,418.502,0,1,24.444444,2
29464,5,17,7,1,24.07,0.0,51.54,8.8,2.64,33.19,306.386,0,1,24.444444,2
29465,5,18,7,1,24.07,0.0,50.93,10.7,2.16,35.09,143.854,0,1,24.444444,2
29466,5,19,7,1,24.07,0.0,51.24,11.5,2.4,30.58,14.937,0,1,24.444444,2
29467,5,20,7,1,24.07,0.0,52.32,8.3,1.08,23.59,0.0,0,1,24.444444,2
29468,5,21,7,1,24.07,0.0,52.57,11.9,8.64,27.39,0.0,0,1,24.444444,2
29469,5,22,7,1,24.07,0.0,52.48,12.4,0.84,25.71,0.0,0,1,24.444444,2
29470,5,23,7,1,24.07,0.0,53.78,5.2,0.72,13.6,0.0,0,1,24.444444,2
29471,5,24,7,1,24.05,0.0,55.82,4.8,1.32,11.73,0.0,0,1,24.444444,2
29472,5,1,1,1,23.98,0.0,57.83,3.4,0.96,8.76,0.0,0,1,24.444444,2
29473,5,2,1,1,24.0,0.0,58.75,6.2,0.12,10.89,0.0,0,1,24.444444,2
29474,5,3,1,1,23.88,0.0,59.96,3.2,0.12,6.7,0.0,0,1,24.444444,2
29475,5,4,1,1,23.77,0.0,61.73,3.4,0.24,5.71,0.0,0,1,24.444444,2
29476,5,5,1,1,23.72,0.0,63.14,4.2,1.8,5.78,0.0,0,1,24.444444,2
29477,5,6,1,1,23.73,0.0,63.53,3.8,2.64,7.51,0.0,0,1,24.444444,2
29478,5,7,1,1,23.81,0.0,62.36,5.6,4.2,16.66,64.7791,0,1,24.444444,2
29479,5,8,1,1,23.84,0.0,60.71,5.1,8.64,18.5,225.054,0,1,24.444444,2
29480,5,9,1,1,23.83,0.0,59.53,3.8,14.28,17.38,414.384,0,1,24.444444,2
29481,5,10,1,1,23.87,0.0,58.7,4.0,12.6,17.18,533.551,0,1,24.444444,2
29482,5,11,1,1,23.97,0.0,57.46,6.0,5.64,18.19,662.499,0,1,24.444444,2
29483,5,12,1,1,24.03,0.0,56.32,6.4,4.08,19.79,718.206,0,1,24.444444,2
29484,5,13,1,1,24.05,0.0,55.09,4.3,6.6,19.57,682.035,0,1,24.444444,2
29485,5,14,1,1,24.07,0.0,52.91,11.9,4.32,35.35,705.088,0,1,24.444444,2
29486,5,15,1,1,24.07,0.0,51.24,4.4,4.44,29.93,621.16,0,1,24.444444,2
29487,5,16,1,1,24.07,0.0,49.06,4.4,2.76,32.72,500.012,0,1,24.444444,2
29488,5,17,1,1,24.07,0.0,47.84,6.8,7.92,37.1,339.829,0,1,24.444444,2
29489,5,18,1,1,24.08,0.0,47.75,4.4,2.28,32.84,147.333,0,1,24.444444,2
29490,5,19,1,1,24.08,0.0,48.62,6.4,6.36,28.55,16.0246,0,1,24.444444,2
29491,5,20,1,1,24.07,0.0,50.7,7.7,7.8,27.1,0.0,0,1,24.444444,2
29492,5,21,1,1,24.07,0.0,52.12,9.5,3.0,27.83,0.0,0,1,24.444444,2
29493,5,22,1,1,24.07,0.0,54.37,4.4,1.68,18.48,0.0,0,1,24.444444,2
29494,5,23,1,1,24.07,0.0,57.32,4.8,1.68,17.4,0.0,0,1,24.444444,2
29495,5,24,1,1,24.07,0.0,59.35,5.9,0.72,17.14,0.0,0,1,24.444444,2
29496,5,1,2,1,24.06,0.0,61.01,4.6,0.24,12.67,0.0,0,1,24.444444,2
29497,5,2,2,1,24.06,0.0,61.65,8.2,0.96,15.69,0.0,0,1,24.444444,2
29498,5,3,2,1,23.95,0.0,63.16,3.4,0.6,8.02,0.0,0,1,24.444444,2
29499,5,4,2,1,23.86,0.0,65.49,3.4,1.08,7.18,0.0,0,1,24.444444,2
29500,5,5,2,1,23.93,0.0,66.09,7.4,1.56,10.44,0.0,0,1,24.444444,2
29501,5,6,2,1,23.86,0.0,66.98,3.6,3.0,10.03,0.0,0,1,24.444444,2
29502,5,7,2,1,23.88,0.0,66.36,3.8,5.04,18.86,61.125,0,1,24.444444,2
29503,5,8,2,1,23.91,0.0,65.18,3.7,3.6,21.54,221.022,0,1,24.444444,2
29504,5,9,2,1,23.94,0.0,63.05,3.6,12.6,21.86,404.066,0,1,24.444444,2
29505,5,10,2,1,24.01,0.0,60.53,6.0,22.68,24.48,545.206,0,1,24.444444,2
29506,5,11,2,1,24.04,0.0,58.38,6.7,2.76,25.93,630.495,0,1,24.444444,2
29507,5,12,2,1,24.06,0.0,56.91,4.9,7.68,25.28,544.988,0,1,24.444444,2
29508,5,13,2,1,24.07,0.0,55.93,5.0,15.72,26.22,641.511,0,1,24.444444,2
29509,5,14,2,1,24.07,0.0,53.77,9.1,2.04,33.1,346.815,0,1,24.444444,2
29510,5,15,2,1,24.07,0.0,51.88,4.1,21.0,27.09,275.86,0,1,24.444444,2
29511,5,16,2,1,24.07,0.0,51.27,5.4,10.32,29.24,180.981,0,1,24.444444,2
29512,5,17,2,1,24.07,0.0,50.55,5.4,9.96,34.3,302.792,0,1,24.444444,2
29513,5,18,2,1,24.07,0.0,49.21,9.5,6.72,38.52,148.939,0,1,24.444444,2
29514,5,19,2,1,24.08,0.0,49.26,5.0,4.56,25.4,16.7479,0,1,24.444444,2
29515,5,20,2,1,24.07,0.0,50.62,7.2,3.6,24.95,0.0,0,1,24.444444,2
29516,5,21,2,1,24.07,0.0,52.54,6.7,1.56,23.09,0.0,0,1,24.444444,2
29517,5,22,2,1,24.07,0.0,55.04,5.4,2.64,19.86,0.0,0,1,24.444444,2
29518,5,23,2,1,24.07,0.0,57.57,3.6,1.2,15.55,0.0,0,1,24.444444,2
29519,5,24,2,1,24.06,0.0,59.63,3.2,0.24,12.57,0.0,0,1,24.444444,2
29520,5,1,3,1,24.03,0.0,61.09,3.4,0.0,11.05,0.0,0,1,24.444444,2
29521,5,2,3,1,24.0,0.0,62.84,3.6,0.36,10.13,0.0,0,1,24.444444,2
29522,5,3,3,1,23.97,0.0,64.72,3.7,0.36,9.7,0.0,0,1,24.444444,2
29523,5,4,3,1,23.92,0.0,66.37,3.4,0.36,8.44,0.0,0,1,24.444444,2
29524,5,5,3,1,23.86,0.0,67.98,3.8,1.8,7.97,0.0,0,1,24.444444,2
29525,5,6,3,1,23.91,0.0,68.11,4.9,7.44,13.88,0.0,0,1,24.444444,2
29526,5,7,3,1,23.95,0.0,66.64,4.8,14.16,21.76,61.1722,0,1,24.444444,2
29527,5,8,3,1,23.98,0.0,64.99,5.4,15.84,25.11,224.377,0,1,24.444444,2
29528,5,9,3,1,24.01,0.0,62.69,5.0,9.12,25.56,417.435,0,1,24.444444,2
29529,5,10,3,1,24.03,0.0,59.15,6.0,7.08,26.93,577.609,0,1,24.444444,2
29530,5,11,3,1,24.04,0.0,55.91,4.5,8.28,23.24,693.384,0,1,24.444444,2
29531,5,12,3,1,24.06,0.0,53.69,4.5,1.2,23.18,751.095,0,1,24.444444,2
29532,5,13,3,1,24.07,0.0,51.93,3.7,2.88,23.12,761.648,0,1,24.444444,2
29533,5,14,3,1,24.07,0.0,51.68,9.9,1.2,35.49,733.816,0,1,24.444444,2
29534,5,15,3,1,24.07,0.0,51.44,5.5,1.56,33.61,645.318,0,1,24.444444,2
29535,5,16,3,1,24.07,0.0,50.99,4.2,1.56,34.89,519.688,0,1,24.444444,2
29536,5,17,3,1,24.07,0.0,50.83,3.7,10.92,35.43,347.446,0,1,24.444444,2
29537,5,18,3,1,24.07,0.0,50.08,5.4,4.68,35.05,151.639,0,1,24.444444,2
29538,5,19,3,1,24.07,0.0,50.04,5.6,2.4,27.66,17.5189,0,1,24.444444,2
29539,5,20,3,1,24.07,0.0,51.59,8.1,9.48,27.13,0.0,0,1,24.444444,2
29540,5,21,3,1,24.07,0.0,53.59,8.2,4.08,25.84,0.0,0,1,24.444444,2
29541,5,22,3,1,24.07,0.0,55.52,9.3,0.96,26.17,0.0,0,1,24.444444,2
29542,5,23,3,1,24.07,0.0,57.66,5.9,1.08,19.51,0.0,0,1,24.444444,2
29543,5,24,3,1,24.07,0.0,60.4,4.8,1.32,16.22,0.0,0,1,24.444444,2
29544,5,1,4,1,24.05,0.0,63.48,3.5,0.36,13.63,0.0,0,1,24.444444,2
29545,5,2,4,1,24.04,0.0,66.94,3.9,0.24,13.93,0.0,0,1,24.444444,2
29546,5,3,4,1,24.03,0.0,69.01,4.9,0.6,14.55,0.0,0,1,24.444444,2
29547,5,4,4,1,24.02,0.0,70.58,4.7,0.12,13.31,0.0,0,1,24.444444,2
29548,5,5,4,1,23.97,0.0,72.59,3.1,1.32,10.5,0.0,0,1,24.444444,2
29549,5,6,4,1,23.98,0.0,73.31,4.2,8.76,16.14,0.0,0,1,24.444444,2
29550,5,7,4,1,24.05,0.0,69.26,12.9,25.8,37.15,65.5119,0,1,24.444444,2
29551,5,8,4,1,24.04,0.0,66.36,4.7,7.2,21.49,193.906,0,1,24.444444,2
29552,5,9,4,1,24.06,0.0,63.78,8.6,7.92,32.44,382.777,0,1,24.444444,2
29553,5,10,4,1,24.06,0.0,61.41,4.0,3.72,26.71,560.688,0,1,24.444444,2
29554,5,11,4,1,24.06,0.0,60.98,3.9,2.88,26.25,678.336,0,1,24.444444,2
29555,5,12,4,1,24.07,0.0,60.52,3.8,4.08,27.63,713.986,0,1,24.444444,2
29556,5,13,4,1,24.07,0.0,59.45,4.1,1.08,31.15,614.497,0,1,24.444444,2
29557,5,14,4,1,24.07,0.0,56.95,10.0,0.72,42.36,584.658,0,1,24.444444,2
29558,5,15,4,1,24.07,0.0,54.87,4.4,1.44,35.23,585.106,0,1,24.444444,2
29559,5,16,4,1,24.07,0.0,54.67,3.7,1.2,35.16,439.653,0,1,24.444444,2
29560,5,17,4,1,24.07,0.0,54.38,7.6,2.16,41.8,318.74,0,1,24.444444,2
29561,5,18,4,1,24.07,0.0,54.1,8.6,4.32,41.64,151.891,0,1,24.444444,2
29562,5,19,4,1,24.07,0.0,55.56,5.9,8.4,30.48,21.0287,0,1,24.444444,2
29563,5,20,4,1,24.07,0.0,57.79,7.8,5.04,30.01,0.0,0,1,24.444444,2
29564,5,21,4,1,24.07,0.0,59.76,7.0,7.32,27.73,0.0,0,1,24.444444,2
29565,5,22,4,1,24.07,0.0,62.3,7.4,1.68,27.61,0.0,0,1,24.444444,2
29566,5,23,4,1,24.07,0.0,64.23,6.7,1.2,25.59,0.0,0,1,24.444444,2
29567,5,24,4,1,24.07,0.0,66.22,4.6,0.72,21.0,0.0,0,1,24.444444,2
29568,5,1,5,1,24.07,0.0,67.64,5.8,0.36,22.27,0.0,0,1,24.444444,2
29569,5,2,5,1,24.06,0.0,69.13,3.3,0.36,16.74,0.0,0,1,24.444444,2
29570,5,3,5,1,24.05,0.0,71.08,3.1,0.36,15.86,0.0,0,1,24.444444,2
29571,5,4,5,1,24.05,0.0,72.63,3.7,0.6,16.46,0.0,0,1,24.444444,2
29572,5,5,5,1,24.03,0.0,74.29,3.1,2.4,14.67,0.0,0,1,24.444444,2
29573,5,6,5,1,24.05,0.0,73.83,6.9,11.52,23.04,0.0,0,1,24.444444,2
29574,5,7,5,1,24.07,0.0,70.9,9.6,10.2,32.27,74.2673,0,1,24.444444,2
29575,5,8,5,1,24.07,0.0,67.88,8.8,6.72,33.54,208.106,0,1,24.444444,2
29576,5,9,5,1,24.07,0.0,65.75,8.5,5.88,32.69,272.979,0,1,24.444444,2
29577,5,10,5,1,24.07,0.0,63.93,9.4,5.16,36.38,426.09,0,1,24.444444,2
29578,5,11,5,1,24.07,0.0,62.72,8.7,2.04,37.03,590.16,0,1,24.444444,2
29579,5,12,5,1,24.07,0.0,61.48,8.1,5.28,38.15,589.716,0,1,24.444444,2
29580,5,13,5,1,24.07,0.0,60.05,9.7,1.2,41.56,545.905,0,1,24.444444,2
29581,5,14,5,1,24.07,0.0,58.31,11.6,1.08,45.8,541.908,0,1,24.444444,2
29582,5,15,5,1,24.07,0.0,57.33,10.5,1.32,43.64,409.173,0,1,24.444444,2
29583,5,16,5,1,24.07,0.0,57.53,7.7,1.08,38.08,331.387,0,1,24.444444,2
29584,5,17,5,1,24.07,0.0,58.99,8.8,1.92,35.95,67.8239,0,1,24.444444,2
29585,5,18,5,1,24.07,0.0,60.7,8.6,4.8,35.1,3.6299,0,1,24.444444,2
29586,5,19,5,1,24.07,0.0,61.23,9.6,6.72,34.66,0.0,0,1,24.444444,2
29587,5,20,5,1,24.07,0.0,61.78,9.4,3.6,32.47,0.0,0,1,24.444444,2
29588,5,21,5,1,24.07,0.0,62.08,11.3,2.88,34.43,0.0,0,1,24.444444,2
29589,5,22,5,1,24.07,0.0,62.58,10.3,4.44,31.23,0.0,0,1,24.444444,2
29590,5,23,5,1,24.07,0.0,63.97,7.8,1.08,25.63,0.0,0,1,24.444444,2
29591,5,24,5,1,24.07,0.0,65.71,7.3,0.72,24.06,0.0,0,1,24.444444,2
29592,5,1,6,1,24.07,0.0,66.48,8.2,0.6,24.44,0.0,0,1,24.444444,2
29593,5,2,6,1,24.07,0.0,67.16,7.7,0.12,22.28,0.0,0,1,24.444444,2
29594,5,3,6,1,24.07,0.0,67.05,9.6,0.36,24.41,0.0,0,1,24.444444,2
29595,5,4,6,1,24.03,0.0,69.25,2.9,0.36,12.08,0.0,0,1,24.444444,2
29596,5,5,6,1,24.07,0.0,68.72,11.3,1.32,25.87,0.0,0,1,24.444444,2
29597,5,6,6,1,24.07,0.0,67.46,9.7,2.64,26.02,0.0,0,1,24.444444,2
29598,5,7,6,1,24.07,0.0,66.11,9.7,24.24,32.15,73.2723,0,1,24.444444,2
29599,5,8,6,1,24.07,0.0,64.96,8.0,6.6,29.34,162.873,0,1,24.444444,2
29600,5,9,6,1,24.07,0.0,63.5,8.7,3.84,35.56,399.154,0,1,24.444444,2
29601,5,10,6,1,24.07,0.0,62.02,9.3,5.28,37.11,509.131,0,1,24.444444,2
29602,5,11,6,1,24.07,0.0,61.19,8.3,2.88,36.8,498.361,0,1,24.444444,2
29603,5,12,6,1,24.07,0.0,60.22,8.4,1.32,37.67,355.12,0,1,24.444444,2
29604,5,13,6,1,24.07,0.0,59.15,8.7,1.56,39.15,633.939,0,1,24.444444,2
29605,5,14,6,1,24.07,0.0,57.77,10.0,2.52,44.66,593.665,0,1,24.444444,2
29606,5,15,6,1,24.07,0.0,56.3,9.0,1.2,45.31,586.691,0,1,24.444444,2
29607,5,16,6,1,24.07,0.0,55.71,8.6,3.36,43.9,359.297,0,1,24.444444,2
29608,5,17,6,1,24.07,0.0,55.85,8.8,1.32,43.11,219.007,0,1,24.444444,2
29609,5,18,6,1,24.08,0.0,55.96,12.0,2.64,47.3,139.742,0,1,24.444444,2
29610,5,19,6,1,24.07,0.0,57.03,11.0,4.8,40.03,18.7003,0,1,24.444444,2
29611,5,20,6,1,24.07,0.0,58.42,11.2,8.52,37.11,0.0,0,1,24.444444,2
29612,5,21,6,1,24.07,0.0,59.61,10.7,4.56,35.22,0.0,0,1,24.444444,2
29613,5,22,6,1,24.07,0.0,60.71,10.8,1.56,34.25,0.0,0,1,24.444444,2
29614,5,23,6,1,24.07,0.0,61.08,12.0,0.48,34.49,0.0,0,1,24.444444,2
29615,5,24,6,1,24.07,0.0,61.56,9.7,2.04,29.21,0.0,0,1,24.444444,2
29616,5,1,7,1,24.07,0.0,63.9,5.1,0.6,20.47,0.0,0,1,24.444444,2
29617,5,2,7,1,24.07,0.0,67.09,4.0,0.6,17.93,0.0,0,1,24.444444,2
29618,5,3,7,1,24.07,0.0,69.51,4.8,0.24,18.67,0.0,0,1,24.444444,2
29619,5,4,7,1,24.05,0.0,71.65,3.4,0.6,15.93,0.0,0,1,24.444444,2
29620,5,5,7,1,24.05,0.0,73.06,4.7,4.8,17.68,0.0,0,1,24.444444,2
29621,5,6,7,1,24.04,0.0,73.79,3.3,10.32,18.88,0.0,0,1,24.444444,2
29622,5,7,7,1,24.07,0.0,70.85,10.1,8.52,38.01,68.4512,0,1,24.444444,2
29623,5,8,7,1,24.07,0.0,68.63,6.1,8.28,30.93,184.385,0,1,24.444444,2
29624,5,9,7,1,24.07,0.0,66.63,6.1,6.12,34.0,362.057,0,1,24.444444,2
29625,5,10,7,1,24.07,0.0,64.87,6.1,2.76,35.1,524.255,0,1,24.444444,2
29626,5,11,7,1,24.07,0.0,63.67,5.2,2.76,32.83,453.524,0,1,24.444444,2
29627,5,12,7,1,24.07,0.0,61.95,8.7,1.32,39.34,640.861,0,1,24.444444,2
29628,5,13,7,1,24.07,0.0,61.31,4.6,9.0,34.87,683.619,0,1,24.444444,2
29629,5,14,7,1,24.08,0.0,60.27,10.1,1.56,47.21,654.746,0,1,24.444444,2
29630,5,15,7,1,24.08,0.01,58.75,9.6,2.64,48.69,489.279,0,1,24.444444,2
29631,5,16,7,1,24.07,0.0,58.13,7.7,1.8,47.54,479.01,0,1,24.444444,2
29632,5,17,7,1,24.07,0.0,58.53,8.2,3.0,44.71,317.055,0,1,24.444444,2
29633,5,18,7,1,24.07,0.0,58.48,9.4,2.28,42.28,138.905,0,1,24.444444,2
29634,5,19,7,1,24.07,0.0,58.09,6.8,1.92,29.54,19.1161,0,1,24.444444,2
29635,5,20,7,1,24.07,0.0,58.75,7.4,2.4,25.51,0.0,0,1,24.444444,2
29636,5,21,7,1,24.07,0.0,59.05,11.0,1.32,29.36,0.0,0,1,24.444444,2
29637,5,22,7,1,24.07,0.0,60.26,7.3,1.08,21.28,0.0,0,1,24.444444,2
29638,5,23,7,1,24.07,0.0,62.31,6.7,0.48,18.92,0.0,0,1,24.444444,2
29639,5,24,7,1,24.07,0.0,63.88,6.2,1.8,17.26,0.0,0,1,24.444444,2
29640,5,1,1,1,24.07,0.0,65.26,6.1,0.36,16.72,0.0,0,1,24.444444,2
29641,5,2,1,1,24.06,0.0,67.49,5.5,0.96,15.45,0.0,0,1,24.444444,2
29642,5,3,1,1,24.04,0.0,69.84,4.8,0.0,14.21,0.0,0,1,24.444444,2
29643,5,4,1,1,24.02,0.0,72.14,3.7,0.6,12.2,0.0,0,1,24.444444,2
29644,5,5,1,1,24.0,0.0,74.43,3.7,0.72,12.01,0.0,0,1,24.444444,2
29645,5,6,1,1,24.0,0.0,76.05,3.9,4.8,13.9,0.0,0,1,24.444444,2
29646,5,7,1,1,24.0,0.0,77.28,3.3,10.2,14.84,60.0627,0,1,24.444444,2
29647,5,8,1,1,24.03,0.0,75.72,7.3,10.56,20.22,67.1664,0,1,24.444444,2
29648,5,9,1,1,24.02,0.0,73.67,3.7,10.08,18.43,241.99,0,1,24.444444,2
29649,5,10,1,1,24.04,0.0,71.93,5.5,5.4,24.47,370.629,0,1,24.444444,2
29650,5,11,1,1,24.05,0.0,70.7,5.6,1.68,25.01,462.488,0,1,24.444444,2
29651,5,12,1,1,24.05,0.0,70.3,4.4,2.28,20.85,297.14,0,1,24.444444,2
29652,5,13,1,1,24.05,0.0,69.36,6.2,6.72,21.41,152.498,0,1,24.444444,2
29653,5,14,1,1,24.07,0.0,65.66,12.3,13.2,27.57,65.0694,0,1,24.444444,2
29654,5,15,1,1,24.06,0.0,63.69,6.8,1.92,16.83,30.5739,0,1,24.444444,2
29655,5,16,1,1,24.06,0.0,63.58,6.0,3.0,20.58,262.475,0,1,24.444444,2
29656,5,17,1,1,24.06,0.0,63.25,5.2,4.2,21.97,236.429,0,1,24.444444,2
29657,5,18,1,1,24.05,0.0,63.41,3.9,4.32,17.96,110.275,0,1,24.444444,2
29658,5,19,1,1,24.04,0.0,64.41,3.9,6.12,13.91,17.3381,0,1,24.444444,2
29659,5,20,1,1,24.04,0.0,64.89,6.8,4.08,15.63,0.0,0,1,24.444444,2
29660,5,21,1,1,24.02,0.0,65.8,4.9,4.32,12.3,0.0,0,1,24.444444,2
29661,5,22,1,1,24.01,0.0,67.41,5.6,1.44,12.18,0.0,0,1,24.444444,2
29662,5,23,1,1,23.97,0.0,68.88,5.1,0.6,10.83,0.0,0,1,24.444444,2
29663,5,24,1,1,23.98,0.0,69.19,6.0,0.96,11.84,0.0,0,1,24.444444,2
29664,5,1,2,1,23.88,0.0,70.76,3.3,0.84,8.04,0.0,0,1,24.444444,2
29665,5,2,2,1,23.97,0.0,71.18,7.9,1.08,13.43,0.0,0,1,24.444444,2
29666,5,3,2,1,23.85,0.0,72.36,3.4,0.36,7.79,0.0,0,1,24.444444,2
29667,5,4,2,1,23.8,0.0,73.97,3.5,0.96,7.89,0.0,0,1,24.444444,2
29668,5,5,2,1,23.78,0.0,74.9,3.8,1.44,7.94,0.0,0,1,24.444444,2
29669,5,6,2,1,23.76,0.0,75.49,3.3,2.4,7.8,0.0,0,1,24.444444,2
29670,5,7,2,1,23.83,0.0,74.7,5.4,4.68,10.52,47.3825,0,1,24.444444,2
29671,5,8,2,1,23.83,0.0,73.79,4.7,5.64,9.67,85.9665,0,1,24.444444,2
29672,5,9,2,1,23.88,0.0,72.29,4.2,10.32,13.54,248.252,0,1,24.444444,2
29673,5,10,2,1,23.95,0.0,69.24,4.3,20.4,17.46,357.64,0,1,24.444444,2
29674,5,11,2,1,23.99,0.0,66.59,4.2,9.0,17.72,330.017,0,1,24.444444,2
29675,5,12,2,1,24.01,0.0,64.77,4.9,4.56,18.5,261.296,0,1,24.444444,2
29676,5,13,2,1,24.03,0.0,63.03,4.9,6.36,19.67,306.261,0,1,24.444444,2
29677,5,14,2,1,24.07,0.0,60.34,9.3,2.4,28.35,338.348,0,1,24.444444,2
29678,5,15,2,1,24.07,0.0,58.41,4.3,2.76,23.38,424.064,0,1,24.444444,2
29679,5,16,2,1,24.07,0.0,58.36,4.8,9.6,21.99,211.095,0,1,24.444444,2
29680,5,17,2,1,24.07,0.0,58.66,6.2,8.4,22.93,86.8213,0,1,24.444444,2
29681,5,18,2,1,24.07,0.0,57.68,15.5,8.28,36.47,12.5894,0,1,24.444444,2
29682,5,19,2,1,24.07,0.0,59.34,4.0,4.68,17.47,0.0,0,1,24.444444,2
29683,5,20,2,1,24.07,0.0,61.65,8.8,2.16,24.61,0.0,0,1,24.444444,2
29684,5,21,2,1,24.07,0.0,63.39,5.8,2.88,18.54,0.0,0,1,24.444444,2
29685,5,22,2,1,24.07,0.0,64.23,9.8,1.08,23.72,0.0,0,1,24.444444,2
29686,5,23,2,1,24.06,0.0,65.81,5.5,0.72,15.79,0.0,0,1,24.444444,2
29687,5,24,2,1,24.03,0.0,68.62,3.9,0.12,13.38,0.0,0,1,24.444444,2
29688,5,1,3,1,24.02,0.0,69.89,4.7,0.6,14.02,0.0,0,1,24.444444,2
29689,5,2,3,1,24.0,0.0,71.63,3.8,0.36,12.08,0.0,0,1,24.444444,2
29690,5,3,3,1,23.98,0.0,73.4,3.8,0.36,12.23,0.0,0,1,24.444444,2
29691,5,4,3,1,23.96,0.0,74.42,3.5,0.24,11.65,0.0,0,1,24.444444,2
29692,5,5,3,1,23.95,0.0,75.2,3.8,1.56,11.39,0.0,0,1,24.444444,2
29693,5,6,3,1,23.95,0.0,75.1,4.3,13.56,13.42,0.0,0,1,24.444444,2
29694,5,7,3,1,23.96,0.0,74.58,4.5,12.36,14.43,33.8197,0,1,24.444444,2
29695,5,8,3,1,23.98,0.0,73.43,4.2,15.96,17.19,159.789,0,1,24.444444,2
29696,5,9,3,1,24.02,0.0,70.07,7.2,9.24,27.25,340.921,0,1,24.444444,2
29697,5,10,3,1,24.04,0.0,66.2,6.8,5.76,26.47,440.599,0,1,24.444444,2
29698,5,11,3,1,24.05,0.0,64.49,5.2,3.72,24.24,419.709,0,1,24.444444,2
29699,5,12,3,1,24.05,0.0,62.51,3.6,1.92,23.93,382.323,0,1,24.444444,2
29700,5,13,3,1,24.07,0.0,60.84,4.3,2.52,26.81,487.089,0,1,24.444444,2
29701,5,14,3,1,24.07,0.0,58.05,10.1,2.16,36.61,490.911,0,1,24.444444,2
29702,5,15,3,1,24.07,0.0,56.38,3.7,1.56,29.39,498.988,0,1,24.444444,2
29703,5,16,3,1,24.07,0.0,55.55,4.1,3.96,33.78,488.095,0,1,24.444444,2
29704,5,17,3,1,24.07,0.0,54.61,4.2,2.04,35.34,329.55,0,1,24.444444,2
29705,5,18,3,1,24.07,0.0,53.8,5.9,6.12,35.85,150.393,0,1,24.444444,2
29706,5,19,3,1,24.07,0.0,53.68,7.2,6.84,30.4,18.7845,0,1,24.444444,2
29707,5,20,3,1,24.07,0.0,54.35,9.3,10.44,28.61,0.0,0,1,24.444444,2
29708,5,21,3,1,24.07,0.0,55.59,5.8,3.12,22.44,0.0,0,1,24.444444,2
29709,5,22,3,1,24.07,0.0,57.16,6.4,1.32,21.97,0.0,0,1,24.444444,2
29710,5,23,3,1,24.07,0.0,58.72,7.0,0.84,21.26,0.0,0,1,24.444444,2
29711,5,24,3,1,24.07,0.0,60.84,3.3,0.72,14.09,0.0,0,1,24.444444,2
29712,5,1,4,1,24.07,0.0,62.07,5.7,0.6,16.29,0.0,0,1,24.444444,2
29713,5,2,4,1,24.05,0.0,62.69,4.8,0.36,13.31,0.0,0,1,24.444444,2
29714,5,3,4,1,24.03,0.0,63.29,5.2,0.24,12.51,0.0,0,1,24.444444,2
29715,5,4,4,1,23.95,0.0,63.95,3.2,0.12,8.45,0.0,0,1,24.444444,2
29716,5,5,4,1,23.88,0.0,64.74,3.8,3.6,8.06,0.0,0,1,24.444444,2
29717,5,6,4,1,23.86,0.0,65.15,3.9,4.56,8.3,0.0,0,1,24.444444,2
29718,5,7,4,1,23.89,0.0,63.76,5.3,26.04,11.58,73.2823,0,1,24.444444,2
29719,5,8,4,1,23.84,0.0,60.22,3.7,5.4,13.59,221.345,0,1,24.444444,2
29720,5,9,4,1,23.92,0.0,55.47,7.7,5.88,18.83,429.606,0,1,24.444444,2
29721,5,10,4,1,23.92,0.0,51.55,4.5,4.92,14.44,583.403,0,1,24.444444,2
29722,5,11,4,1,23.93,0.0,49.74,3.9,6.0,12.14,697.457,0,1,24.444444,2
29723,5,12,4,1,23.97,0.0,47.87,4.7,2.76,13.13,686.437,0,1,24.444444,2
29724,5,13,4,1,24.01,0.0,45.96,3.9,0.84,13.92,708.094,0,1,24.444444,2
29725,5,14,4,1,24.06,0.0,44.1,9.9,1.32,23.94,685.781,0,1,24.444444,2
29726,5,15,4,1,24.06,0.0,42.78,3.7,4.32,20.0,598.671,0,1,24.444444,2
29727,5,16,4,1,24.06,0.0,41.86,3.9,4.92,22.18,523.005,0,1,24.444444,2
29728,5,17,4,1,24.08,0.0,40.75,9.1,3.12,27.28,282.068,0,1,24.444444,2
29729,5,18,4,1,24.08,0.0,40.33,5.5,3.24,22.61,157.142,0,1,24.444444,2
29730,5,19,4,1,24.08,0.0,40.77,5.6,4.32,16.87,20.9901,0,1,24.444444,2
29731,5,20,4,1,24.08,0.0,41.93,8.1,3.84,15.22,0.0,0,1,24.444444,2
29732,5,21,4,1,24.08,0.0,43.25,9.3,1.08,14.97,0.0,0,1,24.444444,2
29733,5,22,4,1,24.07,0.0,44.88,8.7,3.12,12.23,0.0,0,1,24.444444,2
29734,5,23,4,1,24.01,0.0,46.87,6.8,0.96,8.38,0.0,0,1,24.444444,2
29735,5,24,4,1,23.81,0.0,49.11,4.8,2.4,4.94,0.0,0,1,24.444444,2
29736,5,1,5,1,23.78,0.0,50.22,7.5,0.24,5.94,0.0,0,1,24.444444,2
29737,5,2,5,1,23.57,0.0,51.59,4.6,0.36,3.12,0.0,0,1,24.444444,2
29738,5,3,5,1,23.31,0.0,53.18,2.9,0.36,1.93,0.0,0,1,24.444444,2
29739,5,4,5,1,23.21,0.0,54.47,3.2,0.24,1.62,0.0,0,1,24.444444,2
29740,5,5,5,1,23.12,0.0,55.77,3.6,6.36,1.33,0.0,0,1,24.444444,2
29741,5,6,5,1,23.29,0.0,56.3,4.0,9.12,2.47,0.0,0,1,24.444444,2
29742,5,7,5,1,23.67,0.0,55.04,9.5,12.84,13.23,62.9694,0,1,24.444444,2
29743,5,8,5,1,23.77,0.0,53.01,8.9,6.84,16.55,227.653,0,1,24.444444,2
29744,5,9,5,1,23.77,0.0,49.77,5.7,4.8,14.16,416.326,0,1,24.444444,2
29745,5,10,5,1,23.88,0.0,47.16,8.7,5.88,16.41,558.596,0,1,24.444444,2
29746,5,11,5,1,23.99,0.0,45.4,9.5,1.44,16.51,666.932,0,1,24.444444,2
29747,5,12,5,1,24.02,0.0,44.64,7.0,1.68,14.86,719.707,0,1,24.444444,2
29748,5,13,5,1,24.06,0.0,44.06,9.2,2.88,20.13,729.311,0,1,24.444444,2
29749,5,14,5,1,24.07,0.0,43.65,10.2,1.68,26.14,700.238,0,1,24.444444,2
29750,5,15,5,1,24.07,0.0,43.27,9.0,0.84,29.69,622.255,0,1,24.444444,2
29751,5,16,5,1,24.07,0.0,43.21,8.0,1.44,32.23,504.953,0,1,24.444444,2
29752,5,17,5,1,24.08,0.0,43.45,9.0,1.08,35.57,343.361,0,1,24.444444,2
29753,5,18,5,1,24.08,0.0,44.03,9.5,1.56,35.6,156.976,0,1,24.444444,2
29754,5,19,5,1,24.08,0.0,45.1,10.3,2.16,30.88,20.5171,0,1,24.444444,2
29755,5,20,5,1,24.08,0.0,46.83,8.7,5.64,24.74,0.0,0,1,24.444444,2
29756,5,21,5,1,24.07,0.0,48.23,10.2,2.28,25.11,0.0,0,1,24.444444,2
29757,5,22,5,1,24.07,0.0,49.34,10.8,5.16,23.71,0.0,0,1,24.444444,2
29758,5,23,5,1,24.07,0.0,50.04,9.3,0.96,19.44,0.0,0,1,24.444444,2
29759,5,24,5,1,24.07,0.0,50.93,9.1,1.08,17.23,0.0,0,1,24.444444,2
29760,5,1,6,1,24.01,0.0,53.04,3.2,0.24,8.78,0.0,0,1,24.444444,2
29761,5,2,6,1,24.06,0.0,54.74,9.0,0.6,15.57,0.0,0,1,24.444444,2
29762,5,3,6,1,24.06,0.0,55.28,9.6,0.12,15.19,0.0,0,1,24.444444,2
29763,5,4,6,1,24.07,0.0,55.9,11.3,0.24,16.43,0.0,0,1,24.444444,2
29764,5,5,6,1,24.05,0.0,56.93,9.5,2.04,13.46,0.0,0,1,24.444444,2
29765,5,6,6,1,24.04,0.0,57.73,8.0,7.56,16.46,0.0,0,1,24.444444,2
29766,5,7,6,1,24.05,0.0,57.18,9.8,17.28,25.61,64.119,0,1,24.444444,2
29767,5,8,6,1,24.05,0.0,56.57,8.5,10.32,26.13,225.407,0,1,24.444444,2
29768,5,9,6,1,24.06,0.0,55.88,10.3,4.32,30.25,413.177,0,1,24.444444,2
29769,5,10,6,1,24.07,0.0,55.46,8.1,7.44,27.95,562.776,0,1,24.444444,2
29770,5,11,6,1,24.07,0.0,54.7,10.7,2.64,31.45,669.086,0,1,24.444444,2
29771,5,12,6,1,24.07,0.0,53.78,9.2,2.88,29.76,726.149,0,1,24.444444,2
29772,5,13,6,1,24.07,0.0,52.37,9.2,2.4,31.18,740.988,0,1,24.444444,2
29773,5,14,6,1,24.07,0.0,51.03,9.6,3.24,34.5,697.589,0,1,24.444444,2
29774,5,15,6,1,24.07,0.0,49.98,9.3,1.68,37.99,635.285,0,1,24.444444,2
29775,5,16,6,1,24.07,0.0,49.6,8.3,4.32,39.3,506.434,0,1,24.444444,2
29776,5,17,6,1,24.07,0.0,49.38,8.6,3.24,40.68,342.133,0,1,24.444444,2
29777,5,18,6,1,24.07,0.0,50.45,9.0,2.28,40.56,155.144,0,1,24.444444,2
29778,5,19,6,1,24.07,0.0,52.89,9.9,2.52,36.3,20.2184,0,1,24.444444,2
29779,5,20,6,1,24.07,0.0,54.0,14.7,3.36,38.25,0.0,0,1,24.444444,2
29780,5,21,6,1,24.07,0.0,55.52,9.6,4.8,29.54,0.0,0,1,24.444444,2
29781,5,22,6,1,24.09,0.02,56.03,19.0,3.0,42.02,0.0,0,1,24.444444,2
29782,5,23,6,1,24.07,0.0,57.72,10.4,1.08,28.27,0.0,0,1,24.444444,2
29783,5,24,6,1,24.07,0.0,60.45,9.6,0.24,26.61,0.0,0,1,24.444444,2
29784,5,1,7,1,24.07,0.0,63.04,8.5,0.36,24.87,0.0,0,1,24.444444,2
29785,5,2,7,1,24.07,0.0,65.53,6.4,0.12,20.75,0.0,0,1,24.444444,2
29786,5,3,7,1,24.07,0.0,67.87,6.8,0.48,21.33,0.0,0,1,24.444444,2
29787,5,4,7,1,24.06,0.0,70.66,3.6,0.48,15.63,0.0,0,1,24.444444,2
29788,5,5,7,1,24.05,0.0,73.0,4.7,1.56,17.56,0.0,0,1,24.444444,2
29789,5,6,7,1,24.07,0.0,71.93,8.5,6.6,28.81,0.0,0,1,24.444444,2
29790,5,7,7,1,24.07,0.0,70.1,8.2,14.16,28.96,67.4959,0,1,24.444444,2
29791,5,8,7,1,24.07,0.0,68.68,8.7,5.88,32.75,183.225,0,1,24.444444,2
29792,5,9,7,1,24.07,0.0,66.95,6.3,9.6,34.49,368.119,0,1,24.444444,2
29793,5,10,7,1,24.07,0.0,64.78,6.4,3.0,36.06,480.256,0,1,24.444444,2
29794,5,11,7,1,24.07,0.0,63.8,4.6,4.2,33.65,521.268,0,1,24.444444,2
29795,5,12,7,1,24.07,0.0,62.73,8.7,3.0,41.3,558.033,0,1,24.444444,2
29796,5,13,7,1,24.07,0.0,62.11,5.9,5.28,37.55,665.171,0,1,24.444444,2
29797,5,14,7,1,24.07,0.0,61.34,9.2,3.48,45.67,472.287,0,1,24.444444,2
29798,5,15,7,1,24.07,0.0,60.94,3.9,2.04,41.9,598.444,0,1,24.444444,2
29799,5,16,7,1,24.08,0.0,59.75,9.0,2.88,51.64,473.079,0,1,24.444444,2
29800,5,17,7,1,24.08,0.0,58.48,8.3,3.12,48.95,312.174,0,1,24.444444,2
29801,5,18,7,1,24.1,0.03,57.73,11.6,2.64,50.13,142.254,0,1,24.444444,2
29802,5,19,7,1,24.08,0.01,58.16,10.2,2.4,42.16,21.0398,0,1,24.444444,2
29803,5,20,7,1,24.07,0.0,60.0,8.4,1.2,36.19,0.0,0,1,24.444444,2
29804,5,21,7,1,24.07,0.0,62.52,9.9,2.52,38.28,0.0,0,1,24.444444,2
29805,5,22,7,1,24.07,0.0,63.61,9.0,3.24,34.86,0.0,0,1,24.444444,2
29806,5,23,7,1,24.07,0.0,64.86,6.0,0.48,28.05,0.0,0,1,24.444444,2
29807,5,24,7,1,24.07,0.0,66.24,6.1,1.56,27.14,0.0,0,1,24.444444,2
29808,5,1,1,1,24.07,0.0,67.97,3.5,1.44,21.22,0.0,0,1,24.444444,2
29809,5,2,1,1,24.07,0.0,70.06,3.5,1.08,19.51,0.0,0,1,24.444444,2
29810,5,3,1,1,24.07,0.0,71.73,3.6,1.08,18.44,0.0,0,1,24.444444,2
29811,5,4,1,1,24.07,0.0,72.49,4.9,0.36,20.04,0.0,0,1,24.444444,2
29812,5,5,1,1,24.06,0.0,73.18,4.2,0.6,17.36,0.0,0,1,24.444444,2
29813,5,6,1,1,24.05,0.0,74.04,3.6,3.36,17.66,0.0,0,1,24.444444,2
29814,5,7,1,1,24.06,0.0,73.09,5.4,6.96,25.89,75.2992,0,1,24.444444,2
29815,5,8,1,1,24.07,0.0,70.45,5.3,4.56,27.09,172.382,0,1,24.444444,2
29816,5,9,1,1,24.07,0.0,67.72,5.7,11.52,32.04,328.59,0,1,24.444444,2
29817,5,10,1,1,24.07,0.0,65.49,4.4,4.56,31.87,478.254,0,1,24.444444,2
29818,5,11,1,1,24.07,0.0,63.96,5.0,1.92,33.39,492.952,0,1,24.444444,2
29819,5,12,1,1,24.07,0.0,62.17,4.9,4.56,34.18,592.413,0,1,24.444444,2
29820,5,13,1,1,24.07,0.0,60.2,4.6,2.4,35.13,592.215,0,1,24.444444,2
29821,5,14,1,1,24.08,0.01,58.03,11.4,9.84,47.04,502.644,0,1,24.444444,2
29822,5,15,1,1,24.07,0.0,56.74,3.8,6.84,39.16,583.316,0,1,24.444444,2
29823,5,16,1,1,24.07,0.0,56.24,4.8,3.48,42.65,442.958,0,1,24.444444,2
29824,5,17,1,1,24.07,0.0,55.98,7.1,4.32,45.84,280.89,0,1,24.444444,2
29825,5,18,1,1,24.07,0.0,56.77,4.8,6.12,40.46,135.886,0,1,24.444444,2
29826,5,19,1,1,24.07,0.0,58.25,6.1,5.88,36.04,21.7507,0,1,24.444444,2
29827,5,20,1,1,24.07,0.0,58.84,8.4,3.24,34.94,0.0,0,1,24.444444,2
29828,5,21,1,1,24.07,0.0,59.14,9.6,2.52,34.43,0.0,0,1,24.444444,2
29829,5,22,1,1,24.07,0.0,60.62,6.7,2.04,28.38,0.0,0,1,24.444444,2
29830,5,23,1,1,24.07,0.0,63.04,5.7,2.04,25.35,0.0,0,1,24.444444,2
29831,5,24,1,1,24.07,0.0,65.58,3.2,0.84,20.3,0.0,0,1,24.444444,2
29832,5,1,2,1,24.07,0.0,65.63,4.7,0.36,20.91,0.0,0,1,24.444444,2
29833,5,2,2,1,24.07,0.0,61.63,8.0,1.92,22.78,0.0,0,1,24.444444,2
29834,5,3,2,1,24.06,0.0,59.7,3.6,0.12,13.22,0.0,0,1,24.444444,2
29835,5,4,2,1,24.05,0.0,59.62,5.2,0.24,13.26,0.0,0,1,24.444444,2
29836,5,5,2,1,24.02,0.0,60.36,5.3,1.92,11.31,0.0,0,1,24.444444,2
29837,5,6,2,1,23.98,0.0,62.68,4.9,1.68,9.45,0.0,0,1,24.444444,2
29838,5,7,2,1,23.88,0.0,65.72,3.8,8.16,7.79,21.0795,0,1,24.444444,2
29839,5,8,2,1,23.86,0.0,67.8,4.4,5.04,8.38,55.1503,0,1,24.444444,2
29840,5,9,2,1,23.9,0.0,67.72,4.4,12.96,11.98,236.912,0,1,24.444444,2
29841,5,10,2,1,23.95,0.0,66.83,4.1,15.0,17.29,444.233,0,1,24.444444,2
29842,5,11,2,1,24.02,0.0,64.49,5.3,8.88,22.67,563.025,0,1,24.444444,2
29843,5,12,2,1,24.04,0.0,61.85,5.0,9.48,24.65,606.694,0,1,24.444444,2
29844,5,13,2,1,24.06,0.0,60.51,4.3,12.96,26.63,597.86,0,1,24.444444,2
29845,5,14,2,1,24.07,0.0,58.08,10.9,1.92,39.46,543.954,0,1,24.444444,2
29846,5,15,2,1,24.07,0.0,57.23,4.4,4.44,29.53,330.559,0,1,24.444444,2
29847,5,16,2,1,24.07,0.0,57.33,4.8,4.32,29.75,270.651,0,1,24.444444,2
29848,5,17,2,1,24.08,0.0,57.68,7.1,11.4,29.26,106.355,0,1,24.444444,2
29849,5,18,2,1,24.07,0.0,58.18,9.0,5.76,31.57,40.8634,0,1,24.444444,2
29850,5,19,2,1,24.07,0.0,59.29,7.0,6.6,23.88,2.24186,0,1,24.444444,2
29851,5,20,2,1,24.07,0.0,59.99,7.0,2.52,20.39,0.0,0,1,24.444444,2
29852,5,21,2,1,24.07,0.0,61.28,5.6,2.04,17.06,0.0,0,1,24.444444,2
29853,5,22,2,1,24.07,0.0,63.59,5.6,1.08,15.91,0.0,0,1,24.444444,2
29854,5,23,2,1,24.04,0.0,66.22,4.0,1.44,12.89,0.0,0,1,24.444444,2
29855,5,24,2,1,24.02,0.0,68.62,3.9,0.24,12.02,0.0,0,1,24.444444,2
29856,5,1,3,1,23.97,0.0,70.83,3.1,0.48,10.35,0.0,0,1,24.444444,2
29857,5,2,3,1,23.94,0.0,72.75,3.2,0.12,10.08,0.0,0,1,24.444444,2
29858,5,3,3,1,23.91,0.0,74.48,3.2,0.72,9.81,0.0,0,1,24.444444,2
29859,5,4,3,1,23.92,0.0,75.03,4.9,0.12,10.94,0.0,0,1,24.444444,2
29860,5,5,3,1,23.86,0.0,75.21,3.8,0.36,9.17,0.0,0,1,24.444444,2
29861,5,6,3,1,23.85,0.0,75.63,3.6,6.96,9.22,0.0,0,1,24.444444,2
29862,5,7,3,1,23.86,0.0,76.0,3.8,13.8,10.11,34.9344,0,1,24.444444,2
29863,5,8,3,1,23.89,0.0,75.89,4.9,13.92,10.98,90.5903,0,1,24.444444,2
29864,5,9,3,1,23.91,0.0,73.87,5.6,10.08,11.67,110.669,0,1,24.444444,2
29865,5,10,3,1,23.89,0.0,72.29,4.2,4.32,9.78,131.497,0,1,24.444444,2
29866,5,11,3,1,23.93,0.0,70.98,6.1,2.28,12.04,144.01,0,1,24.444444,2
29867,5,12,3,1,23.88,0.0,70.91,3.7,1.2,8.68,135.568,0,1,24.444444,2
29868,5,13,3,1,23.87,0.0,71.15,4.6,1.56,9.56,110.852,0,1,24.444444,2
29869,5,14,3,1,24.0,0.0,68.94,10.8,1.32,18.86,133.177,0,1,24.444444,2
29870,5,15,3,1,24.0,0.0,67.48,8.4,2.4,14.84,138.963,0,1,24.444444,2
29871,5,16,3,1,23.94,0.0,69.12,5.3,3.36,9.7,35.3926,0,1,24.444444,2
29872,5,17,3,1,23.9,0.0,71.47,4.7,2.04,9.47,4.65279,0,1,24.444444,2
29873,5,18,3,1,23.95,0.0,72.1,6.5,2.16,13.05,0.0,0,1,24.444444,2
29874,5,19,3,1,24.0,0.0,70.78,9.7,8.16,18.07,0.0,0,1,24.444444,2
29875,5,20,3,1,24.01,0.0,70.16,8.8,7.08,16.1,0.0,0,1,24.444444,2
29876,5,21,3,1,23.99,0.0,71.63,6.3,6.36,12.45,0.0,0,1,24.444444,2
29877,5,22,3,1,24.01,0.0,72.22,9.1,1.56,17.05,0.0,0,1,24.444444,2
29878,5,23,3,1,23.93,0.0,73.15,4.8,0.72,10.0,0.0,0,1,24.444444,2
29879,5,24,3,1,23.88,0.0,74.24,4.5,0.36,9.45,0.0,0,1,24.444444,2
29880,5,1,8,1,23.89,0.0,74.39,5.6,1.2,10.36,0.0,0,1,24.444444,2
29881,5,2,8,1,23.81,0.0,75.57,3.6,0.48,7.73,0.0,0,1,24.444444,2
29882,5,3,8,1,23.75,0.0,77.05,3.4,0.0,7.04,0.0,0,1,24.444444,2
29883,5,4,8,1,23.71,0.0,77.94,3.3,0.24,6.7,0.0,0,1,24.444444,2
29884,5,5,8,1,23.7,0.0,78.23,3.6,1.68,7.23,0.0,0,1,24.444444,2
29885,5,6,8,1,23.78,0.0,77.69,5.6,7.2,10.5,0.0,0,1,24.444444,2
29886,5,7,8,1,23.94,0.0,75.69,8.8,26.16,18.28,68.0374,0,1,24.444444,2
29887,5,8,8,1,23.92,0.0,74.46,4.0,4.32,16.97,200.943,0,1,24.444444,2
29888,5,9,8,1,23.97,0.0,72.75,5.2,7.8,21.69,295.832,0,1,24.444444,2
29889,5,10,8,1,24.0,0.0,71.41,3.8,6.48,22.09,402.675,0,1,24.444444,2
29890,5,11,8,1,24.02,0.0,70.79,5.3,3.84,24.97,423.159,0,1,24.444444,2
29891,5,12,8,1,24.03,0.0,70.29,3.8,6.6,22.66,395.07,0,1,24.444444,2
29892,5,13,8,1,24.03,0.0,69.49,3.5,1.2,18.65,206.11,0,1,24.444444,2
29893,5,14,8,1,24.06,0.0,67.11,10.2,2.88,28.12,160.332,0,1,24.444444,2
29894,5,15,8,1,24.05,0.0,65.97,3.8,6.84,19.79,336.45,0,1,24.444444,2
29895,5,16,8,1,24.06,0.0,65.16,5.0,4.44,22.1,253.262,0,1,24.444444,2
29896,5,17,8,1,24.07,0.0,64.4,7.5,2.76,21.32,49.1764,0,1,24.444444,2
29897,5,18,8,1,24.07,0.0,65.48,5.7,4.56,17.66,7.81809,0,1,24.444444,2
29898,5,19,8,1,24.06,0.0,67.71,5.6,6.12,16.69,0.0,0,1,24.444444,2
29899,5,20,8,1,24.06,0.0,68.35,7.7,2.4,18.68,0.0,0,1,24.444444,2
29900,5,21,8,1,24.07,0.0,68.4,8.7,9.72,19.67,0.0,0,1,24.444444,2
29901,5,22,8,1,24.06,0.0,68.45,8.9,1.8,19.29,0.0,0,1,24.444444,2
29902,5,23,8,1,24.03,0.0,69.93,5.0,1.2,12.3,0.0,0,1,24.444444,2
29903,5,24,8,1,24.01,0.0,71.74,5.3,0.6,12.43,0.0,0,1,24.444444,2
29904,6,1,5,1,24.02,0.0,72.37,7.2,0.6,15.18,0.0,0,1,24.444444,2
29905,6,2,5,1,23.94,0.0,74.04,3.5,0.12,9.48,0.0,0,1,24.444444,2
29906,6,3,5,1,23.94,0.0,75.72,4.6,0.36,11.09,0.0,0,1,24.444444,2
29907,6,4,5,1,23.91,0.0,77.42,3.7,3.84,9.99,0.0,0,1,24.444444,2
29908,6,5,5,1,23.89,0.0,78.96,3.9,0.72,10.16,0.0,0,1,24.444444,2
29909,6,6,5,1,23.99,0.0,77.47,8.6,5.76,19.14,0.0,0,1,24.444444,2
29910,6,7,5,1,24.03,0.0,74.83,9.2,17.28,23.86,76.9134,0,1,24.444444,2
29911,6,8,5,1,24.04,0.0,71.79,9.2,3.12,26.89,193.898,0,1,24.444444,2
29912,6,9,5,1,24.06,0.0,67.9,11.1,7.08,32.67,318.154,0,1,24.444444,2
29913,6,10,5,1,24.07,0.0,65.04,10.2,4.56,32.89,389.079,0,1,24.444444,2
29914,6,11,5,1,24.07,0.0,62.82,8.9,2.88,30.96,551.571,0,1,24.444444,2
29915,6,12,5,1,24.07,0.0,62.14,9.2,4.08,31.78,470.92,0,1,24.444444,2
29916,6,13,5,1,24.07,0.0,61.32,9.3,4.92,34.7,420.65,0,1,24.444444,2
29917,6,14,5,1,24.07,0.0,60.55,9.8,3.24,35.86,338.121,0,1,24.444444,2
29918,6,15,5,1,24.07,0.0,59.96,9.3,1.2,30.9,230.877,0,1,24.444444,2
29919,6,16,5,1,24.07,0.0,60.2,8.8,2.88,26.38,126.185,0,1,24.444444,2
29920,6,17,5,1,24.07,0.0,60.62,10.6,1.68,27.71,84.9449,0,1,24.444444,2
29921,6,18,5,1,24.07,0.0,61.1,9.4,1.32,26.01,60.7463,0,1,24.444444,2
29922,6,19,5,1,24.07,0.0,61.16,10.9,3.24,26.6,10.2686,0,1,24.444444,2
29923,6,20,5,1,24.07,0.0,60.63,13.3,4.92,28.71,0.0,0,1,24.444444,2
29924,6,21,5,1,24.07,0.0,60.49,11.1,3.24,24.08,0.0,0,1,24.444444,2
29925,6,22,5,1,24.07,0.0,60.88,13.8,2.16,27.61,0.0,0,1,24.444444,2
29926,6,23,5,1,24.07,0.0,61.99,11.2,2.76,22.84,0.0,0,1,24.444444,2
29927,6,24,5,1,24.01,0.0,65.77,3.2,0.48,10.26,0.0,0,1,24.444444,2
29928,6,1,6,1,24.05,0.0,66.93,8.6,0.12,17.7,0.0,0,1,24.444444,2
29929,6,2,6,1,24.06,0.0,67.21,9.8,1.08,18.91,0.0,0,1,24.444444,2
29930,6,3,6,1,24.06,0.0,67.12,10.8,2.4,19.67,0.0,0,1,24.444444,2
29931,6,4,6,1,23.98,0.0,69.34,4.3,1.8,9.44,0.0,0,1,24.444444,2
29932,6,5,6,1,24.04,0.0,70.3,9.8,2.04,18.2,0.0,0,1,24.444444,2
29933,6,6,6,1,24.05,0.0,69.39,8.9,3.12,22.98,0.0,0,1,24.444444,2
29934,6,7,6,1,24.03,0.0,69.34,4.5,29.04,22.0,63.1873,0,1,24.444444,2
29935,6,8,6,1,24.03,0.0,69.76,5.3,8.64,23.53,181.6,0,1,24.444444,2
29936,6,9,6,1,24.07,0.0,66.2,13.1,6.0,39.55,329.046,0,1,24.444444,2
29937,6,10,6,1,24.06,0.0,63.91,4.2,4.56,26.61,481.0,0,1,24.444444,2
29938,6,11,6,1,24.07,0.0,62.93,8.1,1.2,33.39,420.953,0,1,24.444444,2
29939,6,12,6,1,24.07,0.0,61.68,8.3,3.0,33.07,449.239,0,1,24.444444,2
29940,6,13,6,1,24.07,0.0,60.77,8.7,1.08,34.17,661.176,0,1,24.444444,2
29941,6,14,6,1,24.07,0.0,58.24,10.7,2.64,40.27,633.231,0,1,24.444444,2
29942,6,15,6,1,24.07,0.0,56.61,8.2,1.56,37.01,447.295,0,1,24.444444,2
29943,6,16,6,1,24.07,0.0,56.39,8.4,2.28,34.8,269.034,0,1,24.444444,2
29944,6,17,6,1,24.07,0.0,57.07,9.4,1.68,33.76,109.28,0,1,24.444444,2
29945,6,18,6,1,24.07,0.0,57.66,9.4,2.4,33.41,70.5112,0,1,24.444444,2
29946,6,19,6,1,24.07,0.0,57.96,10.6,1.68,32.81,11.6973,0,1,24.444444,2
29947,6,20,6,1,24.07,0.0,58.31,10.3,6.0,30.2,0.0,0,1,24.444444,2
29948,6,21,6,1,24.07,0.0,59.05,10.5,7.08,29.73,0.0,0,1,24.444444,2
29949,6,22,6,1,24.07,0.0,59.18,14.1,1.8,34.06,0.0,0,1,24.444444,2
29950,6,23,6,1,24.07,0.0,61.5,5.6,3.36,19.95,0.0,0,1,24.444444,2
29951,6,24,6,1,24.07,0.0,63.63,11.3,0.24,29.42,0.0,0,1,24.444444,2
29952,6,1,7,1,24.06,0.0,66.59,3.4,0.36,15.44,0.0,0,1,24.444444,2
29953,6,2,7,1,24.05,0.0,70.63,3.5,0.36,15.82,0.0,0,1,24.444444,2
29954,6,3,7,1,24.04,0.0,73.19,3.5,0.48,15.67,0.0,0,1,24.444444,2
29955,6,4,7,1,24.03,0.0,75.23,3.1,1.08,14.69,0.0,0,1,24.444444,2
29956,6,5,7,1,24.02,0.0,76.61,3.6,3.36,15.35,0.0,0,1,24.444444,2
29957,6,6,7,1,24.02,0.0,77.71,3.3,3.12,14.9,0.0,0,1,24.444444,2
29958,6,7,7,1,24.03,0.0,77.63,4.8,17.88,18.82,38.9941,0,1,24.444444,2
29959,6,8,7,1,24.04,0.0,75.72,6.3,9.12,24.13,122.796,0,1,24.444444,2
29960,6,9,7,1,24.05,0.0,72.89,4.6,8.4,27.41,304.804,0,1,24.444444,2
29961,6,10,7,1,24.05,0.0,70.97,3.4,3.0,27.56,409.448,0,1,24.444444,2
29962,6,11,7,1,24.07,0.0,68.9,6.3,3.48,32.52,371.657,0,1,24.444444,2
29963,6,12,7,1,24.07,0.0,67.61,3.9,1.2,26.28,258.749,0,1,24.444444,2
29964,6,13,7,1,24.07,0.0,67.7,4.3,3.36,20.44,72.9411,0,1,24.444444,2
29965,6,14,7,1,24.07,0.0,65.15,12.3,1.32,32.83,103.328,0,1,24.444444,2
29966,6,15,7,1,24.07,0.0,64.32,4.8,1.32,20.88,106.358,0,1,24.444444,2
29967,6,16,7,1,24.07,0.0,64.65,3.8,1.08,21.51,108.711,0,1,24.444444,2
29968,6,17,7,1,24.07,0.0,62.8,12.8,3.12,39.9,151.791,0,1,24.444444,2
29969,6,18,7,1,24.07,0.0,60.35,9.1,0.84,31.99,97.6047,0,1,24.444444,2
29970,6,19,7,1,24.07,0.0,60.26,5.6,1.56,21.55,19.5049,0,1,24.444444,2
29971,6,20,7,1,24.07,0.0,60.01,10.9,3.0,26.78,0.0,0,1,24.444444,2
29972,6,21,7,1,24.07,0.0,60.89,8.9,2.28,23.25,0.0,0,1,24.444444,2
29973,6,22,7,1,24.07,0.0,63.5,5.5,2.76,18.48,0.0,0,1,24.444444,2
29974,6,23,7,1,24.07,0.0,65.79,6.5,1.08,20.65,0.0,0,1,24.444444,2
29975,6,24,7,1,24.06,0.0,67.23,4.5,0.6,16.37,0.0,0,1,24.444444,2
29976,6,1,1,1,24.05,0.0,69.26,3.6,1.08,14.25,0.0,0,1,24.444444,2
29977,6,2,1,1,24.03,0.0,71.36,3.5,0.36,13.81,0.0,0,1,24.444444,2
29978,6,3,1,1,24.05,0.0,70.83,7.6,0.0,20.4,0.0,0,1,24.444444,2
29979,6,4,1,1,24.03,0.0,70.45,4.8,1.44,14.03,0.0,0,1,24.444444,2
29980,6,5,1,1,24.05,0.0,69.93,8.5,2.4,19.35,0.0,0,1,24.444444,2
29981,6,6,1,1,24.0,0.0,70.88,3.6,4.92,11.48,0.0,0,1,24.444444,2
29982,6,7,1,1,24.03,0.0,71.94,5.5,4.44,16.38,22.2551,0,1,24.444444,2
29983,6,8,1,1,24.03,0.0,71.0,5.2,5.16,20.63,166.499,0,1,24.444444,2
29984,6,9,1,1,24.05,0.0,68.55,6.4,2.64,27.33,315.631,0,1,24.444444,2
29985,6,10,1,1,24.06,0.0,65.99,6.5,8.28,30.18,431.15,0,1,24.444444,2
29986,6,11,1,1,24.07,0.0,64.13,4.3,6.96,27.16,591.5,0,1,24.444444,2
29987,6,12,1,1,24.07,0.0,62.09,4.3,4.92,27.15,666.045,0,1,24.444444,2
29988,6,13,1,1,24.07,0.0,59.89,4.7,5.28,29.56,670.586,0,1,24.444444,2
29989,6,14,1,1,24.11,0.04,56.09,15.7,11.52,48.75,533.642,0,1,24.444444,2
29990,6,15,1,1,24.08,0.0,54.15,4.0,2.4,33.1,453.838,0,1,24.444444,2
29991,6,16,1,1,24.07,0.0,55.49,3.7,0.96,33.6,327.984,0,1,24.444444,2
29992,6,17,1,1,24.07,0.0,57.36,4.2,2.04,36.69,276.263,0,1,24.444444,2
29993,6,18,1,1,24.07,0.0,58.33,6.3,2.16,38.6,132.705,0,1,24.444444,2
29994,6,19,1,1,24.07,0.0,58.98,3.5,3.96,27.9,23.755,0,1,24.444444,2
29995,6,20,1,1,24.07,0.0,60.29,5.3,6.72,25.8,0.0,0,1,24.444444,2
29996,6,21,1,1,24.07,0.0,61.37,6.3,1.68,25.49,0.0,0,1,24.444444,2
29997,6,22,1,1,24.07,0.0,62.6,5.7,6.96,22.49,0.0,0,1,24.444444,2
29998,6,23,1,1,24.07,0.0,63.8,5.8,0.48,20.94,0.0,0,1,24.444444,2
29999,6,24,1,1,24.07,0.0,65.91,3.5,0.72,15.95,0.0,0,1,24.444444,2
30000,6,1,2,1,24.07,0.0,67.56,6.3,0.6,19.97,0.0,0,1,24.444444,2
30001,6,2,2,1,24.07,0.0,68.59,6.1,0.36,18.95,0.0,0,1,24.444444,2
30002,6,3,2,1,24.04,0.0,70.83,3.4,0.24,13.92,0.0,0,1,24.444444,2
30003,6,4,2,1,24.05,0.0,72.5,5.2,0.6,16.6,0.0,0,1,24.444444,2
30004,6,5,2,1,24.04,0.0,73.18,4.9,3.48,15.51,0.0,0,1,24.444444,2
30005,6,6,2,1,24.03,0.0,74.18,4.6,3.36,15.39,0.0,0,1,24.444444,2
30006,6,7,2,1,24.03,0.0,74.68,3.7,3.0,17.57,63.3176,0,1,24.444444,2
30007,6,8,2,1,24.03,0.0,73.66,3.4,4.56,22.55,192.227,0,1,24.444444,2
30008,6,9,2,1,24.04,0.0,71.18,4.1,4.08,27.84,336.323,0,1,24.444444,2
30009,6,10,2,1,24.05,0.0,67.9,4.0,9.72,29.28,479.407,0,1,24.444444,2
30010,6,11,2,1,24.06,0.0,66.0,4.4,3.84,27.56,434.111,0,1,24.444444,2
30011,6,12,2,1,24.07,0.0,64.24,4.2,10.68,26.61,461.204,0,1,24.444444,2
30012,6,13,2,1,24.07,0.0,62.46,5.8,2.16,32.4,565.718,0,1,24.444444,2
30013,6,14,2,1,24.07,0.0,60.96,9.5,5.4,37.27,454.029,0,1,24.444444,2
30014,6,15,2,1,24.07,0.0,60.49,5.5,4.44,28.23,283.494,0,1,24.444444,2
30015,6,16,2,1,24.07,0.0,60.39,6.0,3.48,25.95,204.653,0,1,24.444444,2
30016,6,17,2,1,24.07,0.0,60.94,5.3,3.6,24.35,171.84,0,1,24.444444,2
30017,6,18,2,1,24.07,0.0,61.96,5.0,3.36,22.55,77.7315,0,1,24.444444,2
30018,6,19,2,1,24.07,0.0,63.18,5.8,2.28,20.9,14.2491,0,1,24.444444,2
30019,6,20,2,1,24.07,0.0,64.59,5.2,9.12,18.13,0.0,0,1,24.444444,2
30020,6,21,2,1,24.07,0.0,65.76,6.0,1.92,18.95,0.0,0,1,24.444444,2
30021,6,22,2,1,24.06,0.0,67.1,4.6,1.8,15.3,0.0,0,1,24.444444,2
30022,6,23,2,1,24.06,0.0,68.06,6.4,0.6,17.37,0.0,0,1,24.444444,2
30023,6,24,2,1,24.06,0.0,68.26,6.4,0.6,16.2,0.0,0,1,24.444444,2
30024,6,1,3,1,24.07,0.0,67.36,10.7,0.48,22.77,0.0,0,1,24.444444,2
30025,6,2,3,1,24.03,0.0,68.37,4.7,0.72,11.88,0.0,0,1,24.444444,2
30026,6,3,3,1,23.97,0.0,71.38,3.4,0.24,10.11,0.0,0,1,24.444444,2
30027,6,4,3,1,24.03,0.0,71.7,7.9,0.24,17.32,0.0,0,1,24.444444,2
30028,6,5,3,1,23.96,0.0,72.73,3.2,1.2,9.82,0.0,0,1,24.444444,2
30029,6,6,3,1,23.97,0.0,74.58,4.8,5.88,12.41,0.0,0,1,24.444444,2
30030,6,7,3,1,23.95,0.0,76.0,3.9,21.6,11.0,43.1367,0,1,24.444444,2
30031,6,8,3,1,23.99,0.0,75.53,7.5,6.96,14.84,70.0128,0,1,24.444444,2
30032,6,9,3,1,23.96,0.0,74.31,4.9,2.16,11.61,102.636,0,1,24.444444,2
30033,6,10,3,1,23.97,0.0,73.14,4.3,3.6,16.89,355.958,0,1,24.444444,2
30034,6,11,3,1,24.0,0.0,71.54,4.2,1.8,19.3,436.098,0,1,24.444444,2
30035,6,12,3,1,24.02,0.0,69.45,3.9,1.2,20.87,500.97,0,1,24.444444,2
30036,6,13,3,1,24.03,0.0,67.46,4.8,0.48,23.57,374.939,0,1,24.444444,2
30037,6,14,3,1,24.07,0.0,63.82,9.3,1.56,31.0,345.722,0,1,24.444444,2
30038,6,15,3,1,24.06,0.0,61.46,4.1,1.8,23.4,389.202,0,1,24.444444,2
30039,6,16,3,1,24.07,0.0,59.41,7.6,1.2,30.07,277.563,0,1,24.444444,2
30040,6,17,3,1,24.07,0.0,57.75,3.7,5.04,26.74,273.095,0,1,24.444444,2
30041,6,18,3,1,24.07,0.0,57.78,4.3,4.68,28.18,141.164,0,1,24.444444,2
30042,6,19,3,1,24.07,0.0,58.55,4.9,3.24,24.64,22.5509,0,1,24.444444,2
30043,6,20,3,1,24.07,0.0,59.76,8.8,11.64,27.66,0.0,0,1,24.444444,2
30044,6,21,3,1,24.07,0.0,61.51,5.4,2.16,21.73,0.0,0,1,24.444444,2
30045,6,22,3,1,24.07,0.0,62.54,8.2,3.0,25.42,0.0,0,1,24.444444,2
30046,6,23,3,1,24.07,0.0,62.97,5.9,1.2,20.06,0.0,0,1,24.444444,2
30047,6,24,3,1,24.07,0.0,63.93,5.1,2.04,17.61,0.0,0,1,24.444444,2
30048,6,1,4,1,24.05,0.0,65.41,3.6,0.48,13.8,0.0,0,1,24.444444,2
30049,6,2,4,1,24.03,0.0,67.37,3.6,0.12,12.78,0.0,0,1,24.444444,2
30050,6,3,4,1,24.03,0.0,69.02,4.7,0.48,13.94,0.0,0,1,24.444444,2
30051,6,4,4,1,24.04,0.0,69.52,6.8,0.24,16.8,0.0,0,1,24.444444,2
30052,6,5,4,1,24.0,0.0,70.86,3.6,2.76,11.2,0.0,0,1,24.444444,2
30053,6,6,4,1,24.0,0.0,71.64,4.2,1.08,18.37,0.0,0,1,24.444444,2
30054,6,7,4,1,24.04,0.0,68.58,8.8,30.48,30.6,62.0742,0,1,24.444444,2
30055,6,8,4,1,24.03,0.0,66.22,5.5,8.16,22.24,194.185,0,1,24.444444,2
30056,6,9,4,1,24.03,0.0,64.1,4.2,4.8,22.77,352.929,0,1,24.444444,2
30057,6,10,4,1,24.04,0.0,62.79,4.3,4.08,24.4,531.532,0,1,24.444444,2
30058,6,11,4,1,24.05,0.0,62.03,6.4,1.08,26.95,642.056,0,1,24.444444,2
30059,6,12,4,1,24.06,0.0,61.91,4.3,0.96,24.32,699.929,0,1,24.444444,2
30060,6,13,4,1,24.07,0.0,61.66,3.6,4.08,25.96,711.492,0,1,24.444444,2
30061,6,14,4,1,24.07,0.0,59.43,9.9,4.44,41.02,686.051,0,1,24.444444,2
30062,6,15,4,1,24.07,0.0,57.53,4.0,5.64,36.16,616.349,0,1,24.444444,2
30063,6,16,4,1,24.07,0.0,55.62,4.1,0.84,38.63,492.574,0,1,24.444444,2
30064,6,17,4,1,24.07,0.0,53.25,9.0,1.92,45.24,335.288,0,1,24.444444,2
30065,6,18,4,1,24.07,0.0,52.36,5.2,5.64,37.9,157.886,0,1,24.444444,2
30066,6,19,4,1,24.07,0.0,51.99,6.5,1.8,33.51,26.4761,0,1,24.444444,2
30067,6,20,4,1,24.07,0.0,51.1,7.9,3.36,29.31,0.0,0,1,24.444444,2
30068,6,21,4,1,24.07,0.0,50.35,12.1,2.04,32.58,0.0,0,1,24.444444,2
30069,6,22,4,1,24.07,0.0,49.59,12.0,1.68,30.02,0.0,0,1,24.444444,2
30070,6,23,4,1,24.07,0.0,50.15,4.8,1.68,18.19,0.0,0,1,24.444444,2
30071,6,24,4,1,24.07,0.0,52.01,3.7,3.0,15.1,0.0,0,1,24.444444,2
30072,6,1,5,1,24.07,0.0,53.55,3.1,0.24,12.71,0.0,0,1,24.444444,2
30073,6,2,5,1,24.05,0.0,54.66,3.2,0.24,11.64,0.0,0,1,24.444444,2
30074,6,3,5,1,24.05,0.0,55.31,4.6,0.72,12.53,0.0,0,1,24.444444,2
30075,6,4,5,1,24.02,0.0,56.07,3.5,0.48,9.97,0.0,0,1,24.444444,2
30076,6,5,5,1,23.98,0.0,56.94,3.3,1.44,8.99,0.0,0,1,24.444444,2
30077,6,6,5,1,24.04,0.0,55.69,9.2,4.8,21.09,0.0,0,1,24.444444,2
30078,6,7,5,1,24.05,0.0,53.91,8.0,6.36,24.14,64.3228,0,1,24.444444,2
30079,6,8,5,1,24.06,0.0,52.0,10.0,8.28,27.83,220.893,0,1,24.444444,2
30080,6,9,5,1,24.07,0.0,50.4,9.1,4.2,27.44,400.873,0,1,24.444444,2
30081,6,10,5,1,24.07,0.0,48.6,11.7,3.12,30.44,555.019,0,1,24.444444,2
30082,6,11,5,1,24.08,0.0,47.58,8.6,4.08,24.94,648.744,0,1,24.444444,2
30083,6,12,5,1,24.07,0.0,46.92,8.7,0.96,25.04,716.227,0,1,24.444444,2
30084,6,13,5,1,24.07,0.0,45.89,9.8,4.8,28.08,728.99,0,1,24.444444,2
30085,6,14,5,1,24.07,0.0,44.53,9.9,9.0,31.24,690.524,0,1,24.444444,2
30086,6,15,5,1,24.07,0.0,43.75,9.4,0.96,34.47,621.601,0,1,24.444444,2
30087,6,16,5,1,24.08,0.0,43.47,9.1,1.2,37.13,510.58,0,1,24.444444,2
30088,6,17,5,1,24.08,0.0,43.42,8.8,1.44,38.83,353.366,0,1,24.444444,2
30089,6,18,5,1,24.08,0.0,43.29,12.3,1.56,42.35,166.727,0,1,24.444444,2
30090,6,19,5,1,24.08,0.0,43.29,9.0,4.8,32.58,27.1581,0,1,24.444444,2
30091,6,20,5,1,24.08,0.0,43.56,11.2,1.44,30.49,0.0,0,1,24.444444,2
30092,6,21,5,1,24.07,0.0,43.56,15.1,2.28,33.76,0.0,0,1,24.444444,2
30093,6,22,5,1,24.07,0.0,43.6,11.9,1.32,27.99,0.0,0,1,24.444444,2
30094,6,23,5,1,24.07,0.0,44.28,11.0,1.2,24.37,0.0,0,1,24.444444,2
30095,6,24,5,1,24.07,0.0,45.81,3.2,0.36,12.76,0.0,0,1,24.444444,2
30096,6,1,6,1,24.07,0.0,47.44,10.1,0.48,18.79,0.0,0,1,24.444444,2
30097,6,2,6,1,24.07,0.0,49.69,11.3,0.36,18.16,0.0,0,1,24.444444,2
30098,6,3,6,1,24.0,0.0,53.04,4.0,2.88,8.36,0.0,0,1,24.444444,2
30099,6,4,6,1,23.99,0.0,56.12,5.0,0.12,9.45,0.0,0,1,24.444444,2
30100,6,5,6,1,24.04,0.0,56.89,9.7,1.56,14.46,0.0,0,1,24.444444,2
30101,6,6,6,1,24.04,0.0,57.26,9.1,2.16,18.24,0.0,0,1,24.444444,2
30102,6,7,6,1,24.02,0.0,57.31,4.3,24.72,19.37,63.5746,0,1,24.444444,2
30103,6,8,6,1,24.03,0.0,56.72,5.4,6.96,23.97,216.798,0,1,24.444444,2
30104,6,9,6,1,24.05,0.0,55.35,9.2,15.24,30.02,397.591,0,1,24.444444,2
30105,6,10,6,1,24.04,0.0,54.78,3.9,5.16,23.09,546.39,0,1,24.444444,2
30106,6,11,6,1,24.07,0.0,53.89,9.9,3.0,30.52,645.344,0,1,24.444444,2
30107,6,12,6,1,24.07,0.0,51.65,15.4,4.68,38.13,704.016,0,1,24.444444,2
30108,6,13,6,1,24.07,0.0,50.69,9.4,3.24,31.54,724.631,0,1,24.444444,2
30109,6,14,6,1,24.07,0.0,50.01,9.4,1.92,35.11,690.156,0,1,24.444444,2
30110,6,15,6,1,24.07,0.0,49.52,8.3,1.2,36.62,569.729,0,1,24.444444,2
30111,6,16,6,1,24.07,0.0,49.53,9.2,2.28,38.36,384.064,0,1,24.444444,2
30112,6,17,6,1,24.07,0.0,49.89,9.2,2.88,39.22,281.94,0,1,24.444444,2
30113,6,18,6,1,24.07,0.0,50.44,9.3,1.44,37.81,130.398,0,1,24.444444,2
30114,6,19,6,1,24.07,0.0,50.9,9.6,1.56,34.02,26.3433,0,1,24.444444,2
30115,6,20,6,1,24.07,0.0,51.4,9.9,1.92,31.13,0.0,0,1,24.444444,2
30116,6,21,6,1,24.07,0.0,52.38,10.6,9.48,30.61,0.0,0,1,24.444444,2
30117,6,22,6,1,24.07,0.0,53.65,12.3,3.0,31.77,0.0,0,1,24.444444,2
30118,6,23,6,1,24.07,0.0,55.43,5.8,1.08,20.61,0.0,0,1,24.444444,2
30119,6,24,6,1,24.07,0.0,56.97,9.8,0.24,25.05,0.0,0,1,24.444444,2
30120,6,1,7,1,24.07,0.0,58.73,3.8,0.96,13.6,0.0,0,1,24.444444,2
30121,6,2,7,1,24.05,0.0,61.35,3.7,0.48,12.44,0.0,0,1,24.444444,2
30122,6,3,7,1,24.03,0.0,63.54,3.9,0.36,12.38,0.0,0,1,24.444444,2
30123,6,4,7,1,24.01,0.0,65.81,3.7,0.6,11.21,0.0,0,1,24.444444,2
30124,6,5,7,1,23.98,0.0,67.79,3.6,1.32,10.25,0.0,0,1,24.444444,2
30125,6,6,7,1,23.98,0.0,68.28,3.6,9.48,16.59,0.0,0,1,24.444444,2
30126,6,7,7,1,24.02,0.0,66.47,5.5,12.6,25.99,59.4432,0,1,24.444444,2
30127,6,8,7,1,24.03,0.0,63.81,5.9,7.32,27.1,202.968,0,1,24.444444,2
30128,6,9,7,1,24.03,0.0,60.6,4.2,7.08,25.03,376.027,0,1,24.444444,2
30129,6,10,7,1,24.04,0.0,57.83,3.8,4.44,24.48,537.666,0,1,24.444444,2
30130,6,11,7,1,24.05,0.0,55.67,3.9,1.2,23.87,597.079,0,1,24.444444,2
30131,6,12,7,1,24.07,0.0,53.95,4.1,2.04,25.71,561.113,0,1,24.444444,2
30132,6,13,7,1,24.07,0.0,52.93,6.2,6.24,31.02,487.268,0,1,24.444444,2
30133,6,14,7,1,24.07,0.0,51.42,9.3,2.28,38.21,498.514,0,1,24.444444,2
30134,6,15,7,1,24.07,0.0,50.45,8.7,1.68,39.28,451.043,0,1,24.444444,2
30135,6,16,7,1,24.07,0.0,50.87,4.7,3.48,37.52,514.732,0,1,24.444444,2
30136,6,17,7,1,24.07,0.0,51.96,9.2,2.16,45.98,355.65,0,1,24.444444,2
30137,6,18,7,1,24.07,0.0,52.26,10.0,2.64,46.21,169.069,0,1,24.444444,2
30138,6,19,7,1,24.07,0.0,53.52,5.5,2.64,33.64,26.8896,0,1,24.444444,2
30139,6,20,7,1,24.07,0.0,54.86,11.2,2.64,36.24,0.0,0,1,24.444444,2
30140,6,21,7,1,24.08,0.0,54.38,15.8,1.32,40.65,0.0,0,1,24.444444,2
30141,6,22,7,1,24.07,0.0,55.69,5.9,1.44,24.61,0.0,0,1,24.444444,2
30142,6,23,7,1,24.07,0.0,58.67,5.0,0.84,22.08,0.0,0,1,24.444444,2
30143,6,24,7,1,24.07,0.0,61.3,4.4,1.08,19.55,0.0,0,1,24.444444,2
30144,6,1,1,1,24.07,0.0,64.04,3.3,0.48,16.67,0.0,0,1,24.444444,2
30145,6,2,1,1,24.06,0.0,66.57,3.4,0.48,16.01,0.0,0,1,24.444444,2
30146,6,3,1,1,24.05,0.0,68.62,3.3,0.36,14.72,0.0,0,1,24.444444,2
30147,6,4,1,1,24.03,0.0,70.51,3.2,0.36,13.8,0.0,0,1,24.444444,2
30148,6,5,1,1,24.06,0.0,70.17,7.8,1.92,21.49,0.0,0,1,24.444444,2
30149,6,6,1,1,24.07,0.0,68.47,8.0,4.56,26.1,0.0,0,1,24.444444,2
30150,6,7,1,1,24.05,0.0,69.22,3.2,6.0,19.82,63.1224,0,1,24.444444,2
30151,6,8,1,1,24.06,0.0,69.17,6.3,5.04,29.17,169.983,0,1,24.444444,2
30152,6,9,1,1,24.07,0.0,67.69,6.6,1.8,32.52,341.992,0,1,24.444444,2
30153,6,10,1,1,24.07,0.0,66.97,4.9,3.24,29.85,304.205,0,1,24.444444,2
30154,6,11,1,1,24.07,0.0,66.69,5.3,9.6,30.9,354.82,0,1,24.444444,2
30155,6,12,1,1,24.07,0.0,66.72,4.2,1.44,32.52,564.085,0,1,24.444444,2
30156,6,13,1,1,24.07,0.0,65.57,6.7,2.16,38.43,459.069,0,1,24.444444,2
30157,6,14,1,1,24.07,0.0,63.63,11.3,2.16,43.01,234.549,0,1,24.444444,2
30158,6,15,1,1,24.07,0.0,63.42,3.8,1.56,28.84,258.147,0,1,24.444444,2
30159,6,16,1,1,24.07,0.0,64.26,4.7,1.32,32.39,309.771,0,1,24.444444,2
30160,6,17,1,1,24.07,0.0,64.45,4.5,2.64,35.72,287.192,0,1,24.444444,2
30161,6,18,1,1,24.07,0.0,64.7,5.0,2.76,35.31,137.186,0,1,24.444444,2
30162,6,19,1,1,24.07,0.0,65.73,4.0,2.88,27.16,27.323,0,1,24.444444,2
30163,6,20,1,1,24.07,0.0,66.09,7.3,5.88,28.85,0.0,0,1,24.444444,2
30164,6,21,1,1,24.07,0.0,66.91,4.8,5.28,23.66,0.0,0,1,24.444444,2
30165,6,22,1,1,24.07,0.0,67.94,5.9,2.4,24.97,0.0,0,1,24.444444,2
30166,6,23,1,1,24.07,0.0,67.85,6.8,1.44,25.44,0.0,0,1,24.444444,2
30167,6,24,1,1,24.07,0.0,68.03,5.8,0.48,22.04,0.0,0,1,24.444444,2
30168,6,1,2,1,24.07,0.0,68.33,6.3,0.84,21.75,0.0,0,1,24.444444,2
30169,6,2,2,1,24.06,0.0,69.54,4.5,0.48,17.85,0.0,0,1,24.444444,2
30170,6,3,2,1,24.06,0.0,70.94,5.2,0.36,18.79,0.0,0,1,24.444444,2
30171,6,4,2,1,24.06,0.0,71.9,4.8,0.48,17.65,0.0,0,1,24.444444,2
30172,6,5,2,1,24.05,0.0,72.63,5.3,1.8,18.39,0.0,0,1,24.444444,2
30173,6,6,2,1,24.04,0.0,74.08,3.3,0.84,15.97,0.0,0,1,24.444444,2
30174,6,7,2,1,24.05,0.0,74.58,4.3,3.48,22.07,65.3264,0,1,24.444444,2
30175,6,8,2,1,24.04,0.0,73.61,3.5,5.52,23.54,199.267,0,1,24.444444,2
30176,6,9,2,1,24.05,0.0,72.31,4.1,7.68,23.76,262.764,0,1,24.444444,2
30177,6,10,2,1,24.04,0.0,71.47,3.5,15.0,17.99,202.904,0,1,24.444444,2
30178,6,11,2,1,24.03,0.0,71.44,4.4,1.32,16.67,112.595,0,1,24.444444,2
30179,6,12,2,1,24.04,0.0,70.36,5.3,7.44,19.44,172.104,0,1,24.444444,2
30180,6,13,2,1,24.04,0.0,69.44,4.3,1.8,19.66,219.302,0,1,24.444444,2
30181,6,14,2,1,24.07,0.0,67.45,10.0,6.72,28.63,163.558,0,1,24.444444,2
30182,6,15,2,1,24.05,0.0,66.51,4.5,8.88,16.98,161.698,0,1,24.444444,2
30183,6,16,2,1,24.05,0.0,67.05,6.4,2.64,18.17,81.0932,0,1,24.444444,2
30184,6,17,2,1,24.06,0.0,67.72,6.8,4.32,18.12,5.4368,0,1,24.444444,2
30185,6,18,2,1,24.04,0.0,69.55,4.0,3.72,14.33,0.0,0,1,24.444444,2
30186,6,19,2,1,24.04,0.0,71.04,5.2,6.96,16.01,0.0,0,1,24.444444,2
30187,6,20,2,1,24.03,0.0,71.75,4.8,11.16,14.68,0.0,0,1,24.444444,2
30188,6,21,2,1,24.03,0.0,72.07,5.8,0.24,16.19,0.0,0,1,24.444444,2
30189,6,22,2,1,24.03,0.0,72.33,5.5,4.8,14.57,0.0,0,1,24.444444,2
30190,6,23,2,1,24.02,0.0,72.84,6.1,3.48,14.84,0.0,0,1,24.444444,2
30191,6,24,2,1,24.01,0.0,74.03,5.3,0.72,13.11,0.0,0,1,24.444444,2
30192,6,1,3,1,23.95,0.0,76.15,3.3,0.6,10.1,0.0,0,1,24.444444,2
30193,6,2,3,1,23.95,0.0,77.46,4.7,0.48,11.79,0.0,0,1,24.444444,2
30194,6,3,3,1,23.93,0.0,78.75,3.7,0.24,10.83,0.0,0,1,24.444444,2
30195,6,4,3,1,23.91,0.0,80.15,3.5,0.12,10.91,0.0,0,1,24.444444,2
30196,6,5,3,1,23.98,0.0,79.08,7.4,0.72,16.97,0.0,0,1,24.444444,2
30197,6,6,3,1,23.97,0.0,78.47,4.7,2.16,13.09,0.0,0,1,24.444444,2
30198,6,7,3,1,23.98,0.0,78.47,4.4,22.2,15.58,65.4407,0,1,24.444444,2
30199,6,8,3,1,24.0,0.0,77.0,4.7,9.6,20.18,175.46,0,1,24.444444,2
30200,6,9,3,1,24.01,0.0,75.16,4.3,2.52,22.59,250.378,0,1,24.444444,2
30201,6,10,3,1,24.04,0.0,70.99,6.6,2.64,30.06,353.373,0,1,24.444444,2
30202,6,11,3,1,24.05,0.0,68.18,5.3,4.68,29.59,469.521,0,1,24.444444,2
30203,6,12,3,1,24.06,0.0,66.92,3.9,2.4,28.54,480.77,0,1,24.444444,2
30204,6,13,3,1,24.07,0.0,65.61,4.5,2.76,31.91,592.997,0,1,24.444444,2
30205,6,14,3,1,24.07,0.0,62.6,10.8,1.8,44.62,461.107,0,1,24.444444,2
30206,6,15,3,1,24.07,0.0,61.4,4.1,2.04,30.89,151.606,0,1,24.444444,2
30207,6,16,3,1,24.07,0.0,59.75,8.5,1.8,43.97,378.196,0,1,24.444444,2
30208,6,17,3,1,24.07,0.0,58.06,3.9,1.92,39.11,337.027,0,1,24.444444,2
30209,6,18,3,1,24.07,0.0,58.39,5.0,2.88,40.17,159.206,0,1,24.444444,2
30210,6,19,3,1,24.07,0.0,59.44,4.3,1.68,32.94,27.2566,0,1,24.444444,2
30211,6,20,3,1,24.07,0.0,60.36,9.0,4.08,35.27,0.0,0,1,24.444444,2
30212,6,21,3,1,24.07,0.0,61.03,5.8,3.0,28.66,0.0,0,1,24.444444,2
30213,6,22,3,1,24.07,0.0,61.99,6.0,1.2,27.23,0.0,0,1,24.444444,2
30214,6,23,3,1,24.07,0.0,63.75,5.1,2.28,24.62,0.0,0,1,24.444444,2
30215,6,24,3,1,24.07,0.0,66.3,3.4,1.32,20.91,0.0,0,1,24.444444,2
30216,6,1,4,1,24.07,0.0,67.81,6.4,0.36,25.05,0.0,0,1,24.444444,2
30217,6,2,4,1,24.07,0.0,69.76,3.3,0.24,18.15,0.0,0,1,24.444444,2
30218,6,3,4,1,24.07,0.0,71.46,4.7,0.48,20.13,0.0,0,1,24.444444,2
30219,6,4,4,1,24.06,0.0,72.88,3.3,1.8,16.63,0.0,0,1,24.444444,2
30220,6,5,4,1,24.05,0.0,74.3,3.9,1.92,16.77,0.0,0,1,24.444444,2
30221,6,6,4,1,24.05,0.0,74.08,4.5,2.76,24.56,0.0,0,1,24.444444,2
30222,6,7,4,1,24.06,0.0,71.63,6.6,28.68,34.74,56.5906,0,1,24.444444,2
30223,6,8,4,1,24.06,0.0,69.39,4.0,10.92,28.87,194.835,0,1,24.444444,2
30224,6,9,4,1,24.06,0.0,67.95,4.4,6.6,30.01,315.362,0,1,24.444444,2
30225,6,10,4,1,24.07,0.0,66.69,3.2,4.68,29.6,336.098,0,1,24.444444,2
30226,6,11,4,1,24.07,0.0,65.34,3.6,1.68,33.77,462.612,0,1,24.444444,2
30227,6,12,4,1,24.07,0.0,64.43,4.2,5.52,35.44,562.188,0,1,24.444444,2
30228,6,13,4,1,24.07,0.0,63.51,4.1,2.52,32.57,348.521,0,1,24.444444,2
30229,6,14,4,1,24.07,0.0,60.96,9.9,2.64,43.49,495.667,0,1,24.444444,2
30230,6,15,4,1,24.07,0.0,59.2,3.8,4.8,39.02,589.055,0,1,24.444444,2
30231,6,16,4,1,24.07,0.0,57.89,5.1,3.84,44.17,486.193,0,1,24.444444,2
30232,6,17,4,1,24.09,0.02,56.6,8.6,3.6,49.93,333.112,0,1,24.444444,2
30233,6,18,4,1,24.07,0.0,56.84,4.1,4.8,42.54,161.728,0,1,24.444444,2
30234,6,19,4,1,24.07,0.0,58.65,5.7,4.08,39.19,27.3835,0,1,24.444444,2
30235,6,20,4,1,24.07,0.0,59.6,8.3,8.16,37.48,0.0,0,1,24.444444,2
30236,6,21,4,1,24.07,0.0,60.1,8.0,3.12,35.14,0.0,0,1,24.444444,2
30237,6,22,4,1,24.07,0.0,61.26,7.5,4.56,32.56,0.0,0,1,24.444444,2
30238,6,23,4,1,24.07,0.0,63.0,5.3,1.92,27.51,0.0,0,1,24.444444,2
30239,6,24,4,1,24.07,0.0,65.24,3.6,0.36,23.13,0.0,0,1,24.444444,2
30240,6,1,5,1,24.07,0.0,67.01,4.4,0.36,22.67,0.0,0,1,24.444444,2
30241,6,2,5,1,24.07,0.0,69.08,2.9,0.6,18.43,0.0,0,1,24.444444,2
30242,6,3,5,1,24.07,0.0,70.4,5.1,0.6,21.17,0.0,0,1,24.444444,2
30243,6,4,5,1,24.07,0.0,70.9,5.3,1.68,20.14,0.0,0,1,24.444444,2
30244,6,5,5,1,24.06,0.0,72.42,3.3,1.32,15.64,0.0,0,1,24.444444,2
30245,6,6,5,1,24.07,0.0,70.9,9.7,2.76,33.84,0.0,0,1,24.444444,2
30246,6,7,5,1,24.07,0.0,68.76,7.5,17.04,35.01,58.0494,0,1,24.444444,2
30247,6,8,5,1,24.07,0.0,66.37,9.8,5.28,37.55,183.679,0,1,24.444444,2
30248,6,9,5,1,24.07,0.0,63.27,9.1,8.76,37.86,326.939,0,1,24.444444,2
30249,6,10,5,1,24.07,0.0,61.1,9.5,5.04,40.28,463.936,0,1,24.444444,2
30250,6,11,5,1,24.07,0.0,59.9,9.1,1.2,37.29,592.079,0,1,24.444444,2
30251,6,12,5,1,24.08,0.0,59.85,8.8,4.8,35.11,656.928,0,1,24.444444,2
30252,6,13,5,1,24.07,0.0,59.87,8.8,2.4,37.21,698.563,0,1,24.444444,2
30253,6,14,5,1,24.07,0.0,59.06,10.2,2.76,41.46,557.841,0,1,24.444444,2
30254,6,15,5,1,24.07,0.0,58.07,8.9,0.96,42.44,600.647,0,1,24.444444,2
30255,6,16,5,1,24.07,0.0,57.7,8.7,0.96,46.53,487.586,0,1,24.444444,2
30256,6,17,5,1,24.08,0.0,57.85,9.0,4.44,48.71,333.753,0,1,24.444444,2
30257,6,18,5,1,24.07,0.0,58.02,8.8,2.52,47.27,162.289,0,1,24.444444,2
30258,6,19,5,1,24.07,0.0,58.12,8.7,3.0,40.62,27.2381,0,1,24.444444,2
30259,6,20,5,1,24.07,0.0,58.09,11.4,3.72,38.86,0.0,0,1,24.444444,2
30260,6,21,5,1,24.07,0.0,58.32,11.4,2.16,37.07,0.0,0,1,24.444444,2
30261,6,22,5,1,24.07,0.0,59.23,10.5,2.76,34.04,0.0,0,1,24.444444,2
30262,6,23,5,1,24.07,0.0,59.99,12.1,1.68,35.12,0.0,0,1,24.444444,2
30263,6,24,5,1,24.07,0.0,62.72,3.1,0.84,19.73,0.0,0,1,24.444444,2
30264,6,1,6,1,24.07,0.0,65.01,8.6,0.48,28.38,0.0,0,1,24.444444,2
30265,6,2,6,1,24.07,0.0,64.74,10.4,0.24,29.64,0.0,0,1,24.444444,2
30266,6,3,6,1,24.07,0.0,64.32,10.8,0.12,28.49,0.0,0,1,24.444444,2
30267,6,4,6,1,24.07,0.0,66.42,5.3,0.12,18.03,0.0,0,1,24.444444,2
30268,6,5,6,1,24.07,0.0,67.95,9.5,2.4,25.04,0.0,0,1,24.444444,2
30269,6,6,6,1,24.07,0.0,66.51,10.5,4.44,30.09,0.0,0,1,24.444444,2
30270,6,7,6,1,24.07,0.0,66.5,6.4,22.08,25.28,68.9193,0,1,24.444444,2
30271,6,8,6,1,24.07,0.0,66.83,4.9,8.28,26.29,191.871,0,1,24.444444,2
30272,6,9,6,1,24.07,0.0,65.02,9.5,10.2,36.78,315.277,0,1,24.444444,2
30273,6,10,6,1,24.07,0.0,63.82,3.9,4.2,29.33,423.307,0,1,24.444444,2
30274,6,11,6,1,24.07,0.0,62.18,9.6,3.6,39.9,554.042,0,1,24.444444,2
30275,6,12,6,1,24.07,0.0,60.3,9.5,4.44,41.19,548.475,0,1,24.444444,2
30276,6,13,6,1,24.07,0.0,57.85,9.3,1.2,42.11,564.781,0,1,24.444444,2
30277,6,14,6,1,24.07,0.0,56.41,10.0,1.68,45.09,629.985,0,1,24.444444,2
30278,6,15,6,1,24.07,0.0,55.71,8.0,1.68,46.48,552.82,0,1,24.444444,2
30279,6,16,6,1,24.08,0.0,55.07,8.5,1.8,47.48,347.296,0,1,24.444444,2
30280,6,17,6,1,24.08,0.01,54.3,8.9,3.0,49.47,305.423,0,1,24.444444,2
30281,6,18,6,1,24.34,0.27,53.85,16.3,2.4,54.9,160.243,0,1,24.444444,2
30282,6,19,6,1,24.13,0.05,55.97,8.8,2.52,44.5,28.025,0,1,24.444444,2
30283,6,20,6,1,24.08,0.01,56.94,10.3,3.96,40.75,0.0,0,1,24.444444,2
30284,6,21,6,1,24.08,0.01,57.17,11.2,3.36,39.53,0.0,0,1,24.444444,2
30285,6,22,6,1,24.07,0.0,57.8,10.1,2.52,35.52,0.0,0,1,24.444444,2
30286,6,23,6,1,24.07,0.0,59.76,6.2,2.16,27.71,0.0,0,1,24.444444,2
30287,6,24,6,1,24.07,0.0,60.18,11.8,0.36,33.57,0.0,0,1,24.444444,2
30288,6,1,7,1,24.07,0.0,59.37,5.4,0.48,18.87,0.0,0,1,24.444444,2
30289,6,2,7,1,24.07,0.0,60.48,3.7,2.04,14.13,0.0,0,1,24.444444,2
30290,6,3,7,1,24.05,0.0,62.05,3.5,0.36,12.75,0.0,0,1,24.444444,2
30291,6,4,7,1,24.04,0.0,63.41,4.0,0.84,12.96,0.0,0,1,24.444444,2
30292,6,5,7,1,24.02,0.0,64.26,3.7,5.16,12.04,0.0,0,1,24.444444,2
30293,6,6,7,1,24.01,0.0,65.98,3.0,11.28,11.32,0.0,0,1,24.444444,2
30294,6,7,7,1,24.02,0.0,67.28,4.5,15.12,15.63,69.684,0,1,24.444444,2
30295,6,8,7,1,24.04,0.0,68.44,5.3,6.36,17.89,123.712,0,1,24.444444,2
30296,6,9,7,1,24.03,0.0,69.28,4.5,4.68,19.55,161.479,0,1,24.444444,2
30297,6,10,7,1,24.04,0.0,68.69,4.4,5.52,25.41,343.013,0,1,24.444444,2
30298,6,11,7,1,24.06,0.0,66.97,4.2,2.76,27.3,415.629,0,1,24.444444,2
30299,6,12,7,1,24.07,0.0,65.08,3.9,2.04,28.07,495.828,0,1,24.444444,2
30300,6,13,7,1,24.07,0.0,63.79,4.0,9.12,30.12,348.49,0,1,24.444444,2
30301,6,14,7,1,24.07,0.0,61.36,10.3,2.16,40.89,345.24,0,1,24.444444,2
30302,6,15,7,1,24.07,0.0,61.13,3.9,1.56,27.09,137.84,0,1,24.444444,2
30303,6,16,7,1,24.07,0.0,61.95,4.9,2.28,26.99,23.3437,0,1,24.444444,2
30304,6,17,7,1,24.07,0.0,61.54,9.5,1.44,36.73,135.198,0,1,24.444444,2
30305,6,18,7,1,24.07,0.0,61.34,8.5,2.28,34.7,85.4073,0,1,24.444444,2
30306,6,19,7,1,24.07,0.0,63.33,4.3,2.64,26.23,18.6949,0,1,24.444444,2
30307,6,20,7,1,24.07,0.0,63.16,13.1,1.92,39.44,0.0,0,1,24.444444,2
30308,6,21,7,1,24.07,0.0,61.54,12.8,1.8,36.92,0.0,0,1,24.444444,2
30309,6,22,7,1,24.07,0.0,62.87,6.5,2.04,25.49,0.0,0,1,24.444444,2
30310,6,23,7,1,24.07,0.0,65.17,5.7,0.96,24.31,0.0,0,1,24.444444,2
30311,6,24,7,1,24.07,0.0,67.55,4.2,1.32,21.29,0.0,0,1,24.444444,2
30312,6,1,1,1,24.07,0.0,68.85,6.3,0.84,24.48,0.0,0,1,24.444444,2
30313,6,2,1,1,24.07,0.0,69.37,5.1,0.36,20.86,0.0,0,1,24.444444,2
30314,6,3,1,1,24.07,0.0,70.52,4.7,4.44,19.32,0.0,0,1,24.444444,2
30315,6,4,1,1,24.06,0.0,72.23,3.4,0.6,16.16,0.0,0,1,24.444444,2
30316,6,5,1,1,24.06,0.0,72.84,6.1,0.84,20.57,0.0,0,1,24.444444,2
30317,6,6,1,1,24.06,0.0,72.47,4.2,3.96,22.07,0.0,0,1,24.444444,2
30318,6,7,1,1,24.06,0.0,71.26,4.4,9.6,29.56,67.5668,0,1,24.444444,2
30319,6,8,1,1,24.07,0.0,68.24,7.2,5.16,37.1,206.409,0,1,24.444444,2
30320,6,9,1,1,24.07,0.0,66.39,5.3,4.56,35.25,368.349,0,1,24.444444,2
30321,6,10,1,1,24.07,0.0,65.54,4.1,3.48,33.46,459.375,0,1,24.444444,2
30322,6,11,1,1,24.07,0.0,64.46,4.1,2.28,35.1,493.483,0,1,24.444444,2
30323,6,12,1,1,24.07,0.0,63.03,4.8,1.92,38.69,557.563,0,1,24.444444,2
30324,6,13,1,1,24.07,0.0,61.56,4.7,1.8,39.54,541.664,0,1,24.444444,2
30325,6,14,1,1,24.07,0.0,59.29,10.4,6.24,39.98,226.82,0,1,24.444444,2
30326,6,15,1,1,24.08,0.0,56.67,5.0,3.72,28.87,399.369,0,1,24.444444,2
30327,6,16,1,1,24.07,0.0,56.05,5.2,0.84,29.94,389.628,0,1,24.444444,2
30328,6,17,1,1,24.07,0.0,56.98,3.9,4.2,24.51,196.356,0,1,24.444444,2
30329,6,18,1,1,24.07,0.0,57.75,5.1,8.64,22.98,54.8165,0,1,24.444444,2
30330,6,19,1,1,24.07,0.0,59.61,3.3,1.44,17.73,10.293,0,1,24.444444,2
30331,6,20,1,1,24.07,0.0,61.3,7.1,4.92,21.8,0.0,0,1,24.444444,2
30332,6,21,1,1,24.07,0.0,62.81,5.1,4.08,17.77,0.0,0,1,24.444444,2
30333,6,22,1,1,24.07,0.0,63.62,8.7,4.08,22.47,0.0,0,1,24.444444,2
30334,6,23,1,1,24.07,0.0,65.03,5.0,0.6,15.74,0.0,0,1,24.444444,2
30335,6,24,1,1,24.05,0.0,68.26,4.2,0.48,14.43,0.0,0,1,24.444444,2
30336,6,1,2,1,24.04,0.0,70.64,4.7,4.92,15.23,0.0,0,1,24.444444,2
30337,6,2,2,1,24.02,0.0,72.78,3.3,0.84,13.17,0.0,0,1,24.444444,2
30338,6,3,2,1,24.04,0.0,73.8,6.5,0.6,18.5,0.0,0,1,24.444444,2
30339,6,4,2,1,24.04,0.0,74.06,6.3,0.72,17.33,0.0,0,1,24.444444,2
30340,6,5,2,1,24.04,0.0,74.03,6.4,1.2,17.12,0.0,0,1,24.444444,2
30341,6,6,2,1,24.03,0.0,74.39,3.6,2.64,18.72,0.0,0,1,24.444444,2
30342,6,7,2,1,24.03,0.0,73.33,3.7,3.72,27.52,57.7534,0,1,24.444444,2
30343,6,8,2,1,24.04,0.0,71.18,4.5,4.68,32.52,198.876,0,1,24.444444,2
30344,6,9,2,1,24.05,0.0,67.77,4.5,10.08,34.12,372.244,0,1,24.444444,2
30345,6,10,2,1,24.07,0.0,65.73,4.4,4.2,33.06,521.148,0,1,24.444444,2
30346,6,11,2,1,24.07,0.0,64.63,4.4,1.56,32.43,619.209,0,1,24.444444,2
30347,6,12,2,1,24.07,0.0,62.68,4.3,6.0,32.46,676.624,0,1,24.444444,2
30348,6,13,2,1,24.07,0.0,60.26,4.0,2.64,33.58,691.831,0,1,24.444444,2
30349,6,14,2,1,24.12,0.04,57.65,12.3,2.4,49.17,665.256,0,1,24.444444,2
30350,6,15,2,1,24.07,0.0,56.7,5.3,4.8,43.77,598.282,0,1,24.444444,2
30351,6,16,2,1,24.07,0.0,55.85,6.1,6.84,47.64,490.117,0,1,24.444444,2
30352,6,17,2,1,24.07,0.0,54.98,4.1,3.0,45.43,326.038,0,1,24.444444,2
30353,6,18,2,1,24.07,0.0,54.44,4.9,6.72,44.49,152.398,0,1,24.444444,2
30354,6,19,2,1,24.07,0.0,54.99,4.6,7.44,38.31,29.2239,0,1,24.444444,2
30355,6,20,2,1,24.07,0.0,56.63,5.3,8.76,34.0,0.0,0,1,24.444444,2
30356,6,21,2,1,24.07,0.0,57.88,8.8,2.04,37.74,0.0,0,1,24.444444,2
30357,6,22,2,1,24.07,0.0,59.84,4.8,1.8,30.14,0.0,0,1,24.444444,2
30358,6,23,2,1,24.07,0.0,61.6,6.4,2.16,31.84,0.0,0,1,24.444444,2
30359,6,24,2,1,24.07,0.0,62.25,8.1,0.72,33.08,0.0,0,1,24.444444,2
30360,6,1,3,1,24.07,0.0,63.48,5.9,0.36,28.01,0.0,0,1,24.444444,2
30361,6,2,3,1,24.07,0.0,64.88,6.5,0.36,27.09,0.0,0,1,24.444444,2
30362,6,3,3,1,24.07,0.0,66.99,3.9,0.48,20.76,0.0,0,1,24.444444,2
30363,6,4,3,1,24.07,0.0,68.52,5.0,0.6,21.48,0.0,0,1,24.444444,2
30364,6,5,3,1,24.07,0.0,69.26,6.4,0.72,23.57,0.0,0,1,24.444444,2
30365,6,6,3,1,24.07,0.0,70.23,6.4,3.72,23.46,0.0,0,1,24.444444,2
30366,6,7,3,1,24.06,0.0,71.29,4.2,24.36,19.24,32.9025,0,1,24.444444,2
30367,6,8,3,1,24.05,0.0,72.55,3.9,4.68,17.87,87.7152,0,1,24.444444,2
30368,6,9,3,1,24.05,0.0,72.63,4.0,13.8,18.33,145.464,0,1,24.444444,2
30369,6,10,3,1,24.05,0.0,71.4,6.2,4.08,22.97,230.61,0,1,24.444444,2
30370,6,11,3,1,24.05,0.0,70.49,4.5,4.56,20.14,202.436,0,1,24.444444,2
30371,6,12,3,1,24.05,0.0,69.91,6.1,1.08,20.46,149.103,0,1,24.444444,2
30372,6,13,3,1,24.04,0.0,70.51,4.3,1.2,15.52,125.96,0,1,24.444444,2
30373,6,14,3,1,24.06,0.0,69.01,9.4,2.16,23.25,97.118,0,1,24.444444,2
30374,6,15,3,1,24.05,0.0,67.76,7.5,1.8,18.58,88.411,0,1,24.444444,2
30375,6,16,3,1,24.01,0.0,69.69,4.0,1.08,12.58,73.0644,0,1,24.444444,2
30376,6,17,3,1,24.0,0.0,71.55,4.0,3.84,13.1,56.8601,0,1,24.444444,2
30377,6,18,3,1,23.98,0.0,72.9,3.8,4.32,12.87,4.5953,0,1,24.444444,2
30378,6,19,3,1,23.99,0.0,73.8,5.4,2.04,14.46,0.0,0,1,24.444444,2
30379,6,20,3,1,24.01,0.0,73.81,6.7,11.04,16.74,0.0,0,1,24.444444,2
30380,6,21,3,1,24.0,0.0,74.16,6.1,3.36,15.46,0.0,0,1,24.444444,2
30381,6,22,3,1,24.02,0.0,74.01,8.4,4.2,19.03,0.0,0,1,24.444444,2
30382,6,23,3,1,23.97,0.0,74.94,4.6,2.28,12.11,0.0,0,1,24.444444,2
30383,6,24,3,1,23.92,0.0,77.26,3.3,0.84,11.01,0.0,0,1,24.444444,2
30384,6,1,4,1,23.97,0.0,77.45,6.0,0.72,15.0,0.0,0,1,24.444444,2
30385,6,2,4,1,23.92,0.0,78.25,3.7,0.36,11.14,0.0,0,1,24.444444,2
30386,6,3,4,1,23.94,0.0,78.49,4.9,0.72,13.01,0.0,0,1,24.444444,2
30387,6,4,4,1,23.9,0.0,79.2,3.6,1.92,11.09,0.0,0,1,24.444444,2
30388,6,5,4,1,23.91,0.0,80.28,4.1,0.72,12.44,0.0,0,1,24.444444,2
30389,6,6,4,1,23.98,0.0,79.67,5.9,2.4,19.12,0.0,0,1,24.444444,2
30390,6,7,4,1,24.0,0.0,78.54,4.6,31.08,21.54,77.1774,0,1,24.444444,2
30391,6,8,4,1,24.02,0.0,77.36,6.2,4.32,26.43,149.954,0,1,24.444444,2
30392,6,9,4,1,24.03,0.0,75.75,4.3,5.4,27.43,312.578,0,1,24.444444,2
30393,6,10,4,1,24.03,0.0,75.38,3.7,4.68,24.42,248.17,0,1,24.444444,2
30394,6,11,4,1,24.03,0.0,75.33,3.8,3.36,24.0,367.801,0,1,24.444444,2
30395,6,12,4,1,24.04,0.0,74.37,5.3,2.16,25.74,219.565,0,1,24.444444,2
30396,6,13,4,1,24.04,0.0,74.09,4.1,4.44,24.75,263.986,0,1,24.444444,2
30397,6,14,4,1,24.07,0.0,72.88,10.1,2.04,37.32,213.377,0,1,24.444444,2
30398,6,15,4,1,24.06,0.0,72.08,3.3,4.2,27.08,281.748,0,1,24.444444,2
30399,6,16,4,1,24.07,0.0,71.48,6.2,1.2,35.42,260.085,0,1,24.444444,2
30400,6,17,4,1,24.07,0.0,68.4,9.7,0.84,47.37,330.418,0,1,24.444444,2
30401,6,18,4,1,24.07,0.0,66.54,5.9,4.2,38.43,160.14,0,1,24.444444,2
30402,6,19,4,1,24.07,0.0,67.35,4.4,3.96,30.26,32.0193,0,1,24.444444,2
30403,6,20,4,1,24.07,0.0,67.96,7.3,7.8,32.14,0.0,0,1,24.444444,2
30404,6,21,4,1,24.07,0.0,67.36,10.9,2.52,38.65,0.0,0,1,24.444444,2
30405,6,22,4,1,24.07,0.0,65.92,14.2,2.88,42.15,0.0,0,1,24.444444,2
30406,6,23,4,1,24.07,0.0,67.76,5.2,2.16,25.49,0.0,0,1,24.444444,2
30407,6,24,4,1,24.07,0.0,69.97,7.0,0.6,29.07,0.0,0,1,24.444444,2
30408,6,1,5,1,24.07,0.0,72.19,3.5,0.6,21.6,0.0,0,1,24.444444,2
30409,6,2,5,1,24.06,0.0,74.9,3.3,0.6,21.59,0.0,0,1,24.444444,2
30410,6,3,5,1,24.06,0.0,75.63,3.6,0.48,22.24,0.0,0,1,24.444444,2
30411,6,4,5,1,24.06,0.0,76.36,3.1,2.4,20.87,0.0,0,1,24.444444,2
30412,6,5,5,1,24.05,0.0,76.92,3.2,2.04,20.78,0.0,0,1,24.444444,2
30413,6,6,5,1,24.07,0.0,72.59,11.8,1.2,43.93,0.0,0,1,24.444444,2
30414,6,7,5,1,24.07,0.0,68.92,7.8,10.44,39.27,57.1974,0,1,24.444444,2
30415,6,8,5,1,24.07,0.0,66.66,9.4,4.56,39.96,184.366,0,1,24.444444,2
30416,6,9,5,1,24.07,0.0,64.83,9.1,2.88,40.51,309.087,0,1,24.444444,2
30417,6,10,5,1,24.07,0.0,62.94,9.8,3.48,44.13,441.331,0,1,24.444444,2
30418,6,11,5,1,24.1,0.02,61.47,12.0,1.32,47.93,484.43,0,1,24.444444,2
30419,6,12,5,1,24.08,0.01,61.54,9.5,2.4,44.81,429.597,0,1,24.444444,2
30420,6,13,5,1,24.08,0.01,61.76,8.9,3.24,46.02,584.629,0,1,24.444444,2
30421,6,14,5,1,24.11,0.04,61.06,10.4,4.44,49.5,483.899,0,1,24.444444,2
30422,6,15,5,1,24.09,0.02,60.43,9.1,1.68,48.81,557.351,0,1,24.444444,2
30423,6,16,5,1,24.08,0.01,60.42,8.4,1.56,47.86,383.115,0,1,24.444444,2
30424,6,17,5,1,24.08,0.0,60.49,8.6,2.04,49.67,336.386,0,1,24.444444,2
30425,6,18,5,1,24.12,0.04,60.0,11.8,1.2,51.58,161.813,0,1,24.444444,2
30426,6,19,5,1,24.08,0.01,60.92,9.2,3.6,42.17,31.9962,0,1,24.444444,2
30427,6,20,5,1,24.08,0.0,61.89,11.3,3.0,40.75,0.0,0,1,24.444444,2
30428,6,21,5,1,24.1,0.03,61.68,14.6,4.44,44.23,0.0,0,1,24.444444,2
30429,6,22,5,1,24.1,0.02,62.33,14.0,1.2,42.36,0.0,0,1,24.444444,2
30430,6,23,5,1,24.08,0.0,63.91,11.5,2.04,37.72,0.0,0,1,24.444444,2
30431,6,24,5,1,24.07,0.0,68.13,3.0,0.48,23.08,0.0,0,1,24.444444,2
30432,6,1,6,1,24.07,0.0,70.16,9.4,0.12,35.4,0.0,0,1,24.444444,2
30433,6,2,6,1,24.07,0.0,68.38,12.4,0.24,39.18,0.0,0,1,24.444444,2
30434,6,3,6,1,24.07,0.0,68.81,6.1,0.6,26.09,0.0,0,1,24.444444,2
30435,6,4,6,1,24.07,0.0,71.41,3.9,0.36,21.89,0.0,0,1,24.444444,2
30436,6,5,6,1,24.07,0.0,71.06,9.9,2.4,33.38,0.0,0,1,24.444444,2
30437,6,6,6,1,24.07,0.0,68.92,10.1,4.68,35.59,0.0,0,1,24.444444,2
30438,6,7,6,1,24.07,0.0,68.15,7.5,24.12,34.51,71.4869,0,1,24.444444,2
30439,6,8,6,1,24.07,0.0,68.28,4.2,11.52,31.0,191.266,0,1,24.444444,2
30440,6,9,6,1,24.07,0.0,66.82,9.1,6.96,41.36,323.549,0,1,24.444444,2
30441,6,10,6,1,24.07,0.0,66.71,3.6,5.16,30.59,268.037,0,1,24.444444,2
30442,6,11,6,1,24.07,0.0,66.68,8.1,0.72,41.11,361.028,0,1,24.444444,2
30443,6,12,6,1,24.1,0.03,65.26,10.9,2.16,48.19,588.379,0,1,24.444444,2
30444,6,13,6,1,24.09,0.01,64.17,8.7,0.84,45.38,503.33,0,1,24.444444,2
30445,6,14,6,1,24.09,0.02,62.98,9.9,0.96,48.8,604.311,0,1,24.444444,2
30446,6,15,6,1,24.08,0.01,62.5,8.2,1.56,46.21,404.865,0,1,24.444444,2
30447,6,16,6,1,24.08,0.01,62.45,8.5,1.68,47.15,287.073,0,1,24.444444,2
30448,6,17,6,1,24.09,0.02,61.86,9.7,1.92,52.04,314.494,0,1,24.444444,2
30449,6,18,6,1,24.09,0.02,61.64,9.3,2.16,49.19,156.951,0,1,24.444444,2
30450,6,19,6,1,24.09,0.02,61.96,10.6,0.84,45.34,31.0743,0,1,24.444444,2
30451,6,20,6,1,24.08,0.01,62.62,10.6,4.68,40.93,0.0,0,1,24.444444,2
30452,6,21,6,1,24.08,0.0,63.26,10.2,2.4,38.88,0.0,0,1,24.444444,2
30453,6,22,6,1,24.07,0.0,63.68,11.5,4.92,39.5,0.0,0,1,24.444444,2
30454,6,23,6,1,24.07,0.0,65.7,5.4,3.0,27.86,0.0,0,1,24.444444,2
30455,6,24,6,1,24.07,0.0,66.56,11.2,0.12,37.3,0.0,0,1,24.444444,2
30456,6,1,7,1,24.07,0.0,68.42,3.4,0.36,22.12,0.0,0,1,24.444444,2
30457,6,2,7,1,24.07,0.0,71.87,3.5,0.48,21.8,0.0,0,1,24.444444,2
30458,6,3,7,1,24.07,0.0,73.82,3.9,1.08,21.88,0.0,0,1,24.444444,2
30459,6,4,7,1,24.07,0.0,74.96,4.0,1.2,21.31,0.0,0,1,24.444444,2
30460,6,5,7,1,24.07,0.0,75.59,3.9,0.96,20.49,0.0,0,1,24.444444,2
30461,6,6,7,1,24.06,0.0,75.83,3.4,7.32,24.51,0.0,0,1,24.444444,2
30462,6,7,7,1,24.07,0.0,73.52,7.0,17.88,38.09,62.9756,0,1,24.444444,2
30463,6,8,7,1,24.07,0.0,70.99,4.8,2.64,35.55,199.487,0,1,24.444444,2
30464,6,9,7,1,24.07,0.0,69.18,5.3,2.16,37.65,343.508,0,1,24.444444,2
30465,6,10,7,1,24.07,0.0,67.56,3.6,3.96,34.94,479.441,0,1,24.444444,2
30466,6,11,7,1,24.07,0.0,66.85,4.8,2.88,35.13,557.289,0,1,24.444444,2
30467,6,12,7,1,24.07,0.0,66.65,4.5,1.92,34.23,479.077,0,1,24.444444,2
30468,6,13,7,1,24.07,0.0,65.24,7.0,1.2,32.28,321.508,0,1,24.444444,2
30469,6,14,7,1,24.07,0.0,62.54,12.0,0.84,35.01,165.733,0,1,24.444444,2
30470,6,15,7,1,24.07,0.0,62.96,4.5,1.08,22.06,140.596,0,1,24.444444,2
30471,6,16,7,1,24.07,0.0,64.86,4.4,2.16,25.73,223.247,0,1,24.444444,2
30472,6,17,7,1,24.07,0.0,63.79,9.5,1.32,38.66,275.951,0,1,24.444444,2
30473,6,18,7,1,24.07,0.0,61.51,9.4,1.68,38.27,158.744,0,1,24.444444,2
30474,6,19,7,1,24.07,0.0,61.57,5.4,1.8,25.35,32.3574,0,1,24.444444,2
30475,6,20,7,1,24.07,0.0,62.42,10.7,3.24,30.06,0.0,0,1,24.444444,2
30476,6,21,7,1,24.07,0.0,61.7,14.4,2.04,34.78,0.0,0,1,24.444444,2
30477,6,22,7,1,24.07,0.0,62.53,6.1,1.68,20.26,0.0,0,1,24.444444,2
30478,6,23,7,1,24.07,0.0,64.62,7.2,1.92,21.48,0.0,0,1,24.444444,2
30479,6,24,7,1,24.07,0.0,66.67,5.0,1.2,17.04,0.0,0,1,24.444444,2
30480,6,1,1,1,24.07,0.0,69.0,6.3,5.28,18.93,0.0,0,1,24.444444,2
30481,6,2,1,1,24.04,0.0,71.02,3.6,0.48,13.26,0.0,0,1,24.444444,2
30482,6,3,1,1,24.04,0.0,72.92,4.9,0.84,15.07,0.0,0,1,24.444444,2
30483,6,4,1,1,24.05,0.0,72.71,8.0,0.48,19.68,0.0,0,1,24.444444,2
30484,6,5,1,1,24.05,0.0,72.69,6.7,0.84,16.32,0.0,0,1,24.444444,2
30485,6,6,1,1,24.03,0.0,73.72,4.8,6.12,16.19,0.0,0,1,24.444444,2
30486,6,7,1,1,24.04,0.0,74.02,4.5,3.84,21.39,73.2987,0,1,24.444444,2
30487,6,8,1,1,24.05,0.0,73.15,6.8,3.6,26.99,146.939,0,1,24.444444,2
30488,6,9,1,1,24.05,0.0,71.05,5.1,2.88,28.52,306.296,0,1,24.444444,2
30489,6,10,1,1,24.06,0.0,68.32,5.5,3.96,31.58,413.7,0,1,24.444444,2
30490,6,11,1,1,24.07,0.0,66.58,4.3,1.56,30.26,529.034,0,1,24.444444,2
30491,6,12,1,1,24.07,0.0,65.72,5.1,10.08,32.14,631.05,0,1,24.444444,2
30492,6,13,1,1,24.07,0.0,64.48,5.6,1.32,34.7,384.489,0,1,24.444444,2
30493,6,14,1,1,24.09,0.01,61.72,13.7,6.96,45.13,173.919,0,1,24.444444,2
30494,6,15,1,1,24.07,0.0,60.51,5.5,1.8,34.85,319.255,0,1,24.444444,2
30495,6,16,1,1,24.07,0.0,60.57,3.8,1.2,33.32,223.512,0,1,24.444444,2
30496,6,17,1,1,24.07,0.0,60.3,4.1,3.36,37.11,258.013,0,1,24.444444,2
30497,6,18,1,1,24.07,0.0,60.47,4.6,2.04,36.82,139.914,0,1,24.444444,2
30498,6,19,1,1,24.07,0.0,61.7,4.2,1.8,31.42,30.0743,0,1,24.444444,2
30499,6,20,1,1,24.07,0.0,62.84,5.8,1.56,30.28,0.0,0,1,24.444444,2
30500,6,21,1,1,24.07,0.0,63.89,5.3,7.56,29.02,0.0,0,1,24.444444,2
30501,6,22,1,1,24.07,0.0,63.84,8.7,1.2,31.9,0.0,0,1,24.444444,2
30502,6,23,1,1,24.07,0.0,63.19,7.6,3.48,27.39,0.0,0,1,24.444444,2
30503,6,24,1,1,24.07,0.0,63.69,3.5,0.84,19.35,0.0,0,1,24.444444,2
30504,6,1,2,1,24.07,0.0,64.45,5.2,0.72,20.84,0.0,0,1,24.444444,2
30505,6,2,2,1,24.07,0.0,64.62,4.6,0.24,18.41,0.0,0,1,24.444444,2
30506,6,3,2,1,24.07,0.0,65.07,4.8,0.36,17.4,0.0,0,1,24.444444,2
30507,6,4,2,1,24.07,0.0,64.67,7.6,0.6,20.9,0.0,0,1,24.444444,2
30508,6,5,2,1,24.07,0.0,64.0,8.6,0.24,21.4,0.0,0,1,24.444444,2
30509,6,6,2,1,24.06,0.0,64.16,5.1,2.16,19.75,0.0,0,1,24.444444,2
30510,6,7,2,1,24.06,0.0,63.6,5.1,2.88,25.41,64.2866,0,1,24.444444,2
30511,6,8,2,1,24.06,0.0,62.24,5.4,4.56,26.27,200.624,0,1,24.444444,2
30512,6,9,2,1,24.06,0.0,61.26,4.6,8.88,22.69,248.185,0,1,24.444444,2
30513,6,10,2,1,24.07,0.0,60.57,4.3,10.92,24.94,373.92,0,1,24.444444,2
30514,6,11,2,1,24.07,0.0,59.91,3.8,3.84,25.72,472.174,0,1,24.444444,2
30515,6,12,2,1,24.07,0.0,59.26,5.9,6.24,28.91,677.304,0,1,24.444444,2
30516,6,13,2,1,24.07,0.0,58.46,3.9,3.36,28.06,683.622,0,1,24.444444,2
30517,6,14,2,1,24.07,0.0,55.65,10.9,2.52,42.09,645.16,0,1,24.444444,2
30518,6,15,2,1,24.07,0.0,53.7,3.9,6.48,35.0,585.919,0,1,24.444444,2
30519,6,16,2,1,24.07,0.0,53.12,4.5,1.8,38.59,486.259,0,1,24.444444,2
30520,6,17,2,1,24.07,0.0,52.61,6.0,8.64,41.83,335.942,0,1,24.444444,2
30521,6,18,2,1,24.07,0.0,52.21,4.9,4.44,39.18,163.393,0,1,24.444444,2
30522,6,19,2,1,24.07,0.0,53.22,4.5,5.28,32.27,31.4979,0,1,24.444444,2
30523,6,20,2,1,24.07,0.0,56.0,4.6,6.0,28.14,0.0,0,1,24.444444,2
30524,6,21,2,1,24.07,0.0,57.32,7.0,1.68,30.84,0.0,0,1,24.444444,2
30525,6,22,2,1,24.07,0.0,58.62,4.9,1.56,26.28,0.0,0,1,24.444444,2
30526,6,23,2,1,24.07,0.0,60.03,5.5,0.72,25.77,0.0,0,1,24.444444,2
30527,6,24,2,1,24.07,0.0,61.75,3.7,0.48,21.72,0.0,0,1,24.444444,2
30528,6,1,3,1,24.07,0.0,62.34,9.2,0.96,28.52,0.0,0,1,24.444444,2
30529,6,2,3,1,24.07,0.0,63.6,5.3,1.8,20.06,0.0,0,1,24.444444,2
30530,6,3,3,1,24.07,0.0,66.11,4.0,0.36,17.34,0.0,0,1,24.444444,2
30531,6,4,3,1,24.06,0.0,68.95,3.2,0.36,15.7,0.0,0,1,24.444444,2
30532,6,5,3,1,24.06,0.0,70.92,4.7,1.92,18.5,0.0,0,1,24.444444,2
30533,6,6,3,1,24.07,0.0,71.13,6.2,7.08,22.07,0.0,0,1,24.444444,2
30534,6,7,3,1,24.06,0.0,70.77,4.3,16.56,20.48,59.5871,0,1,24.444444,2
30535,6,8,3,1,24.07,0.0,69.03,6.0,7.56,24.49,133.452,0,1,24.444444,2
30536,6,9,3,1,24.07,0.0,66.09,4.8,4.68,24.62,227.574,0,1,24.444444,2
30537,6,10,3,1,24.07,0.0,62.87,6.4,0.84,31.17,403.437,0,1,24.444444,2
30538,6,11,3,1,24.07,0.0,59.02,4.7,1.2,29.83,502.698,0,1,24.444444,2
30539,6,12,3,1,24.07,0.0,55.4,6.1,0.84,31.88,508.903,0,1,24.444444,2
30540,6,13,3,1,24.07,0.0,52.27,4.8,1.44,29.15,411.348,0,1,24.444444,2
30541,6,14,3,1,24.07,0.0,50.36,9.1,1.32,36.11,452.064,0,1,24.444444,2
30542,6,15,3,1,24.07,0.0,49.06,9.3,3.0,35.38,336.139,0,1,24.444444,2
30543,6,16,3,1,24.07,0.0,48.33,7.8,1.8,31.12,156.312,0,1,24.444444,2
30544,6,17,3,1,24.07,0.0,48.39,4.1,1.32,27.97,203.748,0,1,24.444444,2
30545,6,18,3,1,24.07,0.0,48.97,4.2,1.8,26.39,86.5111,0,1,24.444444,2
30546,6,19,3,1,24.08,0.0,49.38,3.9,3.6,23.43,17.8472,0,1,24.444444,2
30547,6,20,3,1,24.07,0.0,50.03,6.8,4.08,24.82,0.0,0,1,24.444444,2
30548,6,21,3,1,24.07,0.0,51.92,5.4,1.92,21.08,0.0,0,1,24.444444,2
30549,6,22,3,1,24.07,0.0,54.28,7.3,2.52,22.5,0.0,0,1,24.444444,2
30550,6,23,3,1,24.07,0.0,55.44,8.7,1.8,24.35,0.0,0,1,24.444444,2
30551,6,24,3,1,24.07,0.0,56.72,3.4,0.48,15.79,0.0,0,1,24.444444,2
30552,6,1,4,1,24.07,0.0,58.68,6.3,0.12,18.99,0.0,0,1,24.444444,2
30553,6,2,4,1,24.06,0.0,60.31,3.6,0.36,14.35,0.0,0,1,24.444444,2
30554,6,3,4,1,24.05,0.0,62.06,3.5,0.36,13.45,0.0,0,1,24.444444,2
30555,6,4,4,1,24.05,0.0,64.36,4.9,0.12,15.96,0.0,0,1,24.444444,2
30556,6,5,4,1,24.04,0.0,67.03,3.4,0.96,13.89,0.0,0,1,24.444444,2
30557,6,6,4,1,24.05,0.0,69.4,5.4,6.48,19.33,0.0,0,1,24.444444,2
30558,6,7,4,1,24.05,0.0,69.62,4.4,27.96,22.42,70.7997,0,1,24.444444,2
30559,6,8,4,1,24.05,0.0,68.3,4.6,5.4,23.46,168.697,0,1,24.444444,2
30560,6,9,4,1,24.05,0.0,66.15,4.9,5.76,25.81,297.138,0,1,24.444444,2
30561,6,10,4,1,24.06,0.0,64.41,3.9,2.52,27.56,430.512,0,1,24.444444,2
30562,6,11,4,1,24.07,0.0,62.85,3.7,0.84,29.3,522.8,0,1,24.444444,2
30563,6,12,4,1,24.07,0.0,60.88,5.0,1.2,31.93,523.98,0,1,24.444444,2
30564,6,13,4,1,24.07,0.0,59.2,5.5,2.4,33.82,521.634,0,1,24.444444,2
30565,6,14,4,1,24.07,0.0,57.3,9.7,0.84,40.2,440.614,0,1,24.444444,2
30566,6,15,4,1,24.07,0.0,57.42,3.7,7.56,29.6,378.895,0,1,24.444444,2
30567,6,16,4,1,24.07,0.0,59.08,4.3,0.96,29.32,278.406,0,1,24.444444,2
30568,6,17,4,1,24.07,0.0,58.82,8.9,1.08,35.33,177.469,0,1,24.444444,2
30569,6,18,4,1,24.07,0.0,58.77,6.4,4.56,30.2,96.1819,0,1,24.444444,2
30570,6,19,4,1,24.07,0.0,59.54,5.2,4.32,25.5,23.0705,0,1,24.444444,2
30571,6,20,4,1,24.07,0.0,60.01,7.8,6.12,27.97,0.0,0,1,24.444444,2
30572,6,21,4,1,24.07,0.0,60.75,9.1,5.64,29.86,0.0,0,1,24.444444,2
30573,6,22,4,1,24.07,0.0,62.06,6.9,3.24,24.32,0.0,0,1,24.444444,2
30574,6,23,4,1,24.07,0.0,62.83,5.4,1.32,19.58,0.0,0,1,24.444444,2
30575,6,24,4,1,24.07,0.0,64.99,3.5,4.92,15.71,0.0,0,1,24.444444,2
30576,6,1,5,1,24.06,0.0,67.31,4.8,0.24,16.76,0.0,0,1,24.444444,2
30577,6,2,5,1,24.03,0.0,70.68,2.8,2.4,13.21,0.0,0,1,24.444444,2
30578,6,3,5,1,24.04,0.0,73.07,4.7,0.72,16.83,0.0,0,1,24.444444,2
30579,6,4,5,1,24.02,0.0,74.7,3.4,3.24,14.17,0.0,0,1,24.444444,2
30580,6,5,5,1,24.0,0.0,76.09,3.6,2.4,13.36,0.0,0,1,24.444444,2
30581,6,6,5,1,24.04,0.0,74.27,8.6,1.92,22.13,0.0,0,1,24.444444,2
30582,6,7,5,1,24.05,0.0,71.47,7.6,9.6,22.72,70.9058,0,1,24.444444,2
30583,6,8,5,1,24.06,0.0,69.25,9.6,6.24,27.52,154.246,0,1,24.444444,2
30584,6,9,5,1,24.07,0.0,67.14,10.4,3.36,29.91,223.342,0,1,24.444444,2
30585,6,10,5,1,24.07,0.0,66.09,9.7,1.08,31.49,300.045,0,1,24.444444,2
30586,6,11,5,1,24.07,0.0,65.89,9.7,4.92,31.61,211.178,0,1,24.444444,2
30587,6,12,5,1,24.07,0.0,65.24,8.7,4.56,30.87,296.957,0,1,24.444444,2
30588,6,13,5,1,24.07,0.0,63.78,8.7,5.88,34.63,486.617,0,1,24.444444,2
30589,6,14,5,1,24.07,0.0,62.2,9.9,7.92,39.93,423.466,0,1,24.444444,2
30590,6,15,5,1,24.07,0.0,61.0,9.5,0.6,41.04,438.94,0,1,24.444444,2
30591,6,16,5,1,24.07,0.0,61.06,8.1,1.2,38.37,218.095,0,1,24.444444,2
30592,6,17,5,1,24.07,0.0,60.9,8.8,2.04,43.99,284.531,0,1,24.444444,2
30593,6,18,5,1,24.07,0.0,59.82,10.3,3.0,46.96,166.736,0,1,24.444444,2
30594,6,19,5,1,24.07,0.0,59.67,10.2,3.6,40.69,30.9615,0,1,24.444444,2
30595,6,20,5,1,24.07,0.0,61.04,11.6,4.08,38.59,0.0,0,1,24.444444,2
30596,6,21,5,1,24.07,0.0,62.48,10.7,2.76,36.82,0.0,0,1,24.444444,2
30597,6,22,5,1,24.08,0.01,62.7,14.3,1.92,41.99,0.0,0,1,24.444444,2
30598,6,23,5,1,24.07,0.0,64.31,9.3,0.96,33.14,0.0,0,1,24.444444,2
30599,6,24,5,1,24.07,0.0,68.22,4.4,0.96,24.7,0.0,0,1,24.444444,2
30600,6,1,6,1,24.07,0.0,69.38,10.2,0.6,35.32,0.0,0,1,24.444444,2
30601,6,2,6,1,24.07,0.0,67.87,12.5,0.12,37.6,0.0,0,1,24.444444,2
30602,6,3,6,1,24.07,0.0,68.08,9.4,0.12,30.63,0.0,0,1,24.444444,2
30603,6,4,6,1,24.07,0.0,70.57,4.7,1.68,21.36,0.0,0,1,24.444444,2
30604,6,5,6,1,24.07,0.0,73.94,3.9,4.08,20.14,0.0,0,1,24.444444,2
30605,6,6,6,1,24.07,0.0,73.64,9.1,2.88,32.51,0.0,0,1,24.444444,2
30606,6,7,6,1,24.07,0.0,71.87,7.2,29.88,32.5,68.5768,0,1,24.444444,2
30607,6,8,6,1,24.07,0.0,70.83,4.8,9.0,30.35,166.923,0,1,24.444444,2
30608,6,9,6,1,24.08,0.01,67.98,8.9,9.36,42.86,356.345,0,1,24.444444,2
30609,6,10,6,1,24.07,0.0,65.98,4.1,5.76,35.39,428.994,0,1,24.444444,2
30610,6,11,6,1,24.07,0.0,63.77,8.3,2.52,42.27,590.258,0,1,24.444444,2
30611,6,12,6,1,24.08,0.0,61.64,9.6,2.88,43.81,592.53,0,1,24.444444,2
30612,6,13,6,1,24.08,0.0,60.29,8.9,1.56,43.77,629.025,0,1,24.444444,2
30613,6,14,6,1,24.09,0.02,59.25,10.3,1.2,48.67,649.459,0,1,24.444444,2
30614,6,15,6,1,24.08,0.01,58.03,8.4,0.84,49.49,578.521,0,1,24.444444,2
30615,6,16,6,1,24.08,0.01,56.83,7.9,2.64,49.11,461.265,0,1,24.444444,2
30616,6,17,6,1,24.09,0.01,56.19,9.4,1.68,50.43,315.713,0,1,24.444444,2
30617,6,18,6,1,24.15,0.08,56.21,12.1,1.32,51.18,154.945,0,1,24.444444,2
30618,6,19,6,1,24.14,0.06,57.38,11.8,2.52,46.3,32.953,0,1,24.444444,2
30619,6,20,6,1,24.1,0.02,58.87,11.9,3.72,42.79,0.0,0,1,24.444444,2
30620,6,21,6,1,24.09,0.02,60.34,12.4,0.96,42.19,0.0,0,1,24.444444,2
30621,6,22,6,1,24.08,0.01,62.21,10.3,2.28,37.76,0.0,0,1,24.444444,2
30622,6,23,6,1,24.08,0.01,63.21,12.2,0.96,39.67,0.0,0,1,24.444444,2
30623,6,24,6,1,24.07,0.0,64.43,10.3,0.48,35.62,0.0,0,1,24.444444,2
30624,7,1,7,1,24.07,0.0,67.38,3.9,0.48,23.22,0.0,0,1,24.444444,2
30625,7,2,7,1,24.07,0.0,69.59,4.9,0.96,24.06,0.0,0,1,24.444444,2
30626,7,3,7,1,24.07,0.0,71.46,3.3,0.48,20.15,0.0,0,1,24.444444,2
30627,7,4,7,1,24.07,0.0,73.27,3.7,0.96,19.97,0.0,0,1,24.444444,2
30628,7,5,7,1,24.06,0.0,74.75,3.4,1.8,18.57,0.0,0,1,24.444444,2
30629,7,6,7,1,24.06,0.0,75.36,3.8,11.52,23.29,0.0,0,1,24.444444,2
30630,7,7,7,1,24.07,0.0,72.82,9.3,11.16,40.59,72.7782,0,1,24.444444,2
30631,7,8,7,1,24.07,0.0,69.52,5.7,6.36,35.65,200.202,0,1,24.444444,2
30632,7,9,7,1,24.19,0.12,64.74,12.6,11.76,46.44,360.221,0,1,24.444444,2
30633,7,10,7,1,24.09,0.01,62.29,5.6,7.68,36.9,500.947,0,1,24.444444,2
30634,7,11,7,1,24.07,0.0,61.26,9.3,4.32,42.78,531.964,0,1,24.444444,2
30635,7,12,7,1,24.07,0.0,61.61,4.0,3.36,34.74,666.226,0,1,24.444444,2
30636,7,13,7,1,24.07,0.0,62.26,4.8,3.0,39.07,674.382,0,1,24.444444,2
30637,7,14,7,1,24.16,0.08,60.3,11.4,5.88,51.65,661.263,0,1,24.444444,2
30638,7,15,7,1,24.23,0.15,57.33,11.7,4.56,53.74,586.351,0,1,24.444444,2
30639,7,16,7,1,24.09,0.02,55.61,5.6,1.8,48.19,478.016,0,1,24.444444,2
30640,7,17,7,1,24.14,0.07,53.96,10.0,1.68,52.0,323.706,0,1,24.444444,2
30641,7,18,7,1,24.11,0.04,54.89,9.2,7.2,49.23,159.908,0,1,24.444444,2
30642,7,19,7,1,24.08,0.0,57.69,5.1,1.32,38.74,33.8644,0,1,24.444444,2
30643,7,20,7,1,24.07,0.0,59.12,7.7,6.24,37.5,0.0,0,1,24.444444,2
30644,7,21,7,1,24.21,0.13,57.92,18.4,3.24,48.49,0.0,0,1,24.444444,2
30645,7,22,7,1,24.09,0.02,58.21,11.1,2.28,36.87,0.0,0,1,24.444444,2
30646,7,23,7,1,24.07,0.0,59.52,5.7,0.48,25.72,0.0,0,1,24.444444,2
30647,7,24,7,1,24.07,0.0,61.4,6.0,0.96,24.62,0.0,0,1,24.444444,2
30648,7,1,1,1,24.07,0.0,63.7,4.8,1.08,20.97,0.0,0,1,24.444444,2
30649,7,2,1,1,24.07,0.0,66.67,3.3,2.52,16.42,0.0,0,1,24.444444,2
30650,7,3,1,1,24.06,0.0,69.68,3.2,0.24,15.41,0.0,0,1,24.444444,2
30651,7,4,1,1,24.07,0.0,70.04,7.9,0.48,22.9,0.0,0,1,24.444444,2
30652,7,5,1,1,24.06,0.0,70.24,5.3,1.44,16.04,0.0,0,1,24.444444,2
30653,7,6,1,1,24.05,0.0,71.22,5.0,1.56,18.16,0.0,0,1,24.444444,2
30654,7,7,1,1,24.05,0.0,70.64,5.1,8.76,25.77,75.9856,0,1,24.444444,2
30655,7,8,1,1,24.05,0.0,69.39,4.8,5.4,30.21,206.075,0,1,24.444444,2
30656,7,9,1,1,24.07,0.0,67.12,7.4,3.6,36.71,365.208,0,1,24.444444,2
30657,7,10,1,1,24.07,0.0,65.11,6.9,7.92,37.08,496.94,0,1,24.444444,2
30658,7,11,1,1,24.07,0.0,63.99,4.1,3.36,33.05,583.842,0,1,24.444444,2
30659,7,12,1,1,24.07,0.0,62.88,5.7,4.2,35.85,640.985,0,1,24.444444,2
30660,7,13,1,1,24.07,0.0,61.72,5.6,11.4,38.02,656.069,0,1,24.444444,2
30661,7,14,1,1,24.12,0.05,58.12,11.8,12.84,49.76,621.384,0,1,24.444444,2
30662,7,15,1,1,24.08,0.01,55.79,7.1,3.72,46.44,558.979,0,1,24.444444,2
30663,7,16,1,1,24.08,0.0,54.53,6.9,4.56,48.1,449.494,0,1,24.444444,2
30664,7,17,1,1,24.07,0.0,53.43,5.6,3.96,46.36,306.209,0,1,24.444444,2
30665,7,18,1,1,24.07,0.0,53.08,5.8,4.56,43.89,153.272,0,1,24.444444,2
30666,7,19,1,1,24.07,0.0,54.08,3.1,5.52,34.84,32.4802,0,1,24.444444,2
30667,7,20,1,1,24.07,0.0,56.13,3.8,1.92,32.9,0.0,0,1,24.444444,2
30668,7,21,1,1,24.07,0.0,58.78,4.8,1.44,33.32,0.0,0,1,24.444444,2
30669,7,22,1,1,24.07,0.0,61.46,6.2,2.88,34.2,0.0,0,1,24.444444,2
30670,7,23,1,1,24.07,0.0,63.6,5.7,1.56,32.18,0.0,0,1,24.444444,2
30671,7,24,1,1,24.07,0.0,64.59,6.8,0.84,32.5,0.0,0,1,24.444444,2
30672,7,1,2,1,24.07,0.0,65.57,4.3,0.72,26.17,0.0,0,1,24.444444,2
30673,7,2,2,1,24.07,0.0,66.84,5.1,0.36,26.23,0.0,0,1,24.444444,2
30674,7,3,2,1,24.07,0.0,67.59,6.2,3.6,26.09,0.0,0,1,24.444444,2
30675,7,4,2,1,24.07,0.0,68.85,4.8,0.84,21.52,0.0,0,1,24.444444,2
30676,7,5,2,1,24.07,0.0,70.71,4.0,3.48,18.96,0.0,0,1,24.444444,2
30677,7,6,2,1,24.06,0.0,71.93,3.3,3.0,21.42,0.0,0,1,24.444444,2
30678,7,7,2,1,24.07,0.0,70.95,4.6,3.6,31.64,66.4487,0,1,24.444444,2
30679,7,8,2,1,24.07,0.0,68.67,4.7,5.28,34.83,198.1,0,1,24.444444,2
30680,7,9,2,1,24.07,0.0,66.49,4.5,5.04,34.75,321.798,0,1,24.444444,2
30681,7,10,2,1,24.07,0.0,64.96,4.4,15.0,35.69,462.734,0,1,24.444444,2
30682,7,11,2,1,24.07,0.0,63.21,4.7,4.32,37.02,499.028,0,1,24.444444,2
30683,7,12,2,1,24.07,0.0,61.83,4.7,8.88,36.33,643.05,0,1,24.444444,2
30684,7,13,2,1,24.07,0.0,61.66,4.5,6.72,37.78,690.026,0,1,24.444444,2
30685,7,14,2,1,24.07,0.0,60.74,4.9,6.84,41.85,650.525,0,1,24.444444,2
30686,7,15,2,1,24.07,0.0,58.23,5.0,3.84,45.1,547.922,0,1,24.444444,2
30687,7,16,2,1,24.07,0.0,56.91,4.4,3.24,45.18,423.808,0,1,24.444444,2
30688,7,17,2,1,24.07,0.0,56.57,4.4,4.32,46.68,318.361,0,1,24.444444,2
30689,7,18,2,1,24.07,0.0,57.27,3.4,8.4,45.47,167.25,0,1,24.444444,2
30690,7,19,2,1,24.07,0.0,58.54,4.9,3.84,42.38,31.6172,0,1,24.444444,2
30691,7,20,2,1,24.07,0.0,60.35,5.6,1.8,37.2,0.0,0,1,24.444444,2
30692,7,21,2,1,24.07,0.0,60.96,8.3,3.6,39.14,0.0,0,1,24.444444,2
30693,7,22,2,1,24.07,0.0,61.2,5.8,1.32,32.55,0.0,0,1,24.444444,2
30694,7,23,2,1,24.07,0.0,62.37,3.4,0.72,26.73,0.0,0,1,24.444444,2
30695,7,24,2,1,24.07,0.0,63.84,3.5,0.84,24.94,0.0,0,1,24.444444,2
30696,7,1,8,1,24.07,0.0,64.57,5.2,0.12,25.19,0.0,0,1,24.444444,2
30697,7,2,8,1,24.07,0.0,65.32,6.0,0.48,24.66,0.0,0,1,24.444444,2
30698,7,3,8,1,24.07,0.0,66.76,4.8,0.24,21.25,0.0,0,1,24.444444,2
30699,7,4,8,1,24.07,0.0,67.96,6.2,0.48,22.43,0.0,0,1,24.444444,2
30700,7,5,8,1,24.07,0.0,68.89,6.0,1.68,21.05,0.0,0,1,24.444444,2
30701,7,6,8,1,24.07,0.0,69.51,4.7,2.28,24.55,0.0,0,1,24.444444,2
30702,7,7,8,1,24.07,0.0,68.74,4.0,19.2,31.27,50.8065,0,1,24.444444,2
30703,7,8,8,1,24.08,0.01,66.73,6.3,7.08,37.15,191.119,0,1,24.444444,2
30704,7,9,8,1,24.15,0.08,64.1,9.1,8.64,41.71,366.025,0,1,24.444444,2
30705,7,10,8,1,24.11,0.03,61.75,8.2,2.88,41.21,503.597,0,1,24.444444,2
30706,7,11,8,1,24.07,0.0,59.63,7.5,1.56,38.96,513.909,0,1,24.444444,2
30707,7,12,8,1,24.07,0.0,59.08,4.0,8.4,33.95,623.087,0,1,24.444444,2
30708,7,13,8,1,24.07,0.0,58.59,4.6,2.52,37.99,601.585,0,1,24.444444,2
30709,7,14,8,1,24.08,0.01,57.28,9.2,1.44,46.81,625.156,0,1,24.444444,2
30710,7,15,8,1,24.07,0.0,56.98,5.6,2.88,45.48,553.652,0,1,24.444444,2
30711,7,16,8,1,24.08,0.0,56.46,6.6,3.48,48.76,388.04,0,1,24.444444,2
30712,7,17,8,1,24.25,0.18,55.46,9.7,3.24,52.66,348.725,0,1,24.444444,2
30713,7,18,8,1,24.23,0.16,55.36,8.2,0.84,51.93,172.733,0,1,24.444444,2
30714,7,19,8,1,24.09,0.02,55.93,7.1,1.2,45.78,31.2158,0,1,24.444444,2
30715,7,20,8,1,24.08,0.01,56.79,9.2,4.8,41.35,0.0,0,1,24.444444,2
30716,7,21,8,1,24.07,0.0,58.37,5.8,3.24,34.5,0.0,0,1,24.444444,2
30717,7,22,8,1,24.07,0.0,59.72,6.5,0.6,34.11,0.0,0,1,24.444444,2
30718,7,23,8,1,24.07,0.0,61.17,5.2,1.08,30.37,0.0,0,1,24.444444,2
30719,7,24,8,1,24.07,0.0,63.16,5.4,0.24,29.17,0.0,0,1,24.444444,2
30720,7,1,4,1,24.07,0.0,65.53,3.1,0.0,24.05,0.0,0,1,24.444444,2
30721,7,2,4,1,24.07,0.0,67.16,5.1,0.48,25.84,0.0,0,1,24.444444,2
30722,7,3,4,1,24.07,0.0,68.31,5.1,0.12,24.22,0.0,0,1,24.444444,2
30723,7,4,4,1,24.07,0.0,69.42,5.7,0.84,24.76,0.0,0,1,24.444444,2
30724,7,5,4,1,24.07,0.0,71.3,3.0,1.08,18.49,0.0,0,1,24.444444,2
30725,7,6,4,1,24.07,0.0,72.01,5.0,2.04,28.8,0.0,0,1,24.444444,2
30726,7,7,4,1,24.07,0.0,70.35,4.3,22.68,34.43,49.761,0,1,24.444444,2
30727,7,8,4,1,24.07,0.0,67.86,5.6,3.6,36.42,182.36,0,1,24.444444,2
30728,7,9,4,1,24.07,0.0,65.84,4.7,3.36,36.23,328.174,0,1,24.444444,2
30729,7,10,4,1,24.07,0.0,64.79,4.1,3.84,35.36,355.766,0,1,24.444444,2
30730,7,11,4,1,24.07,0.0,63.78,4.5,5.76,35.99,548.472,0,1,24.444444,2
30731,7,12,4,1,24.07,0.0,62.13,3.9,2.64,34.78,661.302,0,1,24.444444,2
30732,7,13,4,1,24.07,0.0,60.62,4.4,1.92,38.71,634.085,0,1,24.444444,2
30733,7,14,4,1,24.12,0.05,58.58,9.9,3.48,49.59,532.284,0,1,24.444444,2
30734,7,15,4,1,24.08,0.0,57.84,4.2,2.04,44.34,475.369,0,1,24.444444,2
30735,7,16,4,1,24.07,0.0,56.98,4.0,5.04,46.26,480.186,0,1,24.444444,2
30736,7,17,4,1,24.08,0.01,56.68,4.0,3.0,47.8,341.285,0,1,24.444444,2
30737,7,18,4,1,24.08,0.01,56.65,4.2,3.36,47.54,174.708,0,1,24.444444,2
30738,7,19,4,1,24.07,0.0,56.74,5.3,2.88,42.51,30.9891,0,1,24.444444,2
30739,7,20,4,1,24.07,0.0,57.63,6.3,13.92,37.18,0.0,0,1,24.444444,2
30740,7,21,4,1,24.07,0.0,58.83,7.8,2.16,37.61,0.0,0,1,24.444444,2
30741,7,22,4,1,24.07,0.0,60.2,5.6,1.44,32.12,0.0,0,1,24.444444,2
30742,7,23,4,1,24.07,0.0,62.09,6.3,0.96,31.73,0.0,0,1,24.444444,2
30743,7,24,4,1,24.07,0.0,63.83,6.0,0.72,29.96,0.0,0,1,24.444444,2
30744,7,1,5,1,24.07,0.0,65.25,5.3,0.24,27.26,0.0,0,1,24.444444,2
30745,7,2,5,1,24.07,0.0,67.19,3.2,0.24,22.26,0.0,0,1,24.444444,2
30746,7,3,5,1,24.07,0.0,69.24,3.5,0.48,21.04,0.0,0,1,24.444444,2
30747,7,4,5,1,24.07,0.0,69.68,5.8,0.24,23.93,0.0,0,1,24.444444,2
30748,7,5,5,1,24.07,0.0,70.95,3.3,1.8,18.59,0.0,0,1,24.444444,2
30749,7,6,5,1,24.07,0.0,71.43,4.1,5.88,25.67,0.0,0,1,24.444444,2
30750,7,7,5,1,24.08,0.01,69.02,8.6,5.52,40.19,50.5985,0,1,24.444444,2
30751,7,8,5,1,24.1,0.02,66.09,7.3,9.12,38.7,186.687,0,1,24.444444,2
30752,7,9,5,1,24.09,0.02,63.97,7.6,4.2,39.5,352.366,0,1,24.444444,2
30753,7,10,5,1,24.07,0.0,61.05,10.8,6.6,44.74,389.209,0,1,24.444444,2
30754,7,11,5,1,24.07,0.0,58.59,9.1,4.44,41.45,484.663,0,1,24.444444,2
30755,7,12,5,1,24.07,0.0,58.47,6.8,3.0,36.2,542.369,0,1,24.444444,2
30756,7,13,5,1,24.07,0.0,58.62,7.4,1.08,38.57,435.693,0,1,24.444444,2
30757,7,14,5,1,24.07,0.0,58.42,8.2,1.92,37.95,392.549,0,1,24.444444,2
30758,7,15,5,1,24.07,0.0,58.65,8.6,1.08,37.14,257.453,0,1,24.444444,2
30759,7,16,5,1,24.07,0.0,59.0,8.3,1.68,39.06,251.897,0,1,24.444444,2
30760,7,17,5,1,24.07,0.0,59.41,8.9,1.56,44.66,293.643,0,1,24.444444,2
30761,7,18,5,1,24.07,0.0,59.37,8.8,2.52,45.07,165.531,0,1,24.444444,2
30762,7,19,5,1,24.07,0.0,59.87,9.2,6.12,40.83,31.3973,0,1,24.444444,2
30763,7,20,5,1,24.07,0.0,60.5,11.2,2.88,38.65,0.0,0,1,24.444444,2
30764,7,21,5,1,24.07,0.0,60.93,11.9,1.92,38.54,0.0,0,1,24.444444,2
30765,7,22,5,1,24.29,0.22,58.96,24.2,3.0,52.59,0.0,0,1,24.444444,2
30766,7,23,5,1,24.1,0.03,60.45,7.8,0.84,31.26,0.0,0,1,24.444444,2
30767,7,24,5,1,24.07,0.0,62.71,8.6,0.24,30.61,0.0,0,1,24.444444,2
30768,7,1,6,1,24.07,0.0,63.22,11.4,0.36,33.77,0.0,0,1,24.444444,2
30769,7,2,6,1,24.07,0.0,63.25,11.0,0.6,30.99,0.0,0,1,24.444444,2
30770,7,3,6,1,24.07,0.0,64.99,6.5,0.0,22.62,0.0,0,1,24.444444,2
30771,7,4,6,1,24.07,0.0,65.68,11.4,0.72,30.86,0.0,0,1,24.444444,2
30772,7,5,6,1,24.07,0.0,67.39,4.7,2.16,17.7,0.0,0,1,24.444444,2
30773,7,6,6,1,24.07,0.0,68.41,9.9,2.88,32.78,0.0,0,1,24.444444,2
30774,7,7,6,1,24.07,0.0,67.83,5.1,9.96,31.22,55.0776,0,1,24.444444,2
30775,7,8,6,1,24.11,0.03,66.09,9.3,8.4,41.51,189.262,0,1,24.444444,2
30776,7,9,6,1,24.18,0.1,63.34,9.9,3.6,42.94,351.968,0,1,24.444444,2
30777,7,10,6,1,24.09,0.02,62.53,5.4,4.8,37.79,502.385,0,1,24.444444,2
30778,7,11,6,1,24.07,0.0,61.56,10.2,5.88,44.01,607.489,0,1,24.444444,2
30779,7,12,6,1,24.07,0.0,61.27,7.3,1.2,42.01,636.543,0,1,24.444444,2
30780,7,13,6,1,24.08,0.01,59.57,9.4,2.28,46.47,577.952,0,1,24.444444,2
30781,7,14,6,1,24.08,0.0,57.8,10.5,1.92,42.15,240.44,0,1,24.444444,2
30782,7,15,6,1,24.07,0.0,57.27,9.2,3.72,34.67,82.9107,0,1,24.444444,2
30783,7,16,6,1,24.07,0.0,56.68,8.0,1.08,33.21,137.333,0,1,24.444444,2
30784,7,17,6,1,24.07,0.0,56.74,8.8,1.92,35.77,176.197,0,1,24.444444,2
30785,7,18,6,1,24.07,0.0,57.37,8.9,1.92,35.57,109.901,0,1,24.444444,2
30786,7,19,6,1,24.07,0.0,57.58,10.7,1.32,34.92,26.1037,0,1,24.444444,2
30787,7,20,6,1,24.07,0.0,57.73,9.6,8.88,29.48,0.0,0,1,24.444444,2
30788,7,21,6,1,24.07,0.0,58.36,9.9,0.84,28.63,0.0,0,1,24.444444,2
30789,7,22,6,1,24.07,0.0,60.06,9.1,0.72,27.02,0.0,0,1,24.444444,2
30790,7,23,6,1,24.07,0.0,62.88,4.5,1.08,19.13,0.0,0,1,24.444444,2
30791,7,24,6,1,24.07,0.0,63.84,9.8,0.48,27.43,0.0,0,1,24.444444,2
30792,7,1,7,1,24.07,0.0,65.21,4.2,2.4,16.88,0.0,0,1,24.444444,2
30793,7,2,7,1,24.05,0.0,68.32,3.1,0.6,14.83,0.0,0,1,24.444444,2
30794,7,3,7,1,24.04,0.0,71.07,3.4,0.6,15.01,0.0,0,1,24.444444,2
30795,7,4,7,1,24.04,0.0,73.15,3.7,0.6,15.11,0.0,0,1,24.444444,2
30796,7,5,7,1,24.01,0.0,75.37,2.8,6.12,13.0,0.0,0,1,24.444444,2
30797,7,6,7,1,24.02,0.0,76.06,4.0,6.12,20.93,0.0,0,1,24.444444,2
30798,7,7,7,1,24.05,0.0,73.46,7.4,12.24,35.82,52.5807,0,1,24.444444,2
30799,7,8,7,1,24.06,0.0,70.07,6.3,7.8,34.49,182.238,0,1,24.444444,2
30800,7,9,7,1,24.07,0.0,67.91,8.2,5.28,37.68,296.087,0,1,24.444444,2
30801,7,10,7,1,24.07,0.0,67.05,6.9,6.24,33.32,253.038,0,1,24.444444,2
30802,7,11,7,1,24.07,0.0,65.79,8.9,7.56,33.56,158.112,0,1,24.444444,2
30803,7,12,7,1,24.07,0.0,64.75,5.8,1.44,29.62,221.166,0,1,24.444444,2
30804,7,13,7,1,24.07,0.0,63.65,8.3,3.72,35.1,251.673,0,1,24.444444,2
30805,7,14,7,1,24.07,0.0,61.52,9.9,2.64,37.94,290.798,0,1,24.444444,2
30806,7,15,7,1,24.07,0.0,59.13,11.2,7.44,41.2,338.409,0,1,24.444444,2
30807,7,16,7,1,24.07,0.0,59.11,6.1,2.88,35.62,335.491,0,1,24.444444,2
30808,7,17,7,1,24.07,0.0,59.43,7.9,4.08,43.06,315.245,0,1,24.444444,2
30809,7,18,7,1,24.07,0.0,59.34,9.0,2.4,45.14,166.398,0,1,24.444444,2
30810,7,19,7,1,24.07,0.0,60.55,4.8,2.28,33.22,33.2321,0,1,24.444444,2
30811,7,20,7,1,24.07,0.0,61.68,8.0,3.72,32.71,0.0,0,1,24.444444,2
30812,7,21,7,1,24.07,0.0,61.81,11.0,1.8,35.97,0.0,0,1,24.444444,2
30813,7,22,7,1,24.07,0.0,62.63,7.6,0.48,29.26,0.0,0,1,24.444444,2
30814,7,23,7,1,24.07,0.0,63.56,8.9,0.72,30.01,0.0,0,1,24.444444,2
30815,7,24,7,1,24.07,0.0,65.21,4.5,0.6,20.82,0.0,0,1,24.444444,2
30816,7,1,1,1,24.07,0.0,67.97,3.5,0.36,18.1,0.0,0,1,24.444444,2
30817,7,2,1,1,24.06,0.0,70.36,3.5,0.0,16.72,0.0,0,1,24.444444,2
30818,7,3,1,1,24.06,0.0,71.77,4.8,0.12,17.77,0.0,0,1,24.444444,2
30819,7,4,1,1,24.05,0.0,73.03,4.7,0.48,16.41,0.0,0,1,24.444444,2
30820,7,5,1,1,24.03,0.0,74.89,3.2,0.6,13.61,0.0,0,1,24.444444,2
30821,7,6,1,1,24.04,0.0,75.53,4.7,1.2,21.81,0.0,0,1,24.444444,2
30822,7,7,1,1,24.04,0.0,74.09,3.9,4.56,28.71,63.243,0,1,24.444444,2
30823,7,8,1,1,24.06,0.0,70.41,6.8,4.92,36.45,192.194,0,1,24.444444,2
30824,7,9,1,1,24.07,0.0,67.09,5.9,6.84,36.0,353.309,0,1,24.444444,2
30825,7,10,1,1,24.07,0.0,65.11,4.6,4.92,34.86,485.161,0,1,24.444444,2
30826,7,11,1,1,24.07,0.0,63.34,5.3,3.12,36.06,571.231,0,1,24.444444,2
30827,7,12,1,1,24.08,0.0,62.11,5.5,2.88,33.0,573.419,0,1,24.444444,2
30828,7,13,1,1,24.07,0.0,61.1,7.7,8.88,34.05,256.136,0,1,24.444444,2
30829,7,14,1,1,24.07,0.0,59.38,11.8,6.84,34.8,98.2072,0,1,24.444444,2
30830,7,15,1,1,24.07,0.0,58.26,7.9,0.96,27.65,174.388,0,1,24.444444,2
30831,7,16,1,1,24.07,0.0,57.79,10.0,1.56,37.09,305.899,0,1,24.444444,2
30832,7,17,1,1,24.07,0.0,59.39,4.6,1.44,31.2,224.505,0,1,24.444444,2
30833,7,18,1,1,24.07,0.0,60.77,7.7,5.16,33.01,101.997,0,1,24.444444,2
30834,7,19,1,1,24.07,0.0,60.95,7.8,1.92,29.23,22.9884,0,1,24.444444,2
30835,7,20,1,1,24.07,0.0,61.84,6.4,1.8,25.24,0.0,0,1,24.444444,2
30836,7,21,1,1,24.07,0.0,63.72,4.7,3.48,21.72,0.0,0,1,24.444444,2
30837,7,22,1,1,24.07,0.0,64.8,6.5,2.52,23.95,0.0,0,1,24.444444,2
30838,7,23,1,1,24.07,0.0,65.79,5.5,1.68,21.01,0.0,0,1,24.444444,2
30839,7,24,1,1,24.07,0.0,66.71,6.9,0.48,21.6,0.0,0,1,24.444444,2
30840,7,1,2,1,24.07,0.0,67.77,6.0,0.96,18.59,0.0,0,1,24.444444,2
30841,7,2,2,1,24.05,0.0,69.7,3.7,0.24,13.91,0.0,0,1,24.444444,2
30842,7,3,2,1,24.06,0.0,70.69,6.7,0.48,17.83,0.0,0,1,24.444444,2
30843,7,4,2,1,24.0,0.0,72.23,3.4,0.48,11.07,0.0,0,1,24.444444,2
30844,7,5,2,1,24.04,0.0,72.64,7.7,3.12,17.69,0.0,0,1,24.444444,2
30845,7,6,2,1,24.0,0.0,73.04,3.5,4.32,14.51,0.0,0,1,24.444444,2
30846,7,7,2,1,24.01,0.0,72.46,3.7,2.52,22.97,63.6587,0,1,24.444444,2
30847,7,8,2,1,24.03,0.0,70.51,3.9,3.48,28.16,192.14,0,1,24.444444,2
30848,7,9,2,1,24.04,0.0,67.58,4.7,7.44,31.62,353.896,0,1,24.444444,2
30849,7,10,2,1,24.06,0.0,65.72,4.4,4.92,32.16,492.895,0,1,24.444444,2
30850,7,11,2,1,24.07,0.0,64.8,5.6,3.36,34.33,594.043,0,1,24.444444,2
30851,7,12,2,1,24.07,0.0,63.93,4.6,7.32,33.4,642.026,0,1,24.444444,2
30852,7,13,2,1,24.08,0.0,62.76,7.0,7.08,35.47,674.842,0,1,24.444444,2
30853,7,14,2,1,24.07,0.0,61.19,6.3,2.76,34.33,550.114,0,1,24.444444,2
30854,7,15,2,1,24.07,0.0,60.83,5.3,4.44,25.51,63.5953,0,1,24.444444,2
30855,7,16,2,1,24.07,0.0,61.45,5.8,3.0,21.88,30.4318,0,1,24.444444,2
30856,7,17,2,1,24.07,0.0,62.58,6.4,2.16,22.73,24.7809,0,1,24.444444,2
30857,7,18,2,1,24.07,0.0,63.9,6.7,5.64,23.25,4.59521,0,1,24.444444,2
30858,7,19,2,1,24.07,0.0,65.83,4.6,2.4,18.77,0.0,0,1,24.444444,2
30859,7,20,2,1,24.07,0.0,67.02,7.5,4.32,23.2,0.0,0,1,24.444444,2
30860,7,21,2,1,24.07,0.0,67.91,7.0,3.0,21.5,0.0,0,1,24.444444,2
30861,7,22,2,1,24.07,0.0,67.68,9.7,1.32,26.07,0.0,0,1,24.444444,2
30862,7,23,2,1,24.07,0.0,68.26,6.2,2.28,18.63,0.0,0,1,24.444444,2
30863,7,24,2,1,24.06,0.0,70.4,5.1,0.36,16.02,0.0,0,1,24.444444,2
30864,7,1,3,1,24.03,0.0,72.77,3.6,2.4,12.68,0.0,0,1,24.444444,2
30865,7,2,3,1,24.06,0.0,72.4,9.1,0.36,21.92,0.0,0,1,24.444444,2
30866,7,3,3,1,24.05,0.0,72.42,6.5,0.36,16.29,0.0,0,1,24.444444,2
30867,7,4,3,1,24.04,0.0,73.6,6.2,1.08,15.7,0.0,0,1,24.444444,2
30868,7,5,3,1,24.02,0.0,75.25,4.8,1.8,13.0,0.0,0,1,24.444444,2
30869,7,6,3,1,24.01,0.0,76.56,5.0,3.96,14.33,0.0,0,1,24.444444,2
30870,7,7,3,1,24.03,0.0,76.49,5.6,10.44,18.62,42.0759,0,1,24.444444,2
30871,7,8,3,1,24.06,0.0,73.55,10.4,8.16,31.59,122.668,0,1,24.444444,2
30872,7,9,3,1,24.06,0.0,70.84,5.8,4.2,29.59,305.407,0,1,24.444444,2
30873,7,10,3,1,24.07,0.0,67.86,5.1,5.88,31.7,430.551,0,1,24.444444,2
30874,7,11,3,1,24.07,0.0,65.46,5.1,1.8,32.99,448.355,0,1,24.444444,2
30875,7,12,3,1,24.07,0.0,64.03,5.7,0.84,32.64,406.677,0,1,24.444444,2
30876,7,13,3,1,24.07,0.0,63.38,5.3,3.36,30.22,327.607,0,1,24.444444,2
30877,7,14,3,1,24.07,0.0,62.33,10.5,2.4,41.45,462.054,0,1,24.444444,2
30878,7,15,3,1,24.07,0.0,62.05,4.8,2.64,35.14,351.326,0,1,24.444444,2
30879,7,16,3,1,24.07,0.0,61.41,6.3,1.56,39.96,352.737,0,1,24.444444,2
30880,7,17,3,1,24.07,0.0,61.45,4.2,2.76,36.41,233.824,0,1,24.444444,2
30881,7,18,3,1,24.07,0.0,62.06,5.2,1.8,36.78,116.695,0,1,24.444444,2
30882,7,19,3,1,24.07,0.0,62.49,6.5,1.56,36.15,26.293,0,1,24.444444,2
30883,7,20,3,1,24.07,0.0,62.46,7.9,4.56,35.13,0.0,0,1,24.444444,2
30884,7,21,3,1,24.07,0.0,61.93,10.3,2.88,36.79,0.0,0,1,24.444444,2
30885,7,22,3,1,24.07,0.0,61.59,10.3,3.84,35.03,0.0,0,1,24.444444,2
30886,7,23,3,1,24.07,0.0,62.53,6.5,1.2,27.03,0.0,0,1,24.444444,2
30887,7,24,3,1,24.07,0.0,63.49,8.9,0.6,29.57,0.0,0,1,24.444444,2
30888,7,1,4,1,24.07,0.0,64.88,5.0,0.48,21.79,0.0,0,1,24.444444,2
30889,7,2,4,1,24.07,0.0,66.02,7.7,0.72,25.41,0.0,0,1,24.444444,2
30890,7,3,4,1,24.07,0.0,67.04,4.8,0.48,19.17,0.0,0,1,24.444444,2
30891,7,4,4,1,24.07,0.0,69.09,5.1,0.6,19.09,0.0,0,1,24.444444,2
30892,7,5,4,1,24.07,0.0,70.72,5.2,1.68,18.75,0.0,0,1,24.444444,2
30893,7,6,4,1,24.05,0.0,71.83,3.5,4.68,21.37,0.0,0,1,24.444444,2
30894,7,7,4,1,24.06,0.0,70.47,5.4,24.36,33.11,48.9914,0,1,24.444444,2
30895,7,8,4,1,24.07,0.0,68.18,5.0,6.48,35.36,177.94,0,1,24.444444,2
30896,7,9,4,1,24.07,0.0,66.07,3.9,4.32,34.48,334.862,0,1,24.444444,2
30897,7,10,4,1,24.07,0.0,64.06,5.3,5.88,37.04,465.339,0,1,24.444444,2
30898,7,11,4,1,24.07,0.0,63.04,3.9,4.08,32.92,609.674,0,1,24.444444,2
30899,7,12,4,1,24.07,0.0,62.95,3.8,2.04,35.25,672.724,0,1,24.444444,2
30900,7,13,4,1,24.07,0.0,62.85,3.5,1.8,35.5,553.054,0,1,24.444444,2
30901,7,14,4,1,24.07,0.0,60.94,10.0,3.48,42.34,344.244,0,1,24.444444,2
30902,7,15,4,1,24.07,0.0,60.11,3.8,2.28,31.96,252.29,0,1,24.444444,2
30903,7,16,4,1,24.07,0.0,60.63,3.1,5.64,33.42,271.712,0,1,24.444444,2
30904,7,17,4,1,24.07,0.0,60.74,3.7,1.56,34.64,170.64,0,1,24.444444,2
30905,7,18,4,1,24.07,0.0,61.07,3.6,2.04,31.36,54.3506,0,1,24.444444,2
30906,7,19,4,1,24.07,0.0,61.38,5.4,2.4,30.27,10.0242,0,1,24.444444,2
30907,7,20,4,1,24.07,0.0,61.92,6.4,4.92,30.04,0.0,0,1,24.444444,2
30908,7,21,4,1,24.07,0.0,62.29,6.5,4.8,29.85,0.0,0,1,24.444444,2
30909,7,22,4,1,24.07,0.0,63.05,7.1,3.24,29.37,0.0,0,1,24.444444,2
30910,7,23,4,1,24.07,0.0,64.88,5.3,1.56,26.03,0.0,0,1,24.444444,2
30911,7,24,4,1,24.07,0.0,66.0,7.6,0.84,29.89,0.0,0,1,24.444444,2
30912,7,1,5,1,24.07,0.0,66.36,7.5,0.72,28.17,0.0,0,1,24.444444,2
30913,7,2,5,1,24.07,0.0,68.26,3.6,0.96,19.74,0.0,0,1,24.444444,2
30914,7,3,5,1,24.07,0.0,68.96,8.7,0.72,27.65,0.0,0,1,24.444444,2
30915,7,4,5,1,24.07,0.0,69.8,4.1,0.24,18.07,0.0,0,1,24.444444,2
30916,7,5,5,1,24.06,0.0,71.93,4.2,2.52,17.83,0.0,0,1,24.444444,2
30917,7,6,5,1,24.07,0.0,70.66,10.4,3.24,32.55,0.0,0,1,24.444444,2
30918,7,7,5,1,24.07,0.0,68.65,8.9,4.8,31.69,61.2406,0,1,24.444444,2
30919,7,8,5,1,24.07,0.0,67.61,8.9,7.92,33.49,160.091,0,1,24.444444,2
30920,7,9,5,1,24.07,0.0,65.63,9.2,2.76,36.7,333.33,0,1,24.444444,2
30921,7,10,5,1,24.07,0.0,64.25,9.6,3.48,34.58,269.366,0,1,24.444444,2
30922,7,11,5,1,24.07,0.0,63.42,7.9,3.48,33.72,589.634,0,1,24.444444,2
30923,7,12,5,1,24.07,0.0,62.35,8.7,1.2,37.39,662.83,0,1,24.444444,2
30924,7,13,5,1,24.07,0.0,60.76,7.4,3.0,39.32,598.965,0,1,24.444444,2
30925,7,14,5,1,24.07,0.0,58.75,8.4,2.16,38.84,340.215,0,1,24.444444,2
30926,7,15,5,1,24.07,0.0,57.56,9.0,2.76,41.57,517.978,0,1,24.444444,2
30927,7,16,5,1,24.07,0.0,57.4,8.2,1.92,43.71,418.055,0,1,24.444444,2
30928,7,17,5,1,24.07,0.0,58.03,8.2,2.4,39.13,154.396,0,1,24.444444,2
30929,7,18,5,1,24.07,0.0,58.89,9.0,3.12,35.07,49.1569,0,1,24.444444,2
30930,7,19,5,1,24.07,0.0,59.58,8.6,3.48,31.14,8.59634,0,1,24.444444,2
30931,7,20,5,1,24.07,0.0,59.89,10.5,2.88,32.85,0.0,0,1,24.444444,2
30932,7,21,5,1,24.07,0.0,60.12,12.0,1.56,34.66,0.0,0,1,24.444444,2
30933,7,22,5,1,24.07,0.0,61.43,8.7,6.24,28.72,0.0,0,1,24.444444,2
30934,7,23,5,1,24.07,0.0,62.62,8.3,0.96,26.98,0.0,0,1,24.444444,2
30935,7,24,5,1,24.07,0.0,62.92,12.3,0.84,31.98,0.0,0,1,24.444444,2
30936,7,1,6,1,24.07,0.0,63.6,9.4,0.6,25.79,0.0,0,1,24.444444,2
30937,7,2,6,1,24.07,0.0,64.2,12.9,1.2,31.11,0.0,0,1,24.444444,2
30938,7,3,6,1,24.07,0.0,66.56,5.0,0.12,16.65,0.0,0,1,24.444444,2
30939,7,4,6,1,24.05,0.0,71.05,3.8,0.84,15.17,0.0,0,1,24.444444,2
30940,7,5,6,1,24.06,0.0,73.82,5.2,2.4,19.08,0.0,0,1,24.444444,2
30941,7,6,6,1,24.07,0.0,71.87,14.1,5.4,39.43,0.0,0,1,24.444444,2
30942,7,7,6,1,24.07,0.0,70.15,7.0,13.68,29.14,64.3125,0,1,24.444444,2
30943,7,8,6,1,24.07,0.0,69.01,9.0,2.52,35.28,176.927,0,1,24.444444,2
30944,7,9,6,1,24.07,0.0,67.13,7.1,8.4,34.33,291.428,0,1,24.444444,2
30945,7,10,6,1,24.07,0.0,65.96,4.3,4.32,33.59,453.534,0,1,24.444444,2
30946,7,11,6,1,24.07,0.0,63.11,10.2,3.36,43.25,587.884,0,1,24.444444,2
30947,7,12,6,1,24.07,0.0,61.11,7.0,2.16,38.21,589.035,0,1,24.444444,2
30948,7,13,6,1,24.08,0.0,60.11,9.0,3.6,38.44,608.234,0,1,24.444444,2
30949,7,14,6,1,24.07,0.0,59.47,9.5,1.32,40.43,621.35,0,1,24.444444,2
30950,7,15,6,1,24.07,0.0,59.67,9.5,1.56,37.13,390.274,0,1,24.444444,2
30951,7,16,6,1,24.07,0.0,59.97,8.3,0.84,29.03,81.1742,0,1,24.444444,2
30952,7,17,6,1,24.07,0.0,60.2,10.8,3.96,33.81,106.228,0,1,24.444444,2
30953,7,18,6,1,24.07,0.0,60.97,8.8,2.52,31.52,93.2984,0,1,24.444444,2
30954,7,19,6,1,24.07,0.0,62.42,10.5,1.68,32.0,21.3126,0,1,24.444444,2
30955,7,20,6,1,24.07,0.0,63.57,9.9,2.28,28.88,0.0,0,1,24.444444,2
30956,7,21,6,1,24.07,0.0,64.44,9.3,5.76,27.24,0.0,0,1,24.444444,2
30957,7,22,6,1,24.07,0.0,65.51,8.0,1.32,25.2,0.0,0,1,24.444444,2
30958,7,23,6,1,24.07,0.0,67.92,4.7,0.84,18.86,0.0,0,1,24.444444,2
30959,7,24,6,1,24.07,0.0,68.3,10.8,0.48,29.76,0.0,0,1,24.444444,2
30960,7,1,7,1,24.06,0.0,69.27,4.0,0.72,15.72,0.0,0,1,24.444444,2
30961,7,2,7,1,24.04,0.0,72.34,3.5,0.84,14.22,0.0,0,1,24.444444,2
30962,7,3,7,1,24.03,0.0,74.45,3.6,0.96,14.0,0.0,0,1,24.444444,2
30963,7,4,7,1,24.03,0.0,75.42,5.0,0.6,16.17,0.0,0,1,24.444444,2
30964,7,5,7,1,24.0,0.0,77.18,3.2,1.32,12.52,0.0,0,1,24.444444,2
30965,7,6,7,1,24.0,0.0,77.92,3.6,5.64,18.46,0.0,0,1,24.444444,2
30966,7,7,7,1,24.04,0.0,75.22,7.8,8.04,32.01,51.0744,0,1,24.444444,2
30967,7,8,7,1,24.05,0.0,72.98,6.1,7.92,27.01,109.197,0,1,24.444444,2
30968,7,9,7,1,24.09,0.02,67.56,16.0,4.92,48.2,318.457,0,1,24.444444,2
30969,7,10,7,1,24.07,0.0,64.81,4.9,3.96,30.52,381.997,0,1,24.444444,2
30970,7,11,7,1,24.07,0.0,63.58,8.6,4.2,38.48,581.684,0,1,24.444444,2
30971,7,12,7,1,24.07,0.0,62.05,8.9,0.96,39.28,618.091,0,1,24.444444,2
30972,7,13,7,1,24.07,0.0,61.65,4.8,1.2,33.2,546.527,0,1,24.444444,2
30973,7,14,7,1,24.07,0.0,60.37,10.3,1.56,44.44,558.081,0,1,24.444444,2
30974,7,15,7,1,24.07,0.0,58.43,10.8,5.64,45.32,310.555,0,1,24.444444,2
30975,7,16,7,1,24.07,0.0,57.69,4.5,1.8,36.79,311.144,0,1,24.444444,2
30976,7,17,7,1,24.07,0.0,57.28,8.8,5.4,41.43,224.172,0,1,24.444444,2
30977,7,18,7,1,24.07,0.0,57.04,10.2,9.48,40.81,106.111,0,1,24.444444,2
30978,7,19,7,1,24.07,0.0,58.01,5.0,1.44,29.54,24.1412,0,1,24.444444,2
30979,7,20,7,1,24.07,0.0,59.34,7.4,8.28,30.76,0.0,0,1,24.444444,2
30980,7,21,7,1,24.07,0.0,60.44,9.4,1.08,33.24,0.0,0,1,24.444444,2
30981,7,22,7,1,24.07,0.0,61.19,10.1,1.56,33.5,0.0,0,1,24.444444,2
30982,7,23,7,1,24.07,0.0,63.22,5.1,0.84,23.88,0.0,0,1,24.444444,2
30983,7,24,7,1,24.07,0.0,65.54,5.5,0.48,23.65,0.0,0,1,24.444444,2
30984,7,1,1,1,24.07,0.0,67.88,3.7,0.72,19.3,0.0,0,1,24.444444,2
30985,7,2,1,1,24.07,0.0,70.61,3.2,1.44,17.3,0.0,0,1,24.444444,2
30986,7,3,1,1,24.06,0.0,72.77,3.1,0.0,15.98,0.0,0,1,24.444444,2
30987,7,4,1,1,24.06,0.0,73.52,5.3,0.36,18.82,0.0,0,1,24.444444,2
30988,7,5,1,1,24.04,0.0,74.66,3.4,0.72,14.22,0.0,0,1,24.444444,2
30989,7,6,1,1,24.03,0.0,75.79,3.3,2.64,18.18,0.0,0,1,24.444444,2
30990,7,7,1,1,24.04,0.0,74.53,4.0,6.72,27.9,53.0225,0,1,24.444444,2
30991,7,8,1,1,24.04,0.0,72.37,4.0,7.68,29.24,181.831,0,1,24.444444,2
30992,7,9,1,1,24.05,0.0,70.78,5.5,7.92,26.08,190.605,0,1,24.444444,2
30993,7,10,1,1,24.06,0.0,68.63,5.8,6.84,27.4,264.618,0,1,24.444444,2
30994,7,11,1,1,24.07,0.0,67.06,4.5,6.24,30.05,435.536,0,1,24.444444,2
30995,7,12,1,1,24.07,0.0,64.9,4.1,4.8,31.93,553.335,0,1,24.444444,2
30996,7,13,1,1,24.07,0.0,63.62,4.5,3.36,34.77,584.017,0,1,24.444444,2
30997,7,14,1,1,24.08,0.01,61.16,11.1,8.52,47.47,641.666,0,1,24.444444,2
30998,7,15,1,1,24.07,0.0,59.6,6.6,1.68,43.06,533.66,0,1,24.444444,2
30999,7,16,1,1,24.07,0.0,59.21,6.7,4.08,42.32,302.045,0,1,24.444444,2
31000,7,17,1,1,24.07,0.0,58.85,5.5,2.76,41.95,267.417,0,1,24.444444,2
31001,7,18,1,1,24.07,0.0,58.45,5.6,3.72,40.85,137.199,0,1,24.444444,2
31002,7,19,1,1,24.07,0.0,58.93,4.1,0.72,33.39,27.6143,0,1,24.444444,2
31003,7,20,1,1,24.07,0.0,60.33,5.6,2.04,31.45,0.0,0,1,24.444444,2
31004,7,21,1,1,24.07,0.0,61.39,7.0,4.08,32.7,0.0,0,1,24.444444,2
31005,7,22,1,1,24.07,0.0,62.73,4.9,1.92,28.21,0.0,0,1,24.444444,2
31006,7,23,1,1,24.07,0.0,64.63,4.4,1.56,26.32,0.0,0,1,24.444444,2
31007,7,24,1,1,24.07,0.0,66.45,4.7,0.6,25.44,0.0,0,1,24.444444,2
31008,7,1,2,1,24.07,0.0,68.08,4.4,0.36,23.74,0.0,0,1,24.444444,2
31009,7,2,2,1,24.07,0.0,68.95,4.8,0.84,23.12,0.0,0,1,24.444444,2
31010,7,3,2,1,24.07,0.0,70.43,3.6,3.72,19.81,0.0,0,1,24.444444,2
31011,7,4,2,1,24.07,0.0,72.34,3.7,1.2,19.63,0.0,0,1,24.444444,2
31012,7,5,2,1,24.06,0.0,73.82,3.3,0.48,18.49,0.0,0,1,24.444444,2
31013,7,6,2,1,24.07,0.0,73.82,5.5,2.88,23.15,0.0,0,1,24.444444,2
31014,7,7,2,1,24.06,0.0,73.65,3.4,5.04,20.64,59.3936,0,1,24.444444,2
31015,7,8,2,1,24.06,0.0,72.32,4.7,2.64,22.91,127.241,0,1,24.444444,2
31016,7,9,2,1,24.06,0.0,70.14,4.9,4.56,26.47,244.765,0,1,24.444444,2
31017,7,10,2,1,24.07,0.0,68.52,4.5,6.96,30.94,463.33,0,1,24.444444,2
31018,7,11,2,1,24.07,0.0,66.55,7.1,5.28,37.21,537.891,0,1,24.444444,2
31019,7,12,2,1,24.07,0.0,64.65,5.1,7.2,35.04,599.387,0,1,24.444444,2
31020,7,13,2,1,24.07,0.0,63.02,5.2,4.32,36.36,657.83,0,1,24.444444,2
31021,7,14,2,1,24.07,0.0,61.95,6.0,6.24,40.57,554.585,0,1,24.444444,2
31022,7,15,2,1,24.07,0.0,61.66,4.9,1.92,35.67,325.078,0,1,24.444444,2
31023,7,16,2,1,24.08,0.0,62.28,4.2,2.04,27.08,36.324,0,1,24.444444,2
31024,7,17,2,1,24.07,0.0,62.34,4.2,3.48,29.53,85.6615,0,1,24.444444,2
31025,7,18,2,1,24.07,0.0,61.75,6.6,5.16,37.03,108.928,0,1,24.444444,2
31026,7,19,2,1,24.07,0.0,62.35,6.0,2.28,32.51,24.1638,0,1,24.444444,2
31027,7,20,2,1,24.07,0.0,62.62,10.0,1.8,36.22,0.0,0,1,24.444444,2
31028,7,21,2,1,24.07,0.0,63.71,6.5,4.32,29.33,0.0,0,1,24.444444,2
31029,7,22,2,1,24.07,0.0,64.14,8.2,2.4,30.54,0.0,0,1,24.444444,2
31030,7,23,2,1,24.07,0.0,65.36,4.1,0.6,21.94,0.0,0,1,24.444444,2
31031,7,24,2,1,24.07,0.0,66.7,4.8,0.24,22.54,0.0,0,1,24.444444,2
31032,7,1,3,1,24.07,0.0,68.09,3.4,0.72,19.49,0.0,0,1,24.444444,2
31033,7,2,3,1,24.07,0.0,68.32,9.1,2.52,29.23,0.0,0,1,24.444444,2
31034,7,3,3,1,24.07,0.0,67.83,6.3,0.36,22.35,0.0,0,1,24.444444,2
31035,7,4,3,1,24.06,0.0,69.69,2.8,1.68,15.58,0.0,0,1,24.444444,2
31036,7,5,3,1,24.07,0.0,70.98,6.4,3.0,20.73,0.0,0,1,24.444444,2
31037,7,6,3,1,24.06,0.0,71.28,4.2,5.16,20.99,0.0,0,1,24.444444,2
31038,7,7,3,1,24.07,0.0,69.91,5.9,8.4,33.41,46.2577,0,1,24.444444,2
31039,7,8,3,1,24.07,0.0,66.99,6.1,7.2,35.04,180.733,0,1,24.444444,2
31040,7,9,3,1,24.07,0.0,65.07,5.0,4.44,32.52,301.913,0,1,24.444444,2
31041,7,10,3,1,24.07,0.0,62.14,9.8,3.48,39.73,305.941,0,1,24.444444,2
31042,7,11,3,1,24.07,0.0,60.88,5.7,6.48,32.9,512.441,0,1,24.444444,2
31043,7,12,3,1,24.07,0.0,60.73,4.7,2.04,31.45,370.769,0,1,24.444444,2
31044,7,13,3,1,24.07,0.0,60.34,6.7,3.84,36.33,407.291,0,1,24.444444,2
31045,7,14,3,1,24.07,0.0,58.91,8.7,5.76,42.57,447.997,0,1,24.444444,2
31046,7,15,3,1,24.07,0.0,57.95,5.9,0.84,38.33,321.472,0,1,24.444444,2
31047,7,16,3,1,24.07,0.0,58.01,6.9,1.8,42.14,321.609,0,1,24.444444,2
31048,7,17,3,1,24.07,0.0,58.39,5.4,2.52,45.41,345.746,0,1,24.444444,2
31049,7,18,3,1,24.07,0.0,58.23,5.2,2.04,44.66,168.898,0,1,24.444444,2
31050,7,19,3,1,24.07,0.0,57.67,6.9,4.08,40.27,29.5978,0,1,24.444444,2
31051,7,20,3,1,24.07,0.0,57.87,10.3,0.96,39.29,0.0,0,1,24.444444,2
31052,7,21,3,1,24.07,0.0,58.47,11.7,2.76,39.71,0.0,0,1,24.444444,2
31053,7,22,3,1,24.07,0.0,60.57,5.6,4.8,29.12,0.0,0,1,24.444444,2
31054,7,23,3,1,24.07,0.0,63.4,5.7,0.96,28.93,0.0,0,1,24.444444,2
31055,7,24,3,1,24.07,0.0,65.32,6.3,0.72,28.85,0.0,0,1,24.444444,2
31056,7,1,4,1,24.07,0.0,67.37,4.3,0.36,23.98,0.0,0,1,24.444444,2
31057,7,2,4,1,24.07,0.0,69.28,3.2,0.24,20.19,0.0,0,1,24.444444,2
31058,7,3,4,1,24.07,0.0,71.29,3.1,0.12,18.63,0.0,0,1,24.444444,2
31059,7,4,4,1,24.06,0.0,72.99,3.2,0.36,18.35,0.0,0,1,24.444444,2
31060,7,5,4,1,24.06,0.0,74.43,3.5,1.08,18.03,0.0,0,1,24.444444,2
31061,7,6,4,1,24.06,0.0,74.98,4.0,4.32,22.07,0.0,0,1,24.444444,2
31062,7,7,4,1,24.06,0.0,73.53,4.9,16.32,32.25,53.0834,0,1,24.444444,2
31063,7,8,4,1,24.15,0.08,68.85,10.5,6.6,43.99,183.977,0,1,24.444444,2
31064,7,9,4,1,24.11,0.03,66.69,5.5,5.04,37.87,349.117,0,1,24.444444,2
31065,7,10,4,1,24.07,0.0,65.75,4.1,7.44,36.13,492.104,0,1,24.444444,2
31066,7,11,4,1,24.07,0.0,64.88,3.9,1.32,34.92,596.544,0,1,24.444444,2
31067,7,12,4,1,24.07,0.0,63.56,4.8,1.56,36.94,655.975,0,1,24.444444,2
31068,7,13,4,1,24.07,0.0,61.02,4.4,3.0,37.19,673.733,0,1,24.444444,2
31069,7,14,4,1,24.09,0.02,58.16,10.0,0.96,48.21,645.804,0,1,24.444444,2
31070,7,15,4,1,24.07,0.0,56.21,3.4,3.0,42.86,580.585,0,1,24.444444,2
31071,7,16,4,1,24.08,0.0,55.81,4.1,6.48,47.26,477.09,0,1,24.444444,2
31072,7,17,4,1,24.08,0.0,56.09,3.9,2.28,45.0,317.355,0,1,24.444444,2
31073,7,18,4,1,24.07,0.0,57.69,5.4,1.2,42.67,103.707,0,1,24.444444,2
31074,7,19,4,1,24.07,0.0,58.79,6.1,1.08,40.69,30.0738,0,1,24.444444,2
31075,7,20,4,1,24.07,0.0,60.2,5.8,5.52,34.58,0.0,0,1,24.444444,2
31076,7,21,4,1,24.07,0.0,60.86,7.8,2.04,35.61,0.0,0,1,24.444444,2
31077,7,22,4,1,24.07,0.0,60.55,9.8,2.16,36.16,0.0,0,1,24.444444,2
31078,7,23,4,1,24.07,0.0,61.49,4.7,1.08,25.91,0.0,0,1,24.444444,2
31079,7,24,4,1,24.07,0.0,63.66,5.6,0.84,26.26,0.0,0,1,24.444444,2
31080,7,1,5,1,24.07,0.0,65.93,3.9,0.24,21.9,0.0,0,1,24.444444,2
31081,7,2,5,1,24.07,0.0,68.38,3.5,0.48,20.08,0.0,0,1,24.444444,2
31082,7,3,5,1,24.07,0.0,70.16,4.1,0.36,20.17,0.0,0,1,24.444444,2
31083,7,4,5,1,24.07,0.0,71.17,4.8,0.48,20.14,0.0,0,1,24.444444,2
31084,7,5,5,1,24.06,0.0,72.64,3.4,1.08,16.15,0.0,0,1,24.444444,2
31085,7,6,5,1,24.07,0.0,72.5,7.5,3.6,27.98,0.0,0,1,24.444444,2
31086,7,7,5,1,24.08,0.0,70.23,7.8,12.72,37.91,47.211,0,1,24.444444,2
31087,7,8,5,1,24.2,0.13,66.46,9.9,12.96,42.75,181.046,0,1,24.444444,2
31088,7,9,5,1,24.25,0.17,63.85,8.6,3.36,41.73,353.869,0,1,24.444444,2
31089,7,10,5,1,24.24,0.16,62.41,9.5,4.08,44.32,495.784,0,1,24.444444,2
31090,7,11,5,1,24.12,0.04,61.32,8.1,5.04,43.88,598.073,0,1,24.444444,2
31091,7,12,5,1,24.08,0.0,59.93,8.2,11.76,43.67,650.4,0,1,24.444444,2
31092,7,13,5,1,24.08,0.0,58.63,7.1,2.64,43.07,652.544,0,1,24.444444,2
31093,7,14,5,1,24.1,0.03,56.62,8.3,1.32,47.77,641.482,0,1,24.444444,2
31094,7,15,5,1,24.28,0.2,54.22,11.1,1.2,52.51,572.926,0,1,24.444444,2
31095,7,16,5,1,24.36,0.29,53.17,7.9,3.12,51.18,471.443,0,1,24.444444,2
31096,7,17,5,1,24.49,0.41,52.53,8.6,1.68,51.65,328.406,0,1,24.444444,2
31097,7,18,5,1,24.47,0.39,52.63,8.6,1.44,51.82,160.792,0,1,24.444444,2
31098,7,19,5,1,24.27,0.19,54.43,9.0,4.2,49.58,29.9591,0,1,24.444444,2
31099,7,20,5,1,24.15,0.07,57.23,8.7,4.32,44.12,0.0,0,1,24.444444,2
31100,7,21,5,1,24.12,0.05,58.75,10.2,3.6,43.88,0.0,0,1,24.444444,2
31101,7,22,5,1,24.17,0.1,59.25,14.6,2.28,46.94,0.0,0,1,24.444444,2
31102,7,23,5,1,24.08,0.01,60.53,6.2,1.8,32.68,0.0,0,1,24.444444,2
31103,7,24,5,1,24.07,0.0,62.14,6.8,0.48,31.46,0.0,0,1,24.444444,2
31104,7,1,6,1,24.07,0.0,62.04,12.1,0.36,37.37,0.0,0,1,24.444444,2
31105,7,2,6,1,24.07,0.0,61.78,10.9,0.24,32.97,0.0,0,1,24.444444,2
31106,7,3,6,1,24.07,0.0,64.12,3.5,0.24,19.65,0.0,0,1,24.444444,2
31107,7,4,6,1,24.07,0.0,65.39,9.6,0.36,29.9,0.0,0,1,24.444444,2
31108,7,5,6,1,24.07,0.0,66.55,5.1,5.88,20.56,0.0,0,1,24.444444,2
31109,7,6,6,1,24.07,0.0,66.83,10.5,3.48,32.2,0.0,0,1,24.444444,2
31110,7,7,6,1,24.07,0.0,66.63,6.5,11.64,32.06,62.6666,0,1,24.444444,2
31111,7,8,6,1,24.11,0.03,65.35,11.4,3.72,44.75,190.479,0,1,24.444444,2
31112,7,9,6,1,24.2,0.13,62.74,13.2,3.24,47.31,314.754,0,1,24.444444,2
31113,7,10,6,1,24.09,0.01,61.66,4.3,2.52,37.63,481.256,0,1,24.444444,2
31114,7,11,6,1,24.09,0.01,60.77,9.0,3.72,45.13,584.719,0,1,24.444444,2
31115,7,12,6,1,24.08,0.0,59.29,7.2,1.68,42.38,568.301,0,1,24.444444,2
31116,7,13,6,1,24.08,0.01,58.33,8.8,1.2,43.77,301.967,0,1,24.444444,2
31117,7,14,6,1,24.08,0.01,57.62,10.0,2.88,43.99,239.542,0,1,24.444444,2
31118,7,15,6,1,24.07,0.0,56.74,9.0,5.04,45.34,473.079,0,1,24.444444,2
31119,7,16,6,1,24.07,0.0,57.02,3.4,1.2,39.48,376.145,0,1,24.444444,2
31120,7,17,6,1,24.08,0.01,57.11,8.7,2.76,43.68,158.592,0,1,24.444444,2
31121,7,18,6,1,24.08,0.01,58.09,9.6,1.2,42.18,55.5739,0,1,24.444444,2
31122,7,19,6,1,24.08,0.01,59.48,9.8,3.12,40.32,9.11205,0,1,24.444444,2
31123,7,20,6,1,24.07,0.0,60.61,8.3,1.8,37.19,0.0,0,1,24.444444,2
31124,7,21,6,1,24.08,0.01,60.99,11.2,4.8,40.9,0.0,0,1,24.444444,2
31125,7,22,6,1,24.07,0.0,62.29,6.6,1.8,32.03,0.0,0,1,24.444444,2
31126,7,23,6,1,24.07,0.0,64.45,5.9,1.32,30.02,0.0,0,1,24.444444,2
31127,7,24,6,1,24.07,0.0,64.39,11.3,0.6,37.8,0.0,0,1,24.444444,2
31128,7,1,7,1,24.07,0.0,65.98,3.6,1.2,22.75,0.0,0,1,24.444444,2
31129,7,2,7,1,24.07,0.0,69.32,3.1,0.72,22.37,0.0,0,1,24.444444,2
31130,7,3,7,1,24.07,0.0,71.18,3.5,0.48,22.17,0.0,0,1,24.444444,2
31131,7,4,7,1,24.07,0.0,72.84,3.4,0.24,21.21,0.0,0,1,24.444444,2
31132,7,5,7,1,24.07,0.0,73.28,4.7,1.68,23.07,0.0,0,1,24.444444,2
31133,7,6,7,1,24.07,0.0,73.08,4.9,5.16,24.99,0.0,0,1,24.444444,2
31134,7,7,7,1,24.07,0.0,70.71,7.1,12.6,33.54,61.31,0,1,24.444444,2
31135,7,8,7,1,24.07,0.0,67.08,9.1,12.6,37.28,153.512,0,1,24.444444,2
31136,7,9,7,1,24.08,0.0,63.16,9.6,11.4,41.86,337.198,0,1,24.444444,2
31137,7,10,7,1,24.07,0.0,61.44,5.7,5.52,37.31,481.488,0,1,24.444444,2
31138,7,11,7,1,24.07,0.0,60.57,8.6,7.56,39.76,420.078,0,1,24.444444,2
31139,7,12,7,1,24.07,0.0,60.94,4.4,4.92,32.57,248.277,0,1,24.444444,2
31140,7,13,7,1,24.07,0.0,61.63,3.6,5.4,28.88,214.411,0,1,24.444444,2
31141,7,14,7,1,24.07,0.0,60.59,10.8,1.68,39.15,397.585,0,1,24.444444,2
31142,7,15,7,1,24.07,0.0,59.95,9.7,2.28,35.19,187.814,0,1,24.444444,2
31143,7,16,7,1,24.07,0.0,59.24,6.1,3.0,32.59,299.616,0,1,24.444444,2
31144,7,17,7,1,24.07,0.0,58.05,9.1,2.28,39.9,283.507,0,1,24.444444,2
31145,7,18,7,1,24.07,0.0,57.78,9.9,3.84,40.38,149.211,0,1,24.444444,2
31146,7,19,7,1,24.07,0.0,59.03,6.2,2.52,30.0,27.6732,0,1,24.444444,2
31147,7,20,7,1,24.07,0.0,59.44,11.8,0.84,35.44,0.0,0,1,24.444444,2
31148,7,21,7,1,24.07,0.0,59.8,8.6,3.84,29.04,0.0,0,1,24.444444,2
31149,7,22,7,1,24.07,0.0,61.5,5.2,0.84,22.25,0.0,0,1,24.444444,2
31150,7,23,7,1,24.07,0.0,62.22,12.5,1.32,33.86,0.0,0,1,24.444444,2
31151,7,24,7,1,24.07,0.0,64.15,4.7,0.6,19.81,0.0,0,1,24.444444,2
31152,7,1,1,1,24.07,0.0,65.65,10.4,0.84,29.33,0.0,0,1,24.444444,2
31153,7,2,1,1,24.06,0.0,67.24,3.5,0.72,16.26,0.0,0,1,24.444444,2
31154,7,3,1,1,24.06,0.0,69.62,4.8,0.12,17.88,0.0,0,1,24.444444,2
31155,7,4,1,1,24.06,0.0,70.88,5.5,0.36,18.39,0.0,0,1,24.444444,2
31156,7,5,1,1,24.05,0.0,71.67,5.1,0.24,17.4,0.0,0,1,24.444444,2
31157,7,6,1,1,24.04,0.0,72.43,3.7,1.08,19.12,0.0,0,1,24.444444,2
31158,7,7,1,1,24.05,0.0,71.31,5.6,4.8,29.89,47.5288,0,1,24.444444,2
31159,7,8,1,1,24.05,0.0,70.4,4.0,5.76,25.43,165.17,0,1,24.444444,2
31160,7,9,1,1,24.06,0.0,69.34,7.2,9.0,27.04,99.7756,0,1,24.444444,2
31161,7,10,1,1,24.06,0.0,68.33,5.2,8.28,22.83,208.51,0,1,24.444444,2
31162,7,11,1,1,24.06,0.0,68.02,4.3,4.56,24.24,358.343,0,1,24.444444,2
31163,7,12,1,1,24.07,0.0,66.56,5.4,4.32,29.58,539.057,0,1,24.444444,2
31164,7,13,1,1,24.07,0.0,64.08,10.1,2.52,40.86,542.886,0,1,24.444444,2
31165,7,14,1,1,24.07,0.0,61.43,10.7,9.84,43.08,481.572,0,1,24.444444,2
31166,7,15,1,1,24.07,0.0,59.73,6.0,2.4,36.22,489.642,0,1,24.444444,2
31167,7,16,1,1,24.07,0.0,59.19,4.2,1.8,33.98,371.686,0,1,24.444444,2
31168,7,17,1,1,24.07,0.0,58.04,5.4,1.56,36.27,256.768,0,1,24.444444,2
31169,7,18,1,1,24.07,0.0,57.86,4.1,3.72,33.87,156.685,0,1,24.444444,2
31170,7,19,1,1,24.07,0.0,59.06,4.6,6.48,29.34,28.5555,0,1,24.444444,2
31171,7,20,1,1,24.07,0.0,60.68,6.6,0.72,29.0,0.0,0,1,24.444444,2
31172,7,21,1,1,24.07,0.0,61.98,5.1,1.8,25.87,0.0,0,1,24.444444,2
31173,7,22,1,1,24.07,0.0,63.12,5.9,1.8,25.32,0.0,0,1,24.444444,2
31174,7,23,1,1,24.07,0.0,64.4,4.7,1.56,21.72,0.0,0,1,24.444444,2
31175,7,24,1,1,24.07,0.0,65.43,4.8,0.24,20.64,0.0,0,1,24.444444,2
31176,7,1,2,1,24.07,0.0,66.05,6.6,3.12,23.03,0.0,0,1,24.444444,2
31177,7,2,2,1,24.07,0.0,67.32,4.5,0.6,18.78,0.0,0,1,24.444444,2
31178,7,3,2,1,24.06,0.0,69.99,3.3,0.96,16.93,0.0,0,1,24.444444,2
31179,7,4,2,1,24.06,0.0,72.22,4.7,1.08,19.71,0.0,0,1,24.444444,2
31180,7,5,2,1,24.05,0.0,74.25,3.3,2.4,17.11,0.0,0,1,24.444444,2
31181,7,6,2,1,24.05,0.0,75.9,3.3,2.04,20.16,0.0,0,1,24.444444,2
31182,7,7,2,1,24.05,0.0,74.99,3.9,7.2,28.56,64.9515,0,1,24.444444,2
31183,7,8,2,1,24.06,0.0,72.18,5.3,7.8,35.03,190.809,0,1,24.444444,2
31184,7,9,2,1,24.07,0.0,70.19,4.1,7.44,35.07,334.966,0,1,24.444444,2
31185,7,10,2,1,24.07,0.0,68.6,3.7,4.56,36.63,435.033,0,1,24.444444,2
31186,7,11,2,1,24.07,0.0,66.1,5.1,6.84,40.41,518.147,0,1,24.444444,2
31187,7,12,2,1,24.07,0.0,64.3,5.3,8.28,36.55,551.293,0,1,24.444444,2
31188,7,13,2,1,24.07,0.0,63.48,4.4,2.88,33.22,452.549,0,1,24.444444,2
31189,7,14,2,1,24.07,0.0,62.77,6.5,8.4,31.16,150.043,0,1,24.444444,2
31190,7,15,2,1,24.07,0.0,61.55,6.4,6.24,32.01,330.287,0,1,24.444444,2
31191,7,16,2,1,24.07,0.0,61.12,4.6,10.92,29.43,250.848,0,1,24.444444,2
31192,7,17,2,1,24.07,0.0,60.56,9.2,1.92,37.98,217.971,0,1,24.444444,2
31193,7,18,2,1,24.07,0.0,60.75,6.9,3.48,33.04,115.272,0,1,24.444444,2
31194,7,19,2,1,24.07,0.0,62.6,4.7,7.2,26.54,19.7527,0,1,24.444444,2
31195,7,20,2,1,24.07,0.0,63.55,8.1,1.2,30.43,0.0,0,1,24.444444,2
31196,7,21,2,1,24.07,0.0,64.2,4.3,2.28,23.37,0.0,0,1,24.444444,2
31197,7,22,2,1,24.07,0.0,65.15,6.5,1.56,26.31,0.0,0,1,24.444444,2
31198,7,23,2,1,24.07,0.0,65.3,6.4,0.84,24.95,0.0,0,1,24.444444,2
31199,7,24,2,1,24.07,0.0,66.56,3.5,0.6,18.83,0.0,0,1,24.444444,2
31200,7,1,3,1,24.07,0.0,67.59,6.6,0.6,23.24,0.0,0,1,24.444444,2
31201,7,2,3,1,24.06,0.0,69.6,3.0,0.12,16.18,0.0,0,1,24.444444,2
31202,7,3,3,1,24.06,0.0,72.47,4.4,0.36,18.46,0.0,0,1,24.444444,2
31203,7,4,3,1,24.07,0.0,72.67,7.9,3.72,24.36,0.0,0,1,24.444444,2
31204,7,5,3,1,24.07,0.0,71.73,8.7,0.84,24.99,0.0,0,1,24.444444,2
31205,7,6,3,1,24.06,0.0,72.5,5.2,4.56,19.81,0.0,0,1,24.444444,2
31206,7,7,3,1,24.07,0.0,72.58,6.0,11.76,28.03,65.8954,0,1,24.444444,2
31207,7,8,3,1,24.07,0.0,71.47,5.2,5.88,31.17,183.866,0,1,24.444444,2
31208,7,9,3,1,24.07,0.0,69.34,5.1,2.52,35.28,350.86,0,1,24.444444,2
31209,7,10,3,1,24.07,0.0,65.72,8.4,3.36,41.9,486.103,0,1,24.444444,2
31210,7,11,3,1,24.07,0.0,63.48,4.0,4.92,33.97,595.419,0,1,24.444444,2
31211,7,12,3,1,24.07,0.0,62.57,4.9,1.56,36.59,662.873,0,1,24.444444,2
31212,7,13,3,1,24.07,0.0,61.43,4.9,4.56,38.51,600.87,0,1,24.444444,2
31213,7,14,3,1,24.08,0.01,59.72,10.0,3.24,48.17,650.767,0,1,24.444444,2
31214,7,15,3,1,24.07,0.0,58.96,4.2,1.92,43.41,585.398,0,1,24.444444,2
31215,7,16,3,1,24.07,0.0,58.19,4.2,1.68,45.14,430.979,0,1,24.444444,2
31216,7,17,3,1,24.07,0.0,57.41,5.3,3.84,46.31,292.26,0,1,24.444444,2
31217,7,18,3,1,24.08,0.0,57.09,6.0,1.2,44.71,150.989,0,1,24.444444,2
31218,7,19,3,1,24.07,0.0,57.35,7.1,3.36,40.39,27.1692,0,1,24.444444,2
31219,7,20,3,1,24.07,0.0,57.85,7.9,3.96,37.91,0.0,0,1,24.444444,2
31220,7,21,3,1,24.07,0.0,58.59,6.8,3.6,34.1,0.0,0,1,24.444444,2
31221,7,22,3,1,24.08,0.01,58.53,12.7,1.68,41.35,0.0,0,1,24.444444,2
31222,7,23,3,1,24.07,0.0,59.12,7.3,0.72,31.06,0.0,0,1,24.444444,2
31223,7,24,3,1,24.07,0.0,60.92,8.3,0.36,31.32,0.0,0,1,24.444444,2
31224,7,1,4,1,24.07,0.0,63.34,3.2,0.36,22.24,0.0,0,1,24.444444,2
31225,7,2,4,1,24.07,0.0,66.24,3.4,1.56,21.4,0.0,0,1,24.444444,2
31226,7,3,4,1,24.07,0.0,68.25,4.6,0.0,22.6,0.0,0,1,24.444444,2
31227,7,4,4,1,24.07,0.0,70.22,3.1,0.36,19.43,0.0,0,1,24.444444,2
31228,7,5,4,1,24.07,0.0,72.23,3.7,0.84,20.66,0.0,0,1,24.444444,2
31229,7,6,4,1,24.07,0.0,73.5,4.0,3.36,22.64,0.0,0,1,24.444444,2
31230,7,7,4,1,24.07,0.0,73.1,4.2,27.36,28.61,59.7519,0,1,24.444444,2
31231,7,8,4,1,24.07,0.0,70.74,7.2,2.64,37.89,177.88,0,1,24.444444,2
31232,7,9,4,1,24.07,0.0,68.5,5.3,3.84,38.35,348.861,0,1,24.444444,2
31233,7,10,4,1,24.07,0.0,66.39,5.3,5.04,39.66,487.202,0,1,24.444444,2
31234,7,11,4,1,24.07,0.0,64.9,4.3,3.72,38.14,578.737,0,1,24.444444,2
31235,7,12,4,1,24.07,0.0,63.2,3.7,2.76,38.33,444.774,0,1,24.444444,2
31236,7,13,4,1,24.07,0.0,60.16,3.8,3.24,39.11,539.362,0,1,24.444444,2
31237,7,14,4,1,24.11,0.03,55.55,10.2,4.92,48.1,522.146,0,1,24.444444,2
31238,7,15,4,1,24.07,0.0,54.36,4.4,1.68,42.72,560.659,0,1,24.444444,2
31239,7,16,4,1,24.07,0.0,53.94,3.6,4.8,43.03,467.335,0,1,24.444444,2
31240,7,17,4,1,24.07,0.0,54.86,3.3,4.68,37.3,142.492,0,1,24.444444,2
31241,7,18,4,1,24.07,0.0,57.11,3.8,4.2,36.1,33.0028,0,1,24.444444,2
31242,7,19,4,1,24.07,0.0,58.22,4.5,1.32,34.62,3.55298,0,1,24.444444,2
31243,7,20,4,1,24.07,0.0,58.56,7.5,5.16,36.41,0.0,0,1,24.444444,2
31244,7,21,4,1,24.07,0.0,59.1,7.1,2.4,34.04,0.0,0,1,24.444444,2
31245,7,22,4,1,24.07,0.0,60.17,6.4,0.96,31.26,0.0,0,1,24.444444,2
31246,7,23,4,1,24.07,0.0,61.66,7.2,1.68,30.41,0.0,0,1,24.444444,2
31247,7,24,4,1,24.07,0.0,63.31,7.2,0.36,29.22,0.0,0,1,24.444444,2
31248,7,1,5,1,24.07,0.0,65.46,3.8,0.48,21.98,0.0,0,1,24.444444,2
31249,7,2,5,1,24.07,0.0,68.32,3.7,0.6,20.37,0.0,0,1,24.444444,2
31250,7,3,5,1,24.07,0.0,69.99,4.4,0.0,20.36,0.0,0,1,24.444444,2
31251,7,4,5,1,24.06,0.0,71.53,3.0,1.08,16.65,0.0,0,1,24.444444,2
31252,7,5,5,1,24.06,0.0,73.07,4.1,3.96,18.85,0.0,0,1,24.444444,2
31253,7,6,5,1,24.05,0.0,73.93,3.1,3.72,19.98,0.0,0,1,24.444444,2
31254,7,7,5,1,24.07,0.0,71.64,9.9,9.36,41.33,56.2234,0,1,24.444444,2
31255,7,8,5,1,24.12,0.05,67.41,10.0,5.76,42.91,183.65,0,1,24.444444,2
31256,7,9,5,1,24.12,0.05,64.51,7.5,1.68,40.26,351.251,0,1,24.444444,2
31257,7,10,5,1,24.16,0.08,62.39,10.3,4.08,44.69,496.238,0,1,24.444444,2
31258,7,11,5,1,24.08,0.01,60.74,9.0,3.12,42.96,598.341,0,1,24.444444,2
31259,7,12,5,1,24.07,0.0,58.69,8.1,4.56,41.1,652.414,0,1,24.444444,2
31260,7,13,5,1,24.07,0.0,56.37,7.2,2.04,40.4,651.379,0,1,24.444444,2
31261,7,14,5,1,24.1,0.02,54.38,9.9,2.64,47.27,645.461,0,1,24.444444,2
31262,7,15,5,1,24.13,0.06,52.92,9.8,0.84,50.55,581.288,0,1,24.444444,2
31263,7,16,5,1,24.2,0.13,51.66,9.2,3.96,50.93,467.261,0,1,24.444444,2
31264,7,17,5,1,24.18,0.1,50.85,8.0,1.2,50.03,290.279,0,1,24.444444,2
31265,7,18,5,1,24.2,0.13,50.54,9.3,3.36,50.0,154.59,0,1,24.444444,2
31266,7,19,5,1,24.14,0.06,51.47,9.3,4.92,44.65,25.7564,0,1,24.444444,2
31267,7,20,5,1,24.1,0.02,53.61,9.8,5.16,40.88,0.0,0,1,24.444444,2
31268,7,21,5,1,24.09,0.01,56.06,9.5,3.72,39.7,0.0,0,1,24.444444,2
31269,7,22,5,1,24.15,0.07,57.0,14.8,2.16,45.32,0.0,0,1,24.444444,2
31270,7,23,5,1,24.08,0.01,59.61,6.7,0.96,32.63,0.0,0,1,24.444444,2
31271,7,24,5,1,24.07,0.0,61.2,7.2,0.48,31.67,0.0,0,1,24.444444,2
31272,7,1,6,1,24.07,0.0,61.4,11.1,0.12,35.99,0.0,0,1,24.444444,2
31273,7,2,6,1,24.07,0.0,61.77,9.6,0.12,31.95,0.0,0,1,24.444444,2
31274,7,3,6,1,24.07,0.0,62.7,9.3,0.12,30.15,0.0,0,1,24.444444,2
31275,7,4,6,1,24.07,0.0,64.97,4.6,0.84,20.94,0.0,0,1,24.444444,2
31276,7,5,6,1,24.07,0.0,67.09,6.4,0.96,24.0,0.0,0,1,24.444444,2
31277,7,6,6,1,24.07,0.0,66.95,10.3,1.68,32.56,0.0,0,1,24.444444,2
31278,7,7,6,1,24.07,0.0,66.42,6.2,10.68,30.31,58.7648,0,1,24.444444,2
31279,7,8,6,1,24.08,0.0,65.17,9.8,8.76,41.1,181.442,0,1,24.444444,2
31280,7,9,6,1,24.08,0.01,63.85,6.3,2.04,39.1,354.937,0,1,24.444444,2
31281,7,10,6,1,24.08,0.0,62.47,5.5,6.36,38.98,496.131,0,1,24.444444,2
31282,7,11,6,1,24.07,0.0,60.28,8.4,3.12,41.97,605.872,0,1,24.444444,2
31283,7,12,6,1,24.07,0.0,58.64,7.0,2.88,39.27,659.384,0,1,24.444444,2
31284,7,13,6,1,24.08,0.01,56.68,9.0,2.04,43.72,699.994,0,1,24.444444,2
31285,7,14,6,1,24.11,0.03,54.51,10.1,2.16,47.67,670.108,0,1,24.444444,2
31286,7,15,6,1,24.13,0.05,52.8,9.6,1.44,50.35,558.861,0,1,24.444444,2
31287,7,16,6,1,24.12,0.05,52.42,7.7,1.44,49.95,436.697,0,1,24.444444,2
31288,7,17,6,1,24.21,0.14,52.3,8.3,1.32,50.84,330.545,0,1,24.444444,2
31289,7,18,6,1,24.19,0.12,52.4,9.3,4.08,50.92,156.328,0,1,24.444444,2
31290,7,19,6,1,24.13,0.06,53.45,9.5,3.24,45.95,25.8134,0,1,24.444444,2
31291,7,20,6,1,24.1,0.03,54.74,9.2,2.4,41.25,0.0,0,1,24.444444,2
31292,7,21,6,1,24.1,0.02,56.34,11.0,2.88,42.41,0.0,0,1,24.444444,2
31293,7,22,6,1,24.09,0.02,58.53,10.6,2.64,40.75,0.0,0,1,24.444444,2
31294,7,23,6,1,24.07,0.0,62.12,4.8,2.4,31.17,0.0,0,1,24.444444,2
31295,7,24,6,1,24.07,0.0,64.0,9.5,0.72,38.17,0.0,0,1,24.444444,2
31296,7,1,7,1,24.07,0.0,65.93,4.3,0.12,27.54,0.0,0,1,24.444444,2
31297,7,2,7,1,24.07,0.0,68.77,3.7,0.72,25.77,0.0,0,1,24.444444,2
31298,7,3,7,1,24.07,0.0,70.57,4.4,0.24,26.21,0.0,0,1,24.444444,2
31299,7,4,7,1,24.07,0.0,71.77,4.2,0.84,24.25,0.0,0,1,24.444444,2
31300,7,5,7,1,24.07,0.0,73.29,3.5,0.84,21.91,0.0,0,1,24.444444,2
31301,7,6,7,1,24.07,0.0,74.23,4.9,6.6,25.14,0.0,0,1,24.444444,2
31302,7,7,7,1,24.07,0.0,72.44,10.0,16.44,36.05,40.4779,0,1,24.444444,2
31303,7,8,7,1,24.07,0.0,70.34,8.5,6.84,30.78,72.8729,0,1,24.444444,2
31304,7,9,7,1,24.07,0.0,69.85,8.1,8.52,30.45,99.4803,0,1,24.444444,2
31305,7,10,7,1,24.07,0.0,70.2,5.3,3.6,27.8,157.228,0,1,24.444444,2
31306,7,11,7,1,24.07,0.0,68.1,8.6,6.84,35.59,280.27,0,1,24.444444,2
31307,7,12,7,1,24.07,0.0,65.38,5.1,3.72,30.74,365.407,0,1,24.444444,2
31308,7,13,7,1,24.07,0.0,64.79,5.6,1.8,33.52,383.203,0,1,24.444444,2
31309,7,14,7,1,24.07,0.0,63.2,10.5,2.76,43.68,466.498,0,1,24.444444,2
31310,7,15,7,1,24.07,0.0,61.21,9.9,5.88,43.4,385.027,0,1,24.444444,2
31311,7,16,7,1,24.07,0.0,60.45,6.0,2.76,34.87,216.545,0,1,24.444444,2
31312,7,17,7,1,24.07,0.0,60.74,8.5,6.0,37.49,129.572,0,1,24.444444,2
31313,7,18,7,1,24.07,0.0,61.07,9.8,5.76,39.57,62.7914,0,1,24.444444,2
31314,7,19,7,1,24.07,0.0,62.12,6.2,1.92,32.08,9.90156,0,1,24.444444,2
31315,7,20,7,1,24.07,0.0,63.13,8.9,6.48,34.55,0.0,0,1,24.444444,2
31316,7,21,7,1,24.07,0.0,64.06,7.6,2.04,30.91,0.0,0,1,24.444444,2
31317,7,22,7,1,24.07,0.0,64.13,12.7,0.84,38.49,0.0,0,1,24.444444,2
31318,7,23,7,1,24.07,0.0,63.28,13.8,2.04,38.67,0.0,0,1,24.444444,2
31319,7,24,7,1,24.07,0.0,65.51,4.5,0.36,22.11,0.0,0,1,24.444444,2
31320,7,1,1,1,24.07,0.0,69.3,3.7,2.64,20.84,0.0,0,1,24.444444,2
31321,7,2,1,1,24.07,0.0,71.41,4.6,1.08,22.04,0.0,0,1,24.444444,2
31322,7,3,1,1,24.07,0.0,72.74,3.4,0.0,20.02,0.0,0,1,24.444444,2
31323,7,4,1,1,24.07,0.0,72.47,5.4,0.48,23.78,0.0,0,1,24.444444,2
31324,7,5,1,1,24.06,0.0,72.91,3.1,3.0,18.8,0.0,0,1,24.444444,2
31325,7,6,1,1,24.07,0.0,72.56,4.9,1.68,24.52,0.0,0,1,24.444444,2
31326,7,7,1,1,24.07,0.0,70.3,4.8,6.48,29.81,56.5849,0,1,24.444444,2
31327,7,8,1,1,24.07,0.0,67.09,4.9,6.48,32.36,186.985,0,1,24.444444,2
31328,7,9,1,1,24.07,0.0,62.8,5.4,6.84,33.98,351.523,0,1,24.444444,2
31329,7,10,1,1,24.07,0.0,60.07,6.4,10.92,35.32,498.108,0,1,24.444444,2
31330,7,11,1,1,24.07,0.0,58.46,7.1,1.2,35.91,606.754,0,1,24.444444,2
31331,7,12,1,1,24.1,0.03,56.65,13.8,1.44,45.1,665.942,0,1,24.444444,2
31332,7,13,1,1,24.07,0.0,55.57,6.0,6.96,36.05,699.039,0,1,24.444444,2
31333,7,14,1,1,24.1,0.02,53.64,11.9,14.88,47.18,673.382,0,1,24.444444,2
31334,7,15,1,1,24.07,0.0,52.9,5.2,3.6,42.53,604.914,0,1,24.444444,2
31335,7,16,1,1,24.07,0.0,52.45,4.5,1.2,43.88,489.508,0,1,24.444444,2
31336,7,17,1,1,24.07,0.0,51.69,5.8,2.28,46.0,337.345,0,1,24.444444,2
31337,7,18,1,1,24.07,0.0,51.31,5.3,6.24,43.0,160.006,0,1,24.444444,2
31338,7,19,1,1,24.07,0.0,51.34,6.3,8.52,37.81,26.0216,0,1,24.444444,2
31339,7,20,1,1,24.07,0.0,51.88,6.3,1.44,33.41,0.0,0,1,24.444444,2
31340,7,21,1,1,24.07,0.0,52.43,4.2,3.24,29.04,0.0,0,1,24.444444,2
31341,7,22,1,1,24.07,0.0,52.8,5.9,1.56,29.63,0.0,0,1,24.444444,2
31342,7,23,1,1,24.07,0.0,53.33,5.0,1.56,26.34,0.0,0,1,24.444444,2
31343,7,24,1,1,24.07,0.0,54.84,4.8,0.6,24.53,0.0,0,1,24.444444,2
31344,7,1,2,1,24.07,0.0,56.39,6.1,0.36,24.83,0.0,0,1,24.444444,2
31345,7,2,2,1,24.07,0.0,58.08,4.7,0.48,19.2,0.0,0,1,24.444444,2
31346,7,3,2,1,24.07,0.0,60.73,3.1,0.36,14.17,0.0,0,1,24.444444,2
31347,7,4,2,1,24.06,0.0,63.53,3.6,0.48,14.09,0.0,0,1,24.444444,2
31348,7,5,2,1,24.03,0.0,66.6,2.6,2.28,12.02,0.0,0,1,24.444444,2
31349,7,6,2,1,24.04,0.0,68.12,5.0,1.2,18.08,0.0,0,1,24.444444,2
31350,7,7,2,1,24.05,0.0,68.1,3.4,2.4,24.9,54.2167,0,1,24.444444,2
31351,7,8,2,1,24.05,0.0,67.85,4.0,5.76,31.31,182.295,0,1,24.444444,2
31352,7,9,2,1,24.06,0.0,66.77,4.0,5.4,33.26,357.222,0,1,24.444444,2
31353,7,10,2,1,24.07,0.0,64.93,4.2,8.4,34.12,505.818,0,1,24.444444,2
31354,7,11,2,1,24.07,0.0,63.76,3.9,7.08,32.66,472.152,0,1,24.444444,2
31355,7,12,2,1,24.07,0.0,62.44,4.9,7.2,33.66,291.535,0,1,24.444444,2
31356,7,13,2,1,24.07,0.0,59.68,7.8,1.92,38.14,303.186,0,1,24.444444,2
31357,7,14,2,1,24.07,0.0,57.95,4.3,3.0,31.97,235.964,0,1,24.444444,2
31358,7,15,2,1,24.07,0.0,57.45,5.9,2.76,37.01,395.788,0,1,24.444444,2
31359,7,16,2,1,24.07,0.0,57.39,3.9,4.68,34.87,334.385,0,1,24.444444,2
31360,7,17,2,1,24.07,0.0,57.74,4.9,3.0,32.36,94.0319,0,1,24.444444,2
31361,7,18,2,1,24.07,0.0,58.56,5.2,5.52,31.69,44.9658,0,1,24.444444,2
31362,7,19,2,1,24.07,0.0,59.32,4.3,3.0,27.99,5.16684,0,1,24.444444,2
31363,7,20,2,1,24.07,0.0,59.28,5.7,3.36,27.87,0.0,0,1,24.444444,2
31364,7,21,2,1,24.07,0.0,59.4,5.2,3.0,25.56,0.0,0,1,24.444444,2
31365,7,22,2,1,24.07,0.0,60.29,4.5,1.32,23.0,0.0,0,1,24.444444,2
31366,7,23,2,1,24.07,0.0,61.3,4.9,1.32,22.69,0.0,0,1,24.444444,2
31367,7,24,2,1,24.07,0.0,62.7,3.5,0.6,19.87,0.0,0,1,24.444444,2
31368,8,1,3,1,24.07,0.0,63.81,4.7,0.6,20.69,0.0,0,1,24.444444,2
31369,8,2,3,1,24.07,0.0,64.88,3.5,0.48,16.86,0.0,0,1,24.444444,2
31370,8,3,3,1,24.06,0.0,66.28,3.6,0.0,15.53,0.0,0,1,24.444444,2
31371,8,4,3,1,24.05,0.0,67.2,3.6,0.36,14.34,0.0,0,1,24.444444,2
31372,8,5,3,1,24.04,0.0,68.58,3.8,1.44,13.78,0.0,0,1,24.444444,2
31373,8,6,3,1,24.04,0.0,69.37,4.0,3.96,18.44,0.0,0,1,24.444444,2
31374,8,7,3,1,24.06,0.0,67.53,6.5,22.08,31.13,47.9884,0,1,24.444444,2
31375,8,8,3,1,24.06,0.0,65.35,4.8,6.48,31.25,184.507,0,1,24.444444,2
31376,8,9,3,1,24.07,0.0,62.36,5.5,2.52,33.5,362.391,0,1,24.444444,2
31377,8,10,3,1,24.07,0.0,59.92,5.2,4.56,33.16,515.556,0,1,24.444444,2
31378,8,11,3,1,24.07,0.0,58.27,4.3,2.52,30.71,624.98,0,1,24.444444,2
31379,8,12,3,1,24.07,0.0,57.46,4.8,0.84,31.65,699.322,0,1,24.444444,2
31380,8,13,3,1,24.07,0.0,56.38,7.0,1.08,37.0,722.334,0,1,24.444444,2
31381,8,14,3,1,24.08,0.01,54.19,11.8,1.08,46.31,680.723,0,1,24.444444,2
31382,8,15,3,1,24.07,0.0,51.64,9.1,1.68,44.85,613.569,0,1,24.444444,2
31383,8,16,3,1,24.07,0.0,50.5,7.7,2.4,45.06,499.888,0,1,24.444444,2
31384,8,17,3,1,24.07,0.0,50.39,4.2,3.24,41.93,343.596,0,1,24.444444,2
31385,8,18,3,1,24.07,0.0,50.72,4.4,5.04,40.93,163.846,0,1,24.444444,2
31386,8,19,3,1,24.07,0.0,51.08,9.5,2.4,40.62,23.7796,0,1,24.444444,2
31387,8,20,3,1,24.07,0.0,52.37,8.2,3.36,34.02,0.0,0,1,24.444444,2
31388,8,21,3,1,24.07,0.0,53.81,9.3,0.96,35.13,0.0,0,1,24.444444,2
31389,8,22,3,1,24.07,0.0,54.4,11.8,0.96,37.06,0.0,0,1,24.444444,2
31390,8,23,3,1,24.07,0.0,55.62,5.8,0.72,25.97,0.0,0,1,24.444444,2
31391,8,24,3,1,24.07,0.0,58.22,3.8,0.36,21.39,0.0,0,1,24.444444,2
31392,8,1,4,1,24.07,0.0,60.55,4.3,0.24,20.54,0.0,0,1,24.444444,2
31393,8,2,4,1,24.07,0.0,62.09,3.9,0.24,17.22,0.0,0,1,24.444444,2
31394,8,3,4,1,24.07,0.0,64.13,4.7,0.24,17.01,0.0,0,1,24.444444,2
31395,8,4,4,1,24.06,0.0,66.2,3.5,0.36,15.35,0.0,0,1,24.444444,2
31396,8,5,4,1,24.06,0.0,67.76,3.3,0.96,15.08,0.0,0,1,24.444444,2
31397,8,6,4,1,24.05,0.0,68.14,3.9,2.52,19.19,0.0,0,1,24.444444,2
31398,8,7,4,1,24.07,0.0,66.64,6.5,13.44,31.32,47.7585,0,1,24.444444,2
31399,8,8,4,1,24.07,0.0,65.04,4.1,5.4,30.29,178.472,0,1,24.444444,2
31400,8,9,4,1,24.07,0.0,63.89,5.2,5.04,33.33,334.444,0,1,24.444444,2
31401,8,10,4,1,24.07,0.0,63.03,3.6,3.48,32.56,474.834,0,1,24.444444,2
31402,8,11,4,1,24.07,0.0,61.92,4.4,3.12,33.76,611.995,0,1,24.444444,2
31403,8,12,4,1,24.07,0.0,60.88,3.9,1.08,32.18,627.038,0,1,24.444444,2
31404,8,13,4,1,24.07,0.0,59.28,8.5,2.52,37.9,189.863,0,1,24.444444,2
31405,8,14,4,1,24.07,0.0,57.37,9.8,1.68,40.08,335.05,0,1,24.444444,2
31406,8,15,4,1,24.07,0.0,57.09,9.1,2.4,37.87,244.351,0,1,24.444444,2
31407,8,16,4,1,24.07,0.0,58.15,3.7,2.88,30.12,240.417,0,1,24.444444,2
31408,8,17,4,1,24.07,0.0,57.9,9.5,2.64,37.82,117.5,0,1,24.444444,2
31409,8,18,4,1,24.07,0.0,57.67,8.3,2.88,34.92,49.1091,0,1,24.444444,2
31410,8,19,4,1,24.07,0.0,57.75,5.9,0.96,28.94,5.9858,0,1,24.444444,2
31411,8,20,4,1,24.07,0.0,57.75,8.2,1.2,30.53,0.0,0,1,24.444444,2
31412,8,21,4,1,24.07,0.0,58.69,9.0,1.68,30.89,0.0,0,1,24.444444,2
31413,8,22,4,1,24.07,0.0,59.91,7.5,1.08,27.75,0.0,0,1,24.444444,2
31414,8,23,4,1,24.07,0.0,62.01,5.9,2.4,25.04,0.0,0,1,24.444444,2
31415,8,24,4,1,24.07,0.0,64.87,3.9,0.36,21.76,0.0,0,1,24.444444,2
31416,8,1,5,1,24.07,0.0,67.74,3.2,0.36,20.09,0.0,0,1,24.444444,2
31417,8,2,5,1,24.07,0.0,69.4,3.3,0.36,20.12,0.0,0,1,24.444444,2
31418,8,3,5,1,24.07,0.0,69.66,3.5,0.24,19.11,0.0,0,1,24.444444,2
31419,8,4,5,1,24.07,0.0,70.1,3.1,0.36,18.02,0.0,0,1,24.444444,2
31420,8,5,5,1,24.06,0.0,72.06,3.9,0.48,18.11,0.0,0,1,24.444444,2
31421,8,6,5,1,24.05,0.0,73.21,4.2,2.88,16.72,0.0,0,1,24.444444,2
31422,8,7,5,1,24.07,0.0,71.93,8.1,14.64,23.09,40.7945,0,1,24.444444,2
31423,8,8,5,1,24.06,0.0,70.91,7.0,7.44,19.01,51.9153,0,1,24.444444,2
31424,8,9,5,1,24.06,0.0,70.0,8.1,1.2,23.72,172.173,0,1,24.444444,2
31425,8,10,5,1,24.05,0.0,69.64,3.3,6.0,19.68,278.768,0,1,24.444444,2
31426,8,11,5,1,24.06,0.0,69.79,3.8,1.8,22.78,295.37,0,1,24.444444,2
31427,8,12,5,1,24.07,0.0,68.34,6.8,3.6,28.96,274.965,0,1,24.444444,2
31428,8,13,5,1,24.07,0.0,66.2,9.3,1.44,32.9,258.765,0,1,24.444444,2
31429,8,14,5,1,24.07,0.0,64.31,10.4,0.96,36.23,233.795,0,1,24.444444,2
31430,8,15,5,1,24.07,0.0,62.3,9.2,0.84,39.3,446.921,0,1,24.444444,2
31431,8,16,5,1,24.07,0.0,61.11,8.0,1.68,35.43,318.789,0,1,24.444444,2
31432,8,17,5,1,24.07,0.0,60.72,10.9,0.96,35.3,84.4311,0,1,24.444444,2
31433,8,18,5,1,24.07,0.0,61.77,8.8,4.2,30.58,54.2149,0,1,24.444444,2
31434,8,19,5,1,24.07,0.0,63.36,8.2,1.56,27.71,6.95678,0,1,24.444444,2
31435,8,20,5,1,24.07,0.0,63.43,10.9,3.24,31.26,0.0,0,1,24.444444,2
31436,8,21,5,1,24.07,0.0,64.06,9.2,1.56,27.52,0.0,0,1,24.444444,2
31437,8,22,5,1,24.07,0.0,64.82,11.0,1.68,30.14,0.0,0,1,24.444444,2
31438,8,23,5,1,24.07,0.0,66.73,5.8,1.44,20.75,0.0,0,1,24.444444,2
31439,8,24,5,1,24.07,0.0,69.92,5.0,0.84,19.61,0.0,0,1,24.444444,2
31440,8,1,6,1,24.07,0.0,70.31,9.7,0.24,28.29,0.0,0,1,24.444444,2
31441,8,2,6,1,24.06,0.0,71.4,4.5,0.24,18.02,0.0,0,1,24.444444,2
31442,8,3,6,1,24.07,0.0,71.96,9.9,0.6,28.99,0.0,0,1,24.444444,2
31443,8,4,6,1,24.07,0.0,70.82,9.5,0.24,27.67,0.0,0,1,24.444444,2
31444,8,5,6,1,24.05,0.0,73.18,3.2,1.56,15.78,0.0,0,1,24.444444,2
31445,8,6,6,1,24.07,0.0,72.37,10.2,3.36,31.06,0.0,0,1,24.444444,2
31446,8,7,6,1,24.07,0.0,69.11,10.6,13.32,36.82,52.0305,0,1,24.444444,2
31447,8,8,6,1,24.07,0.0,67.66,7.7,8.64,34.9,179.219,0,1,24.444444,2
31448,8,9,6,1,24.07,0.0,65.85,10.5,6.24,38.45,316.085,0,1,24.444444,2
31449,8,10,6,1,24.07,0.0,65.38,7.2,7.2,32.32,355.933,0,1,24.444444,2
31450,8,11,6,1,24.07,0.0,64.69,10.8,0.72,37.33,335.518,0,1,24.444444,2
31451,8,12,6,1,24.07,0.0,64.17,7.8,0.6,32.25,297.05,0,1,24.444444,2
31452,8,13,6,1,24.07,0.0,63.84,8.9,3.24,35.3,563.431,0,1,24.444444,2
31453,8,14,6,1,24.07,0.0,63.92,9.7,1.32,35.07,322.619,0,1,24.444444,2
31454,8,15,6,1,24.07,0.0,64.36,9.3,2.64,28.93,113.822,0,1,24.444444,2
31455,8,16,6,1,24.07,0.0,64.58,7.8,1.08,23.18,59.1876,0,1,24.444444,2
31456,8,17,6,1,24.07,0.0,64.15,10.3,1.32,30.36,143.887,0,1,24.444444,2
31457,8,18,6,1,24.07,0.0,63.71,9.4,2.52,29.54,94.0264,0,1,24.444444,2
31458,8,19,6,1,24.07,0.0,64.83,9.5,2.04,27.31,12.6475,0,1,24.444444,2
31459,8,20,6,1,24.07,0.0,65.76,8.9,3.24,24.98,0.0,0,1,24.444444,2
31460,8,21,6,1,24.07,0.0,66.32,10.7,1.92,28.34,0.0,0,1,24.444444,2
31461,8,22,6,1,24.07,0.0,66.33,10.1,2.88,26.35,0.0,0,1,24.444444,2
31462,8,23,6,1,24.07,0.0,66.73,9.3,0.6,24.54,0.0,0,1,24.444444,2
31463,8,24,6,1,24.07,0.0,67.33,9.4,0.72,24.21,0.0,0,1,24.444444,2
31464,8,1,7,1,24.06,0.0,69.3,5.3,0.96,16.29,0.0,0,1,24.444444,2
31465,8,2,7,1,24.05,0.0,72.1,5.1,0.24,15.58,0.0,0,1,24.444444,2
31466,8,3,7,1,24.02,0.0,74.52,3.6,0.24,12.61,0.0,0,1,24.444444,2
31467,8,4,7,1,24.0,0.0,76.74,3.6,0.6,12.58,0.0,0,1,24.444444,2
31468,8,5,7,1,23.97,0.0,78.68,3.1,0.84,11.68,0.0,0,1,24.444444,2
31469,8,6,7,1,24.01,0.0,78.75,5.8,8.16,18.49,0.0,0,1,24.444444,2
31470,8,7,7,1,24.04,0.0,76.48,7.3,12.84,27.86,59.4173,0,1,24.444444,2
31471,8,8,7,1,24.04,0.0,74.09,6.4,6.0,28.41,169.091,0,1,24.444444,2
31472,8,9,7,1,24.06,0.0,70.75,8.2,7.92,32.98,272.672,0,1,24.444444,2
31473,8,10,7,1,24.07,0.0,68.21,5.6,1.2,28.57,275.289,0,1,24.444444,2
31474,8,11,7,1,24.07,0.0,66.69,5.0,2.52,29.09,393.488,0,1,24.444444,2
31475,8,12,7,1,24.07,0.0,65.5,7.5,0.84,34.65,258.347,0,1,24.444444,2
31476,8,13,7,1,24.07,0.0,64.26,7.1,0.72,38.12,455.995,0,1,24.444444,2
31477,8,14,7,1,24.07,0.0,62.02,10.1,3.48,44.17,495.825,0,1,24.444444,2
31478,8,15,7,1,24.08,0.01,60.9,14.3,3.0,44.0,207.399,0,1,24.444444,2
31479,8,16,7,1,24.07,0.0,60.42,11.0,5.16,33.4,27.0301,0,1,24.444444,2
31480,8,17,7,1,24.07,0.0,60.56,8.0,1.08,26.32,2.96363,0,1,24.444444,2
31481,8,18,7,1,24.07,0.0,61.28,9.1,1.32,28.49,0.0,0,1,24.444444,2
31482,8,19,7,1,24.07,0.0,62.56,9.1,2.88,28.01,0.0,0,1,24.444444,2
31483,8,20,7,1,24.07,0.0,64.07,9.4,2.16,28.4,0.0,0,1,24.444444,2
31484,8,21,7,1,24.07,0.0,64.59,12.1,1.32,32.71,0.0,0,1,24.444444,2
31485,8,22,7,1,24.07,0.0,66.8,6.3,1.56,23.0,0.0,0,1,24.444444,2
31486,8,23,7,1,24.07,0.0,70.42,5.3,0.6,21.93,0.0,0,1,24.444444,2
31487,8,24,7,1,24.07,0.0,73.38,4.3,0.84,20.01,0.0,0,1,24.444444,2
31488,8,1,1,1,24.06,0.0,75.24,3.6,0.48,18.63,0.0,0,1,24.444444,2
31489,8,2,1,1,24.07,0.0,74.81,7.1,2.04,24.6,0.0,0,1,24.444444,2
31490,8,3,1,1,24.05,0.0,74.82,3.4,0.24,16.36,0.0,0,1,24.444444,2
31491,8,4,1,1,24.05,0.0,76.66,3.6,0.24,17.08,0.0,0,1,24.444444,2
31492,8,5,1,1,24.04,0.0,78.11,3.5,1.08,17.39,0.0,0,1,24.444444,2
31493,8,6,1,1,24.04,0.0,78.56,3.6,3.36,20.33,0.0,0,1,24.444444,2
31494,8,7,1,1,24.05,0.0,77.29,4.5,8.04,27.11,55.2967,0,1,24.444444,2
31495,8,8,1,1,24.06,0.0,74.73,5.7,8.4,32.82,179.643,0,1,24.444444,2
31496,8,9,1,1,24.07,0.0,70.7,8.6,2.76,36.77,330.772,0,1,24.444444,2
31497,8,10,1,1,24.07,0.0,69.54,5.7,1.44,23.68,133.94,0,1,24.444444,2
31498,8,11,1,1,24.07,0.0,69.09,4.4,11.28,25.09,236.522,0,1,24.444444,2
31499,8,12,1,1,24.07,0.0,67.77,5.3,2.16,33.4,506.319,0,1,24.444444,2
31500,8,13,1,1,24.07,0.0,66.09,6.8,1.8,40.01,569.891,0,1,24.444444,2
31501,8,14,1,1,24.1,0.03,63.42,11.6,11.88,50.1,542.812,0,1,24.444444,2
31502,8,15,1,1,24.07,0.0,61.25,5.1,1.8,42.64,514.283,0,1,24.444444,2
31503,8,16,1,1,24.07,0.0,60.67,4.8,1.32,45.62,483.293,0,1,24.444444,2
31504,8,17,1,1,24.07,0.0,59.85,4.8,2.16,45.85,329.21,0,1,24.444444,2
31505,8,18,1,1,24.07,0.0,59.64,4.6,3.36,42.73,150.541,0,1,24.444444,2
31506,8,19,1,1,24.07,0.0,60.18,6.2,2.28,38.55,20.6568,0,1,24.444444,2
31507,8,20,1,1,24.07,0.0,61.63,5.7,0.84,34.11,0.0,0,1,24.444444,2
31508,8,21,1,1,24.07,0.0,62.75,6.7,1.8,34.63,0.0,0,1,24.444444,2
31509,8,22,1,1,24.07,0.0,63.42,9.9,1.32,38.49,0.0,0,1,24.444444,2
31510,8,23,1,1,24.07,0.0,64.74,5.4,2.52,29.48,0.0,0,1,24.444444,2
31511,8,24,1,1,24.07,0.0,66.71,4.6,0.24,27.23,0.0,0,1,24.444444,2
31512,8,1,2,1,24.07,0.0,68.46,3.8,1.44,24.42,0.0,0,1,24.444444,2
31513,8,2,2,1,24.07,0.0,69.73,5.1,1.32,25.82,0.0,0,1,24.444444,2
31514,8,3,2,1,24.07,0.0,71.02,3.6,0.36,21.83,0.0,0,1,24.444444,2
31515,8,4,2,1,24.07,0.0,72.66,3.5,0.36,20.64,0.0,0,1,24.444444,2
31516,8,5,2,1,24.07,0.0,73.9,3.9,0.6,20.72,0.0,0,1,24.444444,2
31517,8,6,2,1,24.07,0.0,74.78,3.6,0.96,22.73,0.0,0,1,24.444444,2
31518,8,7,2,1,24.07,0.0,74.19,4.0,3.12,31.01,48.5888,0,1,24.444444,2
31519,8,8,2,1,24.07,0.0,72.7,4.4,3.96,34.37,172.826,0,1,24.444444,2
31520,8,9,2,1,24.07,0.0,70.69,4.6,3.6,38.69,339.405,0,1,24.444444,2
31521,8,10,2,1,24.07,0.0,68.11,4.0,8.4,38.64,456.146,0,1,24.444444,2
31522,8,11,2,1,24.07,0.0,64.68,7.9,4.44,43.92,569.656,0,1,24.444444,2
31523,8,12,2,1,24.07,0.0,63.21,4.5,1.44,39.26,629.138,0,1,24.444444,2
31524,8,13,2,1,24.07,0.0,62.25,4.1,1.2,41.88,620.248,0,1,24.444444,2
31525,8,14,2,1,24.45,0.38,57.2,17.4,8.64,55.15,578.218,0,1,24.444444,2
31526,8,15,2,1,24.12,0.05,57.52,4.5,4.32,40.32,313.056,0,1,24.444444,2
31527,8,16,2,1,24.07,0.0,58.47,5.4,3.12,37.18,176.112,0,1,24.444444,2
31528,8,17,2,1,24.07,0.0,59.18,5.3,3.48,37.83,138.456,0,1,24.444444,2
31529,8,18,2,1,24.09,0.02,59.54,11.2,1.8,44.22,71.8378,0,1,24.444444,2
31530,8,19,2,1,24.08,0.01,60.55,9.2,1.56,38.54,9.16857,0,1,24.444444,2
31531,8,20,2,1,24.07,0.0,62.51,7.3,6.0,32.96,0.0,0,1,24.444444,2
31532,8,21,2,1,24.07,0.0,64.18,6.9,1.92,30.39,0.0,0,1,24.444444,2
31533,8,22,2,1,24.07,0.0,65.39,7.1,3.24,29.35,0.0,0,1,24.444444,2
31534,8,23,2,1,24.07,0.0,67.44,4.9,0.84,24.5,0.0,0,1,24.444444,2
31535,8,24,2,1,24.07,0.0,69.48,4.5,0.96,22.65,0.0,0,1,24.444444,2
31536,8,1,3,1,24.07,0.0,70.93,3.5,0.36,19.44,0.0,0,1,24.444444,2
31537,8,2,3,1,24.07,0.0,71.98,3.6,0.48,18.62,0.0,0,1,24.444444,2
31538,8,3,3,1,24.06,0.0,73.41,3.1,0.24,17.08,0.0,0,1,24.444444,2
31539,8,4,3,1,24.06,0.0,74.21,5.1,0.12,20.51,0.0,0,1,24.444444,2
31540,8,5,3,1,24.06,0.0,74.44,4.8,0.72,19.35,0.0,0,1,24.444444,2
31541,8,6,3,1,24.05,0.0,75.03,4.0,2.04,20.87,0.0,0,1,24.444444,2
31542,8,7,3,1,24.06,0.0,74.26,4.0,17.04,30.1,45.1048,0,1,24.444444,2
31543,8,8,3,1,24.06,0.0,72.24,4.9,11.4,35.11,176.522,0,1,24.444444,2
31544,8,9,3,1,24.07,0.0,69.77,4.3,2.64,34.39,303.301,0,1,24.444444,2
31545,8,10,3,1,24.07,0.0,67.7,4.8,3.0,37.87,448.301,0,1,24.444444,2
31546,8,11,3,1,24.07,0.0,64.76,7.8,1.2,43.37,498.317,0,1,24.444444,2
31547,8,12,3,1,24.07,0.0,61.87,4.6,2.76,37.83,545.27,0,1,24.444444,2
31548,8,13,3,1,24.07,0.0,60.43,4.2,3.84,38.36,467.672,0,1,24.444444,2
31549,8,14,3,1,24.11,0.03,58.65,10.7,1.44,48.94,456.45,0,1,24.444444,2
31550,8,15,3,1,24.09,0.02,58.3,9.8,1.32,46.59,278.472,0,1,24.444444,2
31551,8,16,3,1,24.07,0.0,59.48,3.4,3.96,38.91,292.741,0,1,24.444444,2
31552,8,17,3,1,24.07,0.0,60.99,5.2,3.36,39.51,81.3916,0,1,24.444444,2
31553,8,18,3,1,24.07,0.0,62.42,4.7,2.28,36.07,0.0,0,1,24.444444,2
31554,8,19,3,1,24.08,0.0,62.4,9.8,3.12,40.16,0.0,0,1,24.444444,2
31555,8,20,3,1,24.07,0.0,62.49,9.2,2.28,36.22,0.0,0,1,24.444444,2
31556,8,21,3,1,24.07,0.0,62.83,10.4,1.44,36.19,0.0,0,1,24.444444,2
31557,8,22,3,1,24.07,0.0,63.37,9.1,1.08,32.42,0.0,0,1,24.444444,2
31558,8,23,3,1,24.07,0.0,65.57,4.7,1.68,23.9,0.0,0,1,24.444444,2
31559,8,24,3,1,24.07,0.0,68.36,4.7,0.12,23.25,0.0,0,1,24.444444,2
31560,8,1,4,1,24.07,0.0,71.35,3.5,0.36,20.77,0.0,0,1,24.444444,2
31561,8,2,4,1,24.07,0.0,73.83,3.6,0.36,21.13,0.0,0,1,24.444444,2
31562,8,3,4,1,24.07,0.0,75.22,3.7,0.24,20.54,0.0,0,1,24.444444,2
31563,8,4,4,1,24.06,0.0,76.04,3.4,0.24,18.5,0.0,0,1,24.444444,2
31564,8,5,4,1,24.06,0.0,76.07,5.2,0.96,21.35,0.0,0,1,24.444444,2
31565,8,6,4,1,24.07,0.0,74.85,7.0,1.44,27.19,0.0,0,1,24.444444,2
31566,8,7,4,1,24.07,0.0,73.57,4.9,18.96,31.49,45.1565,0,1,24.444444,2
31567,8,8,4,1,24.07,0.0,72.09,4.3,4.92,33.92,165.808,0,1,24.444444,2
31568,8,9,4,1,24.13,0.05,68.59,9.2,6.96,44.4,336.834,0,1,24.444444,2
31569,8,10,4,1,24.07,0.0,66.59,3.8,2.04,35.81,376.92,0,1,24.444444,2
31570,8,11,4,1,24.07,0.0,66.26,4.1,3.84,34.55,496.722,0,1,24.444444,2
31571,8,12,4,1,24.07,0.0,66.65,6.2,0.96,36.16,261.139,0,1,24.444444,2
31572,8,13,4,1,24.07,0.0,65.26,9.2,1.56,36.14,134.073,0,1,24.444444,2
31573,8,14,4,1,24.07,0.0,63.07,9.6,3.36,35.71,264.702,0,1,24.444444,2
31574,8,15,4,1,24.07,0.0,61.97,9.5,3.72,37.4,223.61,0,1,24.444444,2
31575,8,16,4,1,24.07,0.0,62.29,4.1,1.44,33.11,341.451,0,1,24.444444,2
31576,8,17,4,1,24.07,0.0,61.66,8.7,2.88,41.3,230.588,0,1,24.444444,2
31577,8,18,4,1,24.07,0.0,62.25,3.7,2.52,31.29,97.442,0,1,24.444444,2
31578,8,19,4,1,24.07,0.0,63.48,7.6,5.28,33.97,13.5958,0,1,24.444444,2
31579,8,20,4,1,24.07,0.0,65.07,7.5,4.44,32.28,0.0,0,1,24.444444,2
31580,8,21,4,1,24.07,0.0,66.16,7.8,0.96,32.63,0.0,0,1,24.444444,2
31581,8,22,4,1,24.07,0.0,66.98,6.4,3.0,29.26,0.0,0,1,24.444444,2
31582,8,23,4,1,24.07,0.0,67.28,5.4,0.96,25.73,0.0,0,1,24.444444,2
31583,8,24,4,1,24.07,0.0,68.27,4.2,0.72,22.33,0.0,0,1,24.444444,2
31584,8,1,5,1,24.07,0.0,70.14,2.9,0.48,18.66,0.0,0,1,24.444444,2
31585,8,2,5,1,24.07,0.0,71.62,4.4,0.36,20.83,0.0,0,1,24.444444,2
31586,8,3,5,1,24.07,0.0,72.64,3.6,0.0,18.75,0.0,0,1,24.444444,2
31587,8,4,5,1,24.06,0.0,73.81,4.0,0.6,18.56,0.0,0,1,24.444444,2
31588,8,5,5,1,24.05,0.0,75.0,3.4,1.32,16.78,0.0,0,1,24.444444,2
31589,8,6,5,1,24.05,0.0,76.04,3.6,5.04,17.87,0.0,0,1,24.444444,2
31590,8,7,5,1,24.07,0.0,74.34,8.2,9.0,29.39,46.3929,0,1,24.444444,2
31591,8,8,5,1,24.07,0.0,72.4,6.6,5.52,29.08,135.311,0,1,24.444444,2
31592,8,9,5,1,24.07,0.0,70.28,7.4,5.64,38.13,320.906,0,1,24.444444,2
31593,8,10,5,1,24.07,0.0,69.14,4.5,2.52,30.41,341.029,0,1,24.444444,2
31594,8,11,5,1,24.07,0.0,69.08,3.2,4.44,24.63,263.198,0,1,24.444444,2
31595,8,12,5,1,24.07,0.0,67.79,8.0,2.28,26.65,63.9005,0,1,24.444444,2
31596,8,13,5,1,24.07,0.0,66.24,9.0,1.2,27.27,137.477,0,1,24.444444,2
31597,8,14,5,1,24.07,0.0,64.84,10.1,1.32,29.88,142.542,0,1,24.444444,2
31598,8,15,5,1,24.07,0.0,63.94,9.2,1.56,29.9,187.976,0,1,24.444444,2
31599,8,16,5,1,24.07,0.0,63.65,7.9,2.4,31.29,238.099,0,1,24.444444,2
31600,8,17,5,1,24.07,0.0,63.22,8.8,2.64,35.89,217.919,0,1,24.444444,2
31601,8,18,5,1,24.07,0.0,63.43,9.5,3.6,36.4,99.3834,0,1,24.444444,2
31602,8,19,5,1,24.07,0.0,64.19,8.9,1.2,32.35,12.7898,0,1,24.444444,2
31603,8,20,5,1,24.07,0.0,64.63,10.9,4.44,34.69,0.0,0,1,24.444444,2
31604,8,21,5,1,24.07,0.0,64.7,11.4,0.72,35.38,0.0,0,1,24.444444,2
31605,8,22,5,1,24.07,0.0,65.09,10.2,0.96,32.83,0.0,0,1,24.444444,2
31606,8,23,5,1,24.07,0.0,67.38,5.3,1.2,24.37,0.0,0,1,24.444444,2
31607,8,24,5,1,24.07,0.0,70.26,4.8,0.6,23.59,0.0,0,1,24.444444,2
31608,8,1,6,1,24.07,0.0,69.49,11.6,1.08,35.42,0.0,0,1,24.444444,2
31609,8,2,6,1,24.07,0.0,67.8,11.1,0.48,32.32,0.0,0,1,24.444444,2
31610,8,3,6,1,24.07,0.0,70.34,3.3,0.12,17.85,0.0,0,1,24.444444,2
31611,8,4,6,1,24.07,0.0,71.57,9.8,0.48,30.56,0.0,0,1,24.444444,2
31612,8,5,6,1,24.07,0.0,72.39,4.5,3.36,19.45,0.0,0,1,24.444444,2
31613,8,6,6,1,24.07,0.0,72.3,9.8,2.88,31.87,0.0,0,1,24.444444,2
31614,8,7,6,1,24.07,0.0,70.66,8.0,26.28,35.54,48.3416,0,1,24.444444,2
31615,8,8,6,1,24.08,0.0,69.56,6.3,10.08,37.37,178.697,0,1,24.444444,2
31616,8,9,6,1,24.18,0.11,66.88,10.5,6.0,45.0,348.079,0,1,24.444444,2
31617,8,10,6,1,24.14,0.06,65.34,7.7,6.36,43.23,479.919,0,1,24.444444,2
31618,8,11,6,1,24.14,0.07,63.45,11.3,1.56,48.29,580.711,0,1,24.444444,2
31619,8,12,6,1,24.09,0.02,62.53,9.1,4.32,45.83,566.011,0,1,24.444444,2
31620,8,13,6,1,24.09,0.01,61.89,9.0,1.8,45.44,545.203,0,1,24.444444,2
31621,8,14,6,1,24.1,0.03,60.66,10.0,0.96,48.74,485.071,0,1,24.444444,2
31622,8,15,6,1,24.11,0.03,59.56,9.2,0.6,48.86,380.186,0,1,24.444444,2
31623,8,16,6,1,24.09,0.01,59.38,8.2,1.32,43.89,254.412,0,1,24.444444,2
31624,8,17,6,1,24.08,0.01,59.81,8.7,2.4,42.49,169.896,0,1,24.444444,2
31625,8,18,6,1,24.08,0.01,60.91,9.2,4.92,42.69,78.1988,0,1,24.444444,2
31626,8,19,6,1,24.09,0.01,61.37,11.0,0.96,41.71,9.20141,0,1,24.444444,2
31627,8,20,6,1,24.08,0.0,61.81,9.6,2.4,37.07,0.0,0,1,24.444444,2
31628,8,21,6,1,24.07,0.0,62.07,9.1,1.68,34.93,0.0,0,1,24.444444,2
31629,8,22,6,1,24.07,0.0,61.1,12.8,0.96,38.71,0.0,0,1,24.444444,2
31630,8,23,6,1,24.07,0.0,60.69,12.2,0.96,35.69,0.0,0,1,24.444444,2
31631,8,24,6,1,24.07,0.0,62.12,9.8,0.12,31.04,0.0,0,1,24.444444,2
31632,8,1,7,1,24.07,0.0,65.73,4.1,0.48,21.47,0.0,0,1,24.444444,2
31633,8,2,7,1,24.07,0.0,69.59,4.3,0.36,22.12,0.0,0,1,24.444444,2
31634,8,3,7,1,24.07,0.0,72.5,3.5,0.12,20.23,0.0,0,1,24.444444,2
31635,8,4,7,1,24.07,0.0,74.28,3.7,0.24,19.83,0.0,0,1,24.444444,2
31636,8,5,7,1,24.06,0.0,75.37,3.3,1.68,18.19,0.0,0,1,24.444444,2
31637,8,6,7,1,24.06,0.0,75.62,4.2,7.32,21.5,0.0,0,1,24.444444,2
31638,8,7,7,1,24.07,0.0,73.28,9.2,17.76,37.79,48.4752,0,1,24.444444,2
31639,8,8,7,1,24.07,0.0,69.86,10.3,2.76,38.48,95.2612,0,1,24.444444,2
31640,8,9,7,1,24.07,0.0,68.5,7.2,7.56,37.63,294.109,0,1,24.444444,2
31641,8,10,7,1,24.07,0.0,67.02,8.7,3.96,44.07,390.655,0,1,24.444444,2
31642,8,11,7,1,24.07,0.0,65.93,5.9,3.0,40.88,598.643,0,1,24.444444,2
31643,8,12,7,1,24.08,0.0,64.37,7.4,1.32,43.67,540.903,0,1,24.444444,2
31644,8,13,7,1,24.07,0.0,61.91,7.2,3.72,42.97,524.032,0,1,24.444444,2
31645,8,14,7,1,24.08,0.01,60.56,10.6,2.4,47.11,545.865,0,1,24.444444,2
31646,8,15,7,1,24.08,0.01,59.36,10.6,1.92,47.19,482.796,0,1,24.444444,2
31647,8,16,7,1,24.07,0.0,58.49,8.3,0.96,43.86,384.451,0,1,24.444444,2
31648,8,17,7,1,24.07,0.0,58.33,9.3,3.0,45.49,285.221,0,1,24.444444,2
31649,8,18,7,1,24.07,0.0,58.73,8.5,2.28,41.73,126.291,0,1,24.444444,2
31650,8,19,7,1,24.07,0.0,59.61,9.3,3.36,36.98,13.843,0,1,24.444444,2
31651,8,20,7,1,24.07,0.0,60.81,7.9,1.68,31.9,0.0,0,1,24.444444,2
31652,8,21,7,1,24.07,0.0,61.26,12.1,1.44,37.58,0.0,0,1,24.444444,2
31653,8,22,7,1,24.07,0.0,62.09,7.3,1.32,27.99,0.0,0,1,24.444444,2
31654,8,23,7,1,24.07,0.0,64.17,4.8,2.88,22.31,0.0,0,1,24.444444,2
31655,8,24,7,1,24.07,0.0,66.43,4.6,0.72,20.39,0.0,0,1,24.444444,2
31656,8,1,1,1,24.07,0.0,68.27,4.8,0.36,19.9,0.0,0,1,24.444444,2
31657,8,2,1,1,24.07,0.0,70.09,4.1,0.72,17.6,0.0,0,1,24.444444,2
31658,8,3,1,1,24.05,0.0,72.43,3.4,0.12,15.3,0.0,0,1,24.444444,2
31659,8,4,1,1,24.05,0.0,73.65,5.2,0.24,18.05,0.0,0,1,24.444444,2
31660,8,5,1,1,24.03,0.0,74.85,3.4,1.32,14.27,0.0,0,1,24.444444,2
31661,8,6,1,1,24.03,0.0,76.22,3.8,2.28,16.55,0.0,0,1,24.444444,2
31662,8,7,1,1,24.04,0.0,75.09,5.5,2.88,27.81,52.368,0,1,24.444444,2
31663,8,8,1,1,24.06,0.0,72.6,6.0,5.52,34.59,182.391,0,1,24.444444,2
31664,8,9,1,1,24.06,0.0,70.51,5.1,3.48,36.41,347.905,0,1,24.444444,2
31665,8,10,1,1,24.07,0.0,68.24,5.5,5.76,38.63,491.837,0,1,24.444444,2
31666,8,11,1,1,24.07,0.0,66.43,4.6,3.48,37.04,597.864,0,1,24.444444,2
31667,8,12,1,1,24.07,0.0,64.55,5.3,4.2,37.81,641.334,0,1,24.444444,2
31668,8,13,1,1,24.07,0.0,62.83,4.6,3.0,38.89,671.452,0,1,24.444444,2
31669,8,14,1,1,24.15,0.08,60.2,10.7,9.72,51.33,635.518,0,1,24.444444,2
31670,8,15,1,1,24.14,0.07,58.87,7.6,6.0,51.72,587.803,0,1,24.444444,2
31671,8,16,1,1,24.11,0.03,59.2,4.6,2.4,50.15,447.459,0,1,24.444444,2
31672,8,17,1,1,24.18,0.11,58.8,8.3,3.6,53.24,287.736,0,1,24.444444,2
31673,8,18,1,1,24.1,0.02,58.64,4.9,2.16,46.76,143.094,0,1,24.444444,2
31674,8,19,1,1,24.21,0.13,57.38,14.6,2.52,50.4,15.0097,0,1,24.444444,2
31675,8,20,1,1,24.09,0.01,58.65,4.4,1.8,34.21,0.0,0,1,24.444444,2
31676,8,21,1,1,24.07,0.0,60.06,6.2,0.96,35.09,0.0,0,1,24.444444,2
31677,8,22,1,1,24.08,0.01,60.78,10.3,1.08,39.6,0.0,0,1,24.444444,2
31678,8,23,1,1,24.07,0.0,61.39,10.3,1.92,37.6,0.0,0,1,24.444444,2
31679,8,24,1,1,24.07,0.0,63.92,5.1,0.6,27.78,0.0,0,1,24.444444,2
31680,8,1,2,1,24.07,0.0,67.28,3.6,0.84,24.61,0.0,0,1,24.444444,2
31681,8,2,2,1,24.07,0.0,69.26,3.6,0.48,23.76,0.0,0,1,24.444444,2
31682,8,3,2,1,24.07,0.0,71.32,2.8,0.48,20.93,0.0,0,1,24.444444,2
31683,8,4,2,1,24.07,0.0,73.2,3.2,0.48,20.86,0.0,0,1,24.444444,2
31684,8,5,2,1,24.07,0.0,74.7,3.0,0.24,19.85,0.0,0,1,24.444444,2
31685,8,6,2,1,24.06,0.0,75.52,3.4,1.2,22.36,0.0,0,1,24.444444,2
31686,8,7,2,1,24.07,0.0,73.87,4.5,4.92,32.81,44.7737,0,1,24.444444,2
31687,8,8,2,1,24.07,0.0,71.61,4.8,1.92,37.39,175.807,0,1,24.444444,2
31688,8,9,2,1,24.07,0.0,69.94,4.7,7.08,38.8,318.788,0,1,24.444444,2
31689,8,10,2,1,24.07,0.0,68.23,4.5,13.2,38.93,399.642,0,1,24.444444,2
31690,8,11,2,1,24.08,0.01,65.63,8.2,3.84,45.37,476.642,0,1,24.444444,2
31691,8,12,2,1,24.08,0.0,63.8,5.2,5.16,37.94,625.235,0,1,24.444444,2
31692,8,13,2,1,24.07,0.0,63.32,5.6,1.92,38.22,530.49,0,1,24.444444,2
31693,8,14,2,1,24.13,0.05,61.39,14.3,8.52,47.66,335.643,0,1,24.444444,2
31694,8,15,2,1,24.07,0.0,63.14,4.3,4.32,27.09,97.4896,0,1,24.444444,2
31695,8,16,2,1,24.07,0.0,65.85,4.2,9.24,25.8,43.0058,0,1,24.444444,2
31696,8,17,2,1,24.07,0.0,66.69,4.2,4.32,27.59,86.4168,0,1,24.444444,2
31697,8,18,2,1,24.08,0.01,65.26,12.3,5.04,41.61,49.8562,0,1,24.444444,2
31698,8,19,2,1,24.07,0.0,64.84,8.0,1.44,31.05,2.82336,0,1,24.444444,2
31699,8,20,2,1,24.07,0.0,65.26,9.1,3.84,31.52,0.0,0,1,24.444444,2
31700,8,21,2,1,24.07,0.0,65.2,10.3,1.08,33.14,0.0,0,1,24.444444,2
31701,8,22,2,1,24.07,0.0,65.44,8.7,1.32,29.44,0.0,0,1,24.444444,2
31702,8,23,2,1,24.07,0.0,67.52,5.4,2.16,23.35,0.0,0,1,24.444444,2
31703,8,24,2,1,24.07,0.0,69.7,5.5,0.36,23.6,0.0,0,1,24.444444,2
31704,8,1,3,1,24.07,0.0,70.88,5.5,1.08,23.0,0.0,0,1,24.444444,2
31705,8,2,3,1,24.06,0.0,72.7,3.4,0.6,18.42,0.0,0,1,24.444444,2
31706,8,3,3,1,24.06,0.0,74.52,3.8,0.24,19.03,0.0,0,1,24.444444,2
31707,8,4,3,1,24.07,0.0,74.41,5.4,0.48,22.0,0.0,0,1,24.444444,2
31708,8,5,3,1,24.06,0.0,74.36,4.9,0.96,20.38,0.0,0,1,24.444444,2
31709,8,6,3,1,24.06,0.0,75.48,3.7,3.84,20.87,0.0,0,1,24.444444,2
31710,8,7,3,1,24.06,0.0,74.47,4.4,18.36,31.54,42.5735,0,1,24.444444,2
31711,8,8,3,1,24.09,0.02,71.43,6.5,9.0,38.77,174.643,0,1,24.444444,2
31712,8,9,3,1,24.08,0.01,68.79,5.4,11.88,38.83,344.278,0,1,24.444444,2
31713,8,10,3,1,24.07,0.0,67.38,6.7,0.96,38.5,473.696,0,1,24.444444,2
31714,8,11,3,1,24.07,0.0,66.76,4.8,3.24,29.82,257.353,0,1,24.444444,2
31715,8,12,3,1,24.07,0.0,66.79,4.9,2.52,22.0,71.921,0,1,24.444444,2
31716,8,13,3,1,24.06,0.0,67.24,4.2,1.56,18.64,81.6233,0,1,24.444444,2
31717,8,14,3,1,24.07,0.0,66.19,10.5,0.72,31.16,134.571,0,1,24.444444,2
31718,8,15,3,1,24.07,0.0,65.01,10.2,0.84,30.93,159.261,0,1,24.444444,2
31719,8,16,3,1,24.07,0.0,66.14,4.7,2.64,20.97,138.382,0,1,24.444444,2
31720,8,17,3,1,24.07,0.0,68.68,5.2,4.68,21.37,60.3125,0,1,24.444444,2
31721,8,18,3,1,24.07,0.0,70.1,6.6,3.96,24.19,23.0318,0,1,24.444444,2
31722,8,19,3,1,24.07,0.0,68.84,9.1,3.72,27.09,0.0,0,1,24.444444,2
31723,8,20,3,1,24.07,0.0,67.73,7.4,3.36,22.25,0.0,0,1,24.444444,2
31724,8,21,3,1,24.07,0.0,67.21,9.8,1.32,26.26,0.0,0,1,24.444444,2
31725,8,22,3,1,24.07,0.0,67.0,8.5,1.08,23.4,0.0,0,1,24.444444,2
31726,8,23,3,1,24.07,0.0,69.05,5.2,1.2,17.66,0.0,0,1,24.444444,2
31727,8,24,3,1,24.05,0.0,72.08,3.5,0.36,14.86,0.0,0,1,24.444444,2
31728,8,1,4,1,24.04,0.0,73.74,4.2,0.48,15.9,0.0,0,1,24.444444,2
31729,8,2,4,1,24.03,0.0,75.69,3.6,0.36,14.63,0.0,0,1,24.444444,2
31730,8,3,4,1,24.03,0.0,77.3,3.9,0.48,15.75,0.0,0,1,24.444444,2
31731,8,4,4,1,24.02,0.0,78.77,3.3,0.24,15.41,0.0,0,1,24.444444,2
31732,8,5,4,1,24.02,0.0,80.37,3.7,0.96,16.78,0.0,0,1,24.444444,2
31733,8,6,4,1,24.03,0.0,81.18,3.8,4.56,17.96,0.0,0,1,24.444444,2
31734,8,7,4,1,24.04,0.0,79.86,6.1,20.28,24.28,28.4911,0,1,24.444444,2
31735,8,8,4,1,24.04,0.0,78.77,4.5,2.88,22.73,92.7473,0,1,24.444444,2
31736,8,9,4,1,24.05,0.0,77.13,5.6,5.4,33.95,259.787,0,1,24.444444,2
31737,8,10,4,1,24.06,0.0,74.42,3.4,3.0,35.68,482.945,0,1,24.444444,2
31738,8,11,4,1,24.07,0.0,71.68,3.7,3.12,37.31,608.99,0,1,24.444444,2
31739,8,12,4,1,24.07,0.0,69.05,4.0,1.44,39.29,642.461,0,1,24.444444,2
31740,8,13,4,1,24.1,0.03,65.84,8.9,3.36,47.6,666.886,0,1,24.444444,2
31741,8,14,4,1,24.12,0.04,61.84,9.8,1.2,46.38,607.735,0,1,24.444444,2
31742,8,15,4,1,24.1,0.03,59.12,8.8,2.4,47.01,569.078,0,1,24.444444,2
31743,8,16,4,1,24.08,0.0,58.88,3.8,1.2,37.96,380.595,0,1,24.444444,2
31744,8,17,4,1,24.07,0.0,59.82,3.8,2.04,35.09,291.938,0,1,24.444444,2
31745,8,18,4,1,24.07,0.0,61.02,4.1,1.8,34.53,138.383,0,1,24.444444,2
31746,8,19,4,1,24.07,0.0,62.86,5.9,1.56,31.88,13.0232,0,1,24.444444,2
31747,8,20,4,1,24.07,0.0,63.76,7.9,1.44,32.49,0.0,0,1,24.444444,2
31748,8,21,4,1,24.07,0.0,63.72,9.7,1.32,34.53,0.0,0,1,24.444444,2
31749,8,22,4,1,24.07,0.0,63.95,8.4,2.28,31.0,0.0,0,1,24.444444,2
31750,8,23,4,1,24.07,0.0,65.2,6.0,0.96,26.05,0.0,0,1,24.444444,2
31751,8,24,4,1,24.07,0.0,67.48,3.6,0.12,21.34,0.0,0,1,24.444444,2
31752,8,1,5,1,24.07,0.0,69.98,2.9,0.84,19.12,0.0,0,1,24.444444,2
31753,8,2,5,1,24.07,0.0,72.1,3.0,0.12,18.0,0.0,0,1,24.444444,2
31754,8,3,5,1,24.06,0.0,74.14,3.4,0.36,18.34,0.0,0,1,24.444444,2
31755,8,4,5,1,24.05,0.0,75.62,3.5,0.6,18.09,0.0,0,1,24.444444,2
31756,8,5,5,1,24.05,0.0,76.49,3.3,1.32,16.45,0.0,0,1,24.444444,2
31757,8,6,5,1,24.05,0.0,76.37,5.0,6.0,21.26,0.0,0,1,24.444444,2
31758,8,7,5,1,24.07,0.0,73.28,9.7,6.0,39.46,40.674,0,1,24.444444,2
31759,8,8,5,1,24.1,0.03,70.4,7.0,3.48,37.89,174.444,0,1,24.444444,2
31760,8,9,5,1,24.15,0.07,67.6,7.3,3.0,40.1,356.573,0,1,24.444444,2
31761,8,10,5,1,24.09,0.02,66.76,4.8,7.2,38.9,508.03,0,1,24.444444,2
31762,8,11,5,1,24.07,0.0,66.42,3.8,1.68,37.93,566.911,0,1,24.444444,2
31763,8,12,5,1,24.08,0.01,65.03,6.9,4.68,43.34,673.433,0,1,24.444444,2
31764,8,13,5,1,24.21,0.13,61.96,11.5,0.72,50.59,674.008,0,1,24.444444,2
31765,8,14,5,1,24.22,0.15,59.34,10.1,1.32,50.9,572.55,0,1,24.444444,2
31766,8,15,5,1,24.15,0.08,58.08,9.5,1.32,52.02,545.904,0,1,24.444444,2
31767,8,16,5,1,24.12,0.05,57.19,7.7,1.08,51.1,408.452,0,1,24.444444,2
31768,8,17,5,1,24.13,0.06,57.07,8.9,0.6,51.71,254.626,0,1,24.444444,2
31769,8,18,5,1,24.14,0.06,58.45,9.2,3.48,51.28,142.925,0,1,24.444444,2
31770,8,19,5,1,24.11,0.04,59.73,8.9,2.64,44.47,12.7365,0,1,24.444444,2
31771,8,20,5,1,24.11,0.04,59.74,11.6,2.4,44.42,0.0,0,1,24.444444,2
31772,8,21,5,1,24.17,0.1,59.31,15.4,1.32,46.93,0.0,0,1,24.444444,2
31773,8,22,5,1,24.09,0.02,60.85,8.7,0.84,36.23,0.0,0,1,24.444444,2
31774,8,23,5,1,24.08,0.01,62.67,9.2,1.08,35.43,0.0,0,1,24.444444,2
31775,8,24,5,1,24.07,0.0,64.86,4.3,1.68,25.28,0.0,0,1,24.444444,2
31776,8,1,6,1,24.07,0.0,65.2,12.5,0.12,38.18,0.0,0,1,24.444444,2
31777,8,2,6,1,24.07,0.0,66.3,4.4,0.36,21.9,0.0,0,1,24.444444,2
31778,8,3,6,1,24.07,0.0,67.47,9.8,0.0,30.86,0.0,0,1,24.444444,2
31779,8,4,6,1,24.07,0.0,66.64,11.1,0.24,31.52,0.0,0,1,24.444444,2
31780,8,5,6,1,24.06,0.0,68.87,3.2,1.32,16.48,0.0,0,1,24.444444,2
31781,8,6,6,1,24.07,0.0,69.68,10.3,2.88,31.7,0.0,0,1,24.444444,2
31782,8,7,6,1,24.07,0.0,68.18,8.0,17.64,35.51,40.0492,0,1,24.444444,2
31783,8,8,6,1,24.1,0.03,66.87,7.9,12.24,39.0,175.676,0,1,24.444444,2
31784,8,9,6,1,24.21,0.14,64.97,10.1,8.52,42.96,356.642,0,1,24.444444,2
31785,8,10,6,1,24.1,0.02,65.18,4.3,3.48,37.36,506.497,0,1,24.444444,2
31786,8,11,6,1,24.08,0.01,64.04,8.9,8.16,44.91,598.998,0,1,24.444444,2
31787,8,12,6,1,24.09,0.02,62.61,9.1,0.84,45.04,676.59,0,1,24.444444,2
31788,8,13,6,1,24.12,0.04,60.97,9.3,2.16,46.94,703.08,0,1,24.444444,2
31789,8,14,6,1,24.16,0.09,58.38,9.9,1.08,50.1,654.722,0,1,24.444444,2
31790,8,15,6,1,24.24,0.17,55.78,10.3,2.04,52.62,589.529,0,1,24.444444,2
31791,8,16,6,1,24.29,0.22,54.25,7.9,0.72,51.13,452.412,0,1,24.444444,2
31792,8,17,6,1,24.43,0.35,53.44,8.9,1.68,51.63,319.291,0,1,24.444444,2
31793,8,18,6,1,24.41,0.33,53.14,9.0,1.2,51.53,137.037,0,1,24.444444,2
31794,8,19,6,1,24.22,0.15,54.43,10.3,4.08,48.4,11.2492,0,1,24.444444,2
31795,8,20,6,1,24.16,0.09,57.26,10.1,3.0,45.03,0.0,0,1,24.444444,2
31796,8,21,6,1,24.12,0.04,59.6,8.4,3.0,41.66,0.0,0,1,24.444444,2
31797,8,22,6,1,24.15,0.08,60.03,13.4,3.12,46.07,0.0,0,1,24.444444,2
31798,8,23,6,1,24.1,0.03,61.0,9.1,0.48,37.99,0.0,0,1,24.444444,2
31799,8,24,6,1,24.09,0.02,62.73,10.3,0.24,38.18,0.0,0,1,24.444444,2
31800,8,1,7,1,24.07,0.0,65.34,3.9,0.12,26.58,0.0,0,1,24.444444,2
31801,8,2,7,1,24.07,0.0,67.91,5.5,0.48,28.58,0.0,0,1,24.444444,2
31802,8,3,7,1,24.07,0.0,68.93,6.5,0.24,29.59,0.0,0,1,24.444444,2
31803,8,4,7,1,24.07,0.0,70.82,3.3,0.24,22.72,0.0,0,1,24.444444,2
31804,8,5,7,1,24.07,0.0,73.15,3.4,1.32,21.52,0.0,0,1,24.444444,2
31805,8,6,7,1,24.07,0.0,74.25,4.1,5.4,23.96,0.0,0,1,24.444444,2
31806,8,7,7,1,24.07,0.0,72.92,4.5,8.76,32.73,46.0717,0,1,24.444444,2
31807,8,8,7,1,24.12,0.04,70.25,7.3,9.6,41.58,176.226,0,1,24.444444,2
31808,8,9,7,1,24.25,0.18,65.68,9.9,6.0,45.0,348.54,0,1,24.444444,2
31809,8,10,7,1,24.16,0.08,63.99,5.3,1.92,40.63,492.337,0,1,24.444444,2
31810,8,11,7,1,24.08,0.0,63.46,4.4,1.08,39.92,601.04,0,1,24.444444,2
31811,8,12,7,1,24.09,0.02,62.07,7.4,1.08,45.12,665.619,0,1,24.444444,2
31812,8,13,7,1,24.11,0.04,59.71,7.9,0.72,46.66,681.322,0,1,24.444444,2
31813,8,14,7,1,24.25,0.17,57.48,10.7,1.44,51.73,639.951,0,1,24.444444,2
31814,8,15,7,1,24.32,0.24,55.51,10.1,2.28,52.38,522.726,0,1,24.444444,2
31815,8,16,7,1,24.21,0.13,55.61,8.6,0.84,45.9,143.841,0,1,24.444444,2
31816,8,17,7,1,24.11,0.04,56.94,8.0,1.56,41.38,26.273,0,1,24.444444,2
31817,8,18,7,1,24.12,0.05,56.74,11.3,1.44,43.59,3.61844,0,1,24.444444,2
31818,8,19,7,1,24.09,0.02,56.16,10.1,3.6,38.15,0.0,0,1,24.444444,2
31819,8,20,7,1,24.07,0.0,57.49,7.9,1.32,32.41,0.0,0,1,24.444444,2
31820,8,21,7,1,24.07,0.0,58.62,10.2,4.68,34.91,0.0,0,1,24.444444,2
31821,8,22,7,1,24.07,0.0,59.92,7.9,0.84,30.3,0.0,0,1,24.444444,2
31822,8,23,7,1,24.07,0.0,62.22,5.5,0.96,25.05,0.0,0,1,24.444444,2
31823,8,24,7,1,24.07,0.0,65.74,4.7,1.2,22.9,0.0,0,1,24.444444,2
31824,8,1,1,1,24.07,0.0,68.92,3.4,0.36,20.26,0.0,0,1,24.444444,2
31825,8,2,1,1,24.07,0.0,71.49,3.2,0.48,19.42,0.0,0,1,24.444444,2
31826,8,3,1,1,24.07,0.0,73.37,3.4,0.24,18.9,0.0,0,1,24.444444,2
31827,8,4,1,1,24.06,0.0,74.98,3.2,0.0,17.87,0.0,0,1,24.444444,2
31828,8,5,1,1,24.06,0.0,76.2,3.7,0.84,19.06,0.0,0,1,24.444444,2
31829,8,6,1,1,24.05,0.0,76.37,3.9,2.28,21.55,0.0,0,1,24.444444,2
31830,8,7,1,1,24.06,0.0,75.11,3.9,2.64,28.09,48.6457,0,1,24.444444,2
31831,8,8,1,1,24.06,0.0,72.69,4.6,7.08,33.78,180.281,0,1,24.444444,2
31832,8,9,1,1,24.07,0.0,69.93,4.0,5.88,36.1,351.423,0,1,24.444444,2
31833,8,10,1,1,24.08,0.0,67.25,5.4,7.08,40.29,496.561,0,1,24.444444,2
31834,8,11,1,1,24.07,0.0,65.15,4.4,7.56,38.6,606.188,0,1,24.444444,2
31835,8,12,1,1,24.07,0.0,63.86,5.0,2.52,40.28,664.978,0,1,24.444444,2
31836,8,13,1,1,24.07,0.0,61.69,4.8,3.48,41.41,692.232,0,1,24.444444,2
31837,8,14,1,1,24.18,0.1,57.35,10.9,19.56,51.02,664.246,0,1,24.444444,2
31838,8,15,1,1,24.09,0.02,55.44,4.5,2.16,46.49,588.552,0,1,24.444444,2
31839,8,16,1,1,24.09,0.01,54.08,4.2,4.68,47.62,475.851,0,1,24.444444,2
31840,8,17,1,1,24.15,0.08,53.81,6.0,2.04,49.85,313.536,0,1,24.444444,2
31841,8,18,1,1,24.16,0.08,54.18,8.1,5.28,50.25,129.432,0,1,24.444444,2
31842,8,19,1,1,24.09,0.01,55.65,5.2,1.56,40.51,6.92782,0,1,24.444444,2
31843,8,20,1,1,24.08,0.0,57.27,5.0,3.0,36.88,0.0,0,1,24.444444,2
31844,8,21,1,1,24.07,0.0,58.98,6.3,0.72,37.02,0.0,0,1,24.444444,2
31845,8,22,1,1,24.07,0.0,60.39,6.6,1.2,35.48,0.0,0,1,24.444444,2
31846,8,23,1,1,24.07,0.0,62.12,4.9,0.96,31.32,0.0,0,1,24.444444,2
31847,8,24,1,1,24.07,0.0,63.41,6.1,0.48,31.88,0.0,0,1,24.444444,2
31848,8,1,2,1,24.07,0.0,65.1,3.5,0.72,24.9,0.0,0,1,24.444444,2
31849,8,2,2,1,24.07,0.0,67.43,4.7,0.48,25.27,0.0,0,1,24.444444,2
31850,8,3,2,1,24.07,0.0,69.69,3.1,0.72,21.8,0.0,0,1,24.444444,2
31851,8,4,2,1,24.07,0.0,71.84,3.6,0.36,20.89,0.0,0,1,24.444444,2
31852,8,5,2,1,24.07,0.0,73.39,3.7,0.36,19.38,0.0,0,1,24.444444,2
31853,8,6,2,1,24.06,0.0,74.36,3.8,0.36,21.95,0.0,0,1,24.444444,2
31854,8,7,2,1,24.07,0.0,73.12,4.2,5.4,32.43,42.3516,0,1,24.444444,2
31855,8,8,2,1,24.07,0.0,70.71,4.2,2.04,35.91,175.666,0,1,24.444444,2
31856,8,9,2,1,24.08,0.0,69.12,4.6,10.56,38.76,342.363,0,1,24.444444,2
31857,8,10,2,1,24.07,0.0,67.61,4.2,8.64,38.53,425.204,0,1,24.444444,2
31858,8,11,2,1,24.08,0.0,64.49,8.1,3.36,44.67,560.164,0,1,24.444444,2
31859,8,12,2,1,24.08,0.01,61.45,9.4,3.0,43.39,611.368,0,1,24.444444,2
31860,8,13,2,1,24.08,0.01,60.0,7.6,2.76,41.8,704.233,0,1,24.444444,2
31861,8,14,2,1,24.1,0.03,57.77,8.9,4.68,48.42,614.082,0,1,24.444444,2
31862,8,15,2,1,24.08,0.01,56.22,4.1,7.32,44.86,546.812,0,1,24.444444,2
31863,8,16,2,1,24.07,0.0,55.42,3.9,6.36,45.23,454.859,0,1,24.444444,2
31864,8,17,2,1,24.07,0.0,55.98,4.5,3.48,40.92,240.038,0,1,24.444444,2
31865,8,18,2,1,24.08,0.0,57.53,9.5,3.72,44.89,101.909,0,1,24.444444,2
31866,8,19,2,1,24.07,0.0,58.79,7.6,2.52,36.29,4.71277,0,1,24.444444,2
31867,8,20,2,1,24.07,0.0,58.92,9.3,6.12,35.49,0.0,0,1,24.444444,2
31868,8,21,2,1,24.07,0.0,59.74,6.9,2.64,30.85,0.0,0,1,24.444444,2
31869,8,22,2,1,24.07,0.0,62.11,4.4,1.44,26.21,0.0,0,1,24.444444,2
31870,8,23,2,1,24.07,0.0,64.13,5.7,2.16,27.0,0.0,0,1,24.444444,2
31871,8,24,2,1,24.07,0.0,66.07,4.6,0.6,23.9,0.0,0,1,24.444444,2
31872,8,1,3,1,24.07,0.0,67.9,3.3,0.84,20.01,0.0,0,1,24.444444,2
31873,8,2,3,1,24.07,0.0,69.73,4.6,0.6,20.91,0.0,0,1,24.444444,2
31874,8,3,3,1,24.07,0.0,71.22,3.4,0.12,18.57,0.0,0,1,24.444444,2
31875,8,4,3,1,24.06,0.0,72.54,3.3,0.24,17.03,0.0,0,1,24.444444,2
31876,8,5,3,1,24.05,0.0,74.02,3.5,0.96,15.72,0.0,0,1,24.444444,2
31877,8,6,3,1,24.05,0.0,75.07,4.1,5.04,18.61,0.0,0,1,24.444444,2
31878,8,7,3,1,24.05,0.0,73.97,4.5,20.64,29.4,41.9127,0,1,24.444444,2
31879,8,8,3,1,24.08,0.01,70.93,7.1,7.56,37.8,175.53,0,1,24.444444,2
31880,8,9,3,1,24.11,0.04,67.59,7.4,5.4,39.81,354.427,0,1,24.444444,2
31881,8,10,3,1,24.08,0.0,65.83,3.9,2.4,35.53,508.412,0,1,24.444444,2
31882,8,11,3,1,24.07,0.0,64.57,4.1,1.32,34.49,611.554,0,1,24.444444,2
31883,8,12,3,1,24.07,0.0,64.1,4.2,2.64,32.5,275.935,0,1,24.444444,2
31884,8,13,3,1,24.07,0.0,62.9,8.1,4.8,35.72,198.846,0,1,24.444444,2
31885,8,14,3,1,24.07,0.0,60.79,10.3,1.92,40.58,329.992,0,1,24.444444,2
31886,8,15,3,1,24.07,0.0,58.97,10.0,2.16,46.12,481.261,0,1,24.444444,2
31887,8,16,3,1,24.07,0.0,58.32,4.7,1.2,42.62,453.211,0,1,24.444444,2
31888,8,17,3,1,24.07,0.0,57.41,8.2,1.08,46.58,271.237,0,1,24.444444,2
31889,8,18,3,1,24.07,0.0,57.73,3.7,1.8,36.34,104.579,0,1,24.444444,2
31890,8,19,3,1,24.07,0.0,58.73,9.3,1.68,39.69,4.52287,0,1,24.444444,2
31891,8,20,3,1,24.07,0.0,60.12,8.1,1.56,34.64,0.0,0,1,24.444444,2
31892,8,21,3,1,24.07,0.0,61.09,10.3,2.4,36.67,0.0,0,1,24.444444,2
31893,8,22,3,1,24.07,0.0,62.18,9.4,0.72,34.0,0.0,0,1,24.444444,2
31894,8,23,3,1,24.07,0.0,64.45,6.4,0.48,28.38,0.0,0,1,24.444444,2
31895,8,24,3,1,24.07,0.0,67.75,3.1,0.24,22.21,0.0,0,1,24.444444,2
31896,8,1,4,1,24.07,0.0,70.42,4.1,0.12,23.82,0.0,0,1,24.444444,2
31897,8,2,4,1,24.07,0.0,71.73,4.9,0.24,25.0,0.0,0,1,24.444444,2
31898,8,3,4,1,24.07,0.0,72.04,5.0,0.6,24.54,0.0,0,1,24.444444,2
31899,8,4,4,1,24.07,0.0,72.76,3.7,1.68,21.51,0.0,0,1,24.444444,2
31900,8,5,4,1,24.07,0.0,73.88,3.5,0.84,20.52,0.0,0,1,24.444444,2
31901,8,6,4,1,24.07,0.0,71.89,10.5,3.72,33.65,0.0,0,1,24.444444,2
31902,8,7,4,1,24.07,0.0,70.5,6.3,12.96,24.81,13.1842,0,1,24.444444,2
31903,8,8,4,1,24.07,0.0,70.81,5.4,6.84,26.19,122.051,0,1,24.444444,2
31904,8,9,4,1,24.07,0.0,69.65,5.5,10.56,31.23,247.046,0,1,24.444444,2
31905,8,10,4,1,24.07,0.0,68.07,4.1,4.44,33.05,365.459,0,1,24.444444,2
31906,8,11,4,1,24.07,0.0,66.3,3.9,3.12,34.23,506.277,0,1,24.444444,2
31907,8,12,4,1,24.07,0.0,63.17,7.7,1.2,40.61,624.173,0,1,24.444444,2
31908,8,13,4,1,24.09,0.01,59.57,8.8,1.8,44.62,581.719,0,1,24.444444,2
31909,8,14,4,1,24.1,0.03,55.73,9.5,1.56,46.53,574.73,0,1,24.444444,2
31910,8,15,4,1,24.1,0.02,54.43,9.0,1.56,48.27,561.488,0,1,24.444444,2
31911,8,16,4,1,24.08,0.0,54.62,3.9,1.56,40.57,318.293,0,1,24.444444,2
31912,8,17,4,1,24.09,0.01,55.22,8.9,2.16,43.26,116.417,0,1,24.444444,2
31913,8,18,4,1,24.08,0.0,57.11,4.9,2.52,36.1,51.9228,0,1,24.444444,2
31914,8,19,4,1,24.07,0.0,59.31,6.7,0.96,36.18,0.444233,0,1,24.444444,2
31915,8,20,4,1,24.07,0.0,60.82,7.7,1.92,36.14,0.0,0,1,24.444444,2
31916,8,21,4,1,24.07,0.0,60.8,9.5,1.32,37.82,0.0,0,1,24.444444,2
31917,8,22,4,1,24.07,0.0,60.91,7.1,2.76,31.62,0.0,0,1,24.444444,2
31918,8,23,4,1,24.07,0.0,62.85,5.3,0.6,27.66,0.0,0,1,24.444444,2
31919,8,24,4,1,24.07,0.0,65.42,3.6,1.32,24.45,0.0,0,1,24.444444,2
31920,8,1,5,1,24.07,0.0,68.46,3.3,0.6,23.78,0.0,0,1,24.444444,2
31921,8,2,5,1,24.07,0.0,70.93,3.1,0.6,23.26,0.0,0,1,24.444444,2
31922,8,3,5,1,24.07,0.0,72.26,3.4,0.24,24.25,0.0,0,1,24.444444,2
31923,8,4,5,1,24.07,0.0,72.5,3.0,1.44,22.69,0.0,0,1,24.444444,2
31924,8,5,5,1,24.07,0.0,72.38,3.8,0.96,23.5,0.0,0,1,24.444444,2
31925,8,6,5,1,24.07,0.0,72.37,3.2,2.88,22.48,0.0,0,1,24.444444,2
31926,8,7,5,1,24.07,0.0,70.76,7.7,6.24,31.41,34.2441,0,1,24.444444,2
31927,8,8,5,1,24.07,0.0,68.89,7.7,4.8,29.26,79.253,0,1,24.444444,2
31928,8,9,5,1,24.07,0.0,67.89,7.0,1.68,28.67,112.459,0,1,24.444444,2
31929,8,10,5,1,24.07,0.0,67.88,3.6,4.08,28.19,264.904,0,1,24.444444,2
31930,8,11,5,1,24.07,0.0,66.61,3.9,2.28,35.17,551.375,0,1,24.444444,2
31931,8,12,5,1,24.1,0.02,63.53,9.6,3.6,45.86,599.788,0,1,24.444444,2
31932,8,13,5,1,24.1,0.03,61.48,8.8,0.96,45.71,564.655,0,1,24.444444,2
31933,8,14,5,1,24.12,0.05,59.8,10.1,1.08,49.56,593.75,0,1,24.444444,2
31934,8,15,5,1,24.12,0.05,58.32,9.0,1.32,50.44,536.585,0,1,24.444444,2
31935,8,16,5,1,24.11,0.04,58.55,8.2,2.64,50.04,411.502,0,1,24.444444,2
31936,8,17,5,1,24.12,0.04,59.18,8.7,2.16,49.44,229.697,0,1,24.444444,2
31937,8,18,5,1,24.12,0.05,58.98,9.3,0.84,46.89,85.4513,0,1,24.444444,2
31938,8,19,5,1,24.11,0.03,59.05,9.3,1.2,42.21,2.92787,0,1,24.444444,2
31939,8,20,5,1,24.09,0.02,58.92,9.4,2.04,39.8,0.0,0,1,24.444444,2
31940,8,21,5,1,24.08,0.01,59.58,7.9,1.92,36.29,0.0,0,1,24.444444,2
31941,8,22,5,1,24.08,0.01,60.31,10.2,0.84,38.61,0.0,0,1,24.444444,2
31942,8,23,5,1,24.07,0.0,62.35,4.7,1.08,29.24,0.0,0,1,24.444444,2
31943,8,24,5,1,24.07,0.0,65.09,5.0,0.36,28.97,0.0,0,1,24.444444,2
31944,8,1,6,1,24.07,0.0,65.11,10.9,0.36,38.34,0.0,0,1,24.444444,2
31945,8,2,6,1,24.07,0.0,63.5,12.3,0.72,38.66,0.0,0,1,24.444444,2
31946,8,3,6,1,24.07,0.0,62.41,11.0,0.48,34.12,0.0,0,1,24.444444,2
31947,8,4,6,1,24.07,0.0,62.22,9.3,0.6,30.15,0.0,0,1,24.444444,2
31948,8,5,6,1,24.07,0.0,63.75,4.7,0.96,22.72,0.0,0,1,24.444444,2
31949,8,6,6,1,24.07,0.0,65.76,3.0,4.32,20.48,0.0,0,1,24.444444,2
31950,8,7,6,1,24.07,0.0,64.52,11.5,22.68,35.91,30.7155,0,1,24.444444,2
31951,8,8,6,1,24.07,0.0,62.46,7.3,6.48,29.42,124.552,0,1,24.444444,2
31952,8,9,6,1,24.07,0.0,60.04,11.1,5.64,38.44,270.425,0,1,24.444444,2
31953,8,10,6,1,24.07,0.0,59.78,3.7,0.96,27.93,279.682,0,1,24.444444,2
31954,8,11,6,1,24.11,0.04,58.94,14.0,2.52,47.88,526.358,0,1,24.444444,2
31955,8,12,6,1,24.13,0.06,57.76,11.8,1.2,46.82,554.597,0,1,24.444444,2
31956,8,13,6,1,24.12,0.05,57.26,9.4,4.08,45.14,546.1,0,1,24.444444,2
31957,8,14,6,1,24.12,0.05,57.21,9.8,1.08,47.08,439.623,0,1,24.444444,2
31958,8,15,6,1,24.11,0.04,56.49,9.0,3.36,44.9,297.514,0,1,24.444444,2
31959,8,16,6,1,24.09,0.02,56.26,8.2,0.24,41.85,193.788,0,1,24.444444,2
31960,8,17,6,1,24.1,0.02,57.06,9.7,2.04,43.35,134.904,0,1,24.444444,2
31961,8,18,6,1,24.09,0.02,58.13,9.2,1.44,42.08,55.0629,0,1,24.444444,2
31962,8,19,6,1,24.09,0.02,59.46,9.7,1.32,40.99,0.393803,0,1,24.444444,2
31963,8,20,6,1,24.09,0.01,60.33,9.6,2.64,39.66,0.0,0,1,24.444444,2
31964,8,21,6,1,24.08,0.01,61.35,8.6,2.28,37.42,0.0,0,1,24.444444,2
31965,8,22,6,1,24.08,0.01,62.36,9.8,2.04,38.54,0.0,0,1,24.444444,2
31966,8,23,6,1,24.08,0.01,62.59,10.4,0.48,38.6,0.0,0,1,24.444444,2
31967,8,24,6,1,24.08,0.01,62.44,11.1,0.36,38.66,0.0,0,1,24.444444,2
31968,8,1,7,1,24.07,0.0,63.53,5.3,0.6,27.64,0.0,0,1,24.444444,2
31969,8,2,7,1,24.07,0.0,65.67,3.1,0.48,22.53,0.0,0,1,24.444444,2
31970,8,3,7,1,24.07,0.0,67.28,4.8,0.0,24.89,0.0,0,1,24.444444,2
31971,8,4,7,1,24.07,0.0,68.08,3.7,3.84,22.24,0.0,0,1,24.444444,2
31972,8,5,7,1,24.07,0.0,69.12,5.0,0.6,24.92,0.0,0,1,24.444444,2
31973,8,6,7,1,24.07,0.0,70.43,3.5,2.28,23.47,0.0,0,1,24.444444,2
31974,8,7,7,1,24.07,0.0,69.25,7.2,9.48,35.05,41.7412,0,1,24.444444,2
31975,8,8,7,1,24.08,0.01,65.92,10.5,14.4,44.44,168.692,0,1,24.444444,2
31976,8,9,7,1,24.07,0.0,64.03,5.2,7.32,37.36,300.299,0,1,24.444444,2
31977,8,10,7,1,24.1,0.02,62.92,7.2,0.96,43.6,502.284,0,1,24.444444,2
31978,8,11,7,1,24.07,0.0,62.24,4.7,3.24,40.93,462.616,0,1,24.444444,2
31979,8,12,7,1,24.09,0.02,61.19,7.6,3.84,46.23,498.609,0,1,24.444444,2
31980,8,13,7,1,24.1,0.03,60.34,7.3,1.56,45.78,454.242,0,1,24.444444,2
31981,8,14,7,1,24.18,0.11,58.44,10.3,5.04,51.33,573.548,0,1,24.444444,2
31982,8,15,7,1,24.22,0.15,55.44,10.8,3.6,52.93,562.358,0,1,24.444444,2
31983,8,16,7,1,24.16,0.09,54.42,8.5,3.36,49.75,365.894,0,1,24.444444,2
31984,8,17,7,1,24.22,0.14,54.28,11.4,3.12,49.06,170.297,0,1,24.444444,2
31985,8,18,7,1,24.26,0.19,54.82,12.6,0.72,48.66,60.7777,0,1,24.444444,2
31986,8,19,7,1,24.17,0.09,56.87,9.2,1.44,42.72,0.40325,0,1,24.444444,2
31987,8,20,7,1,24.1,0.03,58.87,8.0,2.04,39.63,0.0,0,1,24.444444,2
31988,8,21,7,1,24.14,0.07,59.59,12.0,1.08,44.49,0.0,0,1,24.444444,2
31989,8,22,7,1,24.1,0.03,60.87,8.7,1.2,38.87,0.0,0,1,24.444444,2
31990,8,23,7,1,24.08,0.0,63.23,4.7,1.56,31.78,0.0,0,1,24.444444,2
31991,8,24,7,1,24.07,0.0,65.67,4.1,0.84,29.86,0.0,0,1,24.444444,2
31992,8,1,1,1,24.07,0.0,66.61,4.8,0.48,30.01,0.0,0,1,24.444444,2
31993,8,2,1,1,24.07,0.0,67.96,3.2,0.48,26.15,0.0,0,1,24.444444,2
31994,8,3,1,1,24.07,0.0,68.63,3.4,0.12,25.92,0.0,0,1,24.444444,2
31995,8,4,1,1,24.07,0.0,69.01,3.5,0.24,25.15,0.0,0,1,24.444444,2
31996,8,5,1,1,24.07,0.0,68.85,4.4,0.84,24.35,0.0,0,1,24.444444,2
31997,8,6,1,1,24.07,0.0,68.1,4.0,0.96,21.98,0.0,0,1,24.444444,2
31998,8,7,1,1,24.07,0.0,68.35,3.3,7.2,23.7,39.372,0,1,24.444444,2
31999,8,8,1,1,24.07,0.0,68.86,5.6,6.24,32.06,146.582,0,1,24.444444,2
32000,8,9,1,1,24.07,0.0,68.01,5.9,6.96,36.95,279.471,0,1,24.444444,2
32001,8,10,1,1,24.07,0.0,66.57,4.5,4.32,36.1,364.009,0,1,24.444444,2
32002,8,11,1,1,24.07,0.0,65.84,5.2,3.6,27.21,180.938,0,1,24.444444,2
32003,8,12,1,1,24.07,0.0,65.19,4.8,1.92,23.8,168.951,0,1,24.444444,2
32004,8,13,1,1,24.07,0.0,64.26,9.8,1.56,33.27,150.386,0,1,24.444444,2
32005,8,14,1,1,24.07,0.0,63.69,9.9,6.0,31.34,81.1278,0,1,24.444444,2
32006,8,15,1,1,24.07,0.0,63.7,4.3,3.12,22.09,128.295,0,1,24.444444,2
32007,8,16,1,1,24.07,0.0,64.6,5.2,1.56,24.35,158.265,0,1,24.444444,2
32008,8,17,1,1,24.07,0.0,65.03,5.6,3.84,23.53,63.0881,0,1,24.444444,2
32009,8,18,1,1,24.07,0.0,67.0,4.2,3.24,20.91,13.3345,0,1,24.444444,2
32010,8,19,1,1,24.07,0.0,67.27,11.2,3.24,32.79,0.0,0,1,24.444444,2
32011,8,20,1,1,24.07,0.0,68.06,5.4,1.8,21.48,0.0,0,1,24.444444,2
32012,8,21,1,1,24.07,0.0,68.19,8.6,0.96,27.86,0.0,0,1,24.444444,2
32013,8,22,1,1,24.07,0.0,66.9,9.2,1.92,27.67,0.0,0,1,24.444444,2
32014,8,23,1,1,24.07,0.0,67.69,5.0,1.2,19.18,0.0,0,1,24.444444,2
32015,8,24,1,1,24.06,0.0,70.57,3.8,0.36,16.79,0.0,0,1,24.444444,2
32016,8,1,2,1,24.06,0.0,73.26,4.4,1.32,19.05,0.0,0,1,24.444444,2
32017,8,2,2,1,24.06,0.0,74.47,3.7,0.6,17.79,0.0,0,1,24.444444,2
32018,8,3,2,1,24.05,0.0,75.75,3.7,0.36,18.14,0.0,0,1,24.444444,2
32019,8,4,2,1,24.05,0.0,76.45,3.8,0.24,18.86,0.0,0,1,24.444444,2
32020,8,5,2,1,24.05,0.0,76.93,3.7,0.36,18.66,0.0,0,1,24.444444,2
32021,8,6,2,1,24.04,0.0,77.8,3.6,2.52,18.8,0.0,0,1,24.444444,2
32022,8,7,2,1,24.04,0.0,79.11,3.8,2.64,19.42,0.0,0,1,24.444444,2
32023,8,8,2,1,24.04,0.0,78.86,4.9,1.92,20.66,45.7739,0,1,24.444444,2
32024,8,9,2,1,24.04,0.0,77.64,4.5,3.84,20.89,82.3994,0,1,24.444444,2
32025,8,10,2,1,24.05,0.0,75.51,4.4,10.56,23.28,169.254,0,1,24.444444,2
32026,8,11,2,1,24.07,0.0,73.11,8.8,4.68,28.31,166.931,0,1,24.444444,2
32027,8,12,2,1,24.05,0.0,71.88,5.1,3.6,18.86,90.087,0,1,24.444444,2
32028,8,13,2,1,24.05,0.0,71.52,5.4,4.8,19.68,119.085,0,1,24.444444,2
32029,8,14,2,1,24.07,0.0,70.63,8.5,7.92,25.26,142.834,0,1,24.444444,2
32030,8,15,2,1,24.05,0.0,70.65,4.4,5.28,16.89,86.247,0,1,24.444444,2
32031,8,16,2,1,24.05,0.0,71.68,3.9,5.4,18.56,163.252,0,1,24.444444,2
32032,8,17,2,1,24.05,0.0,72.61,4.1,1.92,19.93,86.5525,0,1,24.444444,2
32033,8,18,2,1,24.07,0.0,70.62,10.2,3.84,31.35,21.2543,0,1,24.444444,2
32034,8,19,2,1,24.07,0.0,69.39,5.9,2.4,20.86,0.0,0,1,24.444444,2
32035,8,20,2,1,24.06,0.0,70.98,4.8,2.28,18.63,0.0,0,1,24.444444,2
32036,8,21,2,1,24.07,0.0,71.58,7.2,1.08,23.6,0.0,0,1,24.444444,2
32037,8,22,2,1,24.07,0.0,71.14,8.3,2.04,25.41,0.0,0,1,24.444444,2
32038,8,23,2,1,24.06,0.0,71.78,5.0,0.96,19.13,0.0,0,1,24.444444,2
32039,8,24,2,1,24.06,0.0,73.29,4.6,0.6,19.26,0.0,0,1,24.444444,2
32040,8,1,3,1,24.06,0.0,74.56,4.9,0.36,19.71,0.0,0,1,24.444444,2
32041,8,2,3,1,24.05,0.0,75.7,4.9,0.72,19.42,0.0,0,1,24.444444,2
32042,8,3,3,1,24.05,0.0,76.21,5.1,0.12,19.75,0.0,0,1,24.444444,2
32043,8,4,3,1,24.05,0.0,76.44,5.0,0.24,19.6,0.0,0,1,24.444444,2
32044,8,5,3,1,24.04,0.0,77.04,3.6,0.84,16.16,0.0,0,1,24.444444,2
32045,8,6,3,1,24.04,0.0,77.13,5.1,4.56,17.53,0.0,0,1,24.444444,2
32046,8,7,3,1,24.03,0.0,77.13,4.7,18.72,16.22,10.1978,0,1,24.444444,2
32047,8,8,3,1,24.01,0.0,77.87,4.9,7.08,14.03,48.2607,0,1,24.444444,2
32048,8,9,3,1,24.04,0.0,75.17,8.7,7.08,20.5,59.1562,0,1,24.444444,2
32049,8,10,3,1,24.04,0.0,73.55,6.2,6.96,18.16,114.686,0,1,24.444444,2
32050,8,11,3,1,24.04,0.0,72.69,4.7,2.28,20.53,369.684,0,1,24.444444,2
32051,8,12,3,1,24.05,0.0,71.87,5.9,3.96,23.5,303.337,0,1,24.444444,2
32052,8,13,3,1,24.04,0.0,72.1,4.4,2.52,19.25,152.529,0,1,24.444444,2
32053,8,14,3,1,24.07,0.0,70.14,11.5,1.08,33.51,237.454,0,1,24.444444,2
32054,8,15,3,1,24.07,0.0,67.36,10.9,0.36,32.83,220.511,0,1,24.444444,2
32055,8,16,3,1,24.06,0.0,68.21,4.4,2.16,23.7,307.285,0,1,24.444444,2
32056,8,17,3,1,24.06,0.0,70.03,5.9,1.8,23.93,50.9723,0,1,24.444444,2
32057,8,18,3,1,24.06,0.0,70.65,4.6,2.64,23.83,99.5459,0,1,24.444444,2
32058,8,19,3,1,24.07,0.0,69.61,10.5,3.12,31.06,1.41847,0,1,24.444444,2
32059,8,20,3,1,24.07,0.0,68.71,9.0,3.36,26.68,0.0,0,1,24.444444,2
32060,8,21,3,1,24.07,0.0,68.51,10.0,5.04,28.61,0.0,0,1,24.444444,2
32061,8,22,3,1,24.07,0.0,68.94,8.5,5.04,26.13,0.0,0,1,24.444444,2
32062,8,23,3,1,24.07,0.0,71.63,5.5,0.96,21.63,0.0,0,1,24.444444,2
32063,8,24,3,1,24.07,0.0,73.99,4.9,0.24,21.38,0.0,0,1,24.444444,2
32064,8,1,4,1,24.06,0.0,76.01,4.0,0.12,19.87,0.0,0,1,24.444444,2
32065,8,2,4,1,24.05,0.0,78.27,3.4,0.84,18.31,0.0,0,1,24.444444,2
32066,8,3,4,1,24.04,0.0,78.64,3.7,0.0,17.79,0.0,0,1,24.444444,2
32067,8,4,4,1,24.04,0.0,78.43,3.5,0.24,17.25,0.0,0,1,24.444444,2
32068,8,5,4,1,24.04,0.0,78.46,3.6,0.84,18.29,0.0,0,1,24.444444,2
32069,8,6,4,1,24.07,0.0,75.55,9.9,2.52,32.56,0.0,0,1,24.444444,2
32070,8,7,4,1,24.07,0.0,72.48,7.1,17.76,28.42,35.2727,0,1,24.444444,2
32071,8,8,4,1,24.06,0.0,71.46,4.7,6.36,25.86,124.678,0,1,24.444444,2
32072,8,9,4,1,24.07,0.0,70.63,5.1,7.68,28.78,218.82,0,1,24.444444,2
32073,8,10,4,1,24.07,0.0,70.12,4.2,2.04,27.79,334.881,0,1,24.444444,2
32074,8,11,4,1,24.07,0.0,69.28,3.9,5.4,30.33,445.132,0,1,24.444444,2
32075,8,12,4,1,24.07,0.0,67.68,4.3,1.68,34.65,499.239,0,1,24.444444,2
32076,8,13,4,1,24.07,0.0,65.06,8.9,2.88,41.39,492.433,0,1,24.444444,2
32077,8,14,4,1,24.07,0.0,62.75,9.5,0.84,44.1,462.306,0,1,24.444444,2
32078,8,15,4,1,24.07,0.0,59.99,9.1,3.36,44.96,495.837,0,1,24.444444,2
32079,8,16,4,1,24.07,0.0,59.96,3.5,3.6,33.36,302.283,0,1,24.444444,2
32080,8,17,4,1,24.07,0.0,60.21,8.7,1.08,40.84,172.292,0,1,24.444444,2
32081,8,18,4,1,24.07,0.0,61.06,3.9,2.64,32.56,97.2782,0,1,24.444444,2
32082,8,19,4,1,24.07,0.0,62.68,7.0,2.88,32.67,1.3464,0,1,24.444444,2
32083,8,20,4,1,24.07,0.0,63.25,7.7,1.92,31.8,0.0,0,1,24.444444,2
32084,8,21,4,1,24.07,0.0,62.98,10.7,2.16,35.65,0.0,0,1,24.444444,2
32085,8,22,4,1,24.07,0.0,63.58,7.1,1.08,27.43,0.0,0,1,24.444444,2
32086,8,23,4,1,24.07,0.0,65.24,6.7,1.2,26.32,0.0,0,1,24.444444,2
32087,8,24,4,1,24.07,0.0,67.16,3.5,0.24,20.26,0.0,0,1,24.444444,2
32088,8,1,5,1,24.07,0.0,69.98,3.0,0.6,18.86,0.0,0,1,24.444444,2
32089,8,2,5,1,24.06,0.0,72.37,3.1,0.48,18.39,0.0,0,1,24.444444,2
32090,8,3,5,1,24.05,0.0,73.83,3.4,0.24,18.28,0.0,0,1,24.444444,2
32091,8,4,5,1,24.05,0.0,74.28,3.0,0.48,16.88,0.0,0,1,24.444444,2
32092,8,5,5,1,24.04,0.0,74.56,3.2,0.6,16.71,0.0,0,1,24.444444,2
32093,8,6,5,1,24.05,0.0,74.51,4.0,1.68,19.9,0.0,0,1,24.444444,2
32094,8,7,5,1,24.06,0.0,72.22,7.2,13.08,31.77,44.7939,0,1,24.444444,2
32095,8,8,5,1,24.07,0.0,68.96,7.8,1.68,34.63,178.292,0,1,24.444444,2
32096,8,9,5,1,24.07,0.0,67.34,7.6,4.32,29.32,169.738,0,1,24.444444,2
32097,8,10,5,1,24.07,0.0,66.9,4.0,4.2,29.6,517.823,0,1,24.444444,2
32098,8,11,5,1,24.07,0.0,65.71,5.7,0.84,37.4,607.715,0,1,24.444444,2
32099,8,12,5,1,24.07,0.0,63.36,7.0,4.56,41.52,517.644,0,1,24.444444,2
32100,8,13,5,1,24.09,0.01,59.61,8.7,1.8,43.55,635.376,0,1,24.444444,2
32101,8,14,5,1,24.11,0.04,57.32,10.2,1.2,47.58,645.821,0,1,24.444444,2
32102,8,15,5,1,24.1,0.03,55.94,9.1,1.92,48.09,615.409,0,1,24.444444,2
32103,8,16,5,1,24.08,0.0,55.1,7.5,0.6,46.14,480.608,0,1,24.444444,2
32104,8,17,5,1,24.07,0.0,54.24,9.1,2.16,46.54,302.745,0,1,24.444444,2
32105,8,18,5,1,24.07,0.0,54.02,9.3,2.76,42.23,108.393,0,1,24.444444,2
32106,8,19,5,1,24.07,0.0,54.5,9.9,2.52,35.08,2.01833,0,1,24.444444,2
32107,8,20,5,1,24.07,0.0,55.21,11.3,3.84,34.39,0.0,0,1,24.444444,2
32108,8,21,5,1,24.07,0.0,55.61,14.3,2.28,37.33,0.0,0,1,24.444444,2
32109,8,22,5,1,24.07,0.0,56.83,11.3,1.32,31.2,0.0,0,1,24.444444,2
32110,8,23,5,1,24.07,0.0,59.52,5.5,1.44,21.5,0.0,0,1,24.444444,2
32111,8,24,5,1,24.07,0.0,62.99,4.4,0.36,18.97,0.0,0,1,24.444444,2
32112,9,1,6,1,24.07,0.0,64.47,8.9,1.44,25.61,0.0,0,1,24.444444,2
32113,9,2,6,1,24.07,0.0,64.14,11.5,0.36,28.58,0.0,0,1,24.444444,2
32114,9,3,6,1,24.07,0.0,64.18,9.9,0.48,24.15,0.0,0,1,24.444444,2
32115,9,4,6,1,24.07,0.0,64.34,11.0,0.72,25.28,0.0,0,1,24.444444,2
32116,9,5,6,1,24.07,0.0,64.78,9.1,0.48,20.91,0.0,0,1,24.444444,2
32117,9,6,6,1,24.07,0.0,65.63,9.3,1.2,21.74,0.0,0,1,24.444444,2
32118,9,7,6,1,24.07,0.0,65.35,8.8,15.96,27.65,43.8089,0,1,24.444444,2
32119,9,8,6,1,24.07,0.0,64.06,10.0,9.84,33.75,179.031,0,1,24.444444,2
32120,9,9,6,1,24.07,0.0,62.0,9.9,4.68,36.33,362.039,0,1,24.444444,2
32121,9,10,6,1,24.07,0.0,60.51,10.3,4.08,38.92,489.58,0,1,24.444444,2
32122,9,11,6,1,24.07,0.0,59.17,8.6,3.6,37.47,530.814,0,1,24.444444,2
32123,9,12,6,1,24.07,0.0,58.54,7.3,1.68,36.24,651.586,0,1,24.444444,2
32124,9,13,6,1,24.07,0.0,57.94,7.4,0.96,39.28,687.933,0,1,24.444444,2
32125,9,14,6,1,24.1,0.02,56.53,9.9,5.88,46.72,663.683,0,1,24.444444,2
32126,9,15,6,1,24.14,0.07,54.22,12.5,1.56,52.47,576.364,0,1,24.444444,2
32127,9,16,6,1,24.1,0.03,53.08,8.6,2.52,48.82,446.419,0,1,24.444444,2
32128,9,17,6,1,24.12,0.04,52.26,11.1,1.44,49.91,279.826,0,1,24.444444,2
32129,9,18,6,1,24.09,0.02,52.5,9.3,4.2,44.1,97.7691,0,1,24.444444,2
32130,9,19,6,1,24.09,0.02,53.6,11.6,2.04,41.46,1.10403,0,1,24.444444,2
32131,9,20,6,1,24.09,0.02,55.03,11.5,7.92,39.93,0.0,0,1,24.444444,2
32132,9,21,6,1,24.08,0.01,55.92,10.9,4.92,37.44,0.0,0,1,24.444444,2
32133,9,22,6,1,24.12,0.05,55.16,17.8,0.36,43.7,0.0,0,1,24.444444,2
32134,9,23,6,1,24.08,0.0,55.7,12.1,1.08,33.79,0.0,0,1,24.444444,2
32135,9,24,6,1,24.07,0.0,57.37,10.0,0.72,29.31,0.0,0,1,24.444444,2
32136,9,1,7,1,24.07,0.0,58.87,7.3,0.24,23.99,0.0,0,1,24.444444,2
32137,9,2,7,1,24.07,0.0,61.35,4.2,0.0,17.42,0.0,0,1,24.444444,2
32138,9,3,7,1,24.07,0.0,63.44,8.8,0.0,24.0,0.0,0,1,24.444444,2
32139,9,4,7,1,24.07,0.0,64.19,9.0,0.36,22.87,0.0,0,1,24.444444,2
32140,9,5,7,1,24.07,0.0,64.71,9.2,0.48,23.26,0.0,0,1,24.444444,2
32141,9,6,7,1,24.07,0.0,64.66,9.4,11.16,24.74,0.0,0,1,24.444444,2
32142,9,7,7,1,24.07,0.0,63.75,8.1,14.04,27.91,44.1099,0,1,24.444444,2
32143,9,8,7,1,24.07,0.0,61.6,10.8,18.96,36.33,183.963,0,1,24.444444,2
32144,9,9,7,1,24.1,0.03,58.61,13.2,5.4,41.95,359.148,0,1,24.444444,2
32145,9,10,7,1,24.08,0.01,56.46,11.2,0.48,40.3,511.633,0,1,24.444444,2
32146,9,11,7,1,24.07,0.0,55.33,9.6,1.92,37.91,616.033,0,1,24.444444,2
32147,9,12,7,1,24.08,0.0,54.46,10.7,1.56,39.77,683.433,0,1,24.444444,2
32148,9,13,7,1,24.07,0.0,53.95,7.5,7.44,37.79,706.053,0,1,24.444444,2
32149,9,14,7,1,24.08,0.01,52.49,8.6,4.44,42.84,671.401,0,1,24.444444,2
32150,9,15,7,1,24.08,0.01,50.92,9.7,1.32,47.32,588.373,0,1,24.444444,2
32151,9,16,7,1,24.13,0.05,49.47,11.9,1.32,50.17,463.375,0,1,24.444444,2
32152,9,17,7,1,24.19,0.12,48.48,14.2,8.04,51.14,293.204,0,1,24.444444,2
32153,9,18,7,1,24.1,0.02,49.56,9.4,1.2,44.13,102.946,0,1,24.444444,2
32154,9,19,7,1,24.08,0.0,51.39,8.7,0.6,37.18,1.08711,0,1,24.444444,2
32155,9,20,7,1,24.09,0.01,52.85,13.0,3.12,40.61,0.0,0,1,24.444444,2
32156,9,21,7,1,24.08,0.01,54.47,13.0,1.92,39.22,0.0,0,1,24.444444,2
32157,9,22,7,1,24.08,0.01,55.21,14.3,1.2,39.07,0.0,0,1,24.444444,2
32158,9,23,7,1,24.07,0.0,56.77,9.7,0.96,30.71,0.0,0,1,24.444444,2
32159,9,24,7,1,24.07,0.0,59.53,5.0,4.92,21.83,0.0,0,1,24.444444,2
32160,9,1,8,1,24.07,0.0,61.94,8.4,0.84,26.07,0.0,0,1,24.444444,2
32161,9,2,8,1,24.07,0.0,64.18,3.4,0.6,16.01,0.0,0,1,24.444444,2
32162,9,3,8,1,24.06,0.0,67.53,3.5,0.12,14.91,0.0,0,1,24.444444,2
32163,9,4,8,1,24.06,0.0,69.29,5.5,0.36,16.96,0.0,0,1,24.444444,2
32164,9,5,8,1,24.04,0.0,70.68,4.6,0.48,14.34,0.0,0,1,24.444444,2
32165,9,6,8,1,24.02,0.0,72.35,4.2,1.44,14.57,0.0,0,1,24.444444,2
32166,9,7,8,1,24.03,0.0,71.76,4.6,8.64,23.86,45.9533,0,1,24.444444,2
32167,9,8,8,1,24.05,0.0,69.06,5.6,7.92,30.98,181.07,0,1,24.444444,2
32168,9,9,8,1,24.06,0.0,66.51,5.6,12.0,33.26,362.771,0,1,24.444444,2
32169,9,10,8,1,24.07,0.0,64.51,4.2,3.72,31.92,516.98,0,1,24.444444,2
32170,9,11,8,1,24.07,0.0,62.33,5.3,8.16,35.2,582.602,0,1,24.444444,2
32171,9,12,8,1,24.09,0.02,58.72,10.1,7.08,43.5,621.531,0,1,24.444444,2
32172,9,13,8,1,24.1,0.03,55.43,10.0,0.84,44.08,642.757,0,1,24.444444,2
32173,9,14,8,1,24.1,0.03,52.64,8.9,13.56,44.4,608.499,0,1,24.444444,2
32174,9,15,8,1,24.2,0.12,49.69,16.2,6.72,52.49,499.86,0,1,24.444444,2
32175,9,16,8,1,24.12,0.05,48.51,11.3,6.24,47.67,398.414,0,1,24.444444,2
32176,9,17,8,1,24.1,0.03,48.51,11.2,1.8,46.88,258.328,0,1,24.444444,2
32177,9,18,8,1,24.17,0.09,48.57,15.3,3.6,48.36,87.6893,0,1,24.444444,2
32178,9,19,8,1,24.1,0.02,50.08,9.4,3.24,37.46,0.0,0,1,24.444444,2
32179,9,20,8,1,24.08,0.0,51.87,7.5,2.88,32.99,0.0,0,1,24.444444,2
32180,9,21,8,1,24.07,0.0,53.74,7.2,1.44,31.06,0.0,0,1,24.444444,2
32181,9,22,8,1,24.07,0.0,55.07,10.0,1.2,33.33,0.0,0,1,24.444444,2
32182,9,23,8,1,24.07,0.0,56.87,5.3,0.48,25.08,0.0,0,1,24.444444,2
32183,9,24,8,1,24.07,0.0,59.02,4.1,0.84,21.5,0.0,0,1,24.444444,2
32184,9,1,2,1,24.07,0.0,60.07,9.0,0.48,26.92,0.0,0,1,24.444444,2
32185,9,2,2,1,24.07,0.0,61.11,9.3,0.36,25.38,0.0,0,1,24.444444,2
32186,9,3,2,1,24.07,0.0,62.22,9.1,0.72,23.75,0.0,0,1,24.444444,2
32187,9,4,2,1,24.07,0.0,63.09,8.9,0.48,22.42,0.0,0,1,24.444444,2
32188,9,5,2,1,24.06,0.0,65.19,4.7,0.6,14.65,0.0,0,1,24.444444,2
32189,9,6,2,1,24.07,0.0,66.47,8.9,0.84,22.23,0.0,0,1,24.444444,2
32190,9,7,2,1,24.07,0.0,66.05,5.7,3.24,23.86,39.2369,0,1,24.444444,2
32191,9,8,2,1,24.06,0.0,65.2,5.0,4.56,28.01,170.985,0,1,24.444444,2
32192,9,9,2,1,24.06,0.0,63.77,3.8,9.96,29.01,341.413,0,1,24.444444,2
32193,9,10,2,1,24.07,0.0,62.96,3.5,15.0,30.88,468.1,0,1,24.444444,2
32194,9,11,2,1,24.07,0.0,59.91,9.7,9.0,41.22,571.109,0,1,24.444444,2
32195,9,12,2,1,24.07,0.0,57.47,8.3,9.0,39.12,605.992,0,1,24.444444,2
32196,9,13,2,1,24.07,0.0,55.99,5.9,5.76,37.53,614.013,0,1,24.444444,2
32197,9,14,2,1,24.1,0.03,53.87,11.7,3.36,48.17,570.422,0,1,24.444444,2
32198,9,15,2,1,24.12,0.05,52.11,12.0,4.56,50.77,585.052,0,1,24.444444,2
32199,9,16,2,1,24.08,0.01,52.12,6.6,8.52,44.28,401.537,0,1,24.444444,2
32200,9,17,2,1,24.12,0.05,51.23,12.4,2.4,49.53,229.57,0,1,24.444444,2
32201,9,18,2,1,24.12,0.04,49.95,11.8,3.96,44.92,74.9577,0,1,24.444444,2
32202,9,19,2,1,24.09,0.01,51.1,10.5,2.52,38.58,0.0,0,1,24.444444,2
32203,9,20,2,1,24.09,0.01,52.87,13.1,2.64,40.57,0.0,0,1,24.444444,2
32204,9,21,2,1,24.09,0.01,54.77,12.6,1.08,39.29,0.0,0,1,24.444444,2
32205,9,22,2,1,24.07,0.0,56.4,10.3,1.68,34.44,0.0,0,1,24.444444,2
32206,9,23,2,1,24.07,0.0,58.53,5.5,0.48,25.76,0.0,0,1,24.444444,2
32207,9,24,2,1,24.07,0.0,61.59,3.5,0.6,22.09,0.0,0,1,24.444444,2
32208,9,1,3,1,24.07,0.0,64.39,3.7,0.36,21.19,0.0,0,1,24.444444,2
32209,9,2,3,1,24.07,0.0,67.04,3.2,0.72,18.86,0.0,0,1,24.444444,2
32210,9,3,3,1,24.07,0.0,68.93,3.8,0.12,18.85,0.0,0,1,24.444444,2
32211,9,4,3,1,24.07,0.0,69.79,4.7,0.36,18.9,0.0,0,1,24.444444,2
32212,9,5,3,1,24.06,0.0,71.06,3.7,0.24,16.35,0.0,0,1,24.444444,2
32213,9,6,3,1,24.06,0.0,71.98,4.0,1.92,18.26,0.0,0,1,24.444444,2
32214,9,7,3,1,24.07,0.0,71.24,6.3,8.64,26.46,38.3372,0,1,24.444444,2
32215,9,8,3,1,24.07,0.0,69.69,6.3,6.72,30.94,168.313,0,1,24.444444,2
32216,9,9,3,1,24.07,0.0,66.87,6.1,16.68,35.12,341.804,0,1,24.444444,2
32217,9,10,3,1,24.07,0.0,64.56,3.3,5.28,32.28,500.745,0,1,24.444444,2
32218,9,11,3,1,24.08,0.0,61.67,9.7,7.32,42.6,596.373,0,1,24.444444,2
32219,9,12,3,1,24.08,0.0,59.6,6.5,6.12,38.2,671.008,0,1,24.444444,2
32220,9,13,3,1,24.08,0.0,58.12,6.4,1.32,40.44,555.49,0,1,24.444444,2
32221,9,14,3,1,24.1,0.02,55.41,9.7,5.04,46.11,491.587,0,1,24.444444,2
32222,9,15,3,1,24.11,0.04,54.12,12.1,3.24,47.14,308.554,0,1,24.444444,2
32223,9,16,3,1,24.09,0.02,53.7,10.5,0.72,43.98,226.237,0,1,24.444444,2
32224,9,17,3,1,24.08,0.01,53.57,9.5,6.36,45.52,256.379,0,1,24.444444,2
32225,9,18,3,1,24.09,0.01,53.58,10.4,2.64,43.78,83.8708,0,1,24.444444,2
32226,9,19,3,1,24.09,0.01,54.19,12.6,8.76,41.0,0.0,0,1,24.444444,2
32227,9,20,3,1,24.08,0.01,55.34,12.5,5.88,38.85,0.0,0,1,24.444444,2
32228,9,21,3,1,24.08,0.0,56.61,11.7,1.32,36.96,0.0,0,1,24.444444,2
32229,9,22,3,1,24.08,0.0,57.61,13.3,1.44,38.21,0.0,0,1,24.444444,2
32230,9,23,3,1,24.07,0.0,60.05,6.1,1.08,26.18,0.0,0,1,24.444444,2
32231,9,24,3,1,24.07,0.0,62.06,7.5,0.6,25.8,0.0,0,1,24.444444,2
32232,9,1,4,1,24.07,0.0,62.42,7.1,0.36,22.85,0.0,0,1,24.444444,2
32233,9,2,4,1,24.07,0.0,62.99,7.0,0.48,20.83,0.0,0,1,24.444444,2
32234,9,3,4,1,24.06,0.0,64.93,3.5,0.48,14.68,0.0,0,1,24.444444,2
32235,9,4,4,1,24.05,0.0,68.09,3.9,0.72,15.34,0.0,0,1,24.444444,2
32236,9,5,4,1,24.04,0.0,69.96,3.7,0.6,13.82,0.0,0,1,24.444444,2
32237,9,6,4,1,24.04,0.0,69.7,5.4,2.52,16.36,0.0,0,1,24.444444,2
32238,9,7,4,1,24.05,0.0,68.52,6.2,17.04,19.04,41.1812,0,1,24.444444,2
32239,9,8,4,1,24.06,0.0,66.48,10.3,6.6,23.04,78.9455,0,1,24.444444,2
32240,9,9,4,1,24.05,0.0,65.01,5.8,7.32,17.17,203.135,0,1,24.444444,2
32241,9,10,4,1,24.04,0.0,64.56,3.5,5.64,17.39,291.378,0,1,24.444444,2
32242,9,11,4,1,24.07,0.0,61.96,9.0,2.16,28.21,450.025,0,1,24.444444,2
32243,9,12,4,1,24.07,0.0,58.88,6.1,0.72,25.89,566.789,0,1,24.444444,2
32244,9,13,4,1,24.07,0.0,57.19,6.0,2.28,26.03,348.062,0,1,24.444444,2
32245,9,14,4,1,24.07,0.0,54.76,8.5,1.2,30.07,375.344,0,1,24.444444,2
32246,9,15,4,1,24.07,0.0,52.42,9.2,1.08,33.23,476.44,0,1,24.444444,2
32247,9,16,4,1,24.07,0.0,50.85,8.5,1.08,34.19,430.699,0,1,24.444444,2
32248,9,17,4,1,24.07,0.0,50.4,9.5,1.44,34.51,265.721,0,1,24.444444,2
32249,9,18,4,1,24.07,0.0,50.69,9.3,2.88,31.47,86.1755,0,1,24.444444,2
32250,9,19,4,1,24.07,0.0,51.1,8.9,2.4,26.79,0.0,0,1,24.444444,2
32251,9,20,4,1,24.07,0.0,50.41,8.5,5.16,24.46,0.0,0,1,24.444444,2
32252,9,21,4,1,24.07,0.0,48.66,13.7,1.2,29.92,0.0,0,1,24.444444,2
32253,9,22,4,1,24.07,0.0,47.32,9.3,3.72,22.4,0.0,0,1,24.444444,2
32254,9,23,4,1,24.07,0.0,47.56,4.8,0.96,14.78,0.0,0,1,24.444444,2
32255,9,24,4,1,24.07,0.0,48.62,4.6,0.84,13.39,0.0,0,1,24.444444,2
32256,9,1,5,1,24.07,0.0,48.43,8.9,0.84,17.68,0.0,0,1,24.444444,2
32257,9,2,5,1,24.07,0.0,48.9,7.9,0.0,15.04,0.0,0,1,24.444444,2
32258,9,3,5,1,24.07,0.0,50.08,8.2,0.24,14.37,0.0,0,1,24.444444,2
32259,9,4,5,1,23.97,0.0,51.94,3.0,0.48,7.54,0.0,0,1,24.444444,2
32260,9,5,5,1,24.04,0.0,52.48,9.0,0.96,13.65,0.0,0,1,24.444444,2
32261,9,6,5,1,24.04,0.0,51.99,8.6,3.12,13.67,0.0,0,1,24.444444,2
32262,9,7,5,1,24.05,0.0,51.04,9.3,3.96,18.9,43.0621,0,1,24.444444,2
32263,9,8,5,1,24.05,0.0,49.46,10.1,8.64,22.76,193.808,0,1,24.444444,2
32264,9,9,5,1,24.06,0.0,47.09,9.3,3.72,23.53,394.881,0,1,24.444444,2
32265,9,10,5,1,24.07,0.0,45.33,9.2,11.52,24.78,552.604,0,1,24.444444,2
32266,9,11,5,1,24.08,0.0,44.64,9.7,2.4,25.39,679.295,0,1,24.444444,2
32267,9,12,5,1,24.08,0.0,43.89,7.6,3.72,23.04,738.223,0,1,24.444444,2
32268,9,13,5,1,24.07,0.0,43.09,7.0,1.2,23.58,767.627,0,1,24.444444,2
32269,9,14,5,1,24.07,0.0,42.45,8.1,0.84,27.77,712.752,0,1,24.444444,2
32270,9,15,5,1,24.07,0.0,41.75,9.2,0.84,32.59,621.265,0,1,24.444444,2
32271,9,16,5,1,24.07,0.0,41.35,7.8,0.84,32.76,490.966,0,1,24.444444,2
32272,9,17,5,1,24.08,0.0,41.5,8.2,1.8,33.37,307.054,0,1,24.444444,2
32273,9,18,5,1,24.08,0.0,41.75,10.6,5.28,32.98,102.292,0,1,24.444444,2
32274,9,19,5,1,24.08,0.0,41.87,11.9,8.76,28.58,0.0,0,1,24.444444,2
32275,9,20,5,1,24.08,0.0,42.05,12.1,4.08,27.01,0.0,0,1,24.444444,2
32276,9,21,5,1,24.07,0.0,42.49,11.8,1.32,25.6,0.0,0,1,24.444444,2
32277,9,22,5,1,24.07,0.0,43.16,11.2,3.72,23.52,0.0,0,1,24.444444,2
32278,9,23,5,1,24.07,0.0,43.63,9.4,2.76,19.64,0.0,0,1,24.444444,2
32279,9,24,5,1,24.07,0.0,44.28,8.9,0.48,17.51,0.0,0,1,24.444444,2
32280,9,1,6,1,24.07,0.0,45.08,9.2,0.6,16.81,0.0,0,1,24.444444,2
32281,9,2,6,1,24.07,0.0,45.69,9.9,0.48,16.8,0.0,0,1,24.444444,2
32282,9,3,6,1,24.07,0.0,46.25,9.6,0.36,15.25,0.0,0,1,24.444444,2
32283,9,4,6,1,24.07,0.0,46.79,10.3,0.48,14.99,0.0,0,1,24.444444,2
32284,9,5,6,1,24.06,0.0,47.68,8.7,0.84,12.28,0.0,0,1,24.444444,2
32285,9,6,6,1,24.05,0.0,48.73,9.2,3.0,12.88,0.0,0,1,24.444444,2
32286,9,7,6,1,24.05,0.0,49.34,8.2,20.52,17.27,40.7255,0,1,24.444444,2
32287,9,8,6,1,24.06,0.0,48.61,12.0,9.96,25.29,192.579,0,1,24.444444,2
32288,9,9,6,1,24.06,0.0,47.47,9.7,6.6,24.19,392.657,0,1,24.444444,2
32289,9,10,6,1,24.07,0.0,46.52,10.7,5.52,26.7,555.368,0,1,24.444444,2
32290,9,11,6,1,24.08,0.0,45.87,9.5,0.72,25.53,671.825,0,1,24.444444,2
32291,9,12,6,1,24.07,0.0,45.48,7.0,1.92,23.01,740.5,0,1,24.444444,2
32292,9,13,6,1,24.07,0.0,44.63,7.5,3.0,25.18,747.577,0,1,24.444444,2
32293,9,14,6,1,24.07,0.0,43.49,10.4,2.04,31.91,705.165,0,1,24.444444,2
32294,9,15,6,1,24.07,0.0,42.75,9.1,1.32,33.83,624.8,0,1,24.444444,2
32295,9,16,6,1,24.07,0.0,42.6,7.9,1.92,34.6,462.377,0,1,24.444444,2
32296,9,17,6,1,24.08,0.0,42.7,11.3,5.52,39.15,306.582,0,1,24.444444,2
32297,9,18,6,1,24.08,0.0,42.87,12.7,3.12,37.91,101.301,0,1,24.444444,2
32298,9,19,6,1,24.08,0.0,43.49,9.1,3.84,27.84,0.0,0,1,24.444444,2
32299,9,20,6,1,24.07,0.0,44.36,11.9,4.68,29.74,0.0,0,1,24.444444,2
32300,9,21,6,1,24.07,0.0,45.19,11.6,1.68,28.54,0.0,0,1,24.444444,2
32301,9,22,6,1,24.07,0.0,46.46,10.9,4.2,26.33,0.0,0,1,24.444444,2
32302,9,23,6,1,24.07,0.0,47.89,9.1,1.32,22.56,0.0,0,1,24.444444,2
32303,9,24,6,1,24.07,0.0,48.81,11.7,0.96,24.6,0.0,0,1,24.444444,2
32304,9,1,7,1,24.07,0.0,49.66,8.3,0.36,18.51,0.0,0,1,24.444444,2
32305,9,2,7,1,24.07,0.0,51.37,6.0,4.2,14.34,0.0,0,1,24.444444,2
32306,9,3,7,1,24.04,0.0,53.26,3.6,0.24,10.32,0.0,0,1,24.444444,2
32307,9,4,7,1,24.0,0.0,55.01,3.5,0.36,9.13,0.0,0,1,24.444444,2
32308,9,5,7,1,24.04,0.0,55.15,9.0,0.96,14.97,0.0,0,1,24.444444,2
32309,9,6,7,1,24.05,0.0,54.96,8.7,5.04,14.71,0.0,0,1,24.444444,2
32310,9,7,7,1,24.05,0.0,54.64,7.8,28.44,18.17,40.2159,0,1,24.444444,2
32311,9,8,7,1,24.06,0.0,53.42,11.8,5.64,26.69,188.988,0,1,24.444444,2
32312,9,9,7,1,24.07,0.0,52.1,10.5,5.88,27.23,373.851,0,1,24.444444,2
32313,9,10,7,1,24.07,0.0,51.3,10.8,1.92,29.56,536.033,0,1,24.444444,2
32314,9,11,7,1,24.07,0.0,51.15,10.2,2.4,30.12,655.574,0,1,24.444444,2
32315,9,12,7,1,24.07,0.0,50.93,9.1,1.08,30.81,722.019,0,1,24.444444,2
32316,9,13,7,1,24.07,0.0,50.38,6.7,7.32,29.78,741.018,0,1,24.444444,2
32317,9,14,7,1,24.07,0.0,48.22,11.1,4.68,38.46,693.752,0,1,24.444444,2
32318,9,15,7,1,24.07,0.0,46.21,11.9,1.8,41.35,600.255,0,1,24.444444,2
32319,9,16,7,1,24.07,0.0,45.67,9.4,1.2,38.61,446.045,0,1,24.444444,2
32320,9,17,7,1,24.07,0.0,45.88,13.8,9.12,43.26,272.532,0,1,24.444444,2
32321,9,18,7,1,24.08,0.0,47.02,8.7,1.8,33.99,84.3321,0,1,24.444444,2
32322,9,19,7,1,24.07,0.0,48.06,9.0,3.36,29.8,0.0,0,1,24.444444,2
32323,9,20,7,1,24.07,0.0,48.71,7.9,1.32,26.68,0.0,0,1,24.444444,2
32324,9,21,7,1,24.07,0.0,49.34,10.2,0.84,28.46,0.0,0,1,24.444444,2
32325,9,22,7,1,24.07,0.0,49.87,10.3,1.2,26.85,0.0,0,1,24.444444,2
32326,9,23,7,1,24.07,0.0,49.66,14.5,0.6,30.42,0.0,0,1,24.444444,2
32327,9,24,7,1,24.07,0.0,51.0,4.3,0.96,14.93,0.0,0,1,24.444444,2
32328,9,1,1,1,24.07,0.0,52.05,9.1,0.36,20.53,0.0,0,1,24.444444,2
32329,9,2,1,1,24.07,0.0,52.34,5.2,0.84,13.31,0.0,0,1,24.444444,2
32330,9,3,1,1,24.03,0.0,53.64,3.4,0.0,9.89,0.0,0,1,24.444444,2
32331,9,4,1,1,24.01,0.0,54.8,4.0,0.24,9.67,0.0,0,1,24.444444,2
32332,9,5,1,1,23.96,0.0,55.94,3.6,1.44,8.45,0.0,0,1,24.444444,2
32333,9,6,1,1,23.94,0.0,56.82,4.2,3.24,8.9,0.0,0,1,24.444444,2
32334,9,7,1,1,23.93,0.0,56.61,3.9,6.96,13.36,42.442,0,1,24.444444,2
32335,9,8,1,1,23.97,0.0,54.92,6.1,13.68,18.83,187.197,0,1,24.444444,2
32336,9,9,1,1,23.98,0.0,52.6,5.3,24.96,19.35,380.279,0,1,24.444444,2
32337,9,10,1,1,24.0,0.0,52.03,4.1,2.4,18.88,549.908,0,1,24.444444,2
32338,9,11,1,1,24.04,0.0,51.56,5.8,3.84,21.21,660.891,0,1,24.444444,2
32339,9,12,1,1,24.07,0.0,51.22,5.1,4.32,21.85,718.041,0,1,24.444444,2
32340,9,13,1,1,24.07,0.0,50.69,10.0,0.72,31.74,712.301,0,1,24.444444,2
32341,9,14,1,1,24.07,0.0,50.21,9.6,16.08,35.11,669.999,0,1,24.444444,2
32342,9,15,1,1,24.07,0.0,50.11,9.9,3.36,37.33,500.72,0,1,24.444444,2
32343,9,16,1,1,24.07,0.0,50.6,9.1,7.56,33.49,213.56,0,1,24.444444,2
32344,9,17,1,1,24.07,0.0,51.61,13.4,4.8,38.87,110.358,0,1,24.444444,2
32345,9,18,1,1,24.07,0.0,51.98,8.6,3.12,31.84,77.332,0,1,24.444444,2
32346,9,19,1,1,24.07,0.0,52.02,8.2,3.96,26.21,0.0,0,1,24.444444,2
32347,9,20,1,1,24.07,0.0,52.0,7.4,1.2,22.58,0.0,0,1,24.444444,2
32348,9,21,1,1,24.07,0.0,51.67,7.7,3.12,21.25,0.0,0,1,24.444444,2
32349,9,22,1,1,24.07,0.0,50.75,11.0,1.44,24.03,0.0,0,1,24.444444,2
32350,9,23,1,1,24.07,0.0,50.89,6.9,0.96,16.83,0.0,0,1,24.444444,2
32351,9,24,1,1,24.06,0.0,52.29,3.9,1.2,11.93,0.0,0,1,24.444444,2
32352,9,1,2,1,24.07,0.0,52.13,9.2,0.6,17.59,0.0,0,1,24.444444,2
32353,9,2,2,1,24.07,0.0,51.27,9.0,0.36,15.52,0.0,0,1,24.444444,2
32354,9,3,2,1,24.07,0.0,51.24,9.2,0.48,14.65,0.0,0,1,24.444444,2
32355,9,4,2,1,24.06,0.0,51.62,8.8,0.12,13.14,0.0,0,1,24.444444,2
32356,9,5,2,1,23.91,0.0,52.91,3.5,0.48,6.6,0.0,0,1,24.444444,2
32357,9,6,2,1,24.01,0.0,52.75,9.2,1.2,12.38,0.0,0,1,24.444444,2
32358,9,7,2,1,23.9,0.0,52.23,3.4,2.16,10.81,42.9499,0,1,24.444444,2
32359,9,8,2,1,23.9,0.0,50.92,5.3,2.4,16.14,188.285,0,1,24.444444,2
32360,9,9,2,1,23.92,0.0,49.49,4.9,9.48,16.83,391.748,0,1,24.444444,2
32361,9,10,2,1,23.93,0.0,48.55,4.1,15.84,16.07,561.626,0,1,24.444444,2
32362,9,11,2,1,24.04,0.0,47.32,10.1,4.8,22.69,674.082,0,1,24.444444,2
32363,9,12,2,1,24.06,0.0,47.1,4.2,4.56,17.25,755.31,0,1,24.444444,2
32364,9,13,2,1,24.07,0.0,47.09,4.5,3.48,21.17,760.54,0,1,24.444444,2
32365,9,14,2,1,24.07,0.0,46.11,8.8,2.16,30.64,726.089,0,1,24.444444,2
32366,9,15,2,1,24.07,0.0,45.11,9.4,10.92,34.89,636.305,0,1,24.444444,2
32367,9,16,2,1,24.07,0.0,44.97,4.6,3.12,31.09,492.706,0,1,24.444444,2
32368,9,17,2,1,24.07,0.0,45.1,10.7,2.4,38.71,305.428,0,1,24.444444,2
32369,9,18,2,1,24.07,0.0,45.02,13.5,3.0,38.28,96.6206,0,1,24.444444,2
32370,9,19,2,1,24.07,0.0,45.24,15.2,4.08,34.01,0.0,0,1,24.444444,2
32371,9,20,2,1,24.07,0.0,45.97,12.2,2.28,28.06,0.0,0,1,24.444444,2
32372,9,21,2,1,24.07,0.0,46.86,12.2,1.92,26.31,0.0,0,1,24.444444,2
32373,9,22,2,1,24.07,0.0,48.24,11.4,0.72,23.35,0.0,0,1,24.444444,2
32374,9,23,2,1,24.07,0.0,50.54,5.6,0.72,12.56,0.0,0,1,24.444444,2
32375,9,24,2,1,23.97,0.0,53.96,3.6,0.84,8.33,0.0,0,1,24.444444,2
32376,9,1,3,1,23.86,0.0,56.94,3.7,0.48,6.93,0.0,0,1,24.444444,2
32377,9,2,3,1,23.71,0.0,59.42,3.2,0.36,5.33,0.0,0,1,24.444444,2
32378,9,3,3,1,23.64,0.0,60.71,3.7,0.12,4.78,0.0,0,1,24.444444,2
32379,9,4,3,1,23.58,0.0,61.48,3.7,0.24,4.08,0.0,0,1,24.444444,2
32380,9,5,3,1,23.5,0.0,62.07,3.4,0.48,3.38,0.0,0,1,24.444444,2
32381,9,6,3,1,23.46,0.0,62.36,4.2,1.8,3.48,0.0,0,1,24.444444,2
32382,9,7,3,1,23.7,0.0,60.89,7.3,7.44,11.06,41.979,0,1,24.444444,2
32383,9,8,3,1,23.75,0.0,59.09,6.7,8.52,15.57,195.093,0,1,24.444444,2
32384,9,9,3,1,23.78,0.0,55.94,5.9,4.32,16.84,396.158,0,1,24.444444,2
32385,9,10,3,1,23.94,0.0,52.19,9.7,7.08,21.54,564.823,0,1,24.444444,2
32386,9,11,3,1,24.05,0.0,48.55,11.3,1.08,23.57,680.29,0,1,24.444444,2
32387,9,12,3,1,24.07,0.0,46.28,7.1,4.08,19.61,738.288,0,1,24.444444,2
32388,9,13,3,1,24.07,0.0,45.31,6.7,2.04,21.74,757.596,0,1,24.444444,2
32389,9,14,3,1,24.07,0.0,44.21,8.7,0.96,28.1,707.784,0,1,24.444444,2
32390,9,15,3,1,24.07,0.0,43.01,13.7,2.52,38.03,620.279,0,1,24.444444,2
32391,9,16,3,1,24.07,0.0,42.48,7.8,0.96,32.9,473.631,0,1,24.444444,2
32392,9,17,3,1,24.08,0.0,42.44,10.0,2.04,34.88,284.783,0,1,24.444444,2
32393,9,18,3,1,24.08,0.0,43.08,10.4,2.16,32.12,79.8349,0,1,24.444444,2
32394,9,19,3,1,24.08,0.0,44.38,11.3,2.28,27.41,0.0,0,1,24.444444,2
32395,9,20,3,1,24.07,0.0,45.99,12.6,2.76,27.54,0.0,0,1,24.444444,2
32396,9,21,3,1,24.07,0.0,47.02,11.9,2.76,26.39,0.0,0,1,24.444444,2
32397,9,22,3,1,24.07,0.0,47.65,12.3,3.36,25.19,0.0,0,1,24.444444,2
32398,9,23,3,1,24.07,0.0,49.47,7.2,0.48,16.24,0.0,0,1,24.444444,2
32399,9,24,3,1,24.07,0.0,50.85,7.7,0.84,15.08,0.0,0,1,24.444444,2
32400,9,1,4,1,24.03,0.0,51.81,5.4,0.48,9.42,0.0,0,1,24.444444,2
32401,9,2,4,1,23.88,0.0,53.63,3.8,0.12,6.51,0.0,0,1,24.444444,2
32402,9,3,4,1,23.81,0.0,55.12,3.5,0.72,6.31,0.0,0,1,24.444444,2
32403,9,4,4,1,23.75,0.0,57.1,3.0,0.24,5.63,0.0,0,1,24.444444,2
32404,9,5,4,1,23.71,0.0,59.29,3.6,1.8,5.76,0.0,0,1,24.444444,2
32405,9,6,4,1,23.71,0.0,61.64,4.2,3.72,6.26,0.0,0,1,24.444444,2
32406,9,7,4,1,23.92,0.0,61.55,9.9,14.28,13.82,32.3345,0,1,24.444444,2
32407,9,8,4,1,23.97,0.0,60.73,8.7,5.64,16.19,151.213,0,1,24.444444,2
32408,9,9,4,1,23.98,0.0,59.27,6.3,8.64,18.83,339.777,0,1,24.444444,2
32409,9,10,4,1,23.99,0.0,57.33,4.0,1.56,19.17,490.403,0,1,24.444444,2
32410,9,11,4,1,24.04,0.0,55.41,5.2,1.8,21.75,555.588,0,1,24.444444,2
32411,9,12,4,1,24.07,0.0,53.8,7.2,0.96,26.0,602.088,0,1,24.444444,2
32412,9,13,4,1,24.07,0.0,52.33,5.3,3.84,26.21,541.386,0,1,24.444444,2
32413,9,14,4,1,24.07,0.0,50.5,8.2,1.44,32.98,585.029,0,1,24.444444,2
32414,9,15,4,1,24.07,0.0,49.23,9.1,1.2,36.25,507.208,0,1,24.444444,2
32415,9,16,4,1,24.07,0.0,48.34,8.9,0.84,37.8,434.499,0,1,24.444444,2
32416,9,17,4,1,24.07,0.0,47.76,8.3,0.96,36.53,256.871,0,1,24.444444,2
32417,9,18,4,1,24.07,0.0,47.72,9.1,4.32,33.89,68.0882,0,1,24.444444,2
32418,9,19,4,1,24.07,0.0,48.45,9.1,0.96,28.6,0.0,0,1,24.444444,2
32419,9,20,4,1,24.07,0.0,50.38,8.4,1.8,25.44,0.0,0,1,24.444444,2
32420,9,21,4,1,24.07,0.0,51.68,10.4,1.56,26.73,0.0,0,1,24.444444,2
32421,9,22,4,1,24.07,0.0,52.54,9.6,1.32,23.67,0.0,0,1,24.444444,2
32422,9,23,4,1,24.07,0.0,54.38,5.1,1.32,15.55,0.0,0,1,24.444444,2
32423,9,24,4,1,24.07,0.0,56.86,4.7,0.24,13.59,0.0,0,1,24.444444,2
32424,9,1,5,1,24.07,0.0,57.7,10.4,0.12,20.79,0.0,0,1,24.444444,2
32425,9,2,5,1,24.02,0.0,59.0,4.1,0.24,9.75,0.0,0,1,24.444444,2
32426,9,3,5,1,24.05,0.0,59.81,9.9,3.84,15.63,0.0,0,1,24.444444,2
32427,9,4,5,1,24.03,0.0,60.41,8.1,0.6,11.9,0.0,0,1,24.444444,2
32428,9,5,5,1,24.03,0.0,61.03,9.7,0.96,13.05,0.0,0,1,24.444444,2
32429,9,6,5,1,24.01,0.0,61.41,9.8,8.4,12.5,0.0,0,1,24.444444,2
32430,9,7,5,1,24.02,0.0,61.07,9.1,9.48,18.96,42.252,0,1,24.444444,2
32431,9,8,5,1,24.04,0.0,59.27,9.8,8.64,26.14,180.499,0,1,24.444444,2
32432,9,9,5,1,24.05,0.0,56.22,8.0,1.8,26.15,370.279,0,1,24.444444,2
32433,9,10,5,1,24.07,0.0,54.2,9.1,5.28,28.58,521.148,0,1,24.444444,2
32434,9,11,5,1,24.07,0.0,52.72,10.2,2.76,30.84,624.424,0,1,24.444444,2
32435,9,12,5,1,24.07,0.0,52.01,10.4,3.24,32.73,699.784,0,1,24.444444,2
32436,9,13,5,1,24.07,0.0,51.84,7.1,0.96,30.9,704.226,0,1,24.444444,2
32437,9,14,5,1,24.07,0.0,51.13,8.3,1.2,36.85,672.528,0,1,24.444444,2
32438,9,15,5,1,24.07,0.0,49.8,10.8,2.52,43.92,590.972,0,1,24.444444,2
32439,9,16,5,1,24.07,0.0,48.99,7.8,2.4,41.41,461.072,0,1,24.444444,2
32440,9,17,5,1,24.07,0.0,49.3,8.6,0.72,41.69,276.881,0,1,24.444444,2
32441,9,18,5,1,24.07,0.0,50.53,11.1,2.04,41.24,76.16,0,1,24.444444,2
32442,9,19,5,1,24.07,0.0,52.21,11.1,3.24,36.51,0.0,0,1,24.444444,2
32443,9,20,5,1,24.07,0.0,53.47,11.5,9.0,35.26,0.0,0,1,24.444444,2
32444,9,21,5,1,24.07,0.0,54.1,13.4,3.36,36.27,0.0,0,1,24.444444,2
32445,9,22,5,1,24.07,0.0,55.26,9.0,2.28,29.0,0.0,0,1,24.444444,2
32446,9,23,5,1,24.07,0.0,56.45,9.8,0.84,29.51,0.0,0,1,24.444444,2
32447,9,24,5,1,24.07,0.0,56.98,10.9,0.36,29.76,0.0,0,1,24.444444,2
32448,9,1,6,1,24.07,0.0,57.73,8.9,1.68,25.66,0.0,0,1,24.444444,2
32449,9,2,6,1,24.07,0.0,58.95,9.8,0.36,26.2,0.0,0,1,24.444444,2
32450,9,3,6,1,24.07,0.0,60.92,11.3,0.24,28.02,0.0,0,1,24.444444,2
32451,9,4,6,1,24.07,0.0,62.34,11.5,0.6,27.99,0.0,0,1,24.444444,2
32452,9,5,6,1,24.07,0.0,64.18,9.2,0.84,24.0,0.0,0,1,24.444444,2
32453,9,6,6,1,24.07,0.0,65.71,10.1,3.36,26.97,0.0,0,1,24.444444,2
32454,9,7,6,1,24.07,0.0,65.55,9.0,17.52,30.86,39.8655,0,1,24.444444,2
32455,9,8,6,1,24.07,0.0,64.18,11.7,7.92,38.82,171.44,0,1,24.444444,2
32456,9,9,6,1,24.07,0.0,62.9,9.7,10.92,38.17,355.766,0,1,24.444444,2
32457,9,10,6,1,24.07,0.0,62.12,9.9,5.16,41.13,522.773,0,1,24.444444,2
32458,9,11,6,1,24.08,0.0,61.31,8.7,1.32,40.6,627.343,0,1,24.444444,2
32459,9,12,6,1,24.08,0.0,60.26,7.7,3.48,39.21,630.237,0,1,24.444444,2
32460,9,13,6,1,24.08,0.01,59.5,9.4,0.96,43.1,568.51,0,1,24.444444,2
32461,9,14,6,1,24.08,0.01,58.51,9.6,0.6,43.76,355.068,0,1,24.444444,2
32462,9,15,6,1,24.08,0.01,56.9,9.1,1.92,46.14,557.206,0,1,24.444444,2
32463,9,16,6,1,24.07,0.0,55.43,7.6,6.36,45.16,446.23,0,1,24.444444,2
32464,9,17,6,1,24.08,0.0,55.63,9.1,1.92,46.71,262.327,0,1,24.444444,2
32465,9,18,6,1,24.08,0.0,56.42,9.4,3.24,42.62,70.0527,0,1,24.444444,2
32466,9,19,6,1,24.08,0.0,57.27,11.3,1.56,39.35,0.0,0,1,24.444444,2
32467,9,20,6,1,24.07,0.0,58.39,11.3,6.6,37.78,0.0,0,1,24.444444,2
32468,9,21,6,1,24.07,0.0,59.5,10.9,2.16,36.68,0.0,0,1,24.444444,2
32469,9,22,6,1,24.07,0.0,60.88,9.8,1.56,33.81,0.0,0,1,24.444444,2
32470,9,23,6,1,24.07,0.0,62.28,9.5,1.2,32.29,0.0,0,1,24.444444,2
32471,9,24,6,1,24.07,0.0,63.25,10.2,1.08,32.53,0.0,0,1,24.444444,2
32472,9,1,7,1,24.07,0.0,64.3,7.9,0.12,27.32,0.0,0,1,24.444444,2
32473,9,2,7,1,24.07,0.0,67.23,3.9,0.12,19.69,0.0,0,1,24.444444,2
32474,9,3,7,1,24.07,0.0,71.07,3.3,0.24,18.92,0.0,0,1,24.444444,2
32475,9,4,7,1,24.07,0.0,72.86,4.7,0.24,21.03,0.0,0,1,24.444444,2
32476,9,5,7,1,24.07,0.0,71.46,9.2,0.96,28.35,0.0,0,1,24.444444,2
32477,9,6,7,1,24.07,0.0,69.31,9.3,3.0,27.12,0.0,0,1,24.444444,2
32478,9,7,7,1,24.07,0.0,67.87,8.9,24.12,32.48,43.1091,0,1,24.444444,2
32479,9,8,7,1,24.09,0.01,66.2,10.3,12.24,39.88,177.156,0,1,24.444444,2
32480,9,9,7,1,24.12,0.05,63.46,10.0,4.92,41.52,360.674,0,1,24.444444,2
32481,9,10,7,1,24.13,0.05,61.2,12.0,3.36,45.68,464.69,0,1,24.444444,2
32482,9,11,7,1,24.09,0.02,59.99,10.1,2.4,44.08,507.02,0,1,24.444444,2
32483,9,12,7,1,24.08,0.01,59.15,8.4,1.92,42.79,402.356,0,1,24.444444,2
32484,9,13,7,1,24.09,0.01,58.14,7.9,1.08,43.4,437.71,0,1,24.444444,2
32485,9,14,7,1,24.09,0.02,57.24,9.6,0.6,43.94,347.027,0,1,24.444444,2
32486,9,15,7,1,24.08,0.01,57.12,10.1,1.32,41.41,198.223,0,1,24.444444,2
32487,9,16,7,1,24.07,0.0,57.49,9.4,1.44,43.37,261.558,0,1,24.444444,2
32488,9,17,7,1,24.12,0.05,57.03,14.2,9.96,51.8,235.873,0,1,24.444444,2
32489,9,18,7,1,24.08,0.01,57.52,8.3,4.92,40.47,67.7208,0,1,24.444444,2
32490,9,19,7,1,24.07,0.0,58.56,9.3,1.08,36.64,0.0,0,1,24.444444,2
32491,9,20,7,1,24.07,0.0,59.24,9.6,1.92,35.22,0.0,0,1,24.444444,2
32492,9,21,7,1,24.08,0.01,59.63,14.2,2.04,41.11,0.0,0,1,24.444444,2
32493,9,22,7,1,24.07,0.0,60.39,11.5,4.08,35.75,0.0,0,1,24.444444,2
32494,9,23,7,1,24.07,0.0,62.28,8.7,0.36,30.64,0.0,0,1,24.444444,2
32495,9,24,7,1,24.07,0.0,64.96,5.0,4.08,24.13,0.0,0,1,24.444444,2
32496,9,1,1,1,24.07,0.0,66.37,8.1,0.48,28.57,0.0,0,1,24.444444,2
32497,9,2,1,1,24.07,0.0,67.72,4.1,0.12,19.38,0.0,0,1,24.444444,2
32498,9,3,1,1,24.06,0.0,68.59,3.3,0.12,16.86,0.0,0,1,24.444444,2
32499,9,4,1,1,24.05,0.0,69.56,3.3,0.36,14.43,0.0,0,1,24.444444,2
32500,9,5,1,1,24.03,0.0,71.13,3.6,1.08,13.63,0.0,0,1,24.444444,2
32501,9,6,1,1,24.02,0.0,72.39,4.0,2.88,14.46,0.0,0,1,24.444444,2
32502,9,7,1,1,24.03,0.0,72.04,3.9,4.56,23.75,38.4851,0,1,24.444444,2
32503,9,8,1,1,24.04,0.0,70.31,3.7,5.16,29.46,177.626,0,1,24.444444,2
32504,9,9,1,1,24.06,0.0,68.31,5.9,20.28,35.42,365.355,0,1,24.444444,2
32505,9,10,1,1,24.07,0.0,66.49,5.9,3.0,35.74,523.268,0,1,24.444444,2
32506,9,11,1,1,24.07,0.0,65.19,5.2,0.84,34.35,628.449,0,1,24.444444,2
32507,9,12,1,1,24.07,0.0,63.87,4.5,8.04,34.41,679.955,0,1,24.444444,2
32508,9,13,1,1,24.11,0.04,60.68,10.8,2.52,46.59,690.031,0,1,24.444444,2
32509,9,14,1,1,24.12,0.05,57.58,8.8,11.52,46.84,649.407,0,1,24.444444,2
32510,9,15,1,1,24.15,0.08,55.61,10.8,9.6,51.93,569.264,0,1,24.444444,2
32511,9,16,1,1,24.27,0.19,54.19,12.7,3.48,53.07,442.739,0,1,24.444444,2
32512,9,17,1,1,24.4,0.32,53.05,15.8,0.96,54.13,260.459,0,1,24.444444,2
32513,9,18,1,1,24.12,0.05,54.24,7.7,3.72,43.61,68.576,0,1,24.444444,2
32514,9,19,1,1,24.09,0.02,55.99,8.7,5.4,38.77,0.0,0,1,24.444444,2
32515,9,20,1,1,24.08,0.01,57.16,8.6,1.8,36.47,0.0,0,1,24.444444,2
32516,9,21,1,1,24.07,0.0,58.66,5.2,0.72,29.46,0.0,0,1,24.444444,2
32517,9,22,1,1,24.07,0.0,59.08,10.0,1.8,34.82,0.0,0,1,24.444444,2
32518,9,23,1,1,24.07,0.0,60.57,4.8,3.48,24.0,0.0,0,1,24.444444,2
32519,9,24,1,1,24.07,0.0,62.85,5.4,1.08,23.21,0.0,0,1,24.444444,2
32520,9,1,2,1,24.07,0.0,63.57,8.9,0.48,26.96,0.0,0,1,24.444444,2
32521,9,2,2,1,24.07,0.0,63.72,9.1,0.36,25.31,0.0,0,1,24.444444,2
32522,9,3,2,1,24.07,0.0,64.4,9.2,0.48,24.39,0.0,0,1,24.444444,2
32523,9,4,2,1,24.07,0.0,65.3,9.2,0.36,23.43,0.0,0,1,24.444444,2
32524,9,5,2,1,24.04,0.0,67.77,3.5,0.24,12.9,0.0,0,1,24.444444,2
32525,9,6,2,1,24.07,0.0,67.79,10.5,1.08,24.16,0.0,0,1,24.444444,2
32526,9,7,2,1,24.05,0.0,67.61,4.2,7.68,20.9,40.8651,0,1,24.444444,2
32527,9,8,2,1,24.05,0.0,67.62,4.6,7.56,29.24,177.387,0,1,24.444444,2
32528,9,9,2,1,24.07,0.0,66.56,4.4,5.16,33.59,360.546,0,1,24.444444,2
32529,9,10,2,1,24.07,0.0,65.28,4.3,14.04,36.1,517.409,0,1,24.444444,2
32530,9,11,2,1,24.11,0.03,62.85,9.5,6.24,44.03,625.354,0,1,24.444444,2
32531,9,12,2,1,24.13,0.05,60.25,7.8,2.52,41.37,677.434,0,1,24.444444,2
32532,9,13,2,1,24.12,0.05,58.56,5.0,1.44,39.61,678.857,0,1,24.444444,2
32533,9,14,2,1,24.16,0.09,56.77,8.4,2.64,48.88,654.868,0,1,24.444444,2
32534,9,15,2,1,24.24,0.17,54.06,9.8,1.44,51.86,563.586,0,1,24.444444,2
32535,9,16,2,1,24.24,0.17,52.8,8.2,4.08,49.98,430.894,0,1,24.444444,2
32536,9,17,2,1,24.21,0.13,52.54,9.1,2.16,49.42,256.052,0,1,24.444444,2
32537,9,18,2,1,24.15,0.07,53.25,10.0,4.92,46.23,64.2546,0,1,24.444444,2
32538,9,19,2,1,24.24,0.17,53.46,17.1,3.0,49.0,0.0,0,1,24.444444,2
32539,9,20,2,1,24.15,0.07,55.17,10.0,3.12,39.26,0.0,0,1,24.444444,2
32540,9,21,2,1,24.11,0.03,56.8,10.5,1.8,38.26,0.0,0,1,24.444444,2
32541,9,22,2,1,24.09,0.02,57.97,10.1,2.16,35.91,0.0,0,1,24.444444,2
32542,9,23,2,1,24.07,0.0,60.26,5.0,1.08,26.14,0.0,0,1,24.444444,2
32543,9,24,2,1,24.07,0.0,62.28,4.6,0.12,23.78,0.0,0,1,24.444444,2
32544,9,1,3,1,24.07,0.0,64.5,4.6,1.32,21.54,0.0,0,1,24.444444,2
32545,9,2,3,1,24.07,0.0,66.79,3.3,0.96,17.52,0.0,0,1,24.444444,2
32546,9,3,3,1,24.07,0.0,69.07,3.1,0.48,15.86,0.0,0,1,24.444444,2
32547,9,4,3,1,24.05,0.0,71.02,3.3,0.36,15.19,0.0,0,1,24.444444,2
32548,9,5,3,1,24.04,0.0,72.97,3.1,0.96,14.34,0.0,0,1,24.444444,2
32549,9,6,3,1,24.03,0.0,74.69,4.1,1.2,16.11,0.0,0,1,24.444444,2
32550,9,7,3,1,24.05,0.0,73.64,6.7,10.08,28.31,41.5577,0,1,24.444444,2
32551,9,8,3,1,24.07,0.0,70.22,9.7,5.76,38.17,176.846,0,1,24.444444,2
32552,9,9,3,1,24.07,0.0,66.85,7.4,17.52,33.66,267.989,0,1,24.444444,2
32553,9,10,3,1,24.08,0.0,64.07,10.3,6.48,42.38,384.736,0,1,24.444444,2
32554,9,11,3,1,24.11,0.04,60.06,10.3,3.6,43.36,603.741,0,1,24.444444,2
32555,9,12,3,1,24.11,0.03,59.03,5.7,3.72,37.9,677.328,0,1,24.444444,2
32556,9,13,3,1,24.14,0.06,58.46,10.5,0.84,43.71,666.187,0,1,24.444444,2
32557,9,14,3,1,24.13,0.05,57.71,9.2,3.96,43.68,426.273,0,1,24.444444,2
32558,9,15,3,1,24.22,0.15,56.71,16.2,0.84,53.49,380.549,0,1,24.444444,2
32559,9,16,3,1,24.14,0.07,56.81,10.8,1.08,47.76,350.215,0,1,24.444444,2
32560,9,17,3,1,24.1,0.03,56.85,9.0,2.52,43.08,200.146,0,1,24.444444,2
32561,9,18,3,1,24.09,0.02,56.72,10.0,2.52,39.58,48.2728,0,1,24.444444,2
32562,9,19,3,1,24.08,0.01,57.37,10.0,7.08,35.28,0.0,0,1,24.444444,2
32563,9,20,3,1,24.08,0.0,57.9,11.9,5.52,36.92,0.0,0,1,24.444444,2
32564,9,21,3,1,24.08,0.01,58.15,13.9,2.28,38.88,0.0,0,1,24.444444,2
32565,9,22,3,1,24.07,0.0,58.44,13.7,1.92,36.94,0.0,0,1,24.444444,2
32566,9,23,3,1,24.07,0.0,60.67,5.5,0.84,22.82,0.0,0,1,24.444444,2
32567,9,24,3,1,24.07,0.0,64.1,4.3,0.24,20.11,0.0,0,1,24.444444,2
32568,9,1,4,1,24.07,0.0,66.91,4.3,0.24,19.92,0.0,0,1,24.444444,2
32569,9,2,4,1,24.07,0.0,69.03,3.8,0.72,18.43,0.0,0,1,24.444444,2
32570,9,3,4,1,24.07,0.0,70.07,5.4,0.6,19.36,0.0,0,1,24.444444,2
32571,9,4,4,1,24.06,0.0,71.03,4.4,0.6,16.45,0.0,0,1,24.444444,2
32572,9,5,4,1,24.05,0.0,72.57,4.0,0.84,15.75,0.0,0,1,24.444444,2
32573,9,6,4,1,24.05,0.0,73.48,5.2,4.08,18.24,0.0,0,1,24.444444,2
32574,9,7,4,1,24.06,0.0,71.79,7.3,15.6,29.0,41.5053,0,1,24.444444,2
32575,9,8,4,1,24.07,0.0,69.03,9.5,6.6,36.92,159.427,0,1,24.444444,2
32576,9,9,4,1,24.07,0.0,66.96,5.8,5.76,33.68,306.741,0,1,24.444444,2
32577,9,10,4,1,24.07,0.0,64.57,5.4,2.88,37.04,480.846,0,1,24.444444,2
32578,9,11,4,1,24.09,0.01,61.49,9.8,1.92,43.51,409.992,0,1,24.444444,2
32579,9,12,4,1,24.08,0.0,59.25,6.2,1.08,38.53,410.311,0,1,24.444444,2
32580,9,13,4,1,24.07,0.0,58.84,5.2,1.2,36.86,417.173,0,1,24.444444,2
32581,9,14,4,1,24.07,0.0,59.43,8.1,3.0,36.23,187.266,0,1,24.444444,2
32582,9,15,4,1,24.07,0.0,59.3,9.4,1.8,34.16,142.755,0,1,24.444444,2
32583,9,16,4,1,24.07,0.0,58.71,8.7,1.08,29.61,33.5258,0,1,24.444444,2
32584,9,17,4,1,24.07,0.0,58.47,9.0,1.68,29.75,55.0705,0,1,24.444444,2
32585,9,18,4,1,24.07,0.0,58.22,9.9,7.08,30.18,10.2871,0,1,24.444444,2
32586,9,19,4,1,24.07,0.0,59.52,7.0,3.0,23.95,0.0,0,1,24.444444,2
32587,9,20,4,1,24.07,0.0,61.16,10.2,3.72,27.91,0.0,0,1,24.444444,2
32588,9,21,4,1,24.07,0.0,60.75,15.0,2.04,34.61,0.0,0,1,24.444444,2
32589,9,22,4,1,24.07,0.0,60.98,10.3,2.88,25.6,0.0,0,1,24.444444,2
32590,9,23,4,1,24.07,0.0,63.42,6.3,0.84,18.26,0.0,0,1,24.444444,2
32591,9,24,4,1,24.06,0.0,66.69,5.1,0.36,15.96,0.0,0,1,24.444444,2
32592,9,1,5,1,24.07,0.0,68.13,8.7,0.72,22.12,0.0,0,1,24.444444,2
32593,9,2,5,1,24.07,0.0,66.93,12.0,0.72,26.77,0.0,0,1,24.444444,2
32594,9,3,5,1,24.07,0.0,66.57,9.3,0.24,20.0,0.0,0,1,24.444444,2
32595,9,4,5,1,24.07,0.0,67.71,8.6,0.6,18.0,0.0,0,1,24.444444,2
32596,9,5,5,1,24.06,0.0,69.05,8.2,0.48,17.2,0.0,0,1,24.444444,2
32597,9,6,5,1,24.06,0.0,69.66,9.6,2.04,20.03,0.0,0,1,24.444444,2
32598,9,7,5,1,24.06,0.0,68.93,9.1,8.88,26.09,42.5542,0,1,24.444444,2
32599,9,8,5,1,24.07,0.0,67.31,9.9,4.92,34.32,177.041,0,1,24.444444,2
32600,9,9,5,1,24.07,0.0,64.31,9.3,7.2,37.15,355.988,0,1,24.444444,2
32601,9,10,5,1,24.08,0.01,61.76,11.2,6.12,42.3,508.662,0,1,24.444444,2
32602,9,11,5,1,24.08,0.01,59.98,9.3,1.32,39.81,615.366,0,1,24.444444,2
32603,9,12,5,1,24.11,0.04,58.09,9.6,3.72,41.53,668.964,0,1,24.444444,2
32604,9,13,5,1,24.12,0.05,56.39,7.7,1.2,40.68,666.306,0,1,24.444444,2
32605,9,14,5,1,24.14,0.06,54.34,8.4,1.08,45.4,619.869,0,1,24.444444,2
32606,9,15,5,1,24.17,0.09,52.6,9.5,1.56,49.53,550.259,0,1,24.444444,2
32607,9,16,5,1,24.16,0.08,52.43,8.3,1.2,48.37,421.643,0,1,24.444444,2
32608,9,17,5,1,24.11,0.04,53.57,8.2,1.08,46.94,238.432,0,1,24.444444,2
32609,9,18,5,1,24.1,0.03,54.34,8.7,3.24,42.99,53.7692,0,1,24.444444,2
32610,9,19,5,1,24.11,0.04,55.37,11.4,9.6,42.24,0.0,0,1,24.444444,2
32611,9,20,5,1,24.11,0.04,56.27,12.1,4.2,41.66,0.0,0,1,24.444444,2
32612,9,21,5,1,24.1,0.02,56.97,11.2,2.52,38.3,0.0,0,1,24.444444,2
32613,9,22,5,1,24.08,0.0,57.89,8.3,1.08,31.17,0.0,0,1,24.444444,2
32614,9,23,5,1,24.07,0.0,58.7,10.3,0.6,31.74,0.0,0,1,24.444444,2
32615,9,24,5,1,24.07,0.0,59.92,7.7,0.6,25.58,0.0,0,1,24.444444,2
32616,9,1,6,1,24.07,0.0,61.36,9.1,0.84,26.84,0.0,0,1,24.444444,2
32617,9,2,6,1,24.07,0.0,62.45,9.8,0.48,27.45,0.0,0,1,24.444444,2
32618,9,3,6,1,24.07,0.0,63.55,9.8,0.48,26.25,0.0,0,1,24.444444,2
32619,9,4,6,1,24.07,0.0,64.26,9.7,0.72,24.52,0.0,0,1,24.444444,2
32620,9,5,6,1,24.07,0.0,64.86,8.8,0.84,21.66,0.0,0,1,24.444444,2
32621,9,6,6,1,24.07,0.0,65.59,9.5,3.48,22.8,0.0,0,1,24.444444,2
32622,9,7,6,1,24.07,0.0,65.42,7.8,17.52,26.37,42.2362,0,1,24.444444,2
32623,9,8,6,1,24.07,0.0,63.85,9.3,7.56,34.63,179.033,0,1,24.444444,2
32624,9,9,6,1,24.08,0.0,60.73,9.4,6.12,38.03,359.978,0,1,24.444444,2
32625,9,10,6,1,24.08,0.01,58.77,9.6,4.92,40.72,517.144,0,1,24.444444,2
32626,9,11,6,1,24.11,0.04,56.24,11.0,1.8,42.81,601.603,0,1,24.444444,2
32627,9,12,6,1,24.12,0.05,54.97,7.3,3.12,38.87,672.555,0,1,24.444444,2
32628,9,13,6,1,24.13,0.06,54.58,7.5,1.32,41.87,683.416,0,1,24.444444,2
32629,9,14,6,1,24.21,0.14,53.51,11.1,2.16,50.12,642.89,0,1,24.444444,2
32630,9,15,6,1,24.24,0.16,52.67,9.3,2.88,50.7,553.576,0,1,24.444444,2
32631,9,16,6,1,24.23,0.16,52.39,7.8,1.2,49.64,414.605,0,1,24.444444,2
32632,9,17,6,1,24.19,0.11,52.31,8.7,1.68,48.92,230.007,0,1,24.444444,2
32633,9,18,6,1,24.24,0.17,51.9,15.1,0.84,49.93,48.5148,0,1,24.444444,2
32634,9,19,6,1,24.15,0.07,53.57,9.1,2.52,39.13,0.0,0,1,24.444444,2
32635,9,20,6,1,24.12,0.05,55.26,11.2,4.32,39.9,0.0,0,1,24.444444,2
32636,9,21,6,1,24.1,0.03,56.2,11.4,2.52,38.17,0.0,0,1,24.444444,2
32637,9,22,6,1,24.09,0.02,57.42,10.8,0.72,36.0,0.0,0,1,24.444444,2
32638,9,23,6,1,24.09,0.02,58.44,12.8,0.84,37.05,0.0,0,1,24.444444,2
32639,9,24,6,1,24.08,0.0,59.0,11.8,0.36,32.81,0.0,0,1,24.444444,2
32640,9,1,7,1,24.07,0.0,61.58,4.3,0.36,18.94,0.0,0,1,24.444444,2
32641,9,2,7,1,24.07,0.0,64.28,6.3,1.92,21.23,0.0,0,1,24.444444,2
32642,9,3,7,1,24.07,0.0,65.55,7.0,0.24,20.69,0.0,0,1,24.444444,2
32643,9,4,7,1,24.05,0.0,67.89,4.0,0.12,14.48,0.0,0,1,24.444444,2
32644,9,5,7,1,24.07,0.0,68.57,9.9,0.72,24.33,0.0,0,1,24.444444,2
32645,9,6,7,1,24.07,0.0,68.04,9.4,8.76,23.2,0.0,0,1,24.444444,2
32646,9,7,7,1,24.07,0.0,68.16,8.0,12.0,27.37,41.6715,0,1,24.444444,2
32647,9,8,7,1,24.08,0.01,65.73,14.8,9.12,43.48,180.802,0,1,24.444444,2
32648,9,9,7,1,24.08,0.0,63.24,10.6,4.2,39.36,364.856,0,1,24.444444,2
32649,9,10,7,1,24.1,0.03,60.4,11.6,2.64,43.28,514.104,0,1,24.444444,2
32650,9,11,7,1,24.14,0.06,58.18,11.6,0.6,44.19,619.436,0,1,24.444444,2
32651,9,12,7,1,24.15,0.08,57.02,9.7,1.08,43.39,694.924,0,1,24.444444,2
32652,9,13,7,1,24.15,0.08,55.89,7.5,4.2,42.42,702.489,0,1,24.444444,2
32653,9,14,7,1,24.21,0.13,53.8,11.0,2.16,49.71,654.775,0,1,24.444444,2
32654,9,15,7,1,24.26,0.19,52.08,11.1,2.88,51.68,570.391,0,1,24.444444,2
32655,9,16,7,1,24.28,0.2,50.92,10.6,2.52,50.84,427.57,0,1,24.444444,2
32656,9,17,7,1,24.29,0.21,49.76,13.7,10.08,51.35,241.181,0,1,24.444444,2
32657,9,18,7,1,24.15,0.08,50.3,9.5,2.76,42.42,51.731,0,1,24.444444,2
32658,9,19,7,1,24.13,0.05,51.56,11.1,3.48,39.35,0.0,0,1,24.444444,2
32659,9,20,7,1,24.13,0.06,51.92,14.4,1.8,40.99,0.0,0,1,24.444444,2
32660,9,21,7,1,24.1,0.02,52.46,11.4,1.32,35.7,0.0,0,1,24.444444,2
32661,9,22,7,1,24.09,0.01,53.42,12.8,1.56,35.91,0.0,0,1,24.444444,2
32662,9,23,7,1,24.07,0.0,54.05,12.0,0.6,32.4,0.0,0,1,24.444444,2
32663,9,24,7,1,24.07,0.0,54.99,4.9,1.08,19.99,0.0,0,1,24.444444,2
32664,9,1,1,1,24.07,0.0,55.88,10.6,0.36,27.69,0.0,0,1,24.444444,2
32665,9,2,1,1,24.07,0.0,58.44,3.6,0.48,16.63,0.0,0,1,24.444444,2
32666,9,3,1,1,24.07,0.0,62.48,3.3,0.12,16.15,0.0,0,1,24.444444,2
32667,9,4,1,1,24.06,0.0,64.83,3.6,0.36,15.92,0.0,0,1,24.444444,2
32668,9,5,1,1,24.05,0.0,66.51,3.6,0.6,15.14,0.0,0,1,24.444444,2
32669,9,6,1,1,24.05,0.0,68.28,4.2,2.4,16.44,0.0,0,1,24.444444,2
32670,9,7,1,1,24.04,0.0,68.52,3.1,4.8,21.12,40.0828,0,1,24.444444,2
32671,9,8,1,1,24.06,0.0,66.07,6.6,6.24,31.61,179.857,0,1,24.444444,2
32672,9,9,1,1,24.07,0.0,62.55,5.6,22.08,32.81,366.984,0,1,24.444444,2
32673,9,10,1,1,24.07,0.0,60.42,4.6,4.68,33.15,524.756,0,1,24.444444,2
32674,9,11,1,1,24.07,0.0,59.49,4.8,6.0,33.87,623.309,0,1,24.444444,2
32675,9,12,1,1,24.07,0.0,59.19,5.3,9.24,34.8,684.058,0,1,24.444444,2
32676,9,13,1,1,24.12,0.05,56.68,10.4,4.32,44.04,706.252,0,1,24.444444,2
32677,9,14,1,1,24.13,0.06,54.67,8.9,8.28,44.99,670.678,0,1,24.444444,2
32678,9,15,1,1,24.15,0.07,53.41,10.7,2.04,49.3,580.416,0,1,24.444444,2
32679,9,16,1,1,24.14,0.07,52.12,9.8,4.32,47.88,427.56,0,1,24.444444,2
32680,9,17,1,1,24.12,0.04,51.43,11.2,1.2,46.84,242.896,0,1,24.444444,2
32681,9,18,1,1,24.12,0.05,52.04,13.5,9.6,44.42,51.0107,0,1,24.444444,2
32682,9,19,1,1,24.08,0.01,53.4,8.1,6.84,33.03,0.0,0,1,24.444444,2
32683,9,20,1,1,24.07,0.0,55.05,8.4,1.68,31.16,0.0,0,1,24.444444,2
32684,9,21,1,1,24.07,0.0,56.21,9.7,1.32,31.94,0.0,0,1,24.444444,2
32685,9,22,1,1,24.07,0.0,56.8,9.9,1.8,30.21,0.0,0,1,24.444444,2
32686,9,23,1,1,24.07,0.0,57.85,5.6,0.84,21.73,0.0,0,1,24.444444,2
32687,9,24,1,1,24.07,0.0,59.85,4.0,1.08,18.14,0.0,0,1,24.444444,2
32688,9,1,2,1,24.07,0.0,60.78,8.7,1.2,23.48,0.0,0,1,24.444444,2
32689,9,2,2,1,24.07,0.0,60.74,9.6,1.56,22.62,0.0,0,1,24.444444,2
32690,9,3,2,1,24.07,0.0,61.37,9.0,0.48,21.18,0.0,0,1,24.444444,2
32691,9,4,2,1,24.07,0.0,62.81,9.1,0.36,21.63,0.0,0,1,24.444444,2
32692,9,5,2,1,24.05,0.0,65.96,3.9,0.24,13.23,0.0,0,1,24.444444,2
32693,9,6,2,1,24.07,0.0,67.42,9.1,0.84,22.41,0.0,0,1,24.444444,2
32694,9,7,2,1,24.06,0.0,67.01,5.4,3.36,22.0,39.4261,0,1,24.444444,2
32695,9,8,2,1,24.05,0.0,65.94,4.8,2.28,26.23,178.751,0,1,24.444444,2
32696,9,9,2,1,24.06,0.0,64.33,4.2,1.2,28.19,371.86,0,1,24.444444,2
32697,9,10,2,1,24.07,0.0,62.79,4.2,11.4,29.84,527.696,0,1,24.444444,2
32698,9,11,2,1,24.08,0.01,59.97,10.7,6.24,40.28,643.147,0,1,24.444444,2
32699,9,12,2,1,24.07,0.0,58.99,4.2,6.48,31.97,697.995,0,1,24.444444,2
32700,9,13,2,1,24.07,0.0,58.19,4.5,3.12,35.25,704.06,0,1,24.444444,2
32701,9,14,2,1,24.11,0.04,55.84,9.9,3.96,46.0,664.343,0,1,24.444444,2
32702,9,15,2,1,24.11,0.04,53.87,10.1,4.44,46.9,574.853,0,1,24.444444,2
32703,9,16,2,1,24.08,0.0,53.67,5.4,3.24,37.18,241.963,0,1,24.444444,2
32704,9,17,2,1,24.08,0.0,53.58,8.9,1.2,42.3,188.452,0,1,24.444444,2
32705,9,18,2,1,24.08,0.0,53.74,10.2,4.08,40.47,48.8627,0,1,24.444444,2
32706,9,19,2,1,24.12,0.05,53.59,16.8,1.2,44.3,0.0,0,1,24.444444,2
32707,9,20,2,1,24.08,0.01,54.32,12.1,1.44,36.35,0.0,0,1,24.444444,2
32708,9,21,2,1,24.07,0.0,55.5,11.5,2.04,34.38,0.0,0,1,24.444444,2
32709,9,22,2,1,24.07,0.0,56.88,9.7,1.56,30.62,0.0,0,1,24.444444,2
32710,9,23,2,1,24.07,0.0,59.71,3.9,1.44,20.93,0.0,0,1,24.444444,2
32711,9,24,2,1,24.07,0.0,63.84,4.7,0.48,21.92,0.0,0,1,24.444444,2
32712,9,1,3,1,24.07,0.0,66.6,3.8,0.24,19.57,0.0,0,1,24.444444,2
32713,9,2,3,1,24.07,0.0,68.5,3.6,0.0,17.92,0.0,0,1,24.444444,2
32714,9,3,3,1,24.06,0.0,70.4,3.5,0.24,16.85,0.0,0,1,24.444444,2
32715,9,4,3,1,24.06,0.0,72.32,3.8,0.6,16.38,0.0,0,1,24.444444,2
32716,9,5,3,1,24.04,0.0,73.78,3.4,0.84,14.71,0.0,0,1,24.444444,2
32717,9,6,3,1,24.06,0.0,72.7,8.3,0.96,23.32,0.0,0,1,24.444444,2
32718,9,7,3,1,24.06,0.0,70.85,6.0,9.36,25.99,35.6233,0,1,24.444444,2
32719,9,8,3,1,24.08,0.0,68.33,9.7,6.96,38.0,177.939,0,1,24.444444,2
32720,9,9,3,1,24.07,0.0,64.66,7.0,3.0,34.99,339.28,0,1,24.444444,2
32721,9,10,3,1,24.07,0.0,62.82,4.4,4.92,33.76,526.458,0,1,24.444444,2
32722,9,11,3,1,24.1,0.03,60.16,10.8,8.4,43.24,604.796,0,1,24.444444,2
32723,9,12,3,1,24.1,0.02,57.46,6.1,2.52,37.12,604.571,0,1,24.444444,2
32724,9,13,3,1,24.14,0.06,56.14,11.5,1.8,45.2,687.844,0,1,24.444444,2
32725,9,14,3,1,24.14,0.06,55.3,8.8,6.24,45.17,611.785,0,1,24.444444,2
32726,9,15,3,1,24.24,0.16,53.35,14.0,0.72,53.56,533.248,0,1,24.444444,2
32727,9,16,3,1,24.19,0.12,52.82,8.6,2.04,48.77,422.747,0,1,24.444444,2
32728,9,17,3,1,24.16,0.09,52.5,9.5,3.84,48.22,243.77,0,1,24.444444,2
32729,9,18,3,1,24.12,0.04,53.18,9.4,1.92,43.24,51.3441,0,1,24.444444,2
32730,9,19,3,1,24.12,0.04,54.59,11.8,3.24,42.06,0.0,0,1,24.444444,2
32731,9,20,3,1,24.11,0.04,55.92,12.8,6.6,41.5,0.0,0,1,24.444444,2
32732,9,21,3,1,24.2,0.13,55.67,19.0,1.56,47.4,0.0,0,1,24.444444,2
32733,9,22,3,1,24.1,0.03,57.24,9.7,1.92,34.32,0.0,0,1,24.444444,2
32734,9,23,3,1,24.08,0.0,59.19,10.1,0.48,33.4,0.0,0,1,24.444444,2
32735,9,24,3,1,24.07,0.0,61.13,7.9,0.6,28.72,0.0,0,1,24.444444,2
32736,9,1,4,1,24.07,0.0,63.19,5.8,0.36,23.1,0.0,0,1,24.444444,2
32737,9,2,4,1,24.07,0.0,64.7,7.1,0.6,23.49,0.0,0,1,24.444444,2
32738,9,3,4,1,24.07,0.0,66.68,3.6,0.12,16.0,0.0,0,1,24.444444,2
32739,9,4,4,1,24.07,0.0,68.65,5.3,0.36,17.98,0.0,0,1,24.444444,2
32740,9,5,4,1,24.05,0.0,70.24,4.1,1.2,14.35,0.0,0,1,24.444444,2
32741,9,6,4,1,24.07,0.0,69.81,9.5,4.92,23.55,0.0,0,1,24.444444,2
32742,9,7,4,1,24.07,0.0,68.15,7.6,18.48,28.47,33.792,0,1,24.444444,2
32743,9,8,4,1,24.09,0.01,66.29,9.1,6.24,37.42,174.78,0,1,24.444444,2
32744,9,9,4,1,24.1,0.03,63.72,8.2,8.88,38.55,367.435,0,1,24.444444,2
32745,9,10,4,1,24.08,0.0,63.0,3.4,3.0,33.55,523.818,0,1,24.444444,2
32746,9,11,4,1,24.08,0.0,61.4,5.8,0.72,38.25,626.755,0,1,24.444444,2
32747,9,12,4,1,24.13,0.06,58.48,10.2,1.8,44.36,684.948,0,1,24.444444,2
32748,9,13,4,1,24.14,0.06,56.0,6.8,3.0,41.05,682.654,0,1,24.444444,2
32749,9,14,4,1,24.15,0.08,52.51,8.6,2.28,45.67,648.705,0,1,24.444444,2
32750,9,15,4,1,24.17,0.1,49.65,9.6,1.68,48.27,543.49,0,1,24.444444,2
32751,9,16,4,1,24.2,0.13,47.85,9.2,1.68,47.74,402.11,0,1,24.444444,2
32752,9,17,4,1,24.16,0.08,48.35,8.7,3.84,46.24,239.31,0,1,24.444444,2
32753,9,18,4,1,24.1,0.02,51.5,7.2,3.96,40.34,48.795,0,1,24.444444,2
32754,9,19,4,1,24.09,0.02,53.87,8.8,4.92,38.7,0.0,0,1,24.444444,2
32755,9,20,4,1,24.09,0.02,55.54,9.9,1.32,39.38,0.0,0,1,24.444444,2
32756,9,21,4,1,24.09,0.02,57.14,11.4,1.68,39.98,0.0,0,1,24.444444,2
32757,9,22,4,1,24.08,0.0,57.89,9.4,0.72,34.41,0.0,0,1,24.444444,2
32758,9,23,4,1,24.07,0.0,59.65,5.7,2.04,26.54,0.0,0,1,24.444444,2
32759,9,24,4,1,24.07,0.0,61.92,4.4,0.6,23.04,0.0,0,1,24.444444,2
32760,9,1,5,1,24.07,0.0,62.02,10.7,0.6,31.55,0.0,0,1,24.444444,2
32761,9,2,5,1,24.07,0.0,62.28,7.7,0.24,23.89,0.0,0,1,24.444444,2
32762,9,3,5,1,24.07,0.0,63.83,8.3,3.84,24.05,0.0,0,1,24.444444,2
32763,9,4,5,1,24.07,0.0,65.29,8.1,0.84,24.06,0.0,0,1,24.444444,2
32764,9,5,5,1,24.07,0.0,65.74,10.2,1.56,27.57,0.0,0,1,24.444444,2
32765,9,6,5,1,24.07,0.0,65.86,9.7,6.6,25.0,0.0,0,1,24.444444,2
32766,9,7,5,1,24.07,0.0,64.71,12.8,4.92,36.2,36.7173,0,1,24.444444,2
32767,9,8,5,1,24.08,0.0,62.69,11.2,12.96,38.96,175.586,0,1,24.444444,2
32768,9,9,5,1,24.08,0.01,60.74,8.1,4.92,37.6,359.021,0,1,24.444444,2
32769,9,10,5,1,24.09,0.02,59.09,9.1,4.92,41.11,512.635,0,1,24.444444,2
32770,9,11,5,1,24.1,0.03,57.22,9.5,0.6,41.84,608.658,0,1,24.444444,2
32771,9,12,5,1,24.12,0.04,55.67,6.8,5.04,39.51,667.932,0,1,24.444444,2
32772,9,13,5,1,24.13,0.06,53.88,7.3,2.4,41.92,674.739,0,1,24.444444,2
32773,9,14,5,1,24.15,0.08,51.56,7.9,0.96,45.43,631.688,0,1,24.444444,2
32774,9,15,5,1,24.18,0.1,49.69,9.5,0.96,48.88,534.794,0,1,24.444444,2
32775,9,16,5,1,24.16,0.08,49.06,8.0,0.72,47.1,398.993,0,1,24.444444,2
32776,9,17,5,1,24.12,0.04,49.25,8.1,2.04,45.27,211.737,0,1,24.444444,2
32777,9,18,5,1,24.11,0.04,50.31,8.7,4.56,41.55,37.0035,0,1,24.444444,2
32778,9,19,5,1,24.11,0.03,51.77,10.6,4.56,40.17,0.0,0,1,24.444444,2
32779,9,20,5,1,24.13,0.05,52.36,14.8,1.44,42.96,0.0,0,1,24.444444,2
32780,9,21,5,1,24.13,0.06,53.03,15.8,4.56,42.08,0.0,0,1,24.444444,2
32781,9,22,5,1,24.08,0.01,54.73,9.7,1.8,32.37,0.0,0,1,24.444444,2
32782,9,23,5,1,24.07,0.0,56.62,9.6,0.96,30.06,0.0,0,1,24.444444,2
32783,9,24,5,1,24.07,0.0,59.0,7.3,0.0,24.09,0.0,0,1,24.444444,2
32784,9,1,6,1,24.07,0.0,61.23,9.3,0.24,26.11,0.0,0,1,24.444444,2
32785,9,2,6,1,24.07,0.0,61.47,13.0,0.6,31.13,0.0,0,1,24.444444,2
32786,9,3,6,1,24.07,0.0,62.21,9.4,2.64,23.74,0.0,0,1,24.444444,2
32787,9,4,6,1,24.07,0.0,63.56,9.6,0.36,25.52,0.0,0,1,24.444444,2
32788,9,5,6,1,24.07,0.0,63.77,9.7,0.72,26.04,0.0,0,1,24.444444,2
32789,9,6,6,1,24.07,0.0,64.02,9.8,7.44,24.99,0.0,0,1,24.444444,2
32790,9,7,6,1,24.07,0.0,63.8,8.6,18.84,27.38,37.5442,0,1,24.444444,2
32791,9,8,6,1,24.07,0.0,62.6,10.0,2.76,34.18,178.207,0,1,24.444444,2
32792,9,9,6,1,24.07,0.0,60.94,9.4,7.68,36.99,362.317,0,1,24.444444,2
32793,9,10,6,1,24.07,0.0,59.21,9.4,4.92,39.43,516.301,0,1,24.444444,2
32794,9,11,6,1,24.09,0.01,57.83,9.7,2.04,40.11,616.657,0,1,24.444444,2
32795,9,12,6,1,24.1,0.03,57.14,7.6,3.6,39.02,671.656,0,1,24.444444,2
32796,9,13,6,1,24.13,0.06,55.91,7.6,0.72,42.05,682.476,0,1,24.444444,2
32797,9,14,6,1,24.17,0.1,52.98,10.0,0.96,48.41,631.774,0,1,24.444444,2
32798,9,15,6,1,24.18,0.11,50.84,8.8,2.4,48.37,548.596,0,1,24.444444,2
32799,9,16,6,1,24.15,0.08,50.09,7.7,0.84,46.86,402.202,0,1,24.444444,2
32800,9,17,6,1,24.18,0.1,50.0,12.0,6.84,49.44,211.76,0,1,24.444444,2
32801,9,18,6,1,24.13,0.05,50.95,8.6,2.52,41.15,35.5355,0,1,24.444444,2
32802,9,19,6,1,24.12,0.04,52.85,10.2,1.92,40.52,0.0,0,1,24.444444,2
32803,9,20,6,1,24.13,0.05,53.93,11.8,5.28,41.81,0.0,0,1,24.444444,2
32804,9,21,6,1,24.12,0.04,54.6,11.2,4.2,40.0,0.0,0,1,24.444444,2
32805,9,22,6,1,24.09,0.02,54.04,10.8,1.68,36.79,0.0,0,1,24.444444,2
32806,9,23,6,1,24.08,0.01,52.81,11.8,3.6,35.41,0.0,0,1,24.444444,2
32807,9,24,6,1,24.07,0.0,51.82,10.3,0.6,31.03,0.0,0,1,24.444444,2
32808,9,1,7,1,24.07,0.0,52.05,7.3,0.36,24.8,0.0,0,1,24.444444,2
32809,9,2,7,1,24.07,0.0,53.92,3.8,0.24,18.12,0.0,0,1,24.444444,2
32810,9,3,7,1,24.07,0.0,55.66,5.0,0.12,18.42,0.0,0,1,24.444444,2
32811,9,4,7,1,24.07,0.0,57.38,3.6,0.6,15.39,0.0,0,1,24.444444,2
32812,9,5,7,1,24.07,0.0,57.98,8.9,0.48,22.37,0.0,0,1,24.444444,2
32813,9,6,7,1,24.07,0.0,57.72,9.2,11.16,21.58,0.0,0,1,24.444444,2
32814,9,7,7,1,24.07,0.0,57.59,7.8,17.16,23.31,36.9923,0,1,24.444444,2
32815,9,8,7,1,24.07,0.0,56.74,9.9,18.72,30.43,177.362,0,1,24.444444,2
32816,9,9,7,1,24.07,0.0,54.79,13.1,4.68,37.63,360.902,0,1,24.444444,2
32817,9,10,7,1,24.07,0.0,53.23,12.8,1.32,38.76,510.13,0,1,24.444444,2
32818,9,11,7,1,24.09,0.01,52.45,13.4,2.64,40.17,609.392,0,1,24.444444,2
32819,9,12,7,1,24.09,0.01,52.52,9.0,0.84,36.38,663.82,0,1,24.444444,2
32820,9,13,7,1,24.09,0.02,52.88,8.2,4.08,37.83,675.227,0,1,24.444444,2
32821,9,14,7,1,24.13,0.06,52.35,11.3,4.2,46.3,632.669,0,1,24.444444,2
32822,9,15,7,1,24.15,0.08,51.4,10.5,1.32,48.62,541.899,0,1,24.444444,2
32823,9,16,7,1,24.21,0.13,49.98,12.1,0.96,50.25,401.027,0,1,24.444444,2
32824,9,17,7,1,24.15,0.08,49.74,10.8,1.32,47.13,214.762,0,1,24.444444,2
32825,9,18,7,1,24.1,0.03,50.89,8.1,4.44,39.45,37.0656,0,1,24.444444,2
32826,9,19,7,1,24.1,0.03,52.16,11.0,0.72,39.74,0.0,0,1,24.444444,2
32827,9,20,7,1,24.09,0.02,53.44,9.5,6.0,36.51,0.0,0,1,24.444444,2
32828,9,21,7,1,24.08,0.01,55.3,9.7,1.2,35.88,0.0,0,1,24.444444,2
32829,9,22,7,1,24.09,0.02,55.92,13.8,6.48,39.48,0.0,0,1,24.444444,2
32830,9,23,7,1,24.08,0.0,56.89,10.8,1.08,34.53,0.0,0,1,24.444444,2
32831,9,24,7,1,24.07,0.0,59.24,4.1,0.96,24.49,0.0,0,1,24.444444,2
32832,10,1,1,1,24.07,0.0,62.8,3.4,0.84,22.29,0.0,0,1,24.444444,2
32833,10,2,1,1,24.07,0.0,66.58,3.4,0.0,21.63,0.0,0,1,24.444444,2
32834,10,3,1,1,24.07,0.0,68.97,3.3,0.6,20.59,0.0,0,1,24.444444,2
32835,10,4,1,1,24.07,0.0,70.79,3.7,0.6,20.14,0.0,0,1,24.444444,2
32836,10,5,1,1,24.07,0.0,72.4,3.9,0.48,19.97,0.0,0,1,24.444444,2
32837,10,6,1,1,24.06,0.0,73.86,3.5,2.52,19.48,0.0,0,1,24.444444,2
32838,10,7,1,1,24.06,0.0,74.1,3.5,2.88,20.15,22.5488,0,1,24.444444,2
32839,10,8,1,1,24.06,0.0,73.22,3.6,8.04,20.58,92.555,0,1,24.444444,2
32840,10,9,1,1,24.05,0.0,72.36,3.5,15.36,20.46,187.175,0,1,24.444444,2
32841,10,10,1,1,24.06,0.0,71.74,5.5,8.28,20.51,126.66,0,1,24.444444,2
32842,10,11,1,1,24.05,0.0,71.71,4.1,3.36,16.52,79.3567,0,1,24.444444,2
32843,10,12,1,1,24.05,0.0,71.38,4.9,1.8,22.75,210.054,0,1,24.444444,2
32844,10,13,1,1,24.07,0.0,69.82,5.8,14.4,30.33,406.323,0,1,24.444444,2
32845,10,14,1,1,24.07,0.0,66.53,8.9,5.16,39.34,451.726,0,1,24.444444,2
32846,10,15,1,1,24.07,0.0,63.09,4.0,3.24,33.92,550.932,0,1,24.444444,2
32847,10,16,1,1,24.07,0.0,60.17,11.7,7.8,45.49,395.375,0,1,24.444444,2
32848,10,17,1,1,24.07,0.0,58.85,5.4,4.8,31.95,201.728,0,1,24.444444,2
32849,10,18,1,1,24.07,0.0,60.32,4.1,10.56,25.67,29.1453,0,1,24.444444,2
32850,10,19,1,1,24.07,0.0,62.18,4.4,3.84,23.73,0.0,0,1,24.444444,2
32851,10,20,1,1,24.07,0.0,63.26,4.8,2.64,23.25,0.0,0,1,24.444444,2
32852,10,21,1,1,24.07,0.0,63.5,6.5,4.32,25.6,0.0,0,1,24.444444,2
32853,10,22,1,1,24.07,0.0,63.31,6.0,2.76,22.05,0.0,0,1,24.444444,2
32854,10,23,1,1,24.07,0.0,64.44,3.8,2.28,16.3,0.0,0,1,24.444444,2
32855,10,24,1,1,24.06,0.0,65.78,4.7,0.96,16.55,0.0,0,1,24.444444,2
32856,10,1,2,1,24.03,0.0,67.31,3.6,0.6,12.84,0.0,0,1,24.444444,2
32857,10,2,2,1,24.06,0.0,67.24,9.3,0.6,20.15,0.0,0,1,24.444444,2
32858,10,3,2,1,23.97,0.0,68.76,3.2,0.6,9.67,0.0,0,1,24.444444,2
32859,10,4,2,1,23.92,0.0,70.94,3.3,0.48,9.63,0.0,0,1,24.444444,2
32860,10,5,2,1,23.9,0.0,72.35,3.8,0.36,9.89,0.0,0,1,24.444444,2
32861,10,6,2,1,23.99,0.0,72.19,8.1,1.8,16.4,0.0,0,1,24.444444,2
32862,10,7,2,1,23.93,0.0,73.03,3.5,2.4,12.13,38.7929,0,1,24.444444,2
32863,10,8,2,1,23.91,0.0,73.86,3.7,8.64,14.4,120.587,0,1,24.444444,2
32864,10,9,2,1,23.96,0.0,72.9,4.9,7.56,19.59,270.089,0,1,24.444444,2
32865,10,10,2,1,23.98,0.0,73.21,3.7,17.88,17.22,268.174,0,1,24.444444,2
32866,10,11,2,1,24.03,0.0,73.61,8.7,12.48,23.89,108.354,0,1,24.444444,2
32867,10,12,2,1,24.05,0.0,72.64,10.0,8.64,26.28,82.0187,0,1,24.444444,2
32868,10,13,2,1,24.03,0.0,73.65,4.9,6.12,16.38,89.1467,0,1,24.444444,2
32869,10,14,2,1,24.05,0.0,72.98,9.3,2.4,25.29,123.062,0,1,24.444444,2
32870,10,15,2,1,24.03,0.0,72.95,4.3,5.28,15.16,80.1114,0,1,24.444444,2
32871,10,16,2,1,24.03,0.0,74.65,4.9,9.0,15.94,7.7424,0,1,24.444444,2
32872,10,17,2,1,24.07,0.0,73.12,10.8,3.0,28.08,0.0,0,1,24.444444,2
32873,10,18,2,1,24.07,0.0,69.39,14.3,9.72,34.63,0.0,0,1,24.444444,2
32874,10,19,2,1,24.07,0.0,69.41,7.7,5.04,21.7,0.0,0,1,24.444444,2
32875,10,20,2,1,24.07,0.0,72.41,6.3,3.48,20.45,0.0,0,1,24.444444,2
32876,10,21,2,1,24.06,0.0,75.11,4.8,3.0,19.22,0.0,0,1,24.444444,2
32877,10,22,2,1,24.07,0.0,75.81,7.1,2.52,24.4,0.0,0,1,24.444444,2
32878,10,23,2,1,24.05,0.0,77.41,3.7,1.32,17.41,0.0,0,1,24.444444,2
32879,10,24,2,1,24.05,0.0,78.63,4.9,0.48,20.15,0.0,0,1,24.444444,2
32880,10,1,3,1,24.04,0.0,78.77,3.9,0.6,17.88,0.0,0,1,24.444444,2
32881,10,2,3,1,24.06,0.0,77.03,7.1,0.72,23.79,0.0,0,1,24.444444,2
32882,10,3,3,1,24.04,0.0,76.32,3.6,0.36,16.05,0.0,0,1,24.444444,2
32883,10,4,3,1,24.03,0.0,76.67,3.6,0.12,16.05,0.0,0,1,24.444444,2
32884,10,5,3,1,24.03,0.0,76.52,3.7,0.6,16.14,0.0,0,1,24.444444,2
32885,10,6,3,1,24.03,0.0,76.51,3.6,6.36,16.46,0.0,0,1,24.444444,2
32886,10,7,3,1,24.04,0.0,74.96,4.3,3.0,22.76,37.8655,0,1,24.444444,2
32887,10,8,3,1,24.05,0.0,71.52,4.7,10.44,28.71,172.304,0,1,24.444444,2
32888,10,9,3,1,24.07,0.0,66.7,8.9,10.92,37.62,326.19,0,1,24.444444,2
32889,10,10,3,1,24.07,0.0,64.41,5.4,3.36,31.39,347.602,0,1,24.444444,2
32890,10,11,3,1,24.07,0.0,63.93,4.7,3.36,31.43,413.029,0,1,24.444444,2
32891,10,12,3,1,24.07,0.0,64.45,3.8,0.96,31.3,438.06,0,1,24.444444,2
32892,10,13,3,1,24.07,0.0,63.65,6.0,0.84,38.57,657.886,0,1,24.444444,2
32893,10,14,3,1,24.09,0.02,60.58,9.3,3.48,45.56,593.293,0,1,24.444444,2
32894,10,15,3,1,24.07,0.0,59.07,4.4,2.04,38.49,472.986,0,1,24.444444,2
32895,10,16,3,1,24.07,0.0,58.72,4.0,1.8,38.07,428.717,0,1,24.444444,2
32896,10,17,3,1,24.07,0.0,58.6,3.8,1.2,33.88,228.194,0,1,24.444444,2
32897,10,18,3,1,24.07,0.0,58.36,6.9,3.72,31.94,34.6261,0,1,24.444444,2
32898,10,19,3,1,24.07,0.0,57.56,10.7,2.52,32.89,0.0,0,1,24.444444,2
32899,10,20,3,1,24.07,0.0,57.43,8.4,4.32,27.46,0.0,0,1,24.444444,2
32900,10,21,3,1,24.07,0.0,56.69,13.1,2.16,33.09,0.0,0,1,24.444444,2
32901,10,22,3,1,24.07,0.0,57.36,9.4,2.16,26.21,0.0,0,1,24.444444,2
32902,10,23,3,1,24.07,0.0,60.19,5.0,1.2,18.76,0.0,0,1,24.444444,2
32903,10,24,3,1,24.07,0.0,62.73,4.9,0.72,17.97,0.0,0,1,24.444444,2
32904,10,1,4,1,24.06,0.0,64.25,3.3,2.64,14.27,0.0,0,1,24.444444,2
32905,10,2,4,1,24.04,0.0,65.11,3.3,0.36,12.97,0.0,0,1,24.444444,2
32906,10,3,4,1,24.02,0.0,66.12,3.4,0.36,12.34,0.0,0,1,24.444444,2
32907,10,4,4,1,24.0,0.0,68.46,3.2,0.6,11.75,0.0,0,1,24.444444,2
32908,10,5,4,1,24.0,0.0,70.8,4.1,1.2,12.62,0.0,0,1,24.444444,2
32909,10,6,4,1,23.98,0.0,72.21,3.9,0.96,12.27,0.0,0,1,24.444444,2
32910,10,7,4,1,24.0,0.0,71.22,5.4,21.6,18.79,0.0,0,1,24.444444,2
32911,10,8,4,1,23.99,0.0,69.26,3.9,4.92,20.65,180.326,0,1,24.444444,2
32912,10,9,4,1,24.03,0.0,66.87,5.6,6.6,24.79,342.813,0,1,24.444444,2
32913,10,10,4,1,24.03,0.0,65.88,3.1,2.52,20.39,331.836,0,1,24.444444,2
32914,10,11,4,1,24.06,0.0,64.73,5.3,7.32,26.21,495.89,0,1,24.444444,2
32915,10,12,4,1,24.07,0.0,63.22,4.0,2.28,26.2,664.773,0,1,24.444444,2
32916,10,13,4,1,24.07,0.0,61.13,8.8,3.12,36.99,707.767,0,1,24.444444,2
32917,10,14,4,1,24.07,0.0,58.86,7.9,2.64,39.06,668.797,0,1,24.444444,2
32918,10,15,4,1,24.07,0.0,56.78,9.3,0.96,42.23,568.511,0,1,24.444444,2
32919,10,16,4,1,24.07,0.0,55.88,4.5,0.96,33.84,399.675,0,1,24.444444,2
32920,10,17,4,1,24.07,0.0,55.47,8.9,2.64,37.91,209.375,0,1,24.444444,2
32921,10,18,4,1,24.07,0.0,55.01,9.0,2.16,32.07,30.0029,0,1,24.444444,2
32922,10,19,4,1,24.07,0.0,55.2,9.7,3.0,29.37,0.0,0,1,24.444444,2
32923,10,20,4,1,24.07,0.0,56.42,7.4,2.4,24.53,0.0,0,1,24.444444,2
32924,10,21,4,1,24.07,0.0,58.06,9.1,2.76,26.12,0.0,0,1,24.444444,2
32925,10,22,4,1,24.07,0.0,59.65,6.8,1.2,20.37,0.0,0,1,24.444444,2
32926,10,23,4,1,24.07,0.0,61.73,5.8,0.72,17.27,0.0,0,1,24.444444,2
32927,10,24,4,1,24.05,0.0,64.65,3.5,1.92,13.26,0.0,0,1,24.444444,2
32928,10,1,5,1,24.04,0.0,67.21,4.1,0.24,14.12,0.0,0,1,24.444444,2
32929,10,2,5,1,24.03,0.0,68.5,4.2,0.36,13.37,0.0,0,1,24.444444,2
32930,10,3,5,1,24.01,0.0,68.87,4.1,0.48,12.02,0.0,0,1,24.444444,2
32931,10,4,5,1,24.04,0.0,67.59,8.5,0.36,17.7,0.0,0,1,24.444444,2
32932,10,5,5,1,23.96,0.0,68.22,3.4,1.32,9.24,0.0,0,1,24.444444,2
32933,10,6,5,1,24.02,0.0,68.49,8.3,6.36,16.02,0.0,0,1,24.444444,2
32934,10,7,5,1,24.06,0.0,65.87,13.3,7.92,29.89,0.0,0,1,24.444444,2
32935,10,8,5,1,24.06,0.0,63.93,9.1,6.36,27.38,181.754,0,1,24.444444,2
32936,10,9,5,1,24.07,0.0,62.04,8.4,7.92,29.8,376.11,0,1,24.444444,2
32937,10,10,5,1,24.07,0.0,60.39,8.6,4.92,33.34,533.819,0,1,24.444444,2
32938,10,11,5,1,24.07,0.0,58.95,8.1,6.84,33.44,647.377,0,1,24.444444,2
32939,10,12,5,1,24.07,0.0,57.66,8.3,5.04,35.28,715.682,0,1,24.444444,2
32940,10,13,5,1,24.08,0.01,54.98,9.2,0.84,37.75,736.073,0,1,24.444444,2
32941,10,14,5,1,24.08,0.0,52.08,8.4,0.84,39.29,692.975,0,1,24.444444,2
32942,10,15,5,1,24.08,0.0,49.97,9.1,1.68,41.98,591.884,0,1,24.444444,2
32943,10,16,5,1,24.07,0.0,49.79,7.5,6.84,40.21,440.394,0,1,24.444444,2
32944,10,17,5,1,24.07,0.0,49.98,8.3,2.16,39.11,231.932,0,1,24.444444,2
32945,10,18,5,1,24.07,0.0,50.25,9.4,5.04,34.19,34.6998,0,1,24.444444,2
32946,10,19,5,1,24.07,0.0,50.69,9.2,3.36,29.2,0.0,0,1,24.444444,2
32947,10,20,5,1,24.07,0.0,51.06,13.0,3.36,31.31,0.0,0,1,24.444444,2
32948,10,21,5,1,24.07,0.0,52.36,11.7,2.04,28.0,0.0,0,1,24.444444,2
32949,10,22,5,1,24.07,0.0,55.05,11.2,6.36,27.42,0.0,0,1,24.444444,2
32950,10,23,5,1,24.07,0.0,57.61,8.4,0.6,23.16,0.0,0,1,24.444444,2
32951,10,24,5,1,24.07,0.0,59.08,8.1,0.36,22.03,0.0,0,1,24.444444,2
32952,10,1,6,1,24.07,0.0,59.69,5.7,1.56,17.02,0.0,0,1,24.444444,2
32953,10,2,6,1,24.06,0.0,61.08,4.2,0.6,13.72,0.0,0,1,24.444444,2
32954,10,3,6,1,24.07,0.0,61.29,9.7,0.24,21.15,0.0,0,1,24.444444,2
32955,10,4,6,1,24.02,0.0,62.66,3.3,0.24,10.43,0.0,0,1,24.444444,2
32956,10,5,6,1,23.99,0.0,65.05,3.5,0.6,10.28,0.0,0,1,24.444444,2
32957,10,6,6,1,24.05,0.0,64.61,10.2,4.68,20.17,0.0,0,1,24.444444,2
32958,10,7,6,1,24.05,0.0,63.79,7.8,23.76,22.27,0.0,0,1,24.444444,2
32959,10,8,6,1,24.06,0.0,62.34,8.7,6.48,27.93,182.227,0,1,24.444444,2
32960,10,9,6,1,24.07,0.0,60.23,9.1,10.32,31.21,378.118,0,1,24.444444,2
32961,10,10,6,1,24.07,0.0,59.27,7.9,3.24,32.43,537.734,0,1,24.444444,2
32962,10,11,6,1,24.07,0.0,58.98,7.8,1.68,33.97,641.392,0,1,24.444444,2
32963,10,12,6,1,24.1,0.02,58.14,11.2,2.16,40.03,701.401,0,1,24.444444,2
32964,10,13,6,1,24.1,0.03,57.36,9.1,0.6,39.59,713.378,0,1,24.444444,2
32965,10,14,6,1,24.11,0.03,56.5,10.8,1.56,43.63,471.602,0,1,24.444444,2
32966,10,15,6,1,24.09,0.02,55.9,9.6,2.28,44.21,481.52,0,1,24.444444,2
32967,10,16,6,1,24.08,0.0,56.28,8.3,1.32,41.09,330.758,0,1,24.444444,2
32968,10,17,6,1,24.07,0.0,57.56,8.4,1.8,38.9,164.517,0,1,24.444444,2
32969,10,18,6,1,24.07,0.0,59.28,9.5,5.4,37.6,16.0463,0,1,24.444444,2
32970,10,19,6,1,24.08,0.0,60.34,12.3,7.2,40.1,0.0,0,1,24.444444,2
32971,10,20,6,1,24.07,0.0,61.68,10.3,2.04,36.01,0.0,0,1,24.444444,2
32972,10,21,6,1,24.07,0.0,62.41,12.7,5.64,39.43,0.0,0,1,24.444444,2
32973,10,22,6,1,24.07,0.0,63.4,10.1,1.32,34.09,0.0,0,1,24.444444,2
32974,10,23,6,1,24.07,0.0,65.12,9.0,0.48,31.81,0.0,0,1,24.444444,2
32975,10,24,6,1,24.07,0.0,65.74,10.4,0.48,33.65,0.0,0,1,24.444444,2
32976,10,1,7,1,24.07,0.0,68.15,3.8,0.36,21.33,0.0,0,1,24.444444,2
32977,10,2,7,1,24.07,0.0,71.14,4.9,0.36,23.89,0.0,0,1,24.444444,2
32978,10,3,7,1,24.07,0.0,73.25,3.4,0.48,20.92,0.0,0,1,24.444444,2
32979,10,4,7,1,24.07,0.0,74.13,5.9,0.36,25.8,0.0,0,1,24.444444,2
32980,10,5,7,1,24.07,0.0,75.69,3.3,1.08,20.3,0.0,0,1,24.444444,2
32981,10,6,7,1,24.06,0.0,77.42,4.0,5.64,22.01,0.0,0,1,24.444444,2
32982,10,7,7,1,24.06,0.0,78.75,3.4,4.8,20.51,0.0,0,1,24.444444,2
32983,10,8,7,1,24.06,0.0,79.55,4.5,6.6,22.97,38.764,0,1,24.444444,2
32984,10,9,7,1,24.06,0.0,78.5,3.7,8.88,28.27,231.46,0,1,24.444444,2
32985,10,10,7,1,24.07,0.0,76.47,3.7,3.36,32.36,297.684,0,1,24.444444,2
32986,10,11,7,1,24.07,0.0,73.55,6.8,0.84,38.33,364.306,0,1,24.444444,2
32987,10,12,7,1,24.07,0.0,71.33,7.2,4.92,36.31,289.009,0,1,24.444444,2
32988,10,13,7,1,24.07,0.0,69.56,7.9,7.68,30.81,196.287,0,1,24.444444,2
32989,10,14,7,1,24.07,0.0,67.58,9.6,0.84,28.09,68.7395,0,1,24.444444,2
32990,10,15,7,1,24.07,0.0,66.55,9.8,2.04,27.28,87.292,0,1,24.444444,2
32991,10,16,7,1,24.07,0.0,66.06,8.6,3.12,24.44,98.916,0,1,24.444444,2
32992,10,17,7,1,24.07,0.0,65.94,8.5,2.64,23.87,47.8021,0,1,24.444444,2
32993,10,18,7,1,24.07,0.0,63.99,14.7,2.88,34.44,2.1332,0,1,24.444444,2
32994,10,19,7,1,24.07,0.0,63.65,11.0,4.56,26.19,0.0,0,1,24.444444,2
32995,10,20,7,1,24.07,0.0,66.13,8.3,2.76,20.63,0.0,0,1,24.444444,2
32996,10,21,7,1,24.07,0.0,68.48,9.0,2.28,23.32,0.0,0,1,24.444444,2
32997,10,22,7,1,24.06,0.0,70.96,5.3,1.08,17.19,0.0,0,1,24.444444,2
32998,10,23,7,1,24.05,0.0,72.93,5.6,0.96,17.74,0.0,0,1,24.444444,2
32999,10,24,7,1,24.04,0.0,74.04,5.0,0.72,16.21,0.0,0,1,24.444444,2
33000,10,1,1,1,24.01,0.0,75.91,3.6,0.48,12.91,0.0,0,1,24.444444,2
33001,10,2,1,1,23.98,0.0,77.9,3.5,0.36,12.46,0.0,0,1,24.444444,2
33002,10,3,1,1,23.95,0.0,79.34,3.3,0.24,11.97,0.0,0,1,24.444444,2
33003,10,4,1,1,23.94,0.0,80.21,3.6,1.56,12.13,0.0,0,1,24.444444,2
33004,10,5,1,1,23.95,0.0,80.21,4.4,0.12,12.81,0.0,0,1,24.444444,2
33005,10,6,1,1,23.91,0.0,80.43,3.6,2.64,10.96,0.0,0,1,24.444444,2
33006,10,7,1,1,23.91,0.0,79.61,3.3,5.4,16.93,0.0,0,1,24.444444,2
33007,10,8,1,1,24.03,0.0,74.69,12.5,5.76,37.89,165.906,0,1,24.444444,2
33008,10,9,1,1,24.05,0.0,70.84,4.9,16.2,28.09,335.913,0,1,24.444444,2
33009,10,10,1,1,24.07,0.0,69.11,4.4,4.08,33.06,498.207,0,1,24.444444,2
33010,10,11,1,1,24.08,0.0,67.07,4.2,2.16,35.65,609.487,0,1,24.444444,2
33011,10,12,1,1,24.09,0.02,65.12,4.0,4.08,37.3,652.037,0,1,24.444444,2
33012,10,13,1,1,24.11,0.03,61.85,5.3,4.08,41.02,584.149,0,1,24.444444,2
33013,10,14,1,1,24.15,0.08,58.33,9.2,9.24,48.85,544.682,0,1,24.444444,2
33014,10,15,1,1,24.13,0.05,56.85,4.2,1.56,44.19,487.428,0,1,24.444444,2
33015,10,16,1,1,24.16,0.08,55.89,10.9,11.04,50.99,312.544,0,1,24.444444,2
33016,10,17,1,1,24.1,0.03,57.22,4.2,6.72,40.06,159.017,0,1,24.444444,2
33017,10,18,1,1,24.08,0.01,59.5,4.2,13.32,35.94,13.437,0,1,24.444444,2
33018,10,19,1,1,24.08,0.0,61.46,4.5,7.2,33.93,0.0,0,1,24.444444,2
33019,10,20,1,1,24.07,0.0,62.67,6.3,1.44,34.02,0.0,0,1,24.444444,2
33020,10,21,1,1,24.07,0.0,63.57,5.3,2.4,30.38,0.0,0,1,24.444444,2
33021,10,22,1,1,24.07,0.0,65.49,4.6,0.84,27.84,0.0,0,1,24.444444,2
33022,10,23,1,1,24.07,0.0,67.11,6.0,1.2,29.06,0.0,0,1,24.444444,2
33023,10,24,1,1,24.07,0.0,69.17,4.4,0.96,24.59,0.0,0,1,24.444444,2
33024,10,1,2,1,24.07,0.0,71.71,3.3,0.84,21.3,0.0,0,1,24.444444,2
33025,10,2,2,1,24.07,0.0,71.95,8.1,0.72,29.61,0.0,0,1,24.444444,2
33026,10,3,2,1,24.07,0.0,72.8,3.5,0.36,18.7,0.0,0,1,24.444444,2
33027,10,4,2,1,24.07,0.0,74.57,4.8,0.48,20.41,0.0,0,1,24.444444,2
33028,10,5,2,1,24.07,0.0,75.21,5.1,0.6,19.85,0.0,0,1,24.444444,2
33029,10,6,2,1,24.07,0.0,74.3,8.3,0.96,25.57,0.0,0,1,24.444444,2
33030,10,7,2,1,24.07,0.0,72.71,6.9,4.08,28.23,0.0,0,1,24.444444,2
33031,10,8,2,1,24.06,0.0,72.09,3.2,10.56,26.42,155.233,0,1,24.444444,2
33032,10,9,2,1,24.07,0.0,71.17,4.2,5.88,30.64,291.08,0,1,24.444444,2
33033,10,10,2,1,24.07,0.0,69.78,4.4,18.6,33.43,359.245,0,1,24.444444,2
33034,10,11,2,1,24.1,0.03,66.47,8.7,14.28,44.31,527.081,0,1,24.444444,2
33035,10,12,2,1,24.1,0.03,64.0,6.6,6.6,40.69,472.397,0,1,24.444444,2
33036,10,13,2,1,24.08,0.0,63.3,6.0,3.96,35.92,283.417,0,1,24.444444,2
33037,10,14,2,1,24.07,0.0,63.15,9.3,0.96,37.23,84.5832,0,1,24.444444,2
33038,10,15,2,1,24.07,0.0,63.46,5.4,7.2,33.2,194.367,0,1,24.444444,2
33039,10,16,2,1,24.07,0.0,63.9,4.4,4.32,33.57,216.494,0,1,24.444444,2
33040,10,17,2,1,24.08,0.01,62.97,12.7,4.92,44.73,97.0451,0,1,24.444444,2
33041,10,18,2,1,24.08,0.0,63.09,10.0,6.36,37.47,4.57224,0,1,24.444444,2
33042,10,19,2,1,24.07,0.0,64.55,7.4,7.32,31.51,0.0,0,1,24.444444,2
33043,10,20,2,1,24.07,0.0,65.6,9.0,2.88,33.22,0.0,0,1,24.444444,2
33044,10,21,2,1,24.07,0.0,67.55,4.5,2.04,24.89,0.0,0,1,24.444444,2
33045,10,22,2,1,24.07,0.0,69.38,6.8,3.24,28.75,0.0,0,1,24.444444,2
33046,10,23,2,1,24.07,0.0,71.41,4.2,1.32,23.09,0.0,0,1,24.444444,2
33047,10,24,2,1,24.07,0.0,73.3,6.0,0.36,26.5,0.0,0,1,24.444444,2
33048,10,1,8,1,24.07,0.0,75.19,3.4,0.6,20.66,0.0,0,1,24.444444,2
33049,10,2,8,1,24.07,0.0,77.26,3.8,0.12,21.15,0.0,0,1,24.444444,2
33050,10,3,8,1,24.06,0.0,78.54,3.5,0.12,19.59,0.0,0,1,24.444444,2
33051,10,4,8,1,24.06,0.0,79.46,3.5,0.12,18.78,0.0,0,1,24.444444,2
33052,10,5,8,1,24.05,0.0,80.0,3.8,0.36,18.43,0.0,0,1,24.444444,2
33053,10,6,8,1,24.05,0.0,79.72,4.8,2.88,20.19,0.0,0,1,24.444444,2
33054,10,7,8,1,24.05,0.0,78.77,4.1,7.2,26.23,0.0,0,1,24.444444,2
33055,10,8,8,1,24.06,0.0,76.66,3.9,7.8,32.29,171.093,0,1,24.444444,2
33056,10,9,8,1,24.08,0.01,73.21,4.2,7.56,37.28,356.106,0,1,24.444444,2
33057,10,10,8,1,24.13,0.06,67.34,7.2,1.92,43.72,497.127,0,1,24.444444,2
33058,10,11,8,1,24.13,0.06,62.98,7.2,2.88,42.79,568.577,0,1,24.444444,2
33059,10,12,8,1,24.09,0.01,62.92,4.2,4.08,37.3,456.916,0,1,24.444444,2
33060,10,13,8,1,24.07,0.0,63.39,4.4,1.32,37.28,323.22,0,1,24.444444,2
33061,10,14,8,1,24.09,0.02,61.82,9.1,4.32,44.63,317.647,0,1,24.444444,2
33062,10,15,8,1,24.08,0.0,61.94,4.5,3.12,34.26,135.372,0,1,24.444444,2
33063,10,16,8,1,24.07,0.0,63.12,5.2,1.2,36.01,163.181,0,1,24.444444,2
33064,10,17,8,1,24.07,0.0,63.93,4.1,2.64,32.72,82.5534,0,1,24.444444,2
33065,10,18,8,1,24.07,0.0,64.42,6.9,2.16,34.7,3.34978,0,1,24.444444,2
33066,10,19,8,1,24.08,0.0,64.07,11.2,7.08,38.75,0.0,0,1,24.444444,2
33067,10,20,8,1,24.07,0.0,63.64,10.0,6.6,33.59,0.0,0,1,24.444444,2
33068,10,21,8,1,24.07,0.0,63.73,10.7,2.16,33.16,0.0,0,1,24.444444,2
33069,10,22,8,1,24.07,0.0,64.64,8.5,1.56,28.01,0.0,0,1,24.444444,2
33070,10,23,8,1,24.07,0.0,66.94,5.0,1.68,20.58,0.0,0,1,24.444444,2
33071,10,24,8,1,24.07,0.0,69.72,3.9,0.6,17.63,0.0,0,1,24.444444,2
33072,10,1,4,1,24.06,0.0,71.8,4.2,0.6,16.74,0.0,0,1,24.444444,2
33073,10,2,4,1,24.04,0.0,73.28,3.5,0.12,14.12,0.0,0,1,24.444444,2
33074,10,3,4,1,24.01,0.0,75.03,3.2,0.24,12.8,0.0,0,1,24.444444,2
33075,10,4,4,1,24.0,0.0,76.45,3.6,0.36,12.72,0.0,0,1,24.444444,2
33076,10,5,4,1,23.97,0.0,77.8,3.3,4.2,11.59,0.0,0,1,24.444444,2
33077,10,6,4,1,23.97,0.0,78.74,4.1,2.88,12.29,0.0,0,1,24.444444,2
33078,10,7,4,1,23.98,0.0,78.17,4.4,16.92,21.0,0.0,0,1,24.444444,2
33079,10,8,4,1,24.01,0.0,76.32,4.1,5.28,27.99,169.323,0,1,24.444444,2
33080,10,9,4,1,24.06,0.0,73.37,5.6,6.24,34.88,354.426,0,1,24.444444,2
33081,10,10,4,1,24.09,0.01,69.86,6.9,4.32,40.29,500.926,0,1,24.444444,2
33082,10,11,4,1,24.08,0.0,66.75,3.5,11.88,35.57,598.486,0,1,24.444444,2
33083,10,12,4,1,24.12,0.05,63.85,5.4,0.72,40.87,643.685,0,1,24.444444,2
33084,10,13,4,1,24.23,0.16,60.8,9.4,3.48,47.69,671.882,0,1,24.444444,2
33085,10,14,4,1,24.25,0.18,58.72,7.9,0.96,48.94,620.236,0,1,24.444444,2
33086,10,15,4,1,24.34,0.27,56.39,9.6,0.96,52.15,529.846,0,1,24.444444,2
33087,10,16,4,1,24.31,0.23,54.83,8.5,1.8,50.21,376.455,0,1,24.444444,2
33088,10,17,4,1,24.2,0.13,54.26,8.5,1.68,47.08,184.347,0,1,24.444444,2
33089,10,18,4,1,24.18,0.11,54.79,11.6,3.12,45.2,14.0446,0,1,24.444444,2
33090,10,19,4,1,24.17,0.09,56.5,10.9,4.2,42.4,0.0,0,1,24.444444,2
33091,10,20,4,1,24.13,0.06,58.57,8.8,1.92,38.46,0.0,0,1,24.444444,2
33092,10,21,4,1,24.11,0.04,59.92,8.8,4.08,37.12,0.0,0,1,24.444444,2
33093,10,22,4,1,24.09,0.02,61.21,7.6,1.68,33.97,0.0,0,1,24.444444,2
33094,10,23,4,1,24.07,0.0,63.13,5.7,1.08,29.59,0.0,0,1,24.444444,2
33095,10,24,4,1,24.07,0.0,65.73,3.7,0.72,24.69,0.0,0,1,24.444444,2
33096,10,1,5,1,24.07,0.0,68.3,4.0,0.36,23.89,0.0,0,1,24.444444,2
33097,10,2,5,1,24.07,0.0,69.66,4.6,0.6,23.86,0.0,0,1,24.444444,2
33098,10,3,5,1,24.07,0.0,68.02,9.4,0.36,30.61,0.0,0,1,24.444444,2
33099,10,4,5,1,24.07,0.0,66.64,8.3,0.6,25.65,0.0,0,1,24.444444,2
33100,10,5,5,1,24.07,0.0,68.73,3.7,3.24,16.34,0.0,0,1,24.444444,2
33101,10,6,5,1,24.06,0.0,71.5,4.3,6.72,17.46,0.0,0,1,24.444444,2
33102,10,7,5,1,24.07,0.0,70.7,8.8,10.44,31.31,0.0,0,1,24.444444,2
33103,10,8,5,1,24.07,0.0,67.2,9.9,9.0,37.11,169.664,0,1,24.444444,2
33104,10,9,5,1,24.08,0.0,64.09,9.1,1.2,38.75,357.012,0,1,24.444444,2
33105,10,10,5,1,24.08,0.01,61.49,8.8,1.44,40.17,510.09,0,1,24.444444,2
33106,10,11,5,1,24.11,0.03,59.89,8.4,3.48,39.85,604.174,0,1,24.444444,2
33107,10,12,5,1,24.15,0.08,58.45,8.6,2.04,41.79,653.839,0,1,24.444444,2
33108,10,13,5,1,24.19,0.12,57.12,9.0,4.56,44.46,668.36,0,1,24.444444,2
33109,10,14,5,1,24.2,0.13,54.99,8.1,0.72,46.52,616.705,0,1,24.444444,2
33110,10,15,5,1,24.25,0.18,53.41,9.5,1.08,49.81,525.563,0,1,24.444444,2
33111,10,16,5,1,24.24,0.17,52.92,7.7,6.36,47.61,381.899,0,1,24.444444,2
33112,10,17,5,1,24.18,0.1,53.05,8.4,3.48,46.03,189.581,0,1,24.444444,2
33113,10,18,5,1,24.14,0.06,53.9,8.9,3.96,40.34,16.7882,0,1,24.444444,2
33114,10,19,5,1,24.13,0.06,54.92,10.5,4.2,40.09,0.0,0,1,24.444444,2
33115,10,20,5,1,24.12,0.05,55.78,10.7,3.12,38.95,0.0,0,1,24.444444,2
33116,10,21,5,1,24.11,0.04,56.99,11.3,1.2,38.86,0.0,0,1,24.444444,2
33117,10,22,5,1,24.09,0.02,58.61,9.2,1.92,34.46,0.0,0,1,24.444444,2
33118,10,23,5,1,24.08,0.0,60.07,9.1,0.96,32.7,0.0,0,1,24.444444,2
33119,10,24,5,1,24.07,0.0,61.04,8.2,0.36,29.35,0.0,0,1,24.444444,2
33120,10,1,6,1,24.07,0.0,62.92,3.1,0.12,19.31,0.0,0,1,24.444444,2
33121,10,2,6,1,24.07,0.0,64.62,4.2,0.48,19.87,0.0,0,1,24.444444,2
33122,10,3,6,1,24.07,0.0,66.02,3.1,0.72,15.88,0.0,0,1,24.444444,2
33123,10,4,6,1,24.05,0.0,67.44,3.1,0.36,14.19,0.0,0,1,24.444444,2
33124,10,5,6,1,24.07,0.0,66.69,8.3,1.56,22.18,0.0,0,1,24.444444,2
33125,10,6,6,1,24.07,0.0,64.23,10.4,6.0,24.27,0.0,0,1,24.444444,2
33126,10,7,6,1,24.07,0.0,62.53,7.9,21.48,24.54,0.0,0,1,24.444444,2
33127,10,8,6,1,24.07,0.0,60.71,8.8,10.68,31.55,171.557,0,1,24.444444,2
33128,10,9,6,1,24.08,0.0,57.68,10.2,8.64,37.19,359.863,0,1,24.444444,2
33129,10,10,6,1,24.08,0.01,55.42,10.0,5.28,38.26,510.345,0,1,24.444444,2
33130,10,11,6,1,24.09,0.02,54.22,9.0,3.24,37.21,609.871,0,1,24.444444,2
33131,10,12,6,1,24.12,0.04,53.72,7.5,2.4,36.94,662.132,0,1,24.444444,2
33132,10,13,6,1,24.16,0.08,53.0,9.2,0.48,41.56,670.118,0,1,24.444444,2
33133,10,14,6,1,24.19,0.11,52.07,9.7,4.68,46.19,621.203,0,1,24.444444,2
33134,10,15,6,1,24.27,0.19,51.15,11.3,0.96,49.99,517.996,0,1,24.444444,2
33135,10,16,6,1,24.21,0.14,51.34,7.9,1.2,46.5,366.132,0,1,24.444444,2
33136,10,17,6,1,24.15,0.07,52.21,8.1,3.6,44.29,172.811,0,1,24.444444,2
33137,10,18,6,1,24.14,0.07,53.88,9.5,4.56,41.12,11.4885,0,1,24.444444,2
33138,10,19,6,1,24.14,0.06,55.18,11.3,3.36,40.84,0.0,0,1,24.444444,2
33139,10,20,6,1,24.11,0.03,56.64,9.0,4.2,36.48,0.0,0,1,24.444444,2
33140,10,21,6,1,24.09,0.02,58.61,9.0,3.6,35.45,0.0,0,1,24.444444,2
33141,10,22,6,1,24.09,0.02,60.04,11.5,1.92,37.25,0.0,0,1,24.444444,2
33142,10,23,6,1,24.08,0.01,60.77,10.8,0.96,34.32,0.0,0,1,24.444444,2
33143,10,24,6,1,24.07,0.0,62.1,9.9,0.36,32.52,0.0,0,1,24.444444,2
33144,10,1,7,1,24.07,0.0,65.3,3.1,0.36,20.95,0.0,0,1,24.444444,2
33145,10,2,7,1,24.07,0.0,69.19,3.5,0.36,20.98,0.0,0,1,24.444444,2
33146,10,3,7,1,24.07,0.0,71.6,3.7,0.12,20.65,0.0,0,1,24.444444,2
33147,10,4,7,1,24.07,0.0,72.76,3.6,0.36,19.65,0.0,0,1,24.444444,2
33148,10,5,7,1,24.06,0.0,72.82,3.5,1.8,18.05,0.0,0,1,24.444444,2
33149,10,6,7,1,24.06,0.0,73.82,3.2,1.8,16.62,0.0,0,1,24.444444,2
33150,10,7,7,1,24.06,0.0,73.98,4.1,13.32,25.04,0.0,0,1,24.444444,2
33151,10,8,7,1,24.07,0.0,71.42,4.7,8.64,32.6,169.079,0,1,24.444444,2
33152,10,9,7,1,24.07,0.0,66.68,4.1,5.52,35.3,361.826,0,1,24.444444,2
33153,10,10,7,1,24.07,0.0,63.45,4.3,1.8,37.21,520.004,0,1,24.444444,2
33154,10,11,7,1,24.13,0.05,61.01,9.3,2.16,43.57,620.017,0,1,24.444444,2
33155,10,12,7,1,24.15,0.08,58.79,7.5,1.8,40.94,673.17,0,1,24.444444,2
33156,10,13,7,1,24.18,0.11,57.63,7.7,0.72,43.64,691.482,0,1,24.444444,2
33157,10,14,7,1,24.23,0.15,56.82,9.0,2.52,48.77,649.372,0,1,24.444444,2
33158,10,15,7,1,24.27,0.2,56.16,9.1,2.16,50.92,550.904,0,1,24.444444,2
33159,10,16,7,1,24.26,0.19,55.35,8.6,0.6,49.44,398.467,0,1,24.444444,2
33160,10,17,7,1,24.18,0.1,55.88,8.9,3.36,46.75,194.207,0,1,24.444444,2
33161,10,18,7,1,24.14,0.07,57.07,9.8,1.2,41.05,14.803,0,1,24.444444,2
33162,10,19,7,1,24.12,0.05,58.48,10.0,5.76,38.9,0.0,0,1,24.444444,2
33163,10,20,7,1,24.1,0.03,60.26,9.9,4.2,37.29,0.0,0,1,24.444444,2
33164,10,21,7,1,24.09,0.02,61.83,10.0,1.32,36.38,0.0,0,1,24.444444,2
33165,10,22,7,1,24.07,0.0,64.12,6.0,1.92,27.28,0.0,0,1,24.444444,2
33166,10,23,7,1,24.07,0.0,67.16,4.7,1.2,23.42,0.0,0,1,24.444444,2
33167,10,24,7,1,24.07,0.0,69.7,5.4,1.32,24.02,0.0,0,1,24.444444,2
33168,10,1,1,1,24.07,0.0,71.67,3.6,0.6,19.85,0.0,0,1,24.444444,2
33169,10,2,1,1,24.07,0.0,73.6,3.7,0.84,19.32,0.0,0,1,24.444444,2
33170,10,3,1,1,24.07,0.0,75.47,3.6,0.48,18.18,0.0,0,1,24.444444,2
33171,10,4,1,1,24.05,0.0,77.27,3.2,0.24,17.2,0.0,0,1,24.444444,2
33172,10,5,1,1,24.05,0.0,79.06,3.6,0.72,18.01,0.0,0,1,24.444444,2
33173,10,6,1,1,24.04,0.0,80.24,3.5,4.08,17.57,0.0,0,1,24.444444,2
33174,10,7,1,1,24.05,0.0,79.71,4.0,6.24,25.43,0.0,0,1,24.444444,2
33175,10,8,1,1,24.06,0.0,77.03,5.0,10.2,33.11,165.533,0,1,24.444444,2
33176,10,9,1,1,24.07,0.0,73.45,5.8,15.36,34.68,288.878,0,1,24.444444,2
33177,10,10,1,1,24.07,0.0,71.01,6.8,6.36,33.06,255.867,0,1,24.444444,2
33178,10,11,1,1,24.07,0.0,70.76,3.5,4.2,24.35,133.916,0,1,24.444444,2
33179,10,12,1,1,24.07,0.0,70.55,4.0,9.6,26.81,240.266,0,1,24.444444,2
33180,10,13,1,1,24.07,0.0,69.58,4.7,8.4,32.0,317.786,0,1,24.444444,2
33181,10,14,1,1,24.07,0.0,66.7,8.5,2.64,39.8,300.359,0,1,24.444444,2
33182,10,15,1,1,24.07,0.0,64.98,3.9,3.6,27.36,156.914,0,1,24.444444,2
33183,10,16,1,1,24.07,0.0,65.75,4.2,9.6,24.84,53.4879,0,1,24.444444,2
33184,10,17,1,1,24.07,0.0,66.67,5.0,5.88,25.54,22.8106,0,1,24.444444,2
33185,10,18,1,1,24.07,0.0,67.37,4.1,8.04,24.17,0.0,0,1,24.444444,2
33186,10,19,1,1,24.07,0.0,67.54,5.3,7.68,24.78,0.0,0,1,24.444444,2
33187,10,20,1,1,24.07,0.0,67.67,6.1,3.36,24.68,0.0,0,1,24.444444,2
33188,10,21,1,1,24.07,0.0,68.88,4.2,2.16,19.32,0.0,0,1,24.444444,2
33189,10,22,1,1,24.07,0.0,70.36,5.0,1.08,19.17,0.0,0,1,24.444444,2
33190,10,23,1,1,24.07,0.0,71.57,5.1,1.68,18.85,0.0,0,1,24.444444,2
33191,10,24,1,1,24.05,0.0,73.58,3.5,0.72,15.63,0.0,0,1,24.444444,2
33192,10,1,2,1,24.04,0.0,75.58,3.4,0.36,15.06,0.0,0,1,24.444444,2
33193,10,2,2,1,24.06,0.0,74.37,8.3,0.72,22.08,0.0,0,1,24.444444,2
33194,10,3,2,1,23.99,0.0,72.72,3.4,1.44,10.77,0.0,0,1,24.444444,2
33195,10,4,2,1,23.94,0.0,72.61,3.7,0.24,10.01,0.0,0,1,24.444444,2
33196,10,5,2,1,23.93,0.0,71.96,5.0,0.36,10.53,0.0,0,1,24.444444,2
33197,10,6,2,1,23.99,0.0,69.99,8.3,2.4,14.36,0.0,0,1,24.444444,2
33198,10,7,2,1,23.85,0.0,69.99,3.8,3.0,7.37,0.0,0,1,24.444444,2
33199,10,8,2,1,23.75,0.0,70.33,4.7,7.56,5.97,42.6872,0,1,24.444444,2
33200,10,9,2,1,23.66,0.0,68.92,4.3,11.88,4.81,83.8641,0,1,24.444444,2
33201,10,10,2,1,23.63,0.0,66.59,4.1,14.88,4.64,119.341,0,1,24.444444,2
33202,10,11,2,1,23.84,0.0,62.81,9.5,8.88,11.48,143.806,0,1,24.444444,2
33203,10,12,2,1,23.92,0.0,59.65,6.4,7.8,14.12,602.441,0,1,24.444444,2
33204,10,13,2,1,23.93,0.0,56.59,3.9,3.6,14.49,736.911,0,1,24.444444,2
33205,10,14,2,1,24.06,0.0,52.3,9.5,5.88,24.3,682.844,0,1,24.444444,2
33206,10,15,2,1,24.05,0.0,48.57,4.1,3.96,20.89,589.394,0,1,24.444444,2
33207,10,16,2,1,24.05,0.0,45.72,4.6,5.76,21.21,439.187,0,1,24.444444,2
33208,10,17,2,1,24.07,0.0,43.41,8.8,4.8,23.68,222.101,0,1,24.444444,2
33209,10,18,2,1,24.08,0.0,42.25,10.4,7.08,19.91,19.2779,0,1,24.444444,2
33210,10,19,2,1,24.08,0.0,42.07,11.2,13.68,18.46,0.0,0,1,24.444444,2
33211,10,20,2,1,24.08,0.0,42.6,9.1,3.24,14.76,0.0,0,1,24.444444,2
33212,10,21,2,1,24.07,0.0,43.12,8.2,5.04,12.76,0.0,0,1,24.444444,2
33213,10,22,2,1,24.01,0.0,43.56,5.8,2.4,8.84,0.0,0,1,24.444444,2
33214,10,23,2,1,23.84,0.0,44.61,3.7,0.72,5.68,0.0,0,1,24.444444,2
33215,10,24,2,1,23.7,0.0,45.28,3.6,0.96,4.51,0.0,0,1,24.444444,2
33216,10,1,3,1,23.58,0.0,45.92,3.6,0.24,3.43,0.0,0,1,24.444444,2
33217,10,2,3,1,23.48,0.0,46.73,3.9,0.24,2.86,0.0,0,1,24.444444,2
33218,10,3,3,1,23.37,0.0,47.31,3.5,0.24,2.3,0.0,0,1,24.444444,2
33219,10,4,3,1,23.28,0.0,48.12,3.4,0.24,1.86,0.0,0,1,24.444444,2
33220,10,5,3,1,23.23,0.0,48.88,3.9,0.96,1.7,0.0,0,1,24.444444,2
33221,10,6,3,1,23.15,0.0,49.92,3.7,2.4,1.32,0.0,0,1,24.444444,2
33222,10,7,3,1,23.33,0.0,49.77,4.6,7.92,2.7,0.0,0,1,24.444444,2
33223,10,8,3,1,23.52,0.0,48.79,4.7,15.12,6.03,194.65,0,1,24.444444,2
33224,10,9,3,1,23.59,0.0,47.95,4.3,7.44,8.07,409.68,0,1,24.444444,2
33225,10,10,3,1,23.69,0.0,47.31,6.5,5.04,11.45,578.367,0,1,24.444444,2
33226,10,11,3,1,23.76,0.0,47.12,6.3,2.52,12.11,684.421,0,1,24.444444,2
33227,10,12,3,1,23.79,0.0,47.21,4.6,3.48,12.17,746.239,0,1,24.444444,2
33228,10,13,3,1,23.84,0.0,47.57,4.4,2.52,14.64,741.405,0,1,24.444444,2
33229,10,14,3,1,23.99,0.0,47.2,8.7,3.0,23.39,681.386,0,1,24.444444,2
33230,10,15,3,1,24.01,0.0,46.7,4.1,0.72,22.23,579.359,0,1,24.444444,2
33231,10,16,3,1,24.03,0.0,46.56,4.8,1.44,24.05,417.447,0,1,24.444444,2
33232,10,17,3,1,24.03,0.0,46.82,3.7,2.76,20.56,204.897,0,1,24.444444,2
33233,10,18,3,1,24.03,0.0,47.95,3.9,5.76,14.83,16.2472,0,1,24.444444,2
33234,10,19,3,1,24.07,0.0,49.34,10.7,6.24,20.99,0.0,0,1,24.444444,2
33235,10,20,3,1,24.07,0.0,50.45,9.4,4.68,17.8,0.0,0,1,24.444444,2
33236,10,21,3,1,24.07,0.0,51.84,9.7,2.64,16.01,0.0,0,1,24.444444,2
33237,10,22,3,1,24.07,0.0,53.15,10.4,0.72,14.89,0.0,0,1,24.444444,2
33238,10,23,3,1,24.02,0.0,54.6,6.7,1.56,10.65,0.0,0,1,24.444444,2
33239,10,24,3,1,23.9,0.0,56.08,3.8,0.6,7.33,0.0,0,1,24.444444,2
33240,10,1,4,1,23.78,0.0,57.74,3.5,0.36,6.18,0.0,0,1,24.444444,2
33241,10,2,4,1,23.69,0.0,59.34,3.4,0.24,5.23,0.0,0,1,24.444444,2
33242,10,3,4,1,23.62,0.0,61.11,3.5,0.24,4.63,0.0,0,1,24.444444,2
33243,10,4,4,1,23.58,0.0,62.62,3.7,0.24,4.33,0.0,0,1,24.444444,2
33244,10,5,4,1,23.52,0.0,63.58,3.7,1.44,3.77,0.0,0,1,24.444444,2
33245,10,6,4,1,23.46,0.0,64.43,3.8,3.36,3.45,0.0,0,1,24.444444,2
33246,10,7,4,1,23.57,0.0,63.85,4.4,17.52,6.37,0.0,0,1,24.444444,2
33247,10,8,4,1,23.68,0.0,62.01,4.3,6.72,11.63,177.557,0,1,24.444444,2
33248,10,9,4,1,23.71,0.0,59.86,3.7,3.84,15.27,374.449,0,1,24.444444,2
33249,10,10,4,1,23.81,0.0,57.65,4.9,1.8,18.72,538.56,0,1,24.444444,2
33250,10,11,4,1,23.89,0.0,56.5,3.8,4.8,18.82,658.622,0,1,24.444444,2
33251,10,12,4,1,23.96,0.0,56.16,4.2,0.96,20.98,719.237,0,1,24.444444,2
33252,10,13,4,1,24.06,0.0,54.6,8.7,5.28,28.56,727.781,0,1,24.444444,2
33253,10,14,4,1,24.07,0.0,52.38,8.3,0.84,32.09,674.93,0,1,24.444444,2
33254,10,15,4,1,24.07,0.0,50.22,9.0,0.72,36.31,575.606,0,1,24.444444,2
33255,10,16,4,1,24.07,0.0,48.55,8.3,5.16,34.49,415.572,0,1,24.444444,2
33256,10,17,4,1,24.07,0.0,47.79,8.7,1.56,31.33,203.118,0,1,24.444444,2
33257,10,18,4,1,24.08,0.0,48.26,8.9,1.56,25.23,15.2213,0,1,24.444444,2
33258,10,19,4,1,24.07,0.0,48.87,10.7,3.36,23.85,0.0,0,1,24.444444,2
33259,10,20,4,1,24.07,0.0,49.34,11.9,2.88,22.72,0.0,0,1,24.444444,2
33260,10,21,4,1,24.07,0.0,49.96,9.7,1.32,17.57,0.0,0,1,24.444444,2
33261,10,22,4,1,24.06,0.0,51.01,6.7,2.16,11.9,0.0,0,1,24.444444,2
33262,10,23,4,1,24.0,0.0,52.28,5.7,0.6,9.26,0.0,0,1,24.444444,2
33263,10,24,4,1,23.88,0.0,53.43,3.6,0.24,6.4,0.0,0,1,24.444444,2
33264,10,1,5,1,23.8,0.0,55.08,4.7,0.24,6.39,0.0,0,1,24.444444,2
33265,10,2,5,1,23.65,0.0,57.22,3.8,0.24,4.25,0.0,0,1,24.444444,2
33266,10,3,5,1,23.57,0.0,58.78,5.1,0.72,3.88,0.0,0,1,24.444444,2
33267,10,4,5,1,23.67,0.0,59.38,9.0,0.48,6.67,0.0,0,1,24.444444,2
33268,10,5,5,1,23.51,0.0,61.36,3.7,2.04,3.2,0.0,0,1,24.444444,2
33269,10,6,5,1,23.66,0.0,62.2,8.4,4.08,7.15,0.0,0,1,24.444444,2
33270,10,7,5,1,23.75,0.0,62.86,7.9,11.04,10.72,0.0,0,1,24.444444,2
33271,10,8,5,1,23.83,0.0,62.03,8.6,9.24,18.07,173.184,0,1,24.444444,2
33272,10,9,5,1,23.91,0.0,59.88,9.1,9.36,22.71,369.787,0,1,24.444444,2
33273,10,10,5,1,23.99,0.0,58.08,8.9,10.56,23.81,535.199,0,1,24.444444,2
33274,10,11,5,1,24.06,0.0,57.46,8.7,4.44,24.89,646.934,0,1,24.444444,2
33275,10,12,5,1,24.07,0.0,57.55,7.2,5.88,26.72,703.862,0,1,24.444444,2
33276,10,13,5,1,24.08,0.01,56.99,9.4,2.16,34.92,694.357,0,1,24.444444,2
33277,10,14,5,1,24.08,0.01,55.95,7.8,2.28,37.95,653.413,0,1,24.444444,2
33278,10,15,5,1,24.09,0.01,54.72,9.3,1.08,43.03,551.868,0,1,24.444444,2
33279,10,16,5,1,24.08,0.0,53.31,7.8,1.2,39.66,403.124,0,1,24.444444,2
33280,10,17,5,1,24.07,0.0,52.52,8.1,1.68,35.33,188.497,0,1,24.444444,2
33281,10,18,5,1,24.07,0.0,52.43,7.8,3.36,27.49,12.7776,0,1,24.444444,2
33282,10,19,5,1,24.07,0.0,53.03,11.4,2.88,29.62,0.0,0,1,24.444444,2
33283,10,20,5,1,24.07,0.0,53.48,17.3,1.08,36.28,0.0,0,1,24.444444,2
33284,10,21,5,1,24.07,0.0,55.3,8.7,1.68,22.41,0.0,0,1,24.444444,2
33285,10,22,5,1,24.07,0.0,56.98,9.7,2.04,21.69,0.0,0,1,24.444444,2
33286,10,23,5,1,24.07,0.0,57.5,8.2,0.48,16.96,0.0,0,1,24.444444,2
33287,10,24,5,1,24.07,0.0,58.5,7.5,0.6,14.35,0.0,0,1,24.444444,2
33288,10,1,6,1,24.07,0.0,59.58,8.5,0.6,15.55,0.0,0,1,24.444444,2
33289,10,2,6,1,24.0,0.0,61.87,4.2,0.84,9.42,0.0,0,1,24.444444,2
33290,10,3,6,1,23.9,0.0,64.67,3.2,0.24,8.0,0.0,0,1,24.444444,2
33291,10,4,6,1,23.86,0.0,66.44,4.0,0.6,8.07,0.0,0,1,24.444444,2
33292,10,5,6,1,23.95,0.0,66.37,8.2,0.84,11.75,0.0,0,1,24.444444,2
33293,10,6,6,1,23.99,0.0,65.64,9.7,3.24,13.23,0.0,0,1,24.444444,2
33294,10,7,6,1,23.99,0.0,65.22,8.7,22.68,12.37,0.0,0,1,24.444444,2
33295,10,8,6,1,23.98,0.0,64.73,8.2,9.96,13.36,110.591,0,1,24.444444,2
33296,10,9,6,1,24.02,0.0,63.19,9.7,8.76,21.07,263.991,0,1,24.444444,2
33297,10,10,6,1,24.03,0.0,62.41,5.0,4.08,19.42,409.862,0,1,24.444444,2
33298,10,11,6,1,24.07,0.0,61.44,7.5,2.16,26.71,482.095,0,1,24.444444,2
33299,10,12,6,1,24.07,0.0,60.19,11.2,3.96,35.76,524.508,0,1,24.444444,2
33300,10,13,6,1,24.07,0.0,59.53,8.7,1.2,34.16,536.902,0,1,24.444444,2
33301,10,14,6,1,24.07,0.0,58.59,10.2,1.68,37.68,453.858,0,1,24.444444,2
33302,10,15,6,1,24.07,0.0,57.74,9.3,1.2,35.13,334.377,0,1,24.444444,2
33303,10,16,6,1,24.07,0.0,57.65,8.1,4.32,31.84,215.956,0,1,24.444444,2
33304,10,17,6,1,24.07,0.0,58.01,9.4,6.48,31.52,87.8677,0,1,24.444444,2
33305,10,18,6,1,24.07,0.0,58.77,10.6,1.92,31.01,1.09321,0,1,24.444444,2
33306,10,19,6,1,24.07,0.0,59.69,9.7,6.84,28.04,0.0,0,1,24.444444,2
33307,10,20,6,1,24.07,0.0,61.04,8.8,1.8,25.38,0.0,0,1,24.444444,2
33308,10,21,6,1,24.07,0.0,61.91,11.7,3.96,29.51,0.0,0,1,24.444444,2
33309,10,22,6,1,24.07,0.0,62.78,10.5,1.2,26.6,0.0,0,1,24.444444,2
33310,10,23,6,1,24.07,0.0,64.02,10.2,0.72,25.68,0.0,0,1,24.444444,2
33311,10,24,6,1,24.07,0.0,65.21,9.7,0.48,24.32,0.0,0,1,24.444444,2
33312,10,1,7,1,24.05,0.0,67.84,3.7,0.48,14.24,0.0,0,1,24.444444,2
33313,10,2,7,1,24.03,0.0,70.47,3.2,0.6,13.54,0.0,0,1,24.444444,2
33314,10,3,7,1,24.01,0.0,71.8,3.5,0.0,13.36,0.0,0,1,24.444444,2
33315,10,4,7,1,24.0,0.0,72.59,3.5,0.36,12.74,0.0,0,1,24.444444,2
33316,10,5,7,1,23.98,0.0,73.06,3.2,1.92,11.53,0.0,0,1,24.444444,2
33317,10,6,7,1,23.96,0.0,73.75,3.5,5.64,11.5,0.0,0,1,24.444444,2
33318,10,7,7,1,24.0,0.0,73.49,5.7,11.52,17.04,0.0,0,1,24.444444,2
33319,10,8,7,1,24.01,0.0,72.34,4.8,9.36,18.94,123.85,0,1,24.444444,2
33320,10,9,7,1,24.04,0.0,70.59,4.3,8.28,22.75,252.617,0,1,24.444444,2
33321,10,10,7,1,24.06,0.0,68.55,5.2,4.2,27.18,352.452,0,1,24.444444,2
33322,10,11,7,1,24.07,0.0,67.36,5.7,0.72,29.8,328.268,0,1,24.444444,2
33323,10,12,7,1,24.07,0.0,66.2,7.2,1.68,35.91,367.716,0,1,24.444444,2
33324,10,13,7,1,24.07,0.0,64.58,7.6,4.8,37.38,459.493,0,1,24.444444,2
33325,10,14,7,1,24.08,0.0,63.41,9.1,3.96,42.21,471.265,0,1,24.444444,2
33326,10,15,7,1,24.09,0.01,62.16,9.6,1.44,45.41,456.149,0,1,24.444444,2
33327,10,16,7,1,24.07,0.0,62.08,8.3,2.64,39.89,288.024,0,1,24.444444,2
33328,10,17,7,1,24.07,0.0,62.24,12.1,0.48,41.24,112.51,0,1,24.444444,2
33329,10,18,7,1,24.07,0.0,63.8,7.8,3.0,30.85,1.6452,0,1,24.444444,2
33330,10,19,7,1,24.07,0.0,65.31,10.2,3.6,33.77,0.0,0,1,24.444444,2
33331,10,20,7,1,24.07,0.0,66.13,8.0,2.16,28.59,0.0,0,1,24.444444,2
33332,10,21,7,1,24.07,0.0,66.71,10.0,1.44,31.89,0.0,0,1,24.444444,2
33333,10,22,7,1,24.07,0.0,67.78,7.3,3.36,26.24,0.0,0,1,24.444444,2
33334,10,23,7,1,24.07,0.0,69.84,5.1,1.32,21.78,0.0,0,1,24.444444,2
33335,10,24,7,1,24.07,0.0,71.78,4.3,1.2,19.54,0.0,0,1,24.444444,2
33336,10,1,1,1,24.06,0.0,73.88,3.8,0.48,17.9,0.0,0,1,24.444444,2
33337,10,2,1,1,24.05,0.0,75.71,3.3,0.48,16.56,0.0,0,1,24.444444,2
33338,10,3,1,1,24.04,0.0,76.95,3.7,0.24,17.1,0.0,0,1,24.444444,2
33339,10,4,1,1,24.03,0.0,77.7,3.7,0.6,16.67,0.0,0,1,24.444444,2
33340,10,5,1,1,24.03,0.0,78.21,3.8,0.24,15.93,0.0,0,1,24.444444,2
33341,10,6,1,1,24.01,0.0,78.74,4.0,1.44,13.76,0.0,0,1,24.444444,2
33342,10,7,1,1,23.98,0.0,77.63,3.8,3.96,16.42,0.0,0,1,24.444444,2
33343,10,8,1,1,24.01,0.0,74.7,5.7,10.68,24.95,158.991,0,1,24.444444,2
33344,10,9,1,1,24.03,0.0,72.17,3.5,13.2,25.86,336.181,0,1,24.444444,2
33345,10,10,1,1,24.07,0.0,70.06,7.0,8.4,30.8,323.029,0,1,24.444444,2
33346,10,11,1,1,24.02,0.0,69.3,3.5,1.68,13.34,79.5038,0,1,24.444444,2
33347,10,12,1,1,23.94,0.0,67.99,3.9,2.16,11.78,250.46,0,1,24.444444,2
33348,10,13,1,1,24.01,0.0,64.3,5.9,10.32,17.34,355.255,0,1,24.444444,2
33349,10,14,1,1,24.07,0.0,58.99,8.8,3.0,23.5,291.733,0,1,24.444444,2
33350,10,15,1,1,24.06,0.0,56.69,3.6,6.36,17.88,359.344,0,1,24.444444,2
33351,10,16,1,1,24.05,0.0,55.28,4.0,11.4,14.77,149.458,0,1,24.444444,2
33352,10,17,1,1,24.05,0.0,54.43,4.7,7.32,13.73,55.1525,0,1,24.444444,2
33353,10,18,1,1,24.06,0.0,54.33,6.1,7.68,14.17,0.0,0,1,24.444444,2
33354,10,19,1,1,24.04,0.0,54.86,5.6,5.28,11.5,0.0,0,1,24.444444,2
33355,10,20,1,1,23.99,0.0,56.65,5.5,3.36,9.86,0.0,0,1,24.444444,2
33356,10,21,1,1,23.94,0.0,59.53,5.2,5.76,8.85,0.0,0,1,24.444444,2
33357,10,22,1,1,23.84,0.0,61.41,4.6,2.16,7.38,0.0,0,1,24.444444,2
33358,10,23,1,1,23.88,0.0,62.27,7.2,2.16,9.1,0.0,0,1,24.444444,2
33359,10,24,1,1,23.71,0.0,64.18,3.6,0.84,4.96,0.0,0,1,24.444444,2
33360,10,1,2,1,23.62,0.0,65.7,3.8,0.48,4.46,0.0,0,1,24.444444,2
33361,10,2,2,1,23.7,0.0,65.45,8.0,0.6,7.52,0.0,0,1,24.444444,2
33362,10,3,2,1,23.59,0.0,65.74,5.0,0.12,4.03,0.0,0,1,24.444444,2
33363,10,4,2,1,23.49,0.0,66.04,4.9,0.36,3.46,0.0,0,1,24.444444,2
33364,10,5,2,1,23.47,0.0,65.83,6.4,0.36,3.71,0.0,0,1,24.444444,2
33365,10,6,2,1,23.48,0.0,65.63,7.9,0.72,3.96,0.0,0,1,24.444444,2
33366,10,7,2,1,23.45,0.0,65.73,3.8,3.12,3.59,0.0,0,1,24.444444,2
33367,10,8,2,1,23.53,0.0,64.76,3.6,9.6,5.51,143.079,0,1,24.444444,2
33368,10,9,2,1,23.58,0.0,62.54,3.9,5.64,6.31,278.985,0,1,24.444444,2
33369,10,10,2,1,23.68,0.0,59.15,5.5,18.12,12.18,581.358,0,1,24.444444,2
33370,10,11,2,1,23.8,0.0,54.85,8.7,4.32,15.63,698.603,0,1,24.444444,2
33371,10,12,2,1,23.84,0.0,51.74,6.0,4.32,13.97,747.007,0,1,24.444444,2
33372,10,13,2,1,23.86,0.0,49.39,4.1,3.84,14.49,763.766,0,1,24.444444,2
33373,10,14,2,1,24.02,0.0,45.33,9.8,3.48,23.94,707.232,0,1,24.444444,2
33374,10,15,2,1,24.02,0.0,41.88,4.8,5.28,21.2,592.078,0,1,24.444444,2
33375,10,16,2,1,24.03,0.0,40.48,3.8,4.56,20.66,427.47,0,1,24.444444,2
33376,10,17,2,1,24.05,0.0,39.4,8.1,8.52,22.52,208.73,0,1,24.444444,2
33377,10,18,2,1,24.07,0.0,39.07,13.1,7.2,21.86,14.5824,0,1,24.444444,2
33378,10,19,2,1,24.03,0.0,40.14,5.1,3.48,10.5,0.0,0,1,24.444444,2
33379,10,20,2,1,24.01,0.0,41.67,6.8,2.16,10.45,0.0,0,1,24.444444,2
33380,10,21,2,1,23.88,0.0,43.22,4.5,4.44,6.1,0.0,0,1,24.444444,2
33381,10,22,2,1,23.74,0.0,45.93,6.7,1.8,5.61,0.0,0,1,24.444444,2
33382,10,23,2,1,23.49,0.0,49.03,3.6,2.28,2.67,0.0,0,1,24.444444,2
33383,10,24,2,1,23.44,0.0,51.09,6.2,0.24,3.14,0.0,0,1,24.444444,2
33384,10,1,3,1,23.24,0.0,53.53,3.1,0.6,1.5,0.0,0,1,24.444444,2
33385,10,2,3,1,23.11,0.0,55.05,3.3,0.72,1.19,0.0,0,1,24.444444,2
33386,10,3,3,1,22.96,0.0,55.66,3.0,0.12,0.78,0.0,0,1,24.444444,2
33387,10,4,3,1,22.9,0.0,55.77,3.3,0.48,0.65,0.0,0,1,24.444444,2
33388,10,5,3,1,22.84,0.0,55.97,3.1,1.56,0.37,0.0,0,1,24.444444,2
33389,10,6,3,1,22.82,0.0,55.71,3.7,3.96,0.45,0.0,0,1,24.444444,2
33390,10,7,3,1,23.0,0.0,54.64,4.1,7.44,1.07,0.0,0,1,24.444444,2
33391,10,8,3,1,23.37,0.0,52.11,4.7,11.04,4.15,176.885,0,1,24.444444,2
33392,10,9,3,1,23.51,0.0,49.1,4.3,3.6,7.34,387.526,0,1,24.444444,2
33393,10,10,3,1,23.63,0.0,45.72,4.1,2.76,8.43,557.835,0,1,24.444444,2
33394,10,11,3,1,23.72,0.0,43.22,4.4,2.76,9.03,680.927,0,1,24.444444,2
33395,10,12,3,1,23.75,0.0,40.65,3.6,1.8,9.83,748.048,0,1,24.444444,2
33396,10,13,3,1,23.81,0.0,37.99,3.8,3.6,11.71,759.323,0,1,24.444444,2
33397,10,14,3,1,23.97,0.0,35.53,8.8,1.68,19.03,714.359,0,1,24.444444,2
33398,10,15,3,1,23.97,0.0,33.29,3.7,0.84,16.85,606.77,0,1,24.444444,2
33399,10,16,3,1,24.0,0.0,31.52,5.3,1.08,18.7,438.518,0,1,24.444444,2
33400,10,17,3,1,24.01,0.0,30.57,5.3,2.04,15.86,206.965,0,1,24.444444,2
33401,10,18,3,1,23.95,0.0,30.79,4.4,6.48,9.39,12.3865,0,1,24.444444,2
33402,10,19,3,1,23.89,0.0,32.25,6.8,3.6,7.79,0.0,0,1,24.444444,2
33403,10,20,3,1,23.87,0.0,34.03,9.0,5.64,7.32,0.0,0,1,24.444444,2
33404,10,21,3,1,23.96,0.0,34.93,12.2,6.96,9.53,0.0,0,1,24.444444,2
33405,10,22,3,1,23.79,0.0,35.46,6.2,5.64,4.99,0.0,0,1,24.444444,2
33406,10,23,3,1,23.69,0.0,35.07,6.5,0.84,4.34,0.0,0,1,24.444444,2
33407,10,24,3,1,23.52,0.0,35.11,4.7,2.28,2.51,0.0,0,1,24.444444,2
33408,10,1,4,1,23.31,0.0,35.24,3.5,0.12,1.51,0.0,0,1,24.444444,2
33409,10,2,4,1,23.29,0.0,35.24,6.1,0.48,1.85,0.0,0,1,24.444444,2
33410,10,3,4,1,23.17,0.0,35.62,4.7,0.24,1.06,0.0,0,1,24.444444,2
33411,10,4,4,1,22.98,0.0,36.37,3.2,0.12,0.52,0.0,0,1,24.444444,2
33412,10,5,4,1,22.87,0.0,37.09,3.7,3.36,0.31,0.0,0,1,24.444444,2
33413,10,6,4,1,22.76,0.0,38.2,3.8,0.96,0.05,0.0,0,1,24.444444,2
33414,10,7,4,1,22.86,0.0,38.54,5.2,26.52,0.23,0.0,0,1,24.444444,2
33415,10,8,4,1,23.21,0.0,37.83,5.6,2.04,2.29,189.445,0,1,24.444444,2
33416,10,9,4,1,23.36,0.0,37.04,4.0,11.4,4.02,410.43,0,1,24.444444,2
33417,10,10,4,1,23.42,0.0,36.02,3.4,1.2,4.32,581.664,0,1,24.444444,2
33418,10,11,4,1,23.54,0.0,34.9,5.1,6.6,5.51,695.945,0,1,24.444444,2
33419,10,12,4,1,23.58,0.0,33.29,3.6,2.4,6.03,749.312,0,1,24.444444,2
33420,10,13,4,1,23.78,0.0,31.62,9.1,1.2,11.34,768.907,0,1,24.444444,2
33421,10,14,4,1,23.89,0.0,30.21,8.6,1.56,13.95,705.32,0,1,24.444444,2
33422,10,15,4,1,23.98,0.0,29.24,9.2,1.32,17.72,595.809,0,1,24.444444,2
33423,10,16,4,1,23.99,0.0,28.68,7.6,1.44,17.08,423.48,0,1,24.444444,2
33424,10,17,4,1,24.0,0.0,28.61,8.6,1.08,15.33,197.033,0,1,24.444444,2
33425,10,18,4,1,24.02,0.0,29.39,10.8,3.0,11.8,10.6492,0,1,24.444444,2
33426,10,19,4,1,23.9,0.0,31.48,9.5,2.76,7.16,0.0,0,1,24.444444,2
33427,10,20,4,1,23.73,0.0,34.69,9.3,1.68,5.12,0.0,0,1,24.444444,2
33428,10,21,4,1,23.65,0.0,37.62,9.3,3.12,4.46,0.0,0,1,24.444444,2
33429,10,22,4,1,23.5,0.0,38.7,7.7,5.52,2.54,0.0,0,1,24.444444,2
33430,10,23,4,1,23.24,0.0,40.31,5.8,1.56,1.25,0.0,0,1,24.444444,2
33431,10,24,4,1,23.03,0.0,41.68,4.9,0.12,0.73,0.0,0,1,24.444444,2
33432,10,1,5,1,22.85,0.0,42.2,3.5,0.12,0.2,0.0,0,1,24.444444,2
33433,10,2,5,1,22.83,0.0,41.97,5.7,0.36,0.4,0.0,0,1,24.444444,2
33434,10,3,5,1,22.76,0.0,42.04,3.8,0.24,0.07,0.0,0,1,24.444444,2
33435,10,4,5,1,22.8,0.0,41.93,8.3,1.92,0.53,0.0,0,1,24.444444,2
33436,10,5,5,1,22.71,0.0,42.56,4.1,0.24,0.0,0.0,0,1,24.444444,2
33437,10,6,5,1,22.76,0.0,43.26,8.8,4.44,0.49,0.0,0,1,24.444444,2
33438,10,7,5,1,22.84,0.0,43.59,7.8,6.36,0.52,0.0,0,1,24.444444,2
33439,10,8,5,1,23.24,0.0,42.71,8.3,2.88,2.76,176.563,0,1,24.444444,2
33440,10,9,5,1,23.5,0.0,41.29,8.8,8.88,7.58,380.828,0,1,24.444444,2
33441,10,10,5,1,23.65,0.0,39.97,9.1,5.52,9.98,545.07,0,1,24.444444,2
33442,10,11,5,1,23.75,0.0,38.88,8.6,3.84,10.86,642.587,0,1,24.444444,2
33443,10,12,5,1,23.83,0.0,37.67,8.2,7.44,12.76,709.394,0,1,24.444444,2
33444,10,13,5,1,23.92,0.0,36.2,8.9,3.96,15.78,709.696,0,1,24.444444,2
33445,10,14,5,1,24.0,0.0,34.6,8.2,2.04,18.64,668.182,0,1,24.444444,2
33446,10,15,5,1,24.04,0.0,33.81,9.0,0.84,22.73,574.487,0,1,24.444444,2
33447,10,16,5,1,24.05,0.0,33.39,7.3,0.48,21.61,415.372,0,1,24.444444,2
33448,10,17,5,1,24.06,0.0,33.81,9.1,1.8,20.58,189.804,0,1,24.444444,2
33449,10,18,5,1,24.07,0.0,36.25,10.2,4.44,16.41,8.83764,0,1,24.444444,2
33450,10,19,5,1,24.07,0.0,38.92,10.3,3.6,14.2,0.0,0,1,24.444444,2
33451,10,20,5,1,24.08,0.0,40.82,12.3,4.8,14.82,0.0,0,1,24.444444,2
33452,10,21,5,1,24.07,0.0,42.89,11.6,1.56,12.79,0.0,0,1,24.444444,2
33453,10,22,5,1,24.02,0.0,45.55,9.9,1.8,9.82,0.0,0,1,24.444444,2
33454,10,23,5,1,23.93,0.0,47.95,8.5,0.48,7.37,0.0,0,1,24.444444,2
33455,10,24,5,1,23.77,0.0,49.7,7.8,0.24,5.12,0.0,0,1,24.444444,2
33456,10,1,6,1,23.37,0.0,52.16,3.6,0.48,1.86,0.0,0,1,24.444444,2
33457,10,2,6,1,23.3,0.0,54.16,4.3,0.48,2.45,0.0,0,1,24.444444,2
33458,10,3,6,1,23.58,0.0,55.04,9.4,0.24,5.37,0.0,0,1,24.444444,2
33459,10,4,6,1,23.27,0.0,57.8,3.0,0.84,1.6,0.0,0,1,24.444444,2
33460,10,5,6,1,23.18,0.0,60.26,3.6,1.44,1.72,0.0,0,1,24.444444,2
33461,10,6,6,1,23.38,0.0,60.68,9.7,7.56,4.01,0.0,0,1,24.444444,2
33462,10,7,6,1,23.56,0.0,60.24,10.7,21.48,7.0,0.0,0,1,24.444444,2
33463,10,8,6,1,23.7,0.0,59.52,9.1,11.16,12.65,164.024,0,1,24.444444,2
33464,10,9,6,1,23.76,0.0,58.59,8.5,7.56,14.7,314.972,0,1,24.444444,2
33465,10,10,6,1,23.83,0.0,57.91,8.6,5.88,14.05,219.604,0,1,24.444444,2
33466,10,11,6,1,23.93,0.0,56.77,8.4,5.04,18.85,537.394,0,1,24.444444,2
33467,10,12,6,1,24.03,0.0,55.51,9.1,0.48,21.76,532.37,0,1,24.444444,2
33468,10,13,6,1,24.07,0.0,53.84,9.1,2.4,23.7,467.531,0,1,24.444444,2
33469,10,14,6,1,24.07,0.0,52.54,9.4,0.72,24.45,238.316,0,1,24.444444,2
33470,10,15,6,1,24.07,0.0,51.09,8.5,1.68,30.29,471.266,0,1,24.444444,2
33471,10,16,6,1,24.07,0.0,49.49,8.8,2.88,31.89,383.105,0,1,24.444444,2
33472,10,17,6,1,24.07,0.0,49.01,8.3,1.68,27.25,167.304,0,1,24.444444,2
33473,10,18,6,1,24.07,0.0,49.87,10.0,2.4,23.85,5.93514,0,1,24.444444,2
33474,10,19,6,1,24.07,0.0,51.08,9.4,2.16,20.38,0.0,0,1,24.444444,2
33475,10,20,6,1,24.07,0.0,52.46,9.4,1.56,18.48,0.0,0,1,24.444444,2
33476,10,21,6,1,24.07,0.0,53.52,11.2,1.68,20.35,0.0,0,1,24.444444,2
33477,10,22,6,1,24.07,0.0,54.81,11.3,2.04,18.91,0.0,0,1,24.444444,2
33478,10,23,6,1,24.07,0.0,56.06,10.7,1.08,15.36,0.0,0,1,24.444444,2
33479,10,24,6,1,24.02,0.0,57.96,9.5,0.48,10.57,0.0,0,1,24.444444,2
33480,10,1,7,1,23.59,0.0,60.53,3.9,0.84,3.16,0.0,0,1,24.444444,2
33481,10,2,7,1,23.24,0.0,61.15,3.6,0.48,1.79,0.0,0,1,24.444444,2
33482,10,3,7,1,23.07,0.0,60.1,3.5,0.48,1.02,0.0,0,1,24.444444,2
33483,10,4,7,1,22.9,0.0,58.35,3.1,0.48,0.46,0.0,0,1,24.444444,2
33484,10,5,7,1,22.81,0.0,55.89,3.6,5.4,0.2,0.0,0,1,24.444444,2
33485,10,6,7,1,22.74,0.0,52.99,3.4,6.72,0.03,0.0,0,1,24.444444,2
33486,10,7,7,1,22.68,0.0,50.55,3.0,6.12,0.0,0.0,0,1,24.444444,2
33487,10,8,7,1,22.69,0.0,48.15,5.4,3.72,0.0,74.3828,0,1,24.444444,2
33488,10,9,7,1,22.74,0.0,46.33,5.3,4.08,0.01,232.085,0,1,24.444444,2
33489,10,10,7,1,22.84,0.0,44.09,4.1,0.96,0.24,445.516,0,1,24.444444,2
33490,10,11,7,1,23.18,0.0,41.19,8.1,1.8,2.41,678.288,0,1,24.444444,2
33491,10,12,7,1,23.33,0.0,39.47,7.4,1.44,3.72,724.702,0,1,24.444444,2
33492,10,13,7,1,23.43,0.0,37.92,7.9,1.68,5.73,775.126,0,1,24.444444,2
33493,10,14,7,1,23.54,0.0,35.93,8.7,2.4,8.65,711.99,0,1,24.444444,2
33494,10,15,7,1,23.61,0.0,34.74,9.1,1.08,10.85,612.774,0,1,24.444444,2
33495,10,16,7,1,23.65,0.0,33.8,9.5,2.88,11.41,436.91,0,1,24.444444,2
33496,10,17,7,1,23.63,0.0,32.99,8.6,1.44,8.58,197.339,0,1,24.444444,2
33497,10,18,7,1,23.51,0.0,32.59,8.1,2.64,3.65,8.84215,0,1,24.444444,2
33498,10,19,7,1,23.48,0.0,32.5,10.7,2.4,3.66,0.0,0,1,24.444444,2
33499,10,20,7,1,23.52,0.0,32.42,13.8,0.72,4.34,0.0,0,1,24.444444,2
33500,10,21,7,1,23.36,0.0,32.64,9.1,2.4,1.73,0.0,0,1,24.444444,2
33501,10,22,7,1,23.37,0.0,32.62,12.2,1.44,2.58,0.0,0,1,24.444444,2
33502,10,23,7,1,23.03,0.0,33.25,5.3,1.44,0.45,0.0,0,1,24.444444,2
33503,10,24,7,1,22.85,0.0,33.47,4.5,0.36,0.16,0.0,0,1,24.444444,2
33504,10,1,1,1,22.74,0.0,33.87,3.6,0.48,0.01,0.0,0,1,24.444444,2
33505,10,2,1,1,22.66,0.0,34.53,3.3,1.8,0.0,0.0,0,1,24.444444,2
33506,10,3,1,1,22.61,0.0,35.39,3.4,0.24,0.0,0.0,0,1,24.444444,2
33507,10,4,1,1,22.57,0.0,36.39,3.2,0.24,0.0,0.0,0,1,24.444444,2
33508,10,5,1,1,22.54,0.0,36.56,3.5,0.36,0.0,0.0,0,1,24.444444,2
33509,10,6,1,1,22.51,0.0,36.51,3.3,1.2,0.0,0.0,0,1,24.444444,2
33510,10,7,1,1,22.51,0.0,36.31,4.3,6.24,0.0,0.0,0,1,24.444444,2
33511,10,8,1,1,22.74,0.0,35.73,5.4,9.6,0.07,183.059,0,1,24.444444,2
33512,10,9,1,1,23.0,0.0,34.5,4.3,11.52,1.06,410.864,0,1,24.444444,2
33513,10,10,1,1,23.06,0.0,32.3,4.4,4.32,2.1,585.364,0,1,24.444444,2
33514,10,11,1,1,23.11,0.0,30.81,4.2,3.48,2.6,699.466,0,1,24.444444,2
33515,10,12,1,1,23.18,0.0,30.12,4.0,4.68,3.37,768.707,0,1,24.444444,2
33516,10,13,1,1,23.33,0.0,29.33,6.2,6.48,5.73,761.486,0,1,24.444444,2
33517,10,14,1,1,23.57,0.0,28.27,9.0,4.2,9.94,690.556,0,1,24.444444,2
33518,10,15,1,1,23.64,0.0,27.92,5.4,4.32,11.19,551.736,0,1,24.444444,2
33519,10,16,1,1,23.67,0.0,27.62,4.8,2.04,11.14,417.793,0,1,24.444444,2
33520,10,17,1,1,23.64,0.0,27.45,4.7,3.36,8.01,188.332,0,1,24.444444,2
33521,10,18,1,1,23.5,0.0,27.99,4.7,8.52,3.2,6.8521,0,1,24.444444,2
33522,10,19,1,1,23.4,0.0,28.85,5.3,4.92,2.14,0.0,0,1,24.444444,2
33523,10,20,1,1,23.26,0.0,30.46,4.8,5.04,1.21,0.0,0,1,24.444444,2
33524,10,21,1,1,23.18,0.0,31.89,6.2,5.28,1.1,0.0,0,1,24.444444,2
33525,10,22,1,1,23.0,0.0,33.81,4.6,1.44,0.48,0.0,0,1,24.444444,2
33526,10,23,1,1,22.91,0.0,35.3,5.5,0.96,0.39,0.0,0,1,24.444444,2
33527,10,24,1,1,22.76,0.0,36.65,3.7,0.96,0.03,0.0,0,1,24.444444,2
33528,10,1,2,1,22.69,0.0,37.75,3.4,0.48,0.0,0.0,0,1,24.444444,2
33529,10,2,2,1,22.74,0.0,38.53,7.9,0.6,0.23,0.0,0,1,24.444444,2
33530,10,3,2,1,22.65,0.0,39.58,3.3,1.68,0.0,0.0,0,1,24.444444,2
33531,10,4,2,1,22.6,0.0,40.28,3.3,0.12,0.0,0.0,0,1,24.444444,2
33532,10,5,2,1,22.58,0.0,40.83,3.4,0.24,0.0,0.0,0,1,24.444444,2
33533,10,6,2,1,22.64,0.0,41.11,8.1,0.72,0.0,0.0,0,1,24.444444,2
33534,10,7,2,1,22.59,0.0,41.54,3.5,5.64,0.0,0.0,0,1,24.444444,2
33535,10,8,2,1,22.86,0.0,41.48,4.4,10.32,0.2,172.115,0,1,24.444444,2
33536,10,9,2,1,23.31,0.0,41.32,7.2,4.8,4.35,373.51,0,1,24.444444,2
33537,10,10,2,1,23.45,0.0,41.75,3.9,10.8,5.0,541.288,0,1,24.444444,2
33538,10,11,2,1,23.63,0.0,41.48,8.4,15.12,9.14,647.257,0,1,24.444444,2
33539,10,12,2,1,23.67,0.0,40.88,4.2,15.72,8.91,691.115,0,1,24.444444,2
33540,10,13,2,1,23.74,0.0,39.97,4.5,4.08,11.44,720.124,0,1,24.444444,2
33541,10,14,2,1,23.92,0.0,38.74,8.8,6.84,18.83,659.705,0,1,24.444444,2
33542,10,15,2,1,23.95,0.0,38.31,4.7,3.36,18.17,561.595,0,1,24.444444,2
33543,10,16,2,1,23.94,0.0,38.43,4.0,4.32,17.78,397.601,0,1,24.444444,2
33544,10,17,2,1,24.01,0.0,38.79,9.3,4.68,19.51,176.741,0,1,24.444444,2
33545,10,18,2,1,24.04,0.0,39.91,9.7,8.16,14.16,6.16511,0,1,24.444444,2
33546,10,19,2,1,23.91,0.0,41.48,5.4,5.04,8.31,0.0,0,1,24.444444,2
33547,10,20,2,1,23.88,0.0,43.42,7.7,2.52,8.71,0.0,0,1,24.444444,2
33548,10,21,2,1,23.77,0.0,46.92,6.0,3.6,6.5,0.0,0,1,24.444444,2
33549,10,22,2,1,23.78,0.0,49.66,9.3,1.56,7.67,0.0,0,1,24.444444,2
33550,10,23,2,1,23.56,0.0,52.14,5.7,0.84,3.42,0.0,0,1,24.444444,2
33551,10,24,2,1,23.37,0.0,53.67,4.8,0.48,2.25,0.0,0,1,24.444444,2
33552,10,1,3,1,23.17,0.0,54.88,3.4,0.24,1.17,0.0,0,1,24.444444,2
33553,10,2,3,1,23.0,0.0,55.46,4.1,0.0,0.92,0.0,0,1,24.444444,2
33554,10,3,3,1,22.89,0.0,55.6,3.3,0.6,0.48,0.0,0,1,24.444444,2
33555,10,4,3,1,22.82,0.0,55.52,3.3,0.24,0.28,0.0,0,1,24.444444,2
33556,10,5,3,1,22.77,0.0,55.21,3.5,1.56,0.18,0.0,0,1,24.444444,2
33557,10,6,3,1,22.74,0.0,54.92,3.4,6.12,0.09,0.0,0,1,24.444444,2
33558,10,7,3,1,22.79,0.0,54.64,3.9,3.96,0.24,0.0,0,1,24.444444,2
33559,10,8,3,1,23.15,0.0,53.85,4.4,7.44,2.35,166.611,0,1,24.444444,2
33560,10,9,3,1,23.47,0.0,53.23,4.6,5.64,7.66,363.518,0,1,24.444444,2
33561,10,10,3,1,23.64,0.0,52.03,4.2,8.88,10.09,520.285,0,1,24.444444,2
33562,10,11,3,1,23.75,0.0,50.84,5.4,2.4,12.56,594.337,0,1,24.444444,2
33563,10,12,3,1,23.79,0.0,49.76,4.2,3.6,12.77,606.313,0,1,24.444444,2
33564,10,13,3,1,23.85,0.0,48.64,4.9,2.04,15.94,693.687,0,1,24.444444,2
33565,10,14,3,1,23.97,0.0,47.65,8.8,6.6,21.01,412.1,0,1,24.444444,2
33566,10,15,3,1,24.0,0.0,46.85,4.2,1.08,20.46,460.912,0,1,24.444444,2
33567,10,16,3,1,24.01,0.0,46.37,4.2,1.2,22.16,379.523,0,1,24.444444,2
33568,10,17,3,1,24.03,0.0,46.51,4.3,1.68,18.63,162.673,0,1,24.444444,2
33569,10,18,3,1,24.02,0.0,47.8,4.2,2.16,12.72,2.13029,0,1,24.444444,2
33570,10,19,3,1,24.03,0.0,48.69,7.4,5.28,13.96,0.0,0,1,24.444444,2
33571,10,20,3,1,24.06,0.0,49.23,9.9,1.8,15.35,0.0,0,1,24.444444,2
33572,10,21,3,1,24.05,0.0,50.04,9.5,1.68,13.0,0.0,0,1,24.444444,2
33573,10,22,3,1,24.06,0.0,51.34,11.4,5.76,13.14,0.0,0,1,24.444444,2
33574,10,23,3,1,23.9,0.0,53.66,6.4,5.64,7.17,0.0,0,1,24.444444,2
33575,10,24,3,1,23.73,0.0,56.48,4.2,0.84,5.19,0.0,0,1,24.444444,2
33576,11,1,4,1,23.88,0.0,57.46,9.6,0.48,9.92,0.0,0,1,24.444444,2
33577,11,2,4,1,23.63,0.0,60.12,3.0,0.48,3.75,0.0,0,1,24.444444,2
33578,11,3,4,1,23.81,0.0,60.43,9.6,0.12,9.65,0.0,0,1,24.444444,2
33579,11,4,4,1,23.86,0.0,60.63,9.8,3.36,9.68,0.0,0,1,24.444444,2
33580,11,5,4,1,23.88,0.0,61.1,10.2,0.84,9.8,0.0,0,1,24.444444,2
33581,11,6,4,1,23.95,0.0,60.91,12.4,2.52,11.92,0.0,0,1,24.444444,2
33582,11,7,4,1,23.91,0.0,61.22,9.4,7.56,10.93,0.0,0,1,24.444444,2
33583,11,8,4,1,23.89,0.0,61.01,7.7,18.12,13.41,139.753,0,1,24.444444,2
33584,11,9,4,1,23.98,0.0,59.13,10.8,11.64,19.51,271.149,0,1,24.444444,2
33585,11,10,4,1,24.02,0.0,57.96,8.5,10.08,18.5,300.354,0,1,24.444444,2
33586,11,11,4,1,24.06,0.0,56.92,8.6,4.92,21.37,401.567,0,1,24.444444,2
33587,11,12,4,1,24.07,0.0,55.71,7.8,7.32,21.6,361.47,0,1,24.444444,2
33588,11,13,4,1,24.07,0.0,54.38,9.1,2.4,24.71,403.377,0,1,24.444444,2
33589,11,14,4,1,24.07,0.0,54.3,9.8,0.6,22.39,128.743,0,1,24.444444,2
33590,11,15,4,1,24.07,0.0,53.93,15.5,1.56,30.59,111.846,0,1,24.444444,2
33591,11,16,4,1,24.07,0.0,54.33,8.7,0.96,22.73,178.771,0,1,24.444444,2
33592,11,17,4,1,24.08,0.01,53.96,22.7,1.08,41.25,57.8935,0,1,24.444444,2
33593,11,18,4,1,24.07,0.0,53.96,17.1,3.6,31.35,0.0,0,1,24.444444,2
33594,11,19,4,1,24.07,0.0,56.02,11.4,0.84,22.91,0.0,0,1,24.444444,2
33595,11,20,4,1,24.07,0.0,58.93,9.3,7.2,19.71,0.0,0,1,24.444444,2
33596,11,21,4,1,24.07,0.0,60.83,11.6,5.76,23.55,0.0,0,1,24.444444,2
33597,11,22,4,1,24.07,0.0,62.25,9.7,2.88,19.94,0.0,0,1,24.444444,2
33598,11,23,4,1,24.07,0.0,62.77,12.4,2.76,23.54,0.0,0,1,24.444444,2
33599,11,24,4,1,24.07,0.0,63.29,10.1,1.44,18.67,0.0,0,1,24.444444,2
33600,11,1,5,1,24.07,0.0,63.86,11.4,0.36,20.39,0.0,0,1,24.444444,2
33601,11,2,5,1,24.07,0.0,64.44,10.0,0.24,17.12,0.0,0,1,24.444444,2
33602,11,3,5,1,24.07,0.0,64.8,11.2,0.36,17.93,0.0,0,1,24.444444,2
33603,11,4,5,1,24.06,0.0,65.04,10.6,0.48,15.8,0.0,0,1,24.444444,2
33604,11,5,5,1,24.05,0.0,65.8,10.2,0.6,14.72,0.0,0,1,24.444444,2
33605,11,6,5,1,24.04,0.0,66.64,10.1,1.32,15.11,0.0,0,1,24.444444,2
33606,11,7,5,1,24.05,0.0,66.81,10.9,11.04,19.2,0.0,0,1,24.444444,2
33607,11,8,5,1,24.04,0.0,65.86,8.3,15.6,21.96,149.604,0,1,24.444444,2
33608,11,9,5,1,24.07,0.0,63.98,10.3,6.48,31.62,334.217,0,1,24.444444,2
33609,11,10,5,1,24.08,0.0,61.39,10.5,2.88,36.02,491.894,0,1,24.444444,2
33610,11,11,5,1,24.09,0.01,59.31,9.4,3.84,35.7,595.487,0,1,24.444444,2
33611,11,12,5,1,24.12,0.05,57.85,9.3,5.88,37.18,654.219,0,1,24.444444,2
33612,11,13,5,1,24.13,0.05,56.58,9.1,2.16,38.3,600.009,0,1,24.444444,2
33613,11,14,5,1,24.13,0.06,55.24,10.3,0.84,41.32,502.663,0,1,24.444444,2
33614,11,15,5,1,24.13,0.06,54.05,9.2,2.4,42.37,508.536,0,1,24.444444,2
33615,11,16,5,1,24.11,0.04,53.92,10.0,1.08,42.33,345.29,0,1,24.444444,2
33616,11,17,5,1,24.08,0.01,54.61,9.2,1.32,36.62,132.885,0,1,24.444444,2
33617,11,18,5,1,24.07,0.0,55.69,9.6,2.64,31.22,0.0,0,1,24.444444,2
33618,11,19,5,1,24.07,0.0,56.35,11.1,2.04,30.61,0.0,0,1,24.444444,2
33619,11,20,5,1,24.07,0.0,57.26,9.8,4.56,26.4,0.0,0,1,24.444444,2
33620,11,21,5,1,24.07,0.0,58.21,12.6,2.16,29.47,0.0,0,1,24.444444,2
33621,11,22,5,1,24.07,0.0,58.21,15.7,2.52,32.29,0.0,0,1,24.444444,2
33622,11,23,5,1,24.07,0.0,57.74,15.8,1.44,30.3,0.0,0,1,24.444444,2
33623,11,24,5,1,24.07,0.0,58.79,10.8,0.48,21.19,0.0,0,1,24.444444,2
33624,11,1,6,0,24.07,0.0,60.53,11.3,0.24,20.8,0.0,0,1,24.444444,2
33625,11,2,6,0,24.07,0.0,60.8,15.5,1.8,25.96,0.0,0,1,24.444444,2
33626,11,3,6,0,24.06,0.0,61.85,9.7,0.6,15.0,0.0,0,1,24.444444,2
33627,11,4,6,0,24.04,0.0,63.67,9.6,0.24,13.87,0.0,0,1,24.444444,2
33628,11,5,6,0,24.04,0.0,64.13,11.2,0.0,14.97,0.0,0,1,24.444444,2
33629,11,6,6,0,24.02,0.0,64.62,9.5,1.08,11.32,0.0,0,1,24.444444,2
33630,11,7,6,0,24.02,0.0,64.98,10.5,5.52,17.56,0.0,0,1,24.444444,2
33631,11,8,6,0,24.05,0.0,64.01,10.6,23.76,27.47,147.885,0,1,24.444444,2
33632,11,9,6,0,24.07,0.0,61.99,12.8,11.16,36.06,335.01,0,1,24.444444,2
33633,11,10,6,0,24.08,0.0,59.42,10.8,12.12,35.02,486.161,0,1,24.444444,2
33634,11,11,6,0,24.1,0.02,57.65,10.1,5.76,35.42,553.092,0,1,24.444444,2
33635,11,12,6,0,24.12,0.04,55.81,8.4,7.32,34.35,597.412,0,1,24.444444,2
33636,11,13,6,0,24.15,0.08,54.39,10.5,2.64,39.17,626.498,0,1,24.444444,2
33637,11,14,6,0,24.17,0.1,53.18,9.3,1.32,41.51,566.542,0,1,24.444444,2
33638,11,15,6,0,24.17,0.1,52.05,9.8,3.84,44.75,503.486,0,1,24.444444,2
33639,11,16,6,0,24.15,0.08,51.59,10.4,4.44,44.39,345.919,0,1,24.444444,2
33640,11,17,6,0,24.11,0.03,52.09,9.8,1.2,38.75,138.021,0,1,24.444444,2
33641,11,18,6,0,24.09,0.01,53.93,9.9,1.68,33.05,0.0,0,1,24.444444,2
33642,11,19,6,0,24.08,0.0,55.08,11.0,1.8,33.18,0.0,0,1,24.444444,2
33643,11,20,6,0,24.07,0.0,56.17,11.5,2.04,31.09,0.0,0,1,24.444444,2
33644,11,21,6,0,24.07,0.0,57.31,12.0,7.08,29.27,0.0,0,1,24.444444,2
33645,11,22,6,0,24.07,0.0,58.05,12.7,6.6,28.82,0.0,0,1,24.444444,2
33646,11,23,6,0,24.07,0.0,58.24,14.1,1.32,28.45,0.0,0,1,24.444444,2
33647,11,24,6,0,24.07,0.0,58.02,14.6,0.48,26.5,0.0,0,1,24.444444,2
33648,11,1,7,0,24.07,0.0,59.08,10.1,0.84,17.58,0.0,0,1,24.444444,2
33649,11,2,7,0,24.07,0.0,60.59,11.2,0.0,17.92,0.0,0,1,24.444444,2
33650,11,3,7,0,23.88,0.0,63.5,3.6,0.0,6.77,0.0,0,1,24.444444,2
33651,11,4,7,0,23.98,0.0,64.6,9.8,0.24,12.4,0.0,0,1,24.444444,2
33652,11,5,7,0,23.71,0.0,67.22,2.9,0.36,4.54,0.0,0,1,24.444444,2
33653,11,6,7,0,23.86,0.0,66.99,9.6,1.08,10.09,0.0,0,1,24.444444,2
33654,11,7,7,0,23.94,0.0,65.36,11.2,3.96,14.55,0.0,0,1,24.444444,2
33655,11,8,7,0,23.94,0.0,64.71,6.8,3.96,18.74,146.208,0,1,24.444444,2
33656,11,9,7,0,23.97,0.0,64.3,6.8,15.72,24.22,337.589,0,1,24.444444,2
33657,11,10,7,0,24.07,0.0,62.03,11.2,9.36,32.66,491.292,0,1,24.444444,2
33658,11,11,7,0,24.06,0.0,61.05,4.0,3.12,21.24,467.465,0,1,24.444444,2
33659,11,12,7,0,24.07,0.0,58.54,9.5,0.84,32.34,516.924,0,1,24.444444,2
33660,11,13,7,0,24.12,0.05,55.58,11.4,2.16,37.85,635.89,0,1,24.444444,2
33661,11,14,7,0,24.12,0.05,53.78,9.1,6.24,38.75,602.81,0,1,24.444444,2
33662,11,15,7,0,24.12,0.05,52.27,9.6,1.08,41.79,500.397,0,1,24.444444,2
33663,11,16,7,0,24.12,0.05,50.85,13.0,2.76,44.51,346.783,0,1,24.444444,2
33664,11,17,7,0,24.08,0.0,50.95,8.8,2.4,33.59,138.747,0,1,24.444444,2
33665,11,18,7,0,24.07,0.0,52.02,9.0,8.88,27.66,0.0,0,1,24.444444,2
33666,11,19,7,0,24.07,0.0,53.32,9.3,2.76,27.15,0.0,0,1,24.444444,2
33667,11,20,7,0,24.07,0.0,54.98,10.5,6.84,27.38,0.0,0,1,24.444444,2
33668,11,21,7,0,24.07,0.0,55.81,14.8,0.48,31.7,0.0,0,1,24.444444,2
33669,11,22,7,0,24.07,0.0,57.35,10.2,1.68,23.08,0.0,0,1,24.444444,2
33670,11,23,7,0,24.07,0.0,59.64,10.4,1.56,21.88,0.0,0,1,24.444444,2
33671,11,24,7,0,24.07,0.0,60.96,10.2,0.6,19.61,0.0,0,1,24.444444,2
33672,11,1,1,0,24.07,0.0,61.73,10.4,0.6,17.75,0.0,0,1,24.444444,2
33673,11,2,1,0,24.07,0.0,61.94,11.3,0.72,17.43,0.0,0,1,24.444444,2
33674,11,3,1,0,24.05,0.0,62.54,9.7,0.48,12.85,0.0,0,1,24.444444,2
33675,11,4,1,0,24.02,0.0,63.16,9.6,0.48,11.61,0.0,0,1,24.444444,2
33676,11,5,1,0,23.99,0.0,64.33,9.3,0.36,10.44,0.0,0,1,24.444444,2
33677,11,6,1,0,23.86,0.0,66.22,6.7,1.56,7.11,0.0,0,1,24.444444,2
33678,11,7,1,0,23.93,0.0,66.44,9.8,1.32,13.45,0.0,0,1,24.444444,2
33679,11,8,1,0,24.0,0.0,65.06,10.0,9.36,23.9,145.731,0,1,24.444444,2
33680,11,9,1,0,24.05,0.0,63.32,10.6,10.32,28.52,337.371,0,1,24.444444,2
33681,11,10,1,0,24.07,0.0,62.25,10.4,11.76,28.16,362.571,0,1,24.444444,2
33682,11,11,1,0,24.04,0.0,62.46,3.1,7.92,18.49,458.567,0,1,24.444444,2
33683,11,12,1,0,24.07,0.0,61.23,8.2,7.08,27.3,377.322,0,1,24.444444,2
33684,11,13,1,0,24.07,0.0,59.29,7.8,1.32,31.58,536.116,0,1,24.444444,2
33685,11,14,1,0,24.07,0.0,57.31,10.2,7.2,35.34,293.163,0,1,24.444444,2
33686,11,15,1,0,24.08,0.01,55.29,11.2,17.04,41.09,419.989,0,1,24.444444,2
33687,11,16,1,0,24.08,0.0,53.35,11.0,2.28,40.11,337.49,0,1,24.444444,2
33688,11,17,1,0,24.07,0.0,53.39,8.8,10.2,31.61,124.83,0,1,24.444444,2
33689,11,18,1,0,24.07,0.0,54.61,9.6,5.76,27.44,0.0,0,1,24.444444,2
33690,11,19,1,0,24.07,0.0,55.9,10.2,9.0,27.39,0.0,0,1,24.444444,2
33691,11,20,1,0,24.07,0.0,57.56,10.8,2.28,26.73,0.0,0,1,24.444444,2
33692,11,21,1,0,24.07,0.0,58.76,12.2,1.92,27.42,0.0,0,1,24.444444,2
33693,11,22,1,0,24.07,0.0,58.31,16.3,1.44,32.44,0.0,0,1,24.444444,2
33694,11,23,1,0,24.07,0.0,58.27,12.7,3.6,24.64,0.0,0,1,24.444444,2
33695,11,24,1,0,24.07,0.0,59.46,12.0,0.6,22.26,0.0,0,1,24.444444,2
33696,11,1,2,0,24.07,0.0,61.43,9.1,2.64,16.28,0.0,0,1,24.444444,2
33697,11,2,2,0,24.06,0.0,63.45,9.3,0.36,15.41,0.0,0,1,24.444444,2
33698,11,3,2,0,24.04,0.0,64.85,8.9,0.6,14.07,0.0,0,1,24.444444,2
33699,11,4,2,0,24.03,0.0,66.15,8.8,1.92,13.17,0.0,0,1,24.444444,2
33700,11,5,2,0,24.02,0.0,67.21,9.0,0.0,12.75,0.0,0,1,24.444444,2
33701,11,6,2,0,23.85,0.0,69.59,4.6,0.72,6.82,0.0,0,1,24.444444,2
33702,11,7,2,0,23.92,0.0,69.85,8.5,2.64,14.57,0.0,0,1,24.444444,2
33703,11,8,2,0,23.98,0.0,68.35,7.4,2.28,22.25,141.696,0,1,24.444444,2
33704,11,9,2,0,24.04,0.0,66.27,9.2,5.16,28.05,300.928,0,1,24.444444,2
33705,11,10,2,0,24.07,0.0,63.96,9.5,20.88,32.11,453.282,0,1,24.444444,2
33706,11,11,2,0,24.09,0.01,61.03,10.1,16.08,35.23,583.387,0,1,24.444444,2
33707,11,12,2,0,24.13,0.05,58.45,10.3,14.76,36.86,621.65,0,1,24.444444,2
33708,11,13,2,0,24.14,0.07,56.57,11.6,19.92,39.79,565.617,0,1,24.444444,2
33709,11,14,2,0,24.15,0.08,55.28,9.4,6.48,41.15,588.952,0,1,24.444444,2
33710,11,15,2,0,24.17,0.1,53.78,11.2,5.52,46.06,489.566,0,1,24.444444,2
33711,11,16,2,0,24.14,0.07,52.85,10.1,3.24,42.92,337.814,0,1,24.444444,2
33712,11,17,2,0,24.09,0.02,53.26,9.2,1.32,36.13,124.11,0,1,24.444444,2
33713,11,18,2,0,24.08,0.0,54.67,9.9,5.4,31.48,0.0,0,1,24.444444,2
33714,11,19,2,0,24.07,0.0,55.39,12.4,2.64,33.7,0.0,0,1,24.444444,2
33715,11,20,2,0,24.07,0.0,55.55,13.4,6.0,32.61,0.0,0,1,24.444444,2
33716,11,21,2,0,24.07,0.0,55.51,15.6,1.2,33.02,0.0,0,1,24.444444,2
33717,11,22,2,0,24.07,0.0,56.89,9.8,3.36,22.27,0.0,0,1,24.444444,2
33718,11,23,2,0,24.07,0.0,58.78,11.2,3.36,22.99,0.0,0,1,24.444444,2
33719,11,24,2,0,24.07,0.0,60.75,8.2,0.72,16.88,0.0,0,1,24.444444,2
33720,11,1,3,0,24.07,0.0,62.43,10.3,0.6,18.93,0.0,0,1,24.444444,2
33721,11,2,3,0,24.07,0.0,63.08,10.0,0.36,16.75,0.0,0,1,24.444444,2
33722,11,3,3,0,24.06,0.0,63.7,10.4,0.48,16.04,0.0,0,1,24.444444,2
33723,11,4,3,0,24.04,0.0,64.29,9.7,0.12,13.71,0.0,0,1,24.444444,2
33724,11,5,3,0,24.04,0.0,64.49,11.2,0.12,14.75,0.0,0,1,24.444444,2
33725,11,6,3,0,23.76,0.0,67.28,3.2,1.44,4.8,0.0,0,1,24.444444,2
33726,11,7,3,0,23.95,0.0,67.03,10.1,11.04,15.43,0.0,0,1,24.444444,2
33727,11,8,3,0,23.98,0.0,65.92,7.2,16.92,20.24,142.846,0,1,24.444444,2
33728,11,9,3,0,24.02,0.0,64.49,8.4,5.52,23.9,301.733,0,1,24.444444,2
33729,11,10,3,0,24.07,0.0,62.63,10.9,6.84,29.51,426.062,0,1,24.444444,2
33730,11,11,3,0,24.07,0.0,61.07,9.0,2.28,29.43,551.714,0,1,24.444444,2
33731,11,12,3,0,24.07,0.0,59.71,8.6,10.44,31.61,532.17,0,1,24.444444,2
33732,11,13,3,0,24.09,0.02,57.9,8.3,1.8,34.71,581.163,0,1,24.444444,2
33733,11,14,3,0,24.1,0.02,56.42,9.2,2.76,38.56,527.709,0,1,24.444444,2
33734,11,15,3,0,24.09,0.02,55.2,10.9,2.4,40.47,346.34,0,1,24.444444,2
33735,11,16,3,0,24.08,0.01,54.1,9.9,4.92,39.18,274.365,0,1,24.444444,2
33736,11,17,3,0,24.07,0.0,53.52,9.5,0.6,33.97,97.3915,0,1,24.444444,2
33737,11,18,3,0,24.07,0.0,53.88,9.7,1.2,29.78,0.0,0,1,24.444444,2
33738,11,19,3,0,24.07,0.0,55.14,8.4,4.56,27.22,0.0,0,1,24.444444,2
33739,11,20,3,0,24.07,0.0,56.33,10.8,4.32,29.14,0.0,0,1,24.444444,2
33740,11,21,3,0,24.07,0.0,58.49,9.2,5.04,25.66,0.0,0,1,24.444444,2
33741,11,22,3,0,24.07,0.0,60.11,11.0,4.8,27.17,0.0,0,1,24.444444,2
33742,11,23,3,0,24.07,0.0,59.88,14.5,3.6,30.38,0.0,0,1,24.444444,2
33743,11,24,3,0,24.07,0.0,58.87,15.9,0.72,30.0,0.0,0,1,24.444444,2
33744,11,1,4,0,24.07,0.0,59.78,9.8,0.36,18.62,0.0,0,1,24.444444,2
33745,11,2,4,0,24.07,0.0,60.76,14.1,0.6,25.14,0.0,0,1,24.444444,2
33746,11,3,4,0,24.07,0.0,61.97,9.9,0.24,17.78,0.0,0,1,24.444444,2
33747,11,4,4,0,24.07,0.0,64.06,10.2,0.36,18.09,0.0,0,1,24.444444,2
33748,11,5,4,0,24.07,0.0,65.25,10.7,1.56,18.36,0.0,0,1,24.444444,2
33749,11,6,4,0,24.06,0.0,66.45,9.5,2.76,15.94,0.0,0,1,24.444444,2
33750,11,7,4,0,24.06,0.0,67.24,10.1,7.08,16.66,0.0,0,1,24.444444,2
33751,11,8,4,0,24.06,0.0,67.38,9.9,8.64,17.34,56.7064,0,1,24.444444,2
33752,11,9,4,0,24.04,0.0,67.78,8.4,16.8,14.69,119.426,0,1,24.444444,2
33753,11,10,4,0,24.05,0.0,67.32,10.8,5.16,17.81,90.5718,0,1,24.444444,2
33754,11,11,4,0,24.04,0.0,66.66,9.6,4.8,16.29,103.655,0,1,24.444444,2
33755,11,12,4,0,24.05,0.0,65.83,9.0,3.36,18.08,224.498,0,1,24.444444,2
33756,11,13,4,0,24.07,0.0,63.25,12.2,0.84,25.34,313.455,0,1,24.444444,2
33757,11,14,4,0,24.07,0.0,61.91,8.8,1.68,19.02,255.752,0,1,24.444444,2
33758,11,15,4,0,24.07,0.0,61.03,9.5,0.6,18.21,169.752,0,1,24.444444,2
33759,11,16,4,0,24.06,0.0,59.93,8.8,1.44,14.63,73.8411,0,1,24.444444,2
33760,11,17,4,0,24.04,0.0,59.48,8.3,3.36,11.7,17.9482,0,1,24.444444,2
33761,11,18,4,0,24.02,0.0,59.17,8.9,8.28,11.57,0.0,0,1,24.444444,2
33762,11,19,4,0,24.04,0.0,58.74,10.6,2.04,14.16,0.0,0,1,24.444444,2
33763,11,20,4,0,24.03,0.0,58.27,10.8,5.28,13.12,0.0,0,1,24.444444,2
33764,11,21,4,0,24.01,0.0,58.07,10.2,8.16,10.66,0.0,0,1,24.444444,2
33765,11,22,4,0,24.02,0.0,57.22,13.7,1.2,13.84,0.0,0,1,24.444444,2
33766,11,23,4,0,23.99,0.0,56.51,12.0,0.84,10.17,0.0,0,1,24.444444,2
33767,11,24,4,0,24.03,0.0,55.08,17.2,0.6,16.24,0.0,0,1,24.444444,2
33768,11,1,5,0,24.03,0.0,53.79,15.9,2.28,13.39,0.0,0,1,24.444444,2
33769,11,2,5,0,23.98,0.0,53.64,13.2,0.48,9.09,0.0,0,1,24.444444,2
33770,11,3,5,0,23.8,0.0,54.86,9.6,0.6,5.01,0.0,0,1,24.444444,2
33771,11,4,5,0,23.66,0.0,56.09,9.2,0.36,4.19,0.0,0,1,24.444444,2
33772,11,5,5,0,23.66,0.0,56.47,11.1,0.72,4.77,0.0,0,1,24.444444,2
33773,11,6,5,0,23.58,0.0,57.14,10.2,1.2,3.72,0.0,0,1,24.444444,2
33774,11,7,5,0,23.56,0.0,57.31,9.9,2.4,3.94,0.0,0,1,24.444444,2
33775,11,8,5,0,23.58,0.0,56.82,7.8,11.88,4.29,143.079,0,1,24.444444,2
33776,11,9,5,0,23.48,0.0,56.24,7.7,6.96,2.56,126.841,0,1,24.444444,2
33777,11,10,5,0,23.5,0.0,54.63,10.3,2.52,3.33,109.708,0,1,24.444444,2
33778,11,11,5,0,23.24,0.0,54.49,4.2,6.6,0.92,155.506,0,1,24.444444,2
33779,11,12,5,0,23.45,0.0,52.51,9.5,8.52,3.65,225.004,0,1,24.444444,2
33780,11,13,5,0,23.44,0.0,51.3,7.4,1.32,2.75,186.671,0,1,24.444444,2
33781,11,14,5,0,23.46,0.0,50.5,8.7,2.16,3.17,149.883,0,1,24.444444,2
33782,11,15,5,0,23.65,0.0,49.04,14.4,0.72,8.11,111.078,0,1,24.444444,2
33783,11,16,5,0,23.71,0.0,47.54,12.1,1.32,9.15,293.882,0,1,24.444444,2
33784,11,17,5,0,23.56,0.0,47.53,7.8,0.96,4.63,140.659,0,1,24.444444,2
33785,11,18,5,0,23.62,0.0,47.37,13.5,2.28,6.07,0.0,0,1,24.444444,2
33786,11,19,5,0,23.54,0.0,48.01,9.8,3.84,3.97,0.0,0,1,24.444444,2
33787,11,20,5,0,23.69,0.0,47.72,15.5,6.96,7.86,0.0,0,1,24.444444,2
33788,11,21,5,0,23.53,0.0,48.62,10.0,3.96,3.63,0.0,0,1,24.444444,2
33789,11,22,5,0,23.62,0.0,48.7,14.0,3.12,6.17,0.0,0,1,24.444444,2
33790,11,23,5,0,23.58,0.0,48.8,12.3,1.32,4.53,0.0,0,1,24.444444,2
33791,11,24,5,0,23.75,0.0,47.79,18.6,0.72,9.07,0.0,0,1,24.444444,2
33792,11,1,6,0,23.45,0.0,48.6,9.7,0.12,2.45,0.0,0,1,24.444444,2
33793,11,2,6,0,23.37,0.0,49.45,11.3,1.92,2.53,0.0,0,1,24.444444,2
33794,11,3,6,0,23.19,0.0,50.55,9.7,0.24,1.35,0.0,0,1,24.444444,2
33795,11,4,6,0,23.21,0.0,50.45,13.2,5.28,2.11,0.0,0,1,24.444444,2
33796,11,5,6,0,23.14,0.0,50.72,10.4,0.36,1.51,0.0,0,1,24.444444,2
33797,11,6,6,0,23.08,0.0,51.06,9.9,0.96,1.43,0.0,0,1,24.444444,2
33798,11,7,6,0,23.13,0.0,51.01,10.2,2.04,1.91,0.0,0,1,24.444444,2
33799,11,8,6,0,23.47,0.0,49.7,10.7,18.96,5.55,154.776,0,1,24.444444,2
33800,11,9,6,0,23.64,0.0,47.72,12.9,10.32,10.31,370.496,0,1,24.444444,2
33801,11,10,6,0,23.71,0.0,45.38,11.2,8.52,10.21,553.457,0,1,24.444444,2
33802,11,11,6,0,23.75,0.0,42.63,10.5,9.84,10.83,665.76,0,1,24.444444,2
33803,11,12,6,0,23.76,0.0,40.64,8.8,10.32,11.28,729.973,0,1,24.444444,2
33804,11,13,6,0,23.86,0.0,38.92,11.4,3.36,15.5,723.992,0,1,24.444444,2
33805,11,14,6,0,23.93,0.0,37.55,9.9,0.72,16.86,663.416,0,1,24.444444,2
33806,11,15,6,0,23.99,0.0,36.64,10.7,3.84,20.69,544.178,0,1,24.444444,2
33807,11,16,6,0,24.01,0.0,36.11,10.4,3.84,20.23,386.535,0,1,24.444444,2
33808,11,17,6,0,24.03,0.0,35.71,10.5,3.36,16.1,150.24,0,1,24.444444,2
33809,11,18,6,0,24.05,0.0,35.48,12.0,0.84,12.96,0.0,0,1,24.444444,2
33810,11,19,6,0,24.01,0.0,35.81,9.4,3.72,10.2,0.0,0,1,24.444444,2
33811,11,20,6,0,23.97,0.0,36.29,9.3,2.52,8.98,0.0,0,1,24.444444,2
33812,11,21,6,0,24.03,0.0,36.72,14.2,6.72,11.88,0.0,0,1,24.444444,2
33813,11,22,6,0,23.99,0.0,37.29,11.8,1.8,8.77,0.0,0,1,24.444444,2
33814,11,23,6,0,23.93,0.0,37.95,11.4,1.08,7.44,0.0,0,1,24.444444,2
33815,11,24,6,0,23.92,0.0,38.51,12.6,3.0,7.5,0.0,0,1,24.444444,2
33816,11,1,8,0,23.81,0.0,39.72,11.4,0.36,5.55,0.0,0,1,24.444444,2
33817,11,2,8,0,23.7,0.0,40.9,10.8,0.6,4.41,0.0,0,1,24.444444,2
33818,11,3,8,0,23.3,0.0,42.63,4.6,0.36,1.35,0.0,0,1,24.444444,2
33819,11,4,8,0,23.4,0.0,43.57,9.6,0.24,2.73,0.0,0,1,24.444444,2
33820,11,5,8,0,23.07,0.0,45.58,3.6,0.24,0.74,0.0,0,1,24.444444,2
33821,11,6,8,0,23.21,0.0,46.18,9.7,4.44,2.11,0.0,0,1,24.444444,2
33822,11,7,8,0,23.36,0.0,46.89,11.8,6.0,3.13,0.0,0,1,24.444444,2
33823,11,8,8,0,23.53,0.0,47.25,7.0,4.2,5.18,145.762,0,1,24.444444,2
33824,11,9,8,0,23.65,0.0,47.16,7.3,11.16,9.22,353.697,0,1,24.444444,2
33825,11,10,8,0,23.76,0.0,46.59,10.9,3.36,14.27,518.516,0,1,24.444444,2
33826,11,11,8,0,23.8,0.0,46.38,8.8,2.04,13.07,628.923,0,1,24.444444,2
33827,11,12,8,0,23.85,0.0,46.64,9.4,5.04,14.49,528.36,0,1,24.444444,2
33828,11,13,8,0,23.93,0.0,46.85,10.3,2.76,19.79,688.308,0,1,24.444444,2
33829,11,14,8,0,24.0,0.0,47.38,9.3,3.48,22.55,647.766,0,1,24.444444,2
33830,11,15,8,0,24.05,0.0,47.94,11.1,1.56,28.01,534.556,0,1,24.444444,2
33831,11,16,8,0,24.06,0.0,48.59,9.7,1.32,26.03,360.244,0,1,24.444444,2
33832,11,17,8,0,24.06,0.0,49.5,10.6,1.32,21.9,128.942,0,1,24.444444,2
33833,11,18,8,0,24.06,0.0,51.06,8.9,7.08,15.01,0.0,0,1,24.444444,2
33834,11,19,8,0,24.06,0.0,52.26,9.2,2.16,14.96,0.0,0,1,24.444444,2
33835,11,20,8,0,24.07,0.0,52.44,12.4,3.12,17.57,0.0,0,1,24.444444,2
33836,11,21,8,0,24.02,0.0,52.74,8.3,1.2,10.85,0.0,0,1,24.444444,2
33837,11,22,8,0,24.02,0.0,53.04,9.9,1.56,11.66,0.0,0,1,24.444444,2
33838,11,23,8,0,24.0,0.0,53.73,9.4,4.08,10.6,0.0,0,1,24.444444,2
33839,11,24,8,0,24.02,0.0,54.29,11.4,4.56,12.38,0.0,0,1,24.444444,2
33840,11,1,1,0,24.0,0.0,54.6,10.3,1.08,10.33,0.0,0,1,24.444444,2
33841,11,2,1,0,24.05,0.0,53.48,16.5,0.36,17.49,0.0,0,1,24.444444,2
33842,11,3,1,0,24.07,0.0,52.96,16.6,0.36,16.92,0.0,0,1,24.444444,2
33843,11,4,1,0,24.02,0.0,54.22,11.8,4.2,10.51,0.0,0,1,24.444444,2
33844,11,5,1,0,23.98,0.0,56.0,11.0,0.6,9.23,0.0,0,1,24.444444,2
33845,11,6,1,0,23.57,0.0,59.67,3.2,0.72,2.9,0.0,0,1,24.444444,2
33846,11,7,1,0,23.78,0.0,60.76,9.9,3.12,9.0,0.0,0,1,24.444444,2
33847,11,8,1,0,23.89,0.0,60.32,10.2,4.32,14.13,135.376,0,1,24.444444,2
33848,11,9,1,0,23.91,0.0,59.75,10.5,5.76,13.6,173.269,0,1,24.444444,2
33849,11,10,1,0,23.98,0.0,58.59,10.9,12.12,19.24,409.931,0,1,24.444444,2
33850,11,11,1,0,24.04,0.0,57.19,10.1,9.24,21.52,557.482,0,1,24.444444,2
33851,11,12,1,0,24.05,0.0,56.57,8.3,6.12,21.14,626.612,0,1,24.444444,2
33852,11,13,1,0,24.07,0.0,56.08,10.2,2.88,26.33,611.305,0,1,24.444444,2
33853,11,14,1,0,24.07,0.0,54.9,9.3,1.32,28.49,573.796,0,1,24.444444,2
33854,11,15,1,0,24.07,0.0,53.85,10.1,9.84,30.89,470.421,0,1,24.444444,2
33855,11,16,1,0,24.07,0.0,52.87,11.9,4.56,31.93,319.102,0,1,24.444444,2
33856,11,17,1,0,24.07,0.0,51.87,15.5,30.36,31.43,104.972,0,1,24.444444,2
33857,11,18,1,0,24.07,0.0,51.67,12.4,2.88,22.71,0.0,0,1,24.444444,2
33858,11,19,1,0,24.07,0.0,52.33,13.1,8.52,23.25,0.0,0,1,24.444444,2
33859,11,20,1,0,24.07,0.0,53.26,13.3,2.28,22.07,0.0,0,1,24.444444,2
33860,11,21,1,0,24.07,0.0,53.99,13.8,1.08,20.62,0.0,0,1,24.444444,2
33861,11,22,1,0,24.06,0.0,55.2,10.6,2.28,13.71,0.0,0,1,24.444444,2
33862,11,23,1,0,24.05,0.0,56.22,12.1,4.68,13.43,0.0,0,1,24.444444,2
33863,11,24,1,0,24.01,0.0,56.84,10.9,1.44,10.79,0.0,0,1,24.444444,2
33864,11,1,2,0,23.97,0.0,57.26,10.4,1.2,9.14,0.0,0,1,24.444444,2
33865,11,2,2,0,23.88,0.0,57.65,9.7,0.84,7.4,0.0,0,1,24.444444,2
33866,11,3,2,0,23.76,0.0,58.2,8.8,0.24,5.64,0.0,0,1,24.444444,2
33867,11,4,2,0,23.7,0.0,58.71,8.8,0.96,5.29,0.0,0,1,24.444444,2
33868,11,5,2,0,23.64,0.0,58.98,8.5,0.36,4.38,0.0,0,1,24.444444,2
33869,11,6,2,0,23.33,0.0,60.04,4.1,0.84,1.76,0.0,0,1,24.444444,2
33870,11,7,2,0,23.5,0.0,59.1,8.9,3.36,4.78,0.0,0,1,24.444444,2
33871,11,8,2,0,23.67,0.0,57.26,7.2,3.24,8.66,133.964,0,1,24.444444,2
33872,11,9,2,0,23.74,0.0,55.29,8.8,8.64,14.28,334.794,0,1,24.444444,2
33873,11,10,2,0,23.82,0.0,52.66,9.3,15.96,16.23,503.298,0,1,24.444444,2
33874,11,11,2,0,23.9,0.0,50.31,9.9,10.8,17.63,616.671,0,1,24.444444,2
33875,11,12,2,0,23.94,0.0,48.77,8.8,12.24,18.12,672.286,0,1,24.444444,2
33876,11,13,2,0,24.0,0.0,47.58,10.0,3.72,21.86,662.322,0,1,24.444444,2
33877,11,14,2,0,24.06,0.0,46.57,10.1,15.6,25.47,597.773,0,1,24.444444,2
33878,11,15,2,0,24.07,0.0,45.75,12.1,1.56,30.79,490.624,0,1,24.444444,2
33879,11,16,2,0,24.08,0.0,45.43,9.9,5.16,26.96,335.842,0,1,24.444444,2
33880,11,17,2,0,24.08,0.0,46.33,9.0,7.2,20.9,115.065,0,1,24.444444,2
33881,11,18,2,0,24.08,0.0,47.7,10.2,3.84,18.59,0.0,0,1,24.444444,2
33882,11,19,2,0,24.07,0.0,48.57,11.2,3.24,19.56,0.0,0,1,24.444444,2
33883,11,20,2,0,24.07,0.0,49.2,11.3,1.44,17.69,0.0,0,1,24.444444,2
33884,11,21,2,0,24.07,0.0,49.51,12.2,3.12,17.1,0.0,0,1,24.444444,2
33885,11,22,2,0,24.07,0.0,50.0,10.8,5.04,13.67,0.0,0,1,24.444444,2
33886,11,23,2,0,24.05,0.0,50.56,11.2,3.0,11.92,0.0,0,1,24.444444,2
33887,11,24,2,0,23.88,0.0,51.71,6.7,0.48,6.4,0.0,0,1,24.444444,2
33888,11,1,3,0,23.96,0.0,51.45,12.1,1.32,10.14,0.0,0,1,24.444444,2
33889,11,2,3,0,23.56,0.0,53.03,3.2,0.72,2.57,0.0,0,1,24.444444,2
33890,11,3,3,0,23.67,0.0,52.85,9.6,0.24,5.37,0.0,0,1,24.444444,2
33891,11,4,3,0,23.66,0.0,52.72,10.3,0.0,5.02,0.0,0,1,24.444444,2
33892,11,5,3,0,23.27,0.0,53.97,3.4,0.48,1.38,0.0,0,1,24.444444,2
33893,11,6,3,0,23.1,0.0,54.62,3.2,1.44,1.08,0.0,0,1,24.444444,2
33894,11,7,3,0,23.5,0.0,52.93,11.6,8.88,5.1,0.0,0,1,24.444444,2
33895,11,8,3,0,23.64,0.0,51.88,7.3,14.4,6.61,135.238,0,1,24.444444,2
33896,11,9,3,0,23.71,0.0,50.33,9.9,4.8,12.51,339.547,0,1,24.444444,2
33897,11,10,3,0,23.81,0.0,48.47,11.5,10.92,16.09,498.034,0,1,24.444444,2
33898,11,11,3,0,23.85,0.0,46.95,8.6,7.2,14.12,607.691,0,1,24.444444,2
33899,11,12,3,0,23.89,0.0,46.24,8.8,11.64,15.81,662.968,0,1,24.444444,2
33900,11,13,3,0,23.94,0.0,45.42,9.5,3.72,18.83,661.81,0,1,24.444444,2
33901,11,14,3,0,24.01,0.0,44.31,9.5,3.36,21.61,619.911,0,1,24.444444,2
33902,11,15,3,0,24.05,0.0,43.05,10.4,1.44,25.72,513.376,0,1,24.444444,2
33903,11,16,3,0,24.06,0.0,41.84,10.0,3.84,24.75,349.663,0,1,24.444444,2
33904,11,17,3,0,24.06,0.0,41.38,8.6,0.6,18.29,126.876,0,1,24.444444,2
33905,11,18,3,0,24.06,0.0,41.78,9.9,3.72,14.48,0.0,0,1,24.444444,2
33906,11,19,3,0,24.07,0.0,42.92,11.3,6.72,15.0,0.0,0,1,24.444444,2
33907,11,20,3,0,24.02,0.0,44.88,9.4,3.36,10.85,0.0,0,1,24.444444,2
33908,11,21,3,0,23.96,0.0,46.57,10.2,3.0,9.38,0.0,0,1,24.444444,2
33909,11,22,3,0,24.02,0.0,46.73,14.9,2.4,12.77,0.0,0,1,24.444444,2
33910,11,23,3,0,24.0,0.0,47.55,13.7,1.68,10.03,0.0,0,1,24.444444,2
33911,11,24,3,0,23.84,0.0,49.61,10.3,3.12,5.98,0.0,0,1,24.444444,2
33912,11,1,4,0,23.37,0.0,53.33,3.3,0.36,1.76,0.0,0,1,24.444444,2
33913,11,2,4,0,23.59,0.0,54.67,10.2,0.48,5.06,0.0,0,1,24.444444,2
33914,11,3,4,0,23.6,0.0,56.34,10.3,0.48,4.53,0.0,0,1,24.444444,2
33915,11,4,4,0,23.55,0.0,57.55,10.4,0.12,4.15,0.0,0,1,24.444444,2
33916,11,5,4,0,23.48,0.0,58.44,9.8,1.56,3.59,0.0,0,1,24.444444,2
33917,11,6,4,0,23.4,0.0,59.18,10.0,1.8,2.96,0.0,0,1,24.444444,2
33918,11,7,4,0,23.39,0.0,59.1,9.6,4.2,3.45,0.0,0,1,24.444444,2
33919,11,8,4,0,23.62,0.0,58.28,10.2,14.28,9.37,129.355,0,1,24.444444,2
33920,11,9,4,0,23.74,0.0,56.79,11.1,14.52,15.6,331.214,0,1,24.444444,2
33921,11,10,4,0,23.84,0.0,54.83,10.9,11.28,18.89,488.888,0,1,24.444444,2
33922,11,11,4,0,23.9,0.0,53.33,9.0,3.24,18.35,595.192,0,1,24.444444,2
33923,11,12,4,0,23.94,0.0,52.32,8.4,3.6,19.55,651.865,0,1,24.444444,2
33924,11,13,4,0,23.98,0.0,51.5,7.8,1.92,21.08,655.717,0,1,24.444444,2
33925,11,14,4,0,24.05,0.0,50.78,8.8,0.84,25.85,596.901,0,1,24.444444,2
33926,11,15,4,0,24.06,0.0,49.99,9.9,0.72,29.72,500.75,0,1,24.444444,2
33927,11,16,4,0,24.07,0.0,49.75,8.5,3.6,26.58,330.203,0,1,24.444444,2
33928,11,17,4,0,24.07,0.0,49.78,8.4,1.92,21.16,110.831,0,1,24.444444,2
33929,11,18,4,0,24.07,0.0,49.47,15.6,3.84,26.1,0.0,0,1,24.444444,2
33930,11,19,4,0,24.07,0.0,49.73,9.0,1.44,16.13,0.0,0,1,24.444444,2
33931,11,20,4,0,24.07,0.0,50.88,10.1,5.28,15.3,0.0,0,1,24.444444,2
33932,11,21,4,0,24.07,0.0,51.76,12.2,4.2,16.53,0.0,0,1,24.444444,2
33933,11,22,4,0,24.05,0.0,52.87,9.9,1.68,11.73,0.0,0,1,24.444444,2
33934,11,23,4,0,23.94,0.0,54.78,8.2,4.56,8.04,0.0,0,1,24.444444,2
33935,11,24,4,0,24.01,0.0,54.99,13.8,0.96,12.92,0.0,0,1,24.444444,2
33936,11,1,5,0,23.94,0.0,55.59,10.8,1.8,8.29,0.0,0,1,24.444444,2
33937,11,2,5,0,23.85,0.0,56.69,10.8,0.12,7.08,0.0,0,1,24.444444,2
33938,11,3,5,0,23.81,0.0,57.05,12.0,0.0,7.08,0.0,0,1,24.444444,2
33939,11,4,5,0,23.64,0.0,57.74,9.6,0.36,3.83,0.0,0,1,24.444444,2
33940,11,5,5,0,23.64,0.0,57.35,12.1,0.72,4.75,0.0,0,1,24.444444,2
33941,11,6,5,0,23.53,0.0,57.65,10.3,2.28,3.37,0.0,0,1,24.444444,2
33942,11,7,5,0,23.51,0.0,57.97,10.1,17.28,3.96,0.0,0,1,24.444444,2
33943,11,8,5,0,23.7,0.0,57.3,10.7,15.24,11.23,123.939,0,1,24.444444,2
33944,11,9,5,0,23.75,0.0,57.23,8.4,12.6,14.13,322.266,0,1,24.444444,2
33945,11,10,5,0,23.86,0.0,56.03,10.5,5.16,20.4,470.153,0,1,24.444444,2
33946,11,11,5,0,23.84,0.0,55.28,3.8,7.56,14.84,553.572,0,1,24.444444,2
33947,11,12,5,0,23.93,0.0,54.18,8.5,6.0,21.5,641.346,0,1,24.444444,2
33948,11,13,5,0,23.99,0.0,52.9,7.6,1.8,22.27,627.967,0,1,24.444444,2
33949,11,14,5,0,24.06,0.0,51.21,8.8,1.08,25.06,497.254,0,1,24.444444,2
33950,11,15,5,0,24.07,0.0,49.15,11.3,1.2,29.66,354.976,0,1,24.444444,2
33951,11,16,5,0,24.07,0.0,47.84,11.6,2.64,31.73,330.767,0,1,24.444444,2
33952,11,17,5,0,24.07,0.0,47.93,7.5,0.84,21.38,110.776,0,1,24.444444,2
33953,11,18,5,0,24.08,0.0,48.15,10.0,2.04,19.44,0.0,0,1,24.444444,2
33954,11,19,5,0,24.08,0.0,48.65,9.6,3.96,17.64,0.0,0,1,24.444444,2
33955,11,20,5,0,24.07,0.0,49.54,10.3,3.84,16.86,0.0,0,1,24.444444,2
33956,11,21,5,0,24.07,0.0,50.83,9.7,4.56,14.6,0.0,0,1,24.444444,2
33957,11,22,5,0,24.07,0.0,51.43,12.1,2.28,15.68,0.0,0,1,24.444444,2
33958,11,23,5,0,24.07,0.0,51.62,13.3,1.8,14.9,0.0,0,1,24.444444,2
33959,11,24,5,0,24.07,0.0,52.08,14.1,0.96,14.53,0.0,0,1,24.444444,2
33960,11,1,6,0,24.04,0.0,52.73,13.3,0.72,11.66,0.0,0,1,24.444444,2
33961,11,2,6,0,23.96,0.0,53.81,11.5,0.36,8.09,0.0,0,1,24.444444,2
33962,11,3,6,0,23.86,0.0,55.09,11.1,0.84,6.9,0.0,0,1,24.444444,2
33963,11,4,6,0,23.75,0.0,56.31,10.1,1.92,5.14,0.0,0,1,24.444444,2
33964,11,5,6,0,23.65,0.0,57.12,10.1,1.2,4.23,0.0,0,1,24.444444,2
33965,11,6,6,0,23.61,0.0,57.28,11.0,2.88,4.22,0.0,0,1,24.444444,2
33966,11,7,6,0,23.62,0.0,57.25,11.3,5.16,5.19,0.0,0,1,24.444444,2
33967,11,8,6,0,23.77,0.0,56.4,11.2,16.44,13.56,119.463,0,1,24.444444,2
33968,11,9,6,0,23.87,0.0,55.46,10.5,13.2,19.24,317.134,0,1,24.444444,2
33969,11,10,6,0,23.96,0.0,53.62,11.4,7.8,22.84,481.789,0,1,24.444444,2
33970,11,11,6,0,24.01,0.0,50.76,10.1,10.08,22.36,596.625,0,1,24.444444,2
33971,11,12,6,0,24.03,0.0,49.12,7.9,6.96,21.58,656.208,0,1,24.444444,2
33972,11,13,6,0,24.07,0.0,48.09,9.4,1.56,25.9,660.547,0,1,24.444444,2
33973,11,14,6,0,24.08,0.0,47.54,10.9,1.44,31.79,616.471,0,1,24.444444,2
33974,11,15,6,0,24.08,0.0,47.04,10.6,5.4,34.47,506.665,0,1,24.444444,2
33975,11,16,6,0,24.07,0.0,46.91,9.3,1.32,31.53,347.864,0,1,24.444444,2
33976,11,17,6,0,24.07,0.0,47.58,9.8,0.6,26.1,124.799,0,1,24.444444,2
33977,11,18,6,0,24.08,0.0,48.5,10.1,1.32,21.25,0.0,0,1,24.444444,2
33978,11,19,6,0,24.07,0.0,50.27,9.0,4.68,18.64,0.0,0,1,24.444444,2
33979,11,20,6,0,24.07,0.0,52.13,11.7,0.72,20.83,0.0,0,1,24.444444,2
33980,11,21,6,0,24.07,0.0,53.55,13.0,3.96,21.13,0.0,0,1,24.444444,2
33981,11,22,6,0,24.07,0.0,54.51,13.6,2.04,20.81,0.0,0,1,24.444444,2
33982,11,23,6,0,24.07,0.0,55.66,12.2,1.56,17.54,0.0,0,1,24.444444,2
33983,11,24,6,0,24.07,0.0,56.92,12.5,0.48,17.5,0.0,0,1,24.444444,2
33984,11,1,7,0,24.06,0.0,58.72,10.5,1.56,13.98,0.0,0,1,24.444444,2
33985,11,2,7,0,24.04,0.0,60.73,10.8,0.72,13.52,0.0,0,1,24.444444,2
33986,11,3,7,0,23.78,0.0,64.34,3.5,0.36,5.05,0.0,0,1,24.444444,2
33987,11,4,7,0,23.92,0.0,64.8,9.7,0.36,10.9,0.0,0,1,24.444444,2
33988,11,5,7,0,23.7,0.0,67.11,3.6,3.72,4.75,0.0,0,1,24.444444,2
33989,11,6,7,0,23.84,0.0,67.05,9.6,0.96,10.38,0.0,0,1,24.444444,2
33990,11,7,7,0,23.89,0.0,66.65,10.0,5.88,12.13,0.0,0,1,24.444444,2
33991,11,8,7,0,23.91,0.0,65.92,7.2,4.44,16.85,125.895,0,1,24.444444,2
33992,11,9,7,0,23.97,0.0,64.28,8.3,7.32,22.22,268.118,0,1,24.444444,2
33993,11,10,7,0,24.06,0.0,62.04,10.4,6.84,28.1,393.957,0,1,24.444444,2
33994,11,11,7,0,24.07,0.0,60.18,7.5,1.2,26.83,498.171,0,1,24.444444,2
33995,11,12,7,0,24.07,0.0,57.93,8.3,0.84,29.69,430.707,0,1,24.444444,2
33996,11,13,7,0,24.07,0.0,54.8,10.8,2.04,34.16,481.468,0,1,24.444444,2
33997,11,14,7,0,24.07,0.0,53.92,9.1,5.4,29.86,298.117,0,1,24.444444,2
33998,11,15,7,0,24.07,0.0,53.62,10.7,1.44,31.85,177.029,0,1,24.444444,2
33999,11,16,7,0,24.07,0.0,53.27,9.6,1.8,33.06,247.549,0,1,24.444444,2
34000,11,17,7,0,24.07,0.0,53.74,9.0,2.28,28.37,97.1297,0,1,24.444444,2
34001,11,18,7,0,24.07,0.0,55.13,9.3,6.36,24.93,0.0,0,1,24.444444,2
34002,11,19,7,0,24.07,0.0,56.67,9.0,4.2,23.99,0.0,0,1,24.444444,2
34003,11,20,7,0,24.07,0.0,58.31,11.2,2.4,26.33,0.0,0,1,24.444444,2
34004,11,21,7,0,24.07,0.0,59.67,11.4,3.12,25.75,0.0,0,1,24.444444,2
34005,11,22,7,0,24.07,0.0,59.56,9.6,2.16,18.94,0.0,0,1,24.444444,2
34006,11,23,7,0,24.06,0.0,56.6,9.9,3.12,14.81,0.0,0,1,24.444444,2
34007,11,24,7,0,24.06,0.0,52.37,11.8,1.92,13.76,0.0,0,1,24.444444,2
34008,11,1,1,0,24.03,0.0,48.36,12.4,1.8,10.89,0.0,0,1,24.444444,2
34009,11,2,1,0,23.88,0.0,45.86,9.4,0.0,5.62,0.0,0,1,24.444444,2
34010,11,3,1,0,23.75,0.0,43.05,10.2,0.48,4.4,0.0,0,1,24.444444,2
34011,11,4,1,0,23.65,0.0,40.23,11.0,6.24,3.44,0.0,0,1,24.444444,2
34012,11,5,1,0,23.45,0.0,38.88,9.8,0.72,2.13,0.0,0,1,24.444444,2
34013,11,6,1,0,22.95,0.0,38.9,3.2,2.4,0.3,0.0,0,1,24.444444,2
34014,11,7,1,0,23.09,0.0,37.22,10.1,3.84,1.35,0.0,0,1,24.444444,2
34015,11,8,1,0,23.48,0.0,35.13,10.1,5.76,4.25,145.786,0,1,24.444444,2
34016,11,9,1,0,23.61,0.0,33.64,10.0,10.56,6.33,372.846,0,1,24.444444,2
34017,11,10,1,0,23.69,0.0,32.23,11.0,29.52,8.55,553.91,0,1,24.444444,2
34018,11,11,1,0,23.75,0.0,30.71,11.1,2.76,10.12,674.508,0,1,24.444444,2
34019,11,12,1,0,23.74,0.0,29.69,8.9,12.12,10.35,731.291,0,1,24.444444,2
34020,11,13,1,0,23.73,0.0,28.54,7.6,1.56,11.27,737.273,0,1,24.444444,2
34021,11,14,1,0,23.79,0.0,27.14,9.4,2.28,14.71,684.976,0,1,24.444444,2
34022,11,15,1,0,23.89,0.0,26.22,10.6,12.48,17.45,567.911,0,1,24.444444,2
34023,11,16,1,0,23.89,0.0,25.69,9.6,6.24,16.63,387.336,0,1,24.444444,2
34024,11,17,1,0,23.91,0.0,25.17,11.7,11.28,13.39,148.453,0,1,24.444444,2
34025,11,18,1,0,23.89,0.0,24.71,12.7,5.16,9.6,0.0,0,1,24.444444,2
34026,11,19,1,0,23.81,0.0,24.79,10.7,6.84,7.46,0.0,0,1,24.444444,2
34027,11,20,1,0,23.81,0.0,24.94,12.5,3.36,7.73,0.0,0,1,24.444444,2
34028,11,21,1,0,23.74,0.0,25.21,11.6,1.68,5.84,0.0,0,1,24.444444,2
34029,11,22,1,0,23.67,0.0,25.62,11.6,1.56,4.81,0.0,0,1,24.444444,2
34030,11,23,1,0,23.56,0.0,26.01,10.5,1.08,3.18,0.0,0,1,24.444444,2
34031,11,24,1,0,23.45,0.0,26.41,10.6,1.68,2.42,0.0,0,1,24.444444,2
34032,11,1,2,0,23.32,0.0,26.65,10.0,0.48,1.74,0.0,0,1,24.444444,2
34033,11,2,2,0,23.17,0.0,26.84,8.9,1.2,1.14,0.0,0,1,24.444444,2
34034,11,3,2,0,23.05,0.0,27.28,9.1,0.0,0.92,0.0,0,1,24.444444,2
34035,11,4,2,0,22.95,0.0,28.13,8.9,2.52,0.71,0.0,0,1,24.444444,2
34036,11,5,2,0,22.95,0.0,29.09,11.1,0.36,0.93,0.0,0,1,24.444444,2
34037,11,6,2,0,22.74,0.0,30.44,4.0,0.48,0.0,0.0,0,1,24.444444,2
34038,11,7,2,0,22.78,0.0,31.09,8.7,1.2,0.35,0.0,0,1,24.444444,2
34039,11,8,2,0,22.9,0.0,31.08,6.8,1.68,0.36,123.101,0,1,24.444444,2
34040,11,9,2,0,23.13,0.0,30.71,9.0,7.8,1.65,296.851,0,1,24.444444,2
34041,11,10,2,0,23.26,0.0,30.7,9.4,18.84,2.68,401.118,0,1,24.444444,2
34042,11,11,2,0,23.48,0.0,30.44,13.3,6.48,5.5,449.711,0,1,24.444444,2
34043,11,12,2,0,23.51,0.0,30.52,8.4,11.4,5.67,585.192,0,1,24.444444,2
34044,11,13,2,0,23.6,0.0,30.31,10.0,12.6,7.86,535.628,0,1,24.444444,2
34045,11,14,2,0,23.69,0.0,30.21,10.2,4.44,12.04,644.855,0,1,24.444444,2
34046,11,15,2,0,23.81,0.0,30.1,11.8,2.28,15.63,544.422,0,1,24.444444,2
34047,11,16,2,0,23.8,0.0,30.32,9.9,2.4,13.79,371.988,0,1,24.444444,2
34048,11,17,2,0,23.77,0.0,30.87,10.9,5.76,9.96,136.905,0,1,24.444444,2
34049,11,18,2,0,23.77,0.0,31.98,14.4,3.36,8.19,0.0,0,1,24.444444,2
34050,11,19,2,0,23.66,0.0,33.85,10.4,2.4,5.25,0.0,0,1,24.444444,2
34051,11,20,2,0,23.6,0.0,35.72,10.1,3.84,4.36,0.0,0,1,24.444444,2
34052,11,21,2,0,23.57,0.0,37.98,11.1,3.12,4.39,0.0,0,1,24.444444,2
34053,11,22,2,0,23.49,0.0,40.44,9.6,1.56,3.24,0.0,0,1,24.444444,2
34054,11,23,2,0,23.51,0.0,42.45,12.4,2.16,4.23,0.0,0,1,24.444444,2
34055,11,24,2,0,23.29,0.0,44.61,7.1,2.64,1.5,0.0,0,1,24.444444,2
34056,11,1,3,0,23.3,0.0,46.12,9.9,1.2,2.23,0.0,0,1,24.444444,2
34057,11,2,3,0,23.09,0.0,47.93,5.6,0.48,0.89,0.0,0,1,24.444444,2
34058,11,3,3,0,23.24,0.0,48.1,11.3,0.24,2.5,0.0,0,1,24.444444,2
34059,11,4,3,0,23.2,0.0,48.8,10.1,0.12,1.78,0.0,0,1,24.444444,2
34060,11,5,3,0,22.86,0.0,49.79,3.2,0.6,0.05,0.0,0,1,24.444444,2
34061,11,6,3,0,22.73,0.0,49.52,3.7,1.32,0.0,0.0,0,1,24.444444,2
34062,11,7,3,0,22.94,0.0,48.06,10.9,4.8,1.13,0.0,0,1,24.444444,2
34063,11,8,3,0,23.3,0.0,46.78,9.8,18.6,3.06,113.571,0,1,24.444444,2
34064,11,9,3,0,23.5,0.0,46.59,8.9,4.8,5.33,275.961,0,1,24.444444,2
34065,11,10,3,0,23.64,0.0,46.91,11.1,10.68,7.48,271.513,0,1,24.444444,2
34066,11,11,3,0,23.72,0.0,47.12,9.3,7.2,9.79,464.451,0,1,24.444444,2
34067,11,12,3,0,23.82,0.0,46.98,10.4,9.6,11.3,284.606,0,1,24.444444,2
34068,11,13,3,0,23.89,0.0,46.97,8.8,3.48,14.05,495.718,0,1,24.444444,2
34069,11,14,3,0,23.97,0.0,47.3,9.3,1.08,17.6,512.113,0,1,24.444444,2
34070,11,15,3,0,24.02,0.0,47.78,10.0,2.52,18.69,350.539,0,1,24.444444,2
34071,11,16,3,0,24.04,0.0,48.48,10.1,2.04,18.46,234.786,0,1,24.444444,2
34072,11,17,3,0,24.04,0.0,49.11,8.7,3.6,13.68,71.528,0,1,24.444444,2
34073,11,18,3,0,24.03,0.0,50.28,9.8,1.32,12.81,0.0,0,1,24.444444,2
34074,11,19,3,0,24.04,0.0,51.08,9.7,6.48,12.81,0.0,0,1,24.444444,2
34075,11,20,3,0,24.04,0.0,52.22,10.2,3.6,12.61,0.0,0,1,24.444444,2
34076,11,21,3,0,24.02,0.0,53.79,9.9,3.24,11.37,0.0,0,1,24.444444,2
34077,11,22,3,0,24.06,0.0,54.46,14.7,3.12,16.68,0.0,0,1,24.444444,2
34078,11,23,3,0,24.03,0.0,54.56,11.7,2.64,11.51,0.0,0,1,24.444444,2
34079,11,24,3,0,24.07,0.0,52.83,18.8,0.84,19.69,0.0,0,1,24.444444,2
34080,11,1,4,0,24.04,0.0,51.55,13.5,0.36,11.09,0.0,0,1,24.444444,2
34081,11,2,4,0,23.9,0.0,52.12,10.0,0.36,6.73,0.0,0,1,24.444444,2
34082,11,3,4,0,23.45,0.0,53.82,3.2,0.72,1.99,0.0,0,1,24.444444,2
34083,11,4,4,0,23.61,0.0,52.82,9.7,0.0,4.68,0.0,0,1,24.444444,2
34084,11,5,4,0,23.62,0.0,51.31,10.2,1.2,4.48,0.0,0,1,24.444444,2
34085,11,6,4,0,23.58,0.0,49.87,9.7,2.52,3.71,0.0,0,1,24.444444,2
34086,11,7,4,0,23.57,0.0,48.49,10.6,6.36,3.89,0.0,0,1,24.444444,2
34087,11,8,4,0,23.61,0.0,46.65,10.2,14.16,4.51,93.3547,0,1,24.444444,2
34088,11,9,4,0,23.65,0.0,44.13,10.5,14.28,5.98,213.05,0,1,24.444444,2
34089,11,10,4,0,23.7,0.0,41.3,10.2,6.84,7.71,418.045,0,1,24.444444,2
34090,11,11,4,0,23.74,0.0,39.4,10.6,7.2,7.77,346.343,0,1,24.444444,2
34091,11,12,4,0,23.73,0.0,37.99,8.1,3.96,8.78,566.991,0,1,24.444444,2
34092,11,13,4,0,23.77,0.0,36.85,7.8,3.48,11.62,681.367,0,1,24.444444,2
34093,11,14,4,0,23.89,0.0,36.22,8.9,0.48,15.16,618.329,0,1,24.444444,2
34094,11,15,4,0,23.98,0.0,35.92,9.7,0.96,18.09,514.534,0,1,24.444444,2
34095,11,16,4,0,23.99,0.0,36.31,9.0,2.76,16.87,345.281,0,1,24.444444,2
34096,11,17,4,0,23.96,0.0,37.14,8.5,1.08,12.06,119.728,0,1,24.444444,2
34097,11,18,4,0,23.89,0.0,38.39,8.6,0.84,8.72,0.0,0,1,24.444444,2
34098,11,19,4,0,23.92,0.0,39.09,10.6,5.4,9.75,0.0,0,1,24.444444,2
34099,11,20,4,0,23.9,0.0,39.42,10.7,3.96,8.44,0.0,0,1,24.444444,2
34100,11,21,4,0,24.0,0.0,38.82,16.3,2.28,11.52,0.0,0,1,24.444444,2
34101,11,22,4,0,23.89,0.0,38.13,13.0,2.76,6.92,0.0,0,1,24.444444,2
34102,11,23,4,0,23.57,0.0,38.39,8.4,0.6,2.62,0.0,0,1,24.444444,2
34103,11,24,4,0,23.71,0.0,37.25,15.9,2.04,5.58,0.0,0,1,24.444444,2
34104,11,1,5,0,23.52,0.0,36.47,12.8,2.88,2.63,0.0,0,1,24.444444,2
34105,11,2,5,0,23.2,0.0,35.85,9.6,0.24,1.14,0.0,0,1,24.444444,2
34106,11,3,5,0,23.06,0.0,34.99,10.2,0.48,0.95,0.0,0,1,24.444444,2
34107,11,4,5,0,22.94,0.0,34.29,9.7,0.24,0.63,0.0,0,1,24.444444,2
34108,11,5,5,0,22.92,0.0,33.45,11.7,0.24,0.82,0.0,0,1,24.444444,2
34109,11,6,5,0,22.89,0.0,32.82,11.6,3.84,0.66,0.0,0,1,24.444444,2
34110,11,7,5,0,22.83,0.0,32.42,10.1,8.16,0.46,0.0,0,1,24.444444,2
34111,11,8,5,0,22.97,0.0,32.06,7.5,10.08,0.43,126.762,0,1,24.444444,2
34112,11,9,5,0,23.14,0.0,31.48,8.5,5.52,2.15,355.778,0,1,24.444444,2
34113,11,10,5,0,23.29,0.0,30.57,10.5,5.64,4.34,543.45,0,1,24.444444,2
34114,11,11,5,0,23.23,0.0,29.77,4.6,2.28,3.11,664.043,0,1,24.444444,2
34115,11,12,5,0,23.35,0.0,28.45,8.5,5.64,6.08,730.393,0,1,24.444444,2
34116,11,13,5,0,23.49,0.0,26.79,9.1,4.32,8.4,721.027,0,1,24.444444,2
34117,11,14,5,0,23.6,0.0,25.32,9.0,2.4,10.75,662.487,0,1,24.444444,2
34118,11,15,5,0,23.72,0.0,24.37,10.4,1.44,14.44,545.32,0,1,24.444444,2
34119,11,16,5,0,23.75,0.0,23.81,8.9,2.76,13.41,377.906,0,1,24.444444,2
34120,11,17,5,0,23.78,0.0,23.62,12.4,1.32,11.63,140.607,0,1,24.444444,2
34121,11,18,5,0,23.71,0.0,24.29,12.2,4.56,7.15,0.0,0,1,24.444444,2
34122,11,19,5,0,23.64,0.0,25.72,10.7,2.28,5.55,0.0,0,1,24.444444,2
34123,11,20,5,0,23.72,0.0,27.07,15.5,6.84,8.0,0.0,0,1,24.444444,2
34124,11,21,5,0,23.55,0.0,28.94,9.7,5.64,3.22,0.0,0,1,24.444444,2
34125,11,22,5,0,23.63,0.0,30.39,15.2,2.64,5.85,0.0,0,1,24.444444,2
34126,11,23,5,0,23.67,0.0,31.21,16.8,1.2,6.18,0.0,0,1,24.444444,2
34127,11,24,5,0,23.47,0.0,31.92,12.0,0.72,2.55,0.0,0,1,24.444444,2
34128,11,1,6,0,23.25,0.0,32.67,10.3,0.24,1.3,0.0,0,1,24.444444,2
34129,11,2,6,0,23.02,0.0,33.37,11.1,0.36,0.71,0.0,0,1,24.444444,2
34130,11,3,6,0,22.8,0.0,33.7,10.9,0.24,0.31,0.0,0,1,24.444444,2
34131,11,4,6,0,22.76,0.0,33.79,9.4,0.6,0.34,0.0,0,1,24.444444,2
34132,11,5,6,0,22.85,0.0,33.87,14.1,0.0,0.81,0.0,0,1,24.444444,2
34133,11,6,6,0,22.73,0.0,34.24,10.2,1.2,0.12,0.0,0,1,24.444444,2
34134,11,7,6,0,22.7,0.0,34.46,10.7,1.92,0.13,0.0,0,1,24.444444,2
34135,11,8,6,0,22.97,0.0,34.13,10.9,15.36,0.94,124.87,0,1,24.444444,2
34136,11,9,6,0,23.3,0.0,33.54,10.4,15.6,4.11,343.947,0,1,24.444444,2
34137,11,10,6,0,23.48,0.0,31.94,10.2,5.28,5.96,519.245,0,1,24.444444,2
34138,11,11,6,0,23.58,0.0,30.21,10.8,10.56,7.92,621.126,0,1,24.444444,2
34139,11,12,6,0,23.59,0.0,28.54,8.1,10.44,8.47,685.615,0,1,24.444444,2
34140,11,13,6,0,23.75,0.0,27.02,13.3,2.04,13.76,689.384,0,1,24.444444,2
34141,11,14,6,0,23.77,0.0,25.53,9.4,2.16,14.1,608.992,0,1,24.444444,2
34142,11,15,6,0,23.84,0.0,24.49,9.4,6.12,17.05,537.33,0,1,24.444444,2
34143,11,16,6,0,23.9,0.0,23.81,10.3,1.68,18.04,372.685,0,1,24.444444,2
34144,11,17,6,0,23.87,0.0,23.19,9.5,2.4,12.4,140.851,0,1,24.444444,2
34145,11,18,6,0,23.76,0.0,23.27,9.6,3.0,7.09,0.0,0,1,24.444444,2
34146,11,19,6,0,23.73,0.0,24.3,10.4,1.32,7.17,0.0,0,1,24.444444,2
34147,11,20,6,0,23.69,0.0,25.93,10.2,3.6,5.72,0.0,0,1,24.444444,2
34148,11,21,6,0,23.7,0.0,27.87,14.4,3.24,6.01,0.0,0,1,24.444444,2
34149,11,22,6,0,23.59,0.0,29.55,12.7,3.6,3.49,0.0,0,1,24.444444,2
34150,11,23,6,0,23.47,0.0,31.43,12.7,1.32,2.6,0.0,0,1,24.444444,2
34151,11,24,6,0,23.38,0.0,33.15,12.9,0.96,2.13,0.0,0,1,24.444444,2
34152,11,1,7,0,23.14,0.0,34.8,10.3,0.72,0.95,0.0,0,1,24.444444,2
34153,11,2,7,0,22.93,0.0,35.87,10.5,0.84,0.61,0.0,0,1,24.444444,2
34154,11,3,7,0,22.65,0.0,36.63,3.2,0.24,0.0,0.0,0,1,24.444444,2
34155,11,4,7,0,22.68,0.0,36.56,9.6,2.76,0.03,0.0,0,1,24.444444,2
34156,11,5,7,0,22.56,0.0,36.53,3.1,3.72,0.0,0.0,0,1,24.444444,2
34157,11,6,7,0,22.61,0.0,35.98,10.2,2.4,0.0,0.0,0,1,24.444444,2
34158,11,7,7,0,22.64,0.0,35.56,9.7,1.32,0.0,0.0,0,1,24.444444,2
34159,11,8,7,0,22.85,0.0,35.47,7.6,4.8,0.26,116.663,0,1,24.444444,2
34160,11,9,7,0,23.19,0.0,35.22,7.1,11.52,2.86,317.861,0,1,24.444444,2
34161,11,10,7,0,23.51,0.0,33.76,11.2,10.32,6.89,492.382,0,1,24.444444,2
34162,11,11,7,0,23.59,0.0,32.9,8.9,3.84,7.5,596.01,0,1,24.444444,2
34163,11,12,7,0,23.65,0.0,33.27,8.7,1.68,9.67,649.786,0,1,24.444444,2
34164,11,13,7,0,23.76,0.0,34.23,10.0,2.64,13.06,661.079,0,1,24.444444,2
34165,11,14,7,0,23.84,0.0,35.72,9.1,5.16,15.82,608.926,0,1,24.444444,2
34166,11,15,7,0,23.95,0.0,36.36,9.9,1.32,19.42,498.857,0,1,24.444444,2
34167,11,16,7,0,24.03,0.0,36.34,14.4,4.08,24.11,334.618,0,1,24.444444,2
34168,11,17,7,0,24.04,0.0,36.21,11.2,4.32,16.52,114.547,0,1,24.444444,2
34169,11,18,7,0,23.97,0.0,36.66,9.2,4.2,10.15,0.0,0,1,24.444444,2
34170,11,19,7,0,23.88,0.0,37.76,8.8,3.96,8.15,0.0,0,1,24.444444,2
34171,11,20,7,0,23.86,0.0,38.84,11.1,6.48,8.16,0.0,0,1,24.444444,2
34172,11,21,7,0,23.84,0.0,39.68,12.4,0.84,7.72,0.0,0,1,24.444444,2
34173,11,22,7,0,23.83,0.0,40.45,13.3,1.44,7.36,0.0,0,1,24.444444,2
34174,11,23,7,0,23.59,0.0,42.25,8.2,4.92,3.2,0.0,0,1,24.444444,2
34175,11,24,7,0,23.63,0.0,43.39,13.4,2.04,4.67,0.0,0,1,24.444444,2
34176,11,1,1,0,23.44,0.0,44.12,11.4,1.32,2.48,0.0,0,1,24.444444,2
34177,11,2,1,0,23.22,0.0,44.86,9.6,0.48,1.36,0.0,0,1,24.444444,2
34178,11,3,1,0,23.17,0.0,45.36,11.0,0.6,1.63,0.0,0,1,24.444444,2
34179,11,4,1,0,23.15,0.0,46.44,10.7,0.24,1.61,0.0,0,1,24.444444,2
34180,11,5,1,0,23.08,0.0,47.91,9.5,0.0,1.35,0.0,0,1,24.444444,2
34181,11,6,1,0,22.86,0.0,49.03,3.6,1.32,0.24,0.0,0,1,24.444444,2
34182,11,7,1,0,23.03,0.0,48.06,10.3,5.52,1.71,0.0,0,1,24.444444,2
34183,11,8,1,0,23.39,0.0,46.33,10.6,8.52,4.29,106.256,0,1,24.444444,2
34184,11,9,1,0,23.59,0.0,44.63,10.0,11.52,7.1,318.206,0,1,24.444444,2
34185,11,10,1,0,23.71,0.0,42.86,11.9,4.32,10.41,485.944,0,1,24.444444,2
34186,11,11,1,0,23.74,0.0,41.86,10.6,6.48,10.53,610.532,0,1,24.444444,2
34187,11,12,1,0,23.76,0.0,40.88,9.9,7.68,12.06,666.39,0,1,24.444444,2
34188,11,13,1,0,23.78,0.0,39.86,8.0,3.12,13.22,670.599,0,1,24.444444,2
34189,11,14,1,0,23.89,0.0,38.86,9.9,1.2,17.89,613.642,0,1,24.444444,2
34190,11,15,1,0,24.0,0.0,37.73,12.0,2.88,22.78,514.993,0,1,24.444444,2
34191,11,16,1,0,24.01,0.0,37.21,10.0,2.28,20.49,352.993,0,1,24.444444,2
34192,11,17,1,0,23.98,0.0,37.38,8.3,13.8,13.63,128.82,0,1,24.444444,2
34193,11,18,1,0,23.98,0.0,38.12,10.2,13.08,11.48,0.0,0,1,24.444444,2
34194,11,19,1,0,23.98,0.0,37.78,9.6,12.24,10.57,0.0,0,1,24.444444,2
34195,11,20,1,0,23.99,0.0,37.18,11.2,2.52,10.64,0.0,0,1,24.444444,2
34196,11,21,1,0,23.99,0.0,37.24,12.0,2.16,9.77,0.0,0,1,24.444444,2
34197,11,22,1,0,23.97,0.0,38.12,12.6,0.84,8.89,0.0,0,1,24.444444,2
34198,11,23,1,0,23.87,0.0,39.1,11.8,2.52,6.61,0.0,0,1,24.444444,2
34199,11,24,1,0,23.7,0.0,40.1,11.2,1.2,4.07,0.0,0,1,24.444444,2
34200,11,1,8,0,23.46,0.0,41.13,10.4,1.2,2.25,0.0,0,1,24.444444,2
34201,11,2,8,0,23.25,0.0,41.56,9.0,1.32,1.59,0.0,0,1,24.444444,2
34202,11,3,8,0,23.2,0.0,41.48,9.0,0.84,1.56,0.0,0,1,24.444444,2
34203,11,4,8,0,23.05,0.0,41.45,9.0,0.84,0.97,0.0,0,1,24.444444,2
34204,11,5,8,0,22.9,0.0,41.35,9.3,0.6,0.55,0.0,0,1,24.444444,2
34205,11,6,8,0,22.67,0.0,41.4,3.7,0.84,0.0,0.0,0,1,24.444444,2
34206,11,7,8,0,22.75,0.0,40.94,9.3,1.56,0.34,0.0,0,1,24.444444,2
34207,11,8,8,0,23.06,0.0,40.24,6.9,5.04,1.37,114.572,0,1,24.444444,2
34208,11,9,8,0,23.45,0.0,38.84,9.1,8.64,5.59,330.779,0,1,24.444444,2
34209,11,10,8,0,23.63,0.0,37.45,9.8,16.68,8.03,504.102,0,1,24.444444,2
34210,11,11,8,0,23.7,0.0,35.75,9.1,6.96,9.49,617.001,0,1,24.444444,2
34211,11,12,8,0,23.75,0.0,34.53,9.3,9.0,11.4,677.158,0,1,24.444444,2
34212,11,13,8,0,23.8,0.0,33.64,9.8,12.6,13.83,691.902,0,1,24.444444,2
34213,11,14,8,0,23.92,0.0,32.47,11.8,11.76,18.46,639.593,0,1,24.444444,2
34214,11,15,8,0,23.98,0.0,31.24,10.8,3.0,19.91,543.889,0,1,24.444444,2
34215,11,16,8,0,23.99,0.0,29.87,9.9,6.24,18.73,367.67,0,1,24.444444,2
34216,11,17,8,0,24.02,0.0,28.49,11.6,1.8,15.53,134.023,0,1,24.444444,2
34217,11,18,8,0,23.96,0.0,28.16,9.9,6.48,9.62,0.0,0,1,24.444444,2
34218,11,19,8,0,23.87,0.0,28.94,9.6,2.88,7.45,0.0,0,1,24.444444,2
34219,11,20,8,0,23.92,0.0,29.79,15.0,1.32,9.04,0.0,0,1,24.444444,2
34220,11,21,8,0,23.77,0.0,30.87,11.5,4.08,4.77,0.0,0,1,24.444444,2
34221,11,22,8,0,23.62,0.0,32.18,11.5,6.36,3.3,0.0,0,1,24.444444,2
34222,11,23,8,0,23.53,0.0,33.18,13.1,3.84,3.02,0.0,0,1,24.444444,2
34223,11,24,8,0,23.06,0.0,35.34,5.9,1.44,0.63,0.0,0,1,24.444444,2
34224,11,1,3,0,23.07,0.0,35.98,10.7,2.76,1.19,0.0,0,1,24.444444,2
34225,11,2,3,0,22.76,0.0,36.83,3.5,0.48,0.0,0.0,0,1,24.444444,2
34226,11,3,3,0,22.82,0.0,36.94,9.8,0.36,0.57,0.0,0,1,24.444444,2
34227,11,4,3,0,22.82,0.0,37.32,10.2,0.0,0.58,0.0,0,1,24.444444,2
34228,11,5,3,0,22.78,0.0,38.45,9.7,0.0,0.43,0.0,0,1,24.444444,2
34229,11,6,3,0,22.65,0.0,39.47,3.5,0.36,0.0,0.0,0,1,24.444444,2
34230,11,7,3,0,22.76,0.0,40.15,10.1,4.56,0.49,0.0,0,1,24.444444,2
34231,11,8,3,0,23.03,0.0,41.08,7.1,10.68,1.13,105.484,0,1,24.444444,2
34232,11,9,3,0,23.34,0.0,42.04,8.0,1.8,4.52,316.738,0,1,24.444444,2
34233,11,10,3,0,23.66,0.0,42.34,12.1,10.2,10.08,481.104,0,1,24.444444,2
34234,11,11,3,0,23.74,0.0,43.08,9.8,5.64,11.49,589.446,0,1,24.444444,2
34235,11,12,3,0,23.81,0.0,44.21,9.0,4.92,14.05,640.031,0,1,24.444444,2
34236,11,13,3,0,23.87,0.0,44.9,8.9,4.92,17.43,650.002,0,1,24.444444,2
34237,11,14,3,0,23.94,0.0,45.36,8.5,1.56,20.89,611.521,0,1,24.444444,2
34238,11,15,3,0,24.01,0.0,45.6,9.7,0.72,25.88,498.269,0,1,24.444444,2
34239,11,16,3,0,24.05,0.0,45.77,10.2,2.52,26.13,339.676,0,1,24.444444,2
34240,11,17,3,0,24.04,0.0,46.88,8.2,0.48,18.26,120.24,0,1,24.444444,2
34241,11,18,3,0,24.06,0.0,48.29,10.5,3.84,16.85,0.0,0,1,24.444444,2
34242,11,19,3,0,24.05,0.0,49.76,9.0,3.0,14.08,0.0,0,1,24.444444,2
34243,11,20,3,0,24.04,0.0,51.08,9.7,3.24,13.38,0.0,0,1,24.444444,2
34244,11,21,3,0,24.04,0.0,52.1,10.0,3.48,12.63,0.0,0,1,24.444444,2
34245,11,22,3,0,24.05,0.0,53.42,11.2,3.48,13.27,0.0,0,1,24.444444,2
34246,11,23,3,0,24.01,0.0,55.49,9.4,1.2,11.0,0.0,0,1,24.444444,2
34247,11,24,3,0,24.01,0.0,57.19,10.6,2.04,11.85,0.0,0,1,24.444444,2
34248,11,1,4,0,24.0,0.0,58.22,11.2,0.36,11.14,0.0,0,1,24.444444,2
34249,11,2,4,0,23.92,0.0,59.34,9.9,0.48,8.51,0.0,0,1,24.444444,2
34250,11,3,4,0,23.5,0.0,62.47,2.9,0.36,2.59,0.0,0,1,24.444444,2
34251,11,4,4,0,23.74,0.0,62.44,10.6,0.6,7.79,0.0,0,1,24.444444,2
34252,11,5,4,0,23.71,0.0,62.94,9.4,1.08,6.11,0.0,0,1,24.444444,2
34253,11,6,4,0,23.67,0.0,63.02,9.5,1.8,5.6,0.0,0,1,24.444444,2
34254,11,7,4,0,23.78,0.0,62.02,13.1,5.04,9.98,0.0,0,1,24.444444,2
34255,11,8,4,0,23.83,0.0,60.69,10.0,18.12,12.8,102.115,0,1,24.444444,2
34256,11,9,4,0,23.88,0.0,59.07,10.6,17.4,15.98,231.448,0,1,24.444444,2
34257,11,10,4,0,23.97,0.0,56.88,10.8,5.64,20.12,372.615,0,1,24.444444,2
34258,11,11,4,0,24.05,0.0,55.35,10.9,4.08,24.36,559.45,0,1,24.444444,2
34259,11,12,4,0,24.05,0.0,54.67,8.2,1.92,21.66,593.715,0,1,24.444444,2
34260,11,13,4,0,24.07,0.0,53.6,10.3,1.44,24.61,451.483,0,1,24.444444,2
34261,11,14,4,0,24.07,0.0,52.34,9.8,0.96,27.84,481.16,0,1,24.444444,2
34262,11,15,4,0,24.07,0.0,51.57,10.1,0.72,29.6,324.271,0,1,24.444444,2
34263,11,16,4,0,24.07,0.0,51.17,9.2,1.56,30.14,307.794,0,1,24.444444,2
34264,11,17,4,0,24.07,0.0,51.89,8.9,1.2,24.45,97.1621,0,1,24.444444,2
34265,11,18,4,0,24.07,0.0,52.83,15.4,4.2,29.52,0.0,0,1,24.444444,2
34266,11,19,4,0,24.07,0.0,52.6,16.3,3.36,29.64,0.0,0,1,24.444444,2
34267,11,20,4,0,24.07,0.0,52.31,16.9,4.2,28.58,0.0,0,1,24.444444,2
34268,11,21,4,0,24.07,0.0,53.48,10.4,3.36,17.81,0.0,0,1,24.444444,2
34269,11,22,4,0,24.07,0.0,54.97,14.4,1.08,22.48,0.0,0,1,24.444444,2
34270,11,23,4,0,24.06,0.0,56.96,9.5,0.96,13.89,0.0,0,1,24.444444,2
34271,11,24,4,0,24.07,0.0,58.83,11.8,0.72,17.13,0.0,0,1,24.444444,2
34272,11,1,5,0,24.06,0.0,60.53,10.9,2.4,15.38,0.0,0,1,24.444444,2
34273,11,2,5,0,24.04,0.0,62.25,9.7,0.24,12.8,0.0,0,1,24.444444,2
34274,11,3,5,0,24.02,0.0,63.5,9.8,1.44,12.1,0.0,0,1,24.444444,2
34275,11,4,5,0,24.01,0.0,64.58,9.9,0.36,12.1,0.0,0,1,24.444444,2
34276,11,5,5,0,24.01,0.0,65.37,11.0,0.96,13.17,0.0,0,1,24.444444,2
34277,11,6,5,0,24.0,0.0,66.14,10.2,1.56,12.24,0.0,0,1,24.444444,2
34278,11,7,5,0,23.99,0.0,67.21,9.9,2.16,12.97,0.0,0,1,24.444444,2
34279,11,8,5,0,23.89,0.0,67.86,3.5,20.28,12.24,95.2949,0,1,24.444444,2
34280,11,9,5,0,23.97,0.0,66.95,8.0,7.8,20.28,239.801,0,1,24.444444,2
34281,11,10,5,0,24.03,0.0,66.06,10.6,3.6,20.65,146.585,0,1,24.444444,2
34282,11,11,5,0,24.05,0.0,65.48,8.8,9.72,19.1,197.396,0,1,24.444444,2
34283,11,12,5,0,24.06,0.0,64.72,8.8,4.44,20.73,185.136,0,1,24.444444,2
34284,11,13,5,0,24.07,0.0,63.05,8.5,1.56,23.42,394.611,0,1,24.444444,2
34285,11,14,5,0,24.07,0.0,61.36,8.9,2.52,25.39,384.945,0,1,24.444444,2
34286,11,15,5,0,24.07,0.0,59.0,10.2,0.84,29.57,346.682,0,1,24.444444,2
34287,11,16,5,0,24.07,0.0,56.17,9.2,2.64,27.34,292.145,0,1,24.444444,2
34288,11,17,5,0,24.07,0.0,54.54,12.1,1.44,25.13,86.2869,0,1,24.444444,2
34289,11,18,5,0,24.07,0.0,53.98,12.8,1.8,21.68,0.0,0,1,24.444444,2
34290,11,19,5,0,24.07,0.0,54.71,9.4,2.4,15.94,0.0,0,1,24.444444,2
34291,11,20,5,0,24.07,0.0,54.81,15.7,3.0,22.56,0.0,0,1,24.444444,2
34292,11,21,5,0,24.06,0.0,55.37,9.9,2.16,12.8,0.0,0,1,24.444444,2
34293,11,22,5,0,24.07,0.0,56.47,12.7,4.08,15.99,0.0,0,1,24.444444,2
34294,11,23,5,0,24.07,0.0,56.28,13.9,2.88,15.72,0.0,0,1,24.444444,2
34295,11,24,5,0,24.07,0.0,54.32,16.7,0.6,17.46,0.0,0,1,24.444444,2
34296,12,1,6,0,23.88,0.0,54.31,8.4,1.56,6.0,0.0,0,1,24.444444,2
34297,12,2,6,0,23.96,0.0,53.52,13.8,0.96,10.03,0.0,0,1,24.444444,2
34298,12,3,6,0,23.74,0.0,53.97,8.2,0.48,4.18,0.0,0,1,24.444444,2
34299,12,4,6,0,23.61,0.0,54.55,8.9,0.36,3.78,0.0,0,1,24.444444,2
34300,12,5,6,0,23.55,0.0,54.95,9.5,0.84,3.62,0.0,0,1,24.444444,2
34301,12,6,6,0,23.15,0.0,56.53,3.4,1.44,1.04,0.0,0,1,24.444444,2
34302,12,7,6,0,23.26,0.0,56.32,8.2,4.08,2.63,0.0,0,1,24.444444,2
34303,12,8,6,0,23.62,0.0,54.75,9.9,19.08,8.15,93.2241,0,1,24.444444,2
34304,12,9,6,0,23.74,0.0,53.16,10.3,8.64,13.83,289.13,0,1,24.444444,2
34305,12,10,6,0,23.81,0.0,50.97,10.3,14.16,15.73,460.109,0,1,24.444444,2
34306,12,11,6,0,23.85,0.0,49.7,9.4,6.24,15.74,579.311,0,1,24.444444,2
34307,12,12,6,0,23.86,0.0,48.94,7.9,0.96,15.62,635.06,0,1,24.444444,2
34308,12,13,6,0,23.91,0.0,47.9,9.2,4.2,19.86,639.317,0,1,24.444444,2
34309,12,14,6,0,24.04,0.0,45.54,12.9,1.44,27.05,598.934,0,1,24.444444,2
34310,12,15,6,0,24.06,0.0,43.32,9.7,1.32,26.52,489.312,0,1,24.444444,2
34311,12,16,6,0,24.06,0.0,42.08,9.2,0.96,25.31,332.298,0,1,24.444444,2
34312,12,17,6,0,24.06,0.0,42.03,8.3,1.68,18.63,114.442,0,1,24.444444,2
34313,12,18,6,0,24.07,0.0,42.71,10.2,2.4,15.81,0.0,0,1,24.444444,2
34314,12,19,6,0,24.07,0.0,43.8,10.2,2.64,14.71,0.0,0,1,24.444444,2
34315,12,20,6,0,24.05,0.0,44.9,10.2,4.44,12.6,0.0,0,1,24.444444,2
34316,12,21,6,0,24.06,0.0,45.42,13.2,4.08,14.52,0.0,0,1,24.444444,2
34317,12,22,6,0,24.05,0.0,46.28,12.4,2.4,12.17,0.0,0,1,24.444444,2
34318,12,23,6,0,23.97,0.0,47.67,10.5,1.56,8.47,0.0,0,1,24.444444,2
34319,12,24,6,0,23.96,0.0,49.9,11.9,1.44,9.34,0.0,0,1,24.444444,2
34320,12,1,7,0,23.6,0.0,53.78,4.1,3.48,2.93,0.0,0,1,24.444444,2
34321,12,2,7,0,23.41,0.0,57.65,3.9,0.24,2.7,0.0,0,1,24.444444,2
34322,12,3,7,0,23.32,0.0,60.47,3.5,0.24,2.36,0.0,0,1,24.444444,2
34323,12,4,7,0,23.27,0.0,62.1,3.7,0.36,2.27,0.0,0,1,24.444444,2
34324,12,5,7,0,23.23,0.0,63.35,3.5,0.24,1.9,0.0,0,1,24.444444,2
34325,12,6,7,0,23.15,0.0,64.28,3.3,0.48,1.5,0.0,0,1,24.444444,2
34326,12,7,7,0,23.16,0.0,64.22,4.6,4.44,1.91,0.0,0,1,24.444444,2
34327,12,8,7,0,23.45,0.0,62.09,6.5,3.48,4.78,97.9241,0,1,24.444444,2
34328,12,9,7,0,23.44,0.0,61.1,3.6,11.16,3.09,227.636,0,1,24.444444,2
34329,12,10,7,0,23.32,0.0,60.54,5.5,6.6,1.94,100.729,0,1,24.444444,2
34330,12,11,7,0,23.23,0.0,59.46,4.7,10.08,1.59,140.691,0,1,24.444444,2
34331,12,12,7,0,23.27,0.0,58.31,5.4,5.52,2.1,160.43,0,1,24.444444,2
34332,12,13,7,0,23.26,0.0,57.5,4.2,2.88,1.77,169.958,0,1,24.444444,2
34333,12,14,7,0,23.41,0.0,56.22,8.9,2.04,3.87,152.367,0,1,24.444444,2
34334,12,15,7,0,23.58,0.0,54.55,11.9,0.72,7.99,221.234,0,1,24.444444,2
34335,12,16,7,0,23.63,0.0,53.32,10.0,3.36,9.58,329.19,0,1,24.444444,2
34336,12,17,7,0,23.44,0.0,53.78,4.4,0.84,3.05,104.054,0,1,24.444444,2
34337,12,18,7,0,23.47,0.0,54.06,10.8,3.6,4.56,0.0,0,1,24.444444,2
34338,12,19,7,0,23.53,0.0,54.26,11.3,1.92,5.26,0.0,0,1,24.444444,2
34339,12,20,7,0,23.48,0.0,54.76,10.0,8.28,4.04,0.0,0,1,24.444444,2
34340,12,21,7,0,23.36,0.0,55.28,8.0,1.56,2.34,0.0,0,1,24.444444,2
34341,12,22,7,0,23.35,0.0,54.83,10.8,1.32,2.97,0.0,0,1,24.444444,2
34342,12,23,7,0,23.2,0.0,54.85,7.5,0.72,1.12,0.0,0,1,24.444444,2
34343,12,24,7,0,22.99,0.0,54.93,6.0,0.84,0.6,0.0,0,1,24.444444,2
34344,12,1,1,0,22.83,0.0,55.01,3.3,1.92,0.12,0.0,0,1,24.444444,2
34345,12,2,1,0,22.81,0.0,55.29,3.8,0.36,0.24,0.0,0,1,24.444444,2
34346,12,3,1,0,22.82,0.0,56.16,4.2,0.6,0.39,0.0,0,1,24.444444,2
34347,12,4,1,0,22.82,0.0,57.87,4.7,0.48,0.48,0.0,0,1,24.444444,2
34348,12,5,1,0,22.78,0.0,59.45,3.3,0.12,0.23,0.0,0,1,24.444444,2
34349,12,6,1,0,22.8,0.0,60.59,5.0,3.12,0.57,0.0,0,1,24.444444,2
34350,12,7,1,0,22.78,0.0,61.52,3.5,0.96,0.27,0.0,0,1,24.444444,2
34351,12,8,1,0,22.91,0.0,61.22,3.9,6.24,0.84,88.811,0,1,24.444444,2
34352,12,9,1,0,23.07,0.0,60.75,2.9,0.96,1.56,233.881,0,1,24.444444,2
34353,12,10,1,0,23.23,0.0,59.36,3.8,14.04,3.16,312.319,0,1,24.444444,2
34354,12,11,1,0,23.44,0.0,57.54,3.9,11.52,6.55,486.59,0,1,24.444444,2
34355,12,12,1,0,23.64,0.0,55.7,6.4,3.72,11.98,590.383,0,1,24.444444,2
34356,12,13,1,0,23.67,0.0,54.42,3.5,3.6,12.06,636.948,0,1,24.444444,2
34357,12,14,1,0,23.79,0.0,52.41,6.7,6.36,17.87,590.021,0,1,24.444444,2
34358,12,15,1,0,23.98,0.0,49.52,10.9,5.76,24.29,489.806,0,1,24.444444,2
34359,12,16,1,0,23.91,0.0,48.27,4.5,3.72,16.87,328.61,0,1,24.444444,2
34360,12,17,1,0,23.88,0.0,47.07,5.2,13.68,12.44,108.049,0,1,24.444444,2
34361,12,18,1,0,23.77,0.0,46.61,3.9,5.4,7.66,0.0,0,1,24.444444,2
34362,12,19,1,0,23.71,0.0,46.1,4.3,2.76,7.0,0.0,0,1,24.444444,2
34363,12,20,1,0,23.7,0.0,45.97,6.2,3.24,7.13,0.0,0,1,24.444444,2
34364,12,21,1,0,23.61,0.0,46.78,4.8,4.56,4.71,0.0,0,1,24.444444,2
34365,12,22,1,0,23.86,0.0,46.18,14.5,1.92,11.35,0.0,0,1,24.444444,2
34366,12,23,1,0,23.62,0.0,47.53,6.0,6.48,3.84,0.0,0,1,24.444444,2
34367,12,24,1,0,23.52,0.0,49.43,6.5,4.44,3.52,0.0,0,1,24.444444,2
34368,12,1,2,0,23.34,0.0,51.52,4.9,0.96,1.79,0.0,0,1,24.444444,2
34369,12,2,2,0,23.14,0.0,53.24,3.8,1.2,1.1,0.0,0,1,24.444444,2
34370,12,3,2,0,23.06,0.0,54.85,4.1,0.96,1.06,0.0,0,1,24.444444,2
34371,12,4,2,0,22.96,0.0,56.28,3.8,0.6,0.73,0.0,0,1,24.444444,2
34372,12,5,2,0,22.86,0.0,57.27,3.0,0.0,0.36,0.0,0,1,24.444444,2
34373,12,6,2,0,22.84,0.0,58.12,3.6,0.72,0.47,0.0,0,1,24.444444,2
34374,12,7,2,0,22.89,0.0,59.41,4.3,0.72,0.99,0.0,0,1,24.444444,2
34375,12,8,2,0,23.13,0.0,60.33,3.4,10.68,1.96,87.7596,0,1,24.444444,2
34376,12,9,2,0,23.29,0.0,61.27,4.4,3.12,2.99,152.505,0,1,24.444444,2
34377,12,10,2,0,23.41,0.0,62.06,4.0,10.8,3.78,201.572,0,1,24.444444,2
34378,12,11,2,0,23.53,0.0,62.38,4.6,12.0,5.68,240.644,0,1,24.444444,2
34379,12,12,2,0,23.55,0.0,63.67,4.1,9.6,5.69,101.74,0,1,24.444444,2
34380,12,13,2,0,23.64,0.0,64.05,4.7,1.2,10.08,247.271,0,1,24.444444,2
34381,12,14,2,0,23.79,0.0,63.69,3.9,2.88,14.27,339.554,0,1,24.444444,2
34382,12,15,2,0,24.01,0.0,60.65,9.4,2.04,26.6,419.322,0,1,24.444444,2
34383,12,16,2,0,24.01,0.0,58.47,5.2,4.44,20.34,311.686,0,1,24.444444,2
34384,12,17,2,0,23.97,0.0,59.05,4.4,6.72,13.96,100.592,0,1,24.444444,2
34385,12,18,2,0,23.95,0.0,60.15,5.1,9.48,11.25,0.0,0,1,24.444444,2
34386,12,19,2,0,23.94,0.0,61.46,4.7,6.84,11.18,0.0,0,1,24.444444,2
34387,12,20,2,0,23.93,0.0,63.09,4.8,5.16,10.75,0.0,0,1,24.444444,2
34388,12,21,2,0,23.91,0.0,64.59,5.1,11.76,10.3,0.0,0,1,24.444444,2
34389,12,22,2,0,23.91,0.0,66.22,5.3,3.0,10.53,0.0,0,1,24.444444,2
34390,12,23,2,0,23.88,0.0,67.99,4.7,3.96,9.61,0.0,0,1,24.444444,2
34391,12,24,2,0,23.83,0.0,69.89,4.1,3.72,9.0,0.0,0,1,24.444444,2
34392,12,1,3,0,23.82,0.0,71.36,4.5,0.6,9.32,0.0,0,1,24.444444,2
34393,12,2,3,0,23.91,0.0,71.11,7.5,0.48,12.35,0.0,0,1,24.444444,2
34394,12,3,3,0,23.79,0.0,72.7,3.4,0.48,7.55,0.0,0,1,24.444444,2
34395,12,4,3,0,23.81,0.0,73.52,5.7,0.24,9.74,0.0,0,1,24.444444,2
34396,12,5,3,0,23.86,0.0,72.84,7.8,0.0,10.99,0.0,0,1,24.444444,2
34397,12,6,3,0,23.73,0.0,73.62,4.1,0.96,6.32,0.0,0,1,24.444444,2
34398,12,7,3,0,23.68,0.0,74.92,4.0,1.08,6.59,0.0,0,1,24.444444,2
34399,12,8,3,0,23.83,0.0,73.86,6.9,15.48,13.89,77.16,0,1,24.444444,2
34400,12,9,3,0,23.88,0.0,72.37,5.3,7.8,17.29,203.531,0,1,24.444444,2
34401,12,10,3,0,23.95,0.0,69.71,5.5,9.96,24.13,423.948,0,1,24.444444,2
34402,12,11,3,0,24.04,0.0,66.73,6.8,4.2,26.29,472.581,0,1,24.444444,2
34403,12,12,3,0,24.07,0.0,64.79,4.5,4.92,24.46,385.655,0,1,24.444444,2
34404,12,13,3,0,24.07,0.0,61.36,6.8,3.48,32.4,516.819,0,1,24.444444,2
34405,12,14,3,0,24.07,0.0,57.58,7.3,1.56,34.77,482.457,0,1,24.444444,2
34406,12,15,3,0,24.08,0.01,55.59,11.5,2.28,38.76,313.819,0,1,24.444444,2
34407,12,16,3,0,24.07,0.0,54.88,10.1,3.84,34.1,243.193,0,1,24.444444,2
34408,12,17,3,0,24.07,0.0,55.86,4.7,5.88,18.16,66.6487,0,1,24.444444,2
34409,12,18,3,0,24.07,0.0,56.67,11.0,2.16,22.95,0.0,0,1,24.444444,2
34410,12,19,3,0,24.07,0.0,56.78,12.1,3.84,22.96,0.0,0,1,24.444444,2
34411,12,20,3,0,24.02,0.0,57.03,7.3,2.4,11.01,0.0,0,1,24.444444,2
34412,12,21,3,0,24.01,0.0,55.65,11.1,6.12,11.74,0.0,0,1,24.444444,2
34413,12,22,3,0,23.89,0.0,54.37,8.8,2.76,7.01,0.0,0,1,24.444444,2
34414,12,23,3,0,23.91,0.0,52.99,12.4,1.8,8.89,0.0,0,1,24.444444,2
34415,12,24,3,0,23.8,0.0,52.45,10.0,0.84,5.67,0.0,0,1,24.444444,2
34416,12,1,4,0,23.54,0.0,52.95,7.1,2.76,2.72,0.0,0,1,24.444444,2
34417,12,2,4,0,23.18,0.0,53.76,4.0,0.12,0.92,0.0,0,1,24.444444,2
34418,12,3,4,0,23.0,0.0,53.52,5.1,0.12,0.81,0.0,0,1,24.444444,2
34419,12,4,4,0,22.82,0.0,52.45,3.3,0.12,0.16,0.0,0,1,24.444444,2
34420,12,5,4,0,22.72,0.0,50.42,3.5,0.72,0.0,0.0,0,1,24.444444,2
34421,12,6,4,0,22.63,0.0,48.13,3.4,2.52,0.0,0.0,0,1,24.444444,2
34422,12,7,4,0,22.6,0.0,46.6,4.0,0.6,0.0,0.0,0,1,24.444444,2
34423,12,8,4,0,22.58,0.0,45.71,4.1,15.24,0.0,0.0,0,1,24.444444,2
34424,12,9,4,0,22.56,0.0,44.75,4.6,6.0,0.0,0.960071,0,1,24.444444,2
34425,12,10,4,0,22.54,0.0,43.26,5.1,6.96,0.0,43.3142,0,1,24.444444,2
34426,12,11,4,0,22.51,0.0,41.24,3.9,2.16,0.0,26.0951,0,1,24.444444,2
34427,12,12,4,0,22.5,0.0,39.58,4.0,6.0,0.0,48.5257,0,1,24.444444,2
34428,12,13,4,0,22.5,0.0,38.68,4.8,1.08,0.0,121.892,0,1,24.444444,2
34429,12,14,4,0,22.49,0.0,38.5,3.8,6.96,0.0,137.824,0,1,24.444444,2
34430,12,15,4,0,22.56,0.0,38.28,9.8,4.44,0.0,57.4316,0,1,24.444444,2
34431,12,16,4,0,22.51,0.0,38.17,4.9,2.4,0.0,8.78737,0,1,24.444444,2
34432,12,17,4,0,22.48,0.0,37.43,3.8,0.72,0.0,0.0,0,1,24.444444,2
34433,12,18,4,0,22.53,0.0,36.31,9.5,3.12,0.0,0.0,0,1,24.444444,2
34434,12,19,4,0,22.6,0.0,35.66,11.1,2.4,0.0,0.0,0,1,24.444444,2
34435,12,20,4,0,22.55,0.0,35.71,6.5,3.0,0.0,0.0,0,1,24.444444,2
34436,12,21,4,0,22.59,0.0,35.57,10.6,9.6,0.0,0.0,0,1,24.444444,2
34437,12,22,4,0,22.6,0.0,35.41,10.4,1.56,0.0,0.0,0,1,24.444444,2
34438,12,23,4,0,22.59,0.0,35.19,9.3,0.84,0.0,0.0,0,1,24.444444,2
34439,12,24,4,0,22.58,0.0,34.84,8.2,0.84,0.0,0.0,0,1,24.444444,2
34440,12,1,5,0,22.6,0.0,34.35,9.4,1.2,0.0,0.0,0,1,24.444444,2
34441,12,2,5,0,22.59,0.0,34.23,9.0,0.36,0.0,0.0,0,1,24.444444,2
34442,12,3,5,0,22.54,0.0,34.29,5.0,0.0,0.0,0.0,0,1,24.444444,2
34443,12,4,5,0,22.52,0.0,34.24,5.1,0.36,0.0,0.0,0,1,24.444444,2
34444,12,5,5,0,22.5,0.0,34.37,3.0,0.36,0.0,0.0,0,1,24.444444,2
34445,12,6,5,0,22.54,0.0,34.17,7.0,1.08,0.0,0.0,0,1,24.444444,2
34446,12,7,5,0,22.52,0.0,33.87,4.3,3.96,0.0,0.0,0,1,24.444444,2
34447,12,8,5,0,22.57,0.0,32.91,8.1,7.92,0.0,6.10346,0,1,24.444444,2
34448,12,9,5,0,22.6,0.0,31.76,9.2,6.0,0.0,18.9697,0,1,24.444444,2
34449,12,10,5,0,22.58,0.0,30.58,8.0,2.76,0.0,2.64887,0,1,24.444444,2
34450,12,11,5,0,22.6,0.0,29.75,9.2,4.92,0.0,42.9922,0,1,24.444444,2
34451,12,12,5,0,22.61,0.0,29.84,9.1,1.32,0.0,45.6805,0,1,24.444444,2
34452,12,13,5,0,22.6,0.0,30.6,7.9,1.44,0.0,134.636,0,1,24.444444,2
34453,12,14,5,0,22.61,0.0,31.72,9.9,1.56,0.0,105.162,0,1,24.444444,2
34454,12,15,5,0,22.6,0.0,32.82,9.2,4.56,0.0,32.8576,0,1,24.444444,2
34455,12,16,5,0,22.6,0.0,34.0,9.8,1.08,0.0,1.83082,0,1,24.444444,2
34456,12,17,5,0,22.59,0.0,34.85,9.9,1.8,0.0,0.0,0,1,24.444444,2
34457,12,18,5,0,22.6,0.0,35.42,9.5,1.44,0.0,0.0,0,1,24.444444,2
34458,12,19,5,0,22.61,0.0,36.13,9.4,3.12,0.0,0.0,0,1,24.444444,2
34459,12,20,5,0,22.62,0.0,36.45,9.5,1.68,0.0,0.0,0,1,24.444444,2
34460,12,21,5,0,22.59,0.0,36.16,8.1,8.04,0.0,0.0,0,1,24.444444,2
34461,12,22,5,0,22.62,0.0,35.48,10.7,4.56,0.0,0.0,0,1,24.444444,2
34462,12,23,5,0,22.63,0.0,35.34,10.9,0.6,0.0,0.0,0,1,24.444444,2
34463,12,24,5,0,22.62,0.0,35.54,10.1,0.84,0.0,0.0,0,1,24.444444,2
34464,12,1,6,0,22.61,0.0,35.6,10.4,0.36,0.0,0.0,0,1,24.444444,2
34465,12,2,6,0,22.56,0.0,35.52,8.4,1.08,0.0,0.0,0,1,24.444444,2
34466,12,3,6,0,22.54,0.0,35.26,8.6,0.36,0.0,0.0,0,1,24.444444,2
34467,12,4,6,0,22.51,0.0,35.17,8.1,0.12,0.0,0.0,0,1,24.444444,2
34468,12,5,6,0,22.49,0.0,34.94,8.2,0.24,0.0,0.0,0,1,24.444444,2
34469,12,6,6,0,22.48,0.0,34.54,3.5,2.4,0.0,0.0,0,1,24.444444,2
34470,12,7,6,0,22.48,0.0,34.01,8.4,4.08,0.0,0.0,0,1,24.444444,2
34471,12,8,6,0,22.48,0.0,33.44,10.8,19.8,0.0,0.0,0,1,24.444444,2
34472,12,9,6,0,22.48,0.0,32.37,9.8,6.84,0.0,0.0,0,1,24.444444,2
34473,12,10,6,0,22.48,0.0,31.19,9.7,6.84,0.0,27.6389,0,1,24.444444,2
34474,12,11,6,0,22.48,0.0,30.16,9.0,5.88,0.0,82.9843,0,1,24.444444,2
34475,12,12,6,0,22.48,0.0,29.35,11.0,5.88,0.0,69.3033,0,1,24.444444,2
34476,12,13,6,0,22.48,0.0,28.81,9.0,5.04,0.0,71.088,0,1,24.444444,2
34477,12,14,6,0,22.48,0.0,28.27,9.3,6.48,0.0,62.2794,0,1,24.444444,2
34478,12,15,6,0,22.48,0.0,27.79,10.1,0.48,0.0,25.9972,0,1,24.444444,2
34479,12,16,6,0,22.48,0.0,27.49,10.2,1.08,0.0,12.6597,0,1,24.444444,2
34480,12,17,6,0,22.48,0.0,27.26,8.4,1.08,0.0,0.0,0,1,24.444444,2
34481,12,18,6,0,22.48,0.0,27.26,9.0,2.04,0.0,0.0,0,1,24.444444,2
34482,12,19,6,0,22.48,0.0,27.68,11.6,2.64,0.0,0.0,0,1,24.444444,2
34483,12,20,6,0,22.48,0.0,27.75,11.3,5.64,0.0,0.0,0,1,24.444444,2
34484,12,21,6,0,22.5,0.0,27.59,12.6,3.48,0.0,0.0,0,1,24.444444,2
34485,12,22,6,0,22.53,0.0,27.79,13.9,1.8,0.0,0.0,0,1,24.444444,2
34486,12,23,6,0,22.49,0.0,28.54,11.4,1.8,0.0,0.0,0,1,24.444444,2
34487,12,24,6,0,22.48,0.0,28.9,9.6,0.48,0.0,0.0,0,1,24.444444,2
34488,12,1,7,0,22.48,0.0,29.0,4.0,4.32,0.0,0.0,0,1,24.444444,2
34489,12,2,7,0,22.48,0.0,28.82,4.0,0.24,0.0,0.0,0,1,24.444444,2
34490,12,3,7,0,22.48,0.0,28.53,4.0,0.36,0.0,0.0,0,1,24.444444,2
34491,12,4,7,0,22.48,0.0,28.31,3.6,0.48,0.0,0.0,0,1,24.444444,2
34492,12,5,7,0,22.48,0.0,28.06,3.1,0.0,0.0,0.0,0,1,24.444444,2
34493,12,6,7,0,22.48,0.0,27.71,3.7,0.96,0.0,0.0,0,1,24.444444,2
34494,12,7,7,0,22.48,0.0,27.27,3.4,4.8,0.0,0.0,0,1,24.444444,2
34495,12,8,7,0,22.48,0.0,26.93,3.5,6.24,0.0,99.0688,0,1,24.444444,2
34496,12,9,7,0,22.51,0.0,26.67,5.3,6.96,0.0,324.592,0,1,24.444444,2
34497,12,10,7,0,22.64,0.0,25.75,5.2,6.96,0.0,517.409,0,1,24.444444,2
34498,12,11,7,0,22.72,0.0,24.73,4.7,10.44,0.11,652.347,0,1,24.444444,2
34499,12,12,7,0,22.82,0.0,23.78,5.6,4.32,0.5,719.839,0,1,24.444444,2
34500,12,13,7,0,22.9,0.0,22.73,4.2,1.68,0.85,734.806,0,1,24.444444,2
34501,12,14,7,0,23.17,0.0,21.37,8.8,3.84,2.84,669.769,0,1,24.444444,2
34502,12,15,7,0,23.38,0.0,20.5,10.5,0.72,5.16,558.273,0,1,24.444444,2
34503,12,16,7,0,23.44,0.0,20.25,9.8,2.52,4.9,387.789,0,1,24.444444,2
34504,12,17,7,0,23.2,0.0,20.78,5.0,3.0,1.03,146.53,0,1,24.444444,2
34505,12,18,7,0,22.89,0.0,21.84,9.4,0.96,0.59,0.0,0,1,24.444444,2
34506,12,19,7,0,22.81,0.0,22.82,8.9,1.68,0.37,0.0,0,1,24.444444,2
34507,12,20,7,0,22.91,0.0,23.81,14.0,3.84,0.85,0.0,0,1,24.444444,2
34508,12,21,7,0,22.74,0.0,24.95,8.1,2.88,0.04,0.0,0,1,24.444444,2
34509,12,22,7,0,22.61,0.0,26.09,6.1,2.04,0.0,0.0,0,1,24.444444,2
34510,12,23,7,0,22.55,0.0,27.0,5.8,4.32,0.0,0.0,0,1,24.444444,2
34511,12,24,7,0,22.53,0.0,27.66,6.4,1.8,0.0,0.0,0,1,24.444444,2
34512,12,1,1,0,22.5,0.0,28.28,4.1,0.36,0.0,0.0,0,1,24.444444,2
34513,12,2,1,0,22.48,0.0,28.73,4.5,0.6,0.0,0.0,0,1,24.444444,2
34514,12,3,1,0,22.48,0.0,29.03,3.5,0.12,0.0,0.0,0,1,24.444444,2
34515,12,4,1,0,22.48,0.0,29.27,5.4,1.68,0.0,0.0,0,1,24.444444,2
34516,12,5,1,0,22.48,0.0,29.41,5.3,0.36,0.0,0.0,0,1,24.444444,2
34517,12,6,1,0,22.48,0.0,29.43,5.4,1.08,0.0,0.0,0,1,24.444444,2
34518,12,7,1,0,22.48,0.0,29.39,3.8,8.16,0.0,0.0,0,1,24.444444,2
34519,12,8,1,0,22.48,0.0,29.55,4.4,2.16,0.0,89.1772,0,1,24.444444,2
34520,12,9,1,0,22.6,0.0,29.89,4.9,2.76,0.0,304.338,0,1,24.444444,2
34521,12,10,1,0,22.84,0.0,30.38,3.4,19.56,0.16,463.871,0,1,24.444444,2
34522,12,11,1,0,23.01,0.0,30.2,5.1,10.8,1.79,578.059,0,1,24.444444,2
34523,12,12,1,0,23.13,0.0,29.63,4.9,7.2,3.16,675.236,0,1,24.444444,2
34524,12,13,1,0,23.23,0.0,28.51,5.0,3.72,4.78,688.995,0,1,24.444444,2
34525,12,14,1,0,23.37,0.0,27.32,5.3,6.6,6.58,638.939,0,1,24.444444,2
34526,12,15,1,0,23.59,0.0,27.33,11.0,7.08,12.33,532.22,0,1,24.444444,2
34527,12,16,1,0,23.57,0.0,27.59,4.5,6.36,8.19,373.112,0,1,24.444444,2
34528,12,17,1,0,23.48,0.0,27.81,4.7,10.68,4.32,139.973,0,1,24.444444,2
34529,12,18,1,0,23.22,0.0,28.72,3.9,4.2,1.09,0.0,0,1,24.444444,2
34530,12,19,1,0,23.08,0.0,30.06,4.6,2.64,0.75,0.0,0,1,24.444444,2
34531,12,20,1,0,22.96,0.0,31.37,6.0,0.96,0.52,0.0,0,1,24.444444,2
34532,12,21,1,0,22.81,0.0,32.28,5.0,2.04,0.17,0.0,0,1,24.444444,2
34533,12,22,1,0,22.73,0.0,32.65,5.4,1.56,0.11,0.0,0,1,24.444444,2
34534,12,23,1,0,22.66,0.0,32.45,3.8,9.12,0.0,0.0,0,1,24.444444,2
34535,12,24,1,0,22.65,0.0,32.22,6.3,0.96,0.0,0.0,0,1,24.444444,2
34536,12,1,2,0,22.61,0.0,32.22,6.2,2.16,0.0,0.0,0,1,24.444444,2
34537,12,2,2,0,22.56,0.0,32.39,5.4,3.72,0.0,0.0,0,1,24.444444,2
34538,12,3,2,0,22.5,0.0,32.47,3.3,0.48,0.0,0.0,0,1,24.444444,2
34539,12,4,2,0,22.48,0.0,32.52,4.1,1.8,0.0,0.0,0,1,24.444444,2
34540,12,5,2,0,22.48,0.0,32.32,3.5,0.24,0.0,0.0,0,1,24.444444,2
34541,12,6,2,0,22.48,0.0,32.12,4.4,0.72,0.0,0.0,0,1,24.444444,2
34542,12,7,2,0,22.48,0.0,32.15,3.6,1.32,0.0,0.0,0,1,24.444444,2
34543,12,8,2,0,22.49,0.0,32.34,3.8,4.68,0.0,89.6639,0,1,24.444444,2
34544,12,9,2,0,22.69,0.0,32.39,4.5,8.64,0.01,305.235,0,1,24.444444,2
34545,12,10,2,0,22.96,0.0,32.23,4.7,8.52,1.32,480.0,0,1,24.444444,2
34546,12,11,2,0,23.11,0.0,31.98,4.8,9.96,3.12,606.674,0,1,24.444444,2
34547,12,12,2,0,23.23,0.0,31.42,3.9,12.48,4.51,669.242,0,1,24.444444,2
34548,12,13,2,0,23.34,0.0,30.6,4.1,6.36,6.68,679.932,0,1,24.444444,2
34549,12,14,2,0,23.49,0.0,29.8,4.3,1.92,8.93,635.825,0,1,24.444444,2
34550,12,15,2,0,23.72,0.0,29.08,9.7,1.92,14.99,541.256,0,1,24.444444,2
34551,12,16,2,0,23.72,0.0,28.96,5.5,2.52,12.13,372.862,0,1,24.444444,2
34552,12,17,2,0,23.64,0.0,29.11,4.4,3.12,7.19,141.43,0,1,24.444444,2
34553,12,18,2,0,23.52,0.0,30.38,4.5,3.48,3.41,0.0,0,1,24.444444,2
34554,12,19,2,0,23.5,0.0,32.83,6.6,4.92,3.77,0.0,0,1,24.444444,2
34555,12,20,2,0,23.46,0.0,35.57,6.9,0.72,2.82,0.0,0,1,24.444444,2
34556,12,21,2,0,23.34,0.0,38.1,6.3,6.72,1.72,0.0,0,1,24.444444,2
34557,12,22,2,0,23.22,0.0,40.16,6.1,3.36,1.31,0.0,0,1,24.444444,2
34558,12,23,2,0,23.03,0.0,42.19,4.6,3.24,0.69,0.0,0,1,24.444444,2
34559,12,24,2,0,22.93,0.0,43.37,5.6,2.04,0.63,0.0,0,1,24.444444,2
34560,12,1,3,0,22.81,0.0,44.14,3.9,0.96,0.14,0.0,0,1,24.444444,2
34561,12,2,3,0,22.8,0.0,44.57,6.1,0.48,0.35,0.0,0,1,24.444444,2
34562,12,3,3,0,22.8,0.0,45.15,6.7,0.6,0.41,0.0,0,1,24.444444,2
34563,12,4,3,0,22.75,0.0,45.53,3.8,0.12,0.01,0.0,0,1,24.444444,2
34564,12,5,3,0,22.71,0.0,45.31,3.5,0.12,0.0,0.0,0,1,24.444444,2
34565,12,6,3,0,22.71,0.0,44.69,5.2,1.2,0.04,0.0,0,1,24.444444,2
34566,12,7,3,0,22.69,0.0,44.23,4.9,4.2,0.0,0.0,0,1,24.444444,2
34567,12,8,3,0,22.76,0.0,43.21,3.5,9.96,0.05,83.2272,0,1,24.444444,2
34568,12,9,3,0,23.02,0.0,41.28,4.5,5.88,1.13,303.538,0,1,24.444444,2
34569,12,10,3,0,23.18,0.0,38.33,5.4,12.24,3.34,494.534,0,1,24.444444,2
34570,12,11,3,0,23.3,0.0,35.78,6.4,6.72,4.95,626.096,0,1,24.444444,2
34571,12,12,3,0,23.34,0.0,33.97,4.7,6.48,5.55,697.142,0,1,24.444444,2
34572,12,13,3,0,23.41,0.0,32.04,4.9,3.84,7.2,706.272,0,1,24.444444,2
34573,12,14,3,0,23.54,0.0,30.15,6.3,1.68,9.31,673.304,0,1,24.444444,2
34574,12,15,3,0,23.69,0.0,28.74,10.6,1.8,14.39,562.729,0,1,24.444444,2
34575,12,16,3,0,23.82,0.0,27.92,13.5,0.96,17.1,392.563,0,1,24.444444,2
34576,12,17,3,0,23.65,0.0,28.41,6.3,1.68,7.15,154.628,0,1,24.444444,2
34577,12,18,3,0,23.63,0.0,29.35,12.1,1.32,6.42,0.0,0,1,24.444444,2
34578,12,19,3,0,23.59,0.0,30.82,11.5,3.0,4.94,0.0,0,1,24.444444,2
34579,12,20,3,0,23.4,0.0,32.62,7.2,5.64,1.72,0.0,0,1,24.444444,2
34580,12,21,3,0,23.24,0.0,34.02,7.6,3.36,1.32,0.0,0,1,24.444444,2
34581,12,22,3,0,23.28,0.0,34.59,11.1,3.48,1.92,0.0,0,1,24.444444,2
34582,12,23,3,0,23.24,0.0,35.06,11.9,4.68,1.62,0.0,0,1,24.444444,2
34583,12,24,3,0,22.91,0.0,35.68,6.1,1.8,0.25,0.0,0,1,24.444444,2
34584,12,1,4,0,22.7,0.0,35.71,3.8,0.6,0.0,0.0,0,1,24.444444,2
34585,12,2,4,0,22.64,0.0,35.52,4.3,0.24,0.0,0.0,0,1,24.444444,2
34586,12,3,4,0,22.64,0.0,34.78,5.2,0.36,0.0,0.0,0,1,24.444444,2
34587,12,4,4,0,22.57,0.0,34.19,3.6,0.12,0.0,0.0,0,1,24.444444,2
34588,12,5,4,0,22.51,0.0,33.57,4.0,0.6,0.0,0.0,0,1,24.444444,2
34589,12,6,4,0,22.48,0.0,32.76,3.3,1.92,0.0,0.0,0,1,24.444444,2
34590,12,7,4,0,22.48,0.0,32.09,4.0,6.0,0.0,0.0,0,1,24.444444,2
34591,12,8,4,0,22.5,0.0,31.88,3.9,13.08,0.0,87.55,0,1,24.444444,2
34592,12,9,4,0,22.71,0.0,31.51,4.5,3.48,0.0,306.269,0,1,24.444444,2
34593,12,10,4,0,22.95,0.0,30.69,6.0,7.32,1.15,486.491,0,1,24.444444,2
34594,12,11,4,0,23.03,0.0,29.77,4.0,4.92,1.93,614.056,0,1,24.444444,2
34595,12,12,4,0,23.13,0.0,28.72,3.8,2.52,3.07,687.902,0,1,24.444444,2
34596,12,13,4,0,23.23,0.0,27.85,4.2,1.32,4.57,695.295,0,1,24.444444,2
34597,12,14,4,0,23.35,0.0,26.66,4.4,2.04,4.76,550.357,0,1,24.444444,2
34598,12,15,4,0,23.54,0.0,25.43,11.0,2.64,8.32,368.679,0,1,24.444444,2
34599,12,16,4,0,23.49,0.0,24.8,3.4,1.08,3.47,246.543,0,1,24.444444,2
34600,12,17,4,0,23.41,0.0,24.71,3.8,2.76,2.01,85.3367,0,1,24.444444,2
34601,12,18,4,0,23.43,0.0,25.08,9.8,5.28,3.12,0.0,0,1,24.444444,2
34602,12,19,4,0,23.47,0.0,26.0,11.4,2.88,3.74,0.0,0,1,24.444444,2
34603,12,20,4,0,23.31,0.0,28.1,7.6,1.8,1.47,0.0,0,1,24.444444,2
34604,12,21,4,0,23.32,0.0,30.38,10.8,7.32,1.87,0.0,0,1,24.444444,2
34605,12,22,4,0,23.32,0.0,32.36,12.2,1.68,2.04,0.0,0,1,24.444444,2
34606,12,23,4,0,23.2,0.0,34.12,10.5,0.84,1.27,0.0,0,1,24.444444,2
34607,12,24,4,0,22.9,0.0,35.69,5.9,0.72,0.18,0.0,0,1,24.444444,2
34608,12,1,5,0,22.88,0.0,36.64,9.7,0.72,0.63,0.0,0,1,24.444444,2
34609,12,2,5,0,22.84,0.0,37.76,8.9,0.24,0.41,0.0,0,1,24.444444,2
34610,12,3,5,0,22.67,0.0,38.78,3.8,0.48,0.0,0.0,0,1,24.444444,2
34611,12,4,5,0,22.61,0.0,39.41,4.2,0.6,0.0,0.0,0,1,24.444444,2
34612,12,5,5,0,22.56,0.0,39.46,3.7,0.36,0.0,0.0,0,1,24.444444,2
34613,12,6,5,0,22.56,0.0,39.36,5.3,1.2,0.0,0.0,0,1,24.444444,2
34614,12,7,5,0,22.53,0.0,39.42,3.6,6.48,0.0,0.0,0,1,24.444444,2
34615,12,8,5,0,22.59,0.0,39.54,7.6,8.16,0.0,55.0744,0,1,24.444444,2
34616,12,9,5,0,22.77,0.0,39.8,8.8,3.96,0.18,201.596,0,1,24.444444,2
34617,12,10,5,0,23.03,0.0,39.85,8.3,1.68,1.16,326.695,0,1,24.444444,2
34618,12,11,5,0,23.27,0.0,39.29,9.7,7.56,2.99,397.421,0,1,24.444444,2
34619,12,12,5,0,23.42,0.0,39.03,9.7,3.12,3.65,372.807,0,1,24.444444,2
34620,12,13,5,0,23.46,0.0,38.67,9.1,4.2,3.11,208.002,0,1,24.444444,2
34621,12,14,5,0,23.5,0.0,38.14,9.6,1.56,3.54,171.102,0,1,24.444444,2
34622,12,15,5,0,23.52,0.0,38.84,10.2,0.48,4.01,113.126,0,1,24.444444,2
34623,12,16,5,0,23.51,0.0,39.44,10.3,0.96,3.79,50.706,0,1,24.444444,2
34624,12,17,5,0,23.45,0.0,40.05,8.7,1.2,2.46,10.8526,0,1,24.444444,2
34625,12,18,5,0,23.43,0.0,41.0,8.8,0.84,2.45,0.0,0,1,24.444444,2
34626,12,19,5,0,23.46,0.0,42.46,10.3,1.08,3.4,0.0,0,1,24.444444,2
34627,12,20,5,0,23.43,0.0,44.1,9.8,1.8,2.78,0.0,0,1,24.444444,2
34628,12,21,5,0,23.34,0.0,45.25,8.6,2.52,1.86,0.0,0,1,24.444444,2
34629,12,22,5,0,23.35,0.0,45.91,11.1,1.44,2.64,0.0,0,1,24.444444,2
34630,12,23,5,0,23.37,0.0,46.48,12.4,1.8,2.98,0.0,0,1,24.444444,2
34631,12,24,5,0,23.25,0.0,47.65,9.3,8.28,1.51,0.0,0,1,24.444444,2
34632,12,1,6,0,23.39,0.0,47.72,15.2,0.24,3.86,0.0,0,1,24.444444,2
34633,12,2,6,0,23.17,0.0,48.61,9.3,1.2,1.17,0.0,0,1,24.444444,2
34634,12,3,6,0,23.16,0.0,48.58,11.9,0.24,1.77,0.0,0,1,24.444444,2
34635,12,4,6,0,22.99,0.0,48.59,8.2,0.12,0.75,0.0,0,1,24.444444,2
34636,12,5,6,0,22.92,0.0,47.63,8.2,0.12,0.63,0.0,0,1,24.444444,2
34637,12,6,6,0,22.87,0.0,46.37,8.4,1.44,0.54,0.0,0,1,24.444444,2
34638,12,7,6,0,22.81,0.0,44.84,8.3,9.12,0.39,0.0,0,1,24.444444,2
34639,12,8,6,0,22.8,0.0,42.77,10.1,29.04,0.53,8.11542,0,1,24.444444,2
34640,12,9,6,0,22.77,0.0,40.57,9.8,6.6,0.31,39.1012,0,1,24.444444,2
34641,12,10,6,0,22.76,0.0,38.55,9.8,9.0,0.24,99.1629,0,1,24.444444,2
34642,12,11,6,0,22.75,0.0,36.8,9.2,3.72,0.12,104.622,0,1,24.444444,2
34643,12,12,6,0,22.75,0.0,35.0,9.4,5.52,0.12,161.334,0,1,24.444444,2
34644,12,13,6,0,22.72,0.0,33.58,8.5,5.28,0.02,121.762,0,1,24.444444,2
34645,12,14,6,0,22.72,0.0,32.34,9.2,3.72,0.07,96.3327,0,1,24.444444,2
34646,12,15,6,0,22.73,0.0,31.65,10.1,1.08,0.16,60.3058,0,1,24.444444,2
34647,12,16,6,0,22.71,0.0,31.03,9.1,2.16,0.06,15.6033,0,1,24.444444,2
34648,12,17,6,0,22.68,0.0,30.53,8.5,0.48,0.02,0.946184,0,1,24.444444,2
34649,12,18,6,0,22.7,0.0,30.34,10.0,1.92,0.18,0.0,0,1,24.444444,2
34650,12,19,6,0,22.71,0.0,30.61,10.3,3.0,0.27,0.0,0,1,24.444444,2
34651,12,20,6,0,22.72,0.0,30.77,11.3,5.52,0.35,0.0,0,1,24.444444,2
34652,12,21,6,0,22.7,0.0,30.93,9.5,4.56,0.13,0.0,0,1,24.444444,2
34653,12,22,6,0,22.71,0.0,30.99,11.2,3.48,0.32,0.0,0,1,24.444444,2
34654,12,23,6,0,22.7,0.0,30.91,11.6,0.72,0.3,0.0,0,1,24.444444,2
34655,12,24,6,0,22.7,0.0,30.96,11.7,2.4,0.3,0.0,0,1,24.444444,2
34656,12,1,7,0,22.6,0.0,31.28,5.2,0.24,0.0,0.0,0,1,24.444444,2
34657,12,2,7,0,22.57,0.0,31.36,5.1,0.36,0.0,0.0,0,1,24.444444,2
34658,12,3,7,0,22.53,0.0,31.41,3.6,0.6,0.0,0.0,0,1,24.444444,2
34659,12,4,7,0,22.54,0.0,31.22,5.3,0.48,0.0,0.0,0,1,24.444444,2
34660,12,5,7,0,22.51,0.0,31.05,3.4,0.6,0.0,0.0,0,1,24.444444,2
34661,12,6,7,0,22.5,0.0,31.1,3.5,3.48,0.0,0.0,0,1,24.444444,2
34662,12,7,7,0,22.49,0.0,31.15,3.4,4.68,0.0,0.0,0,1,24.444444,2
34663,12,8,7,0,22.5,0.0,31.25,3.5,4.68,0.0,49.2883,0,1,24.444444,2
34664,12,9,7,0,22.52,0.0,31.13,4.3,3.6,0.0,211.344,0,1,24.444444,2
34665,12,10,7,0,22.7,0.0,30.5,4.6,1.56,0.01,429.529,0,1,24.444444,2
34666,12,11,7,0,22.85,0.0,30.08,4.6,7.32,0.23,527.822,0,1,24.444444,2
34667,12,12,7,0,23.04,0.0,29.83,12.2,1.2,1.27,373.348,0,1,24.444444,2
34668,12,13,7,0,22.86,0.0,30.64,4.0,1.32,0.17,343.867,0,1,24.444444,2
34669,12,14,7,0,23.03,0.0,30.98,9.3,3.0,1.08,211.136,0,1,24.444444,2
34670,12,15,7,0,23.1,0.0,31.46,9.9,1.2,1.25,77.0772,0,1,24.444444,2
34671,12,16,7,0,23.26,0.0,31.76,9.8,3.0,2.0,231.224,0,1,24.444444,2
34672,12,17,7,0,23.31,0.0,32.79,11.2,1.32,2.16,99.9848,0,1,24.444444,2
34673,12,18,7,0,23.18,0.0,34.36,10.2,1.44,1.22,0.0,0,1,24.444444,2
34674,12,19,7,0,23.18,0.0,36.29,10.5,1.44,1.48,0.0,0,1,24.444444,2
34675,12,20,7,0,23.21,0.0,39.22,11.4,5.28,1.94,0.0,0,1,24.444444,2
34676,12,21,7,0,23.07,0.0,42.94,7.2,1.32,0.93,0.0,0,1,24.444444,2
34677,12,22,7,0,23.24,0.0,44.86,13.0,1.08,2.88,0.0,0,1,24.444444,2
34678,12,23,7,0,23.14,0.0,48.34,8.4,5.76,1.42,0.0,0,1,24.444444,2
34679,12,24,7,0,23.07,0.0,51.94,7.6,0.96,1.28,0.0,0,1,24.444444,2
34680,12,1,1,0,22.95,0.0,56.06,3.7,1.92,0.7,0.0,0,1,24.444444,2
34681,12,2,1,0,22.96,0.0,59.76,3.7,0.24,0.99,0.0,0,1,24.444444,2
34682,12,3,1,0,22.99,0.0,63.94,4.6,0.36,1.39,0.0,0,1,24.444444,2
34683,12,4,1,0,23.03,0.0,67.09,4.8,0.6,1.86,0.0,0,1,24.444444,2
34684,12,5,1,0,23.02,0.0,70.67,3.2,0.12,1.63,0.0,0,1,24.444444,2
34685,12,6,1,0,23.35,0.0,71.58,10.5,0.6,6.12,0.0,0,1,24.444444,2
34686,12,7,1,0,23.25,0.0,74.95,4.6,5.4,3.07,0.0,0,1,24.444444,2
34687,12,8,1,0,23.2,0.0,78.27,3.7,4.44,2.65,0.0,0,1,24.444444,2
34688,12,9,1,0,23.18,0.0,79.91,4.2,7.32,2.43,5.59689,0,1,24.444444,2
34689,12,10,1,0,23.16,0.0,80.33,3.7,9.48,2.11,5.62279,0,1,24.444444,2
34690,12,11,1,0,23.19,0.0,79.98,4.3,13.2,3.06,32.7476,0,1,24.444444,2
34691,12,12,1,0,23.23,0.0,79.25,4.1,13.92,3.56,98.9085,0,1,24.444444,2
34692,12,13,1,0,23.27,0.0,78.43,4.1,2.04,3.76,123.614,0,1,24.444444,2
34693,12,14,1,0,23.3,0.0,77.82,4.9,5.88,4.0,34.8399,0,1,24.444444,2
34694,12,15,1,0,23.67,0.0,74.21,12.6,12.0,10.77,39.8987,0,1,24.444444,2
34695,12,16,1,0,23.39,0.0,74.97,4.3,3.12,3.22,3.13501,0,1,24.444444,2
34696,12,17,1,0,23.34,0.0,75.97,4.8,4.8,3.63,0.0,0,1,24.444444,2
34697,12,18,1,0,23.39,0.0,76.29,5.4,4.56,4.43,0.0,0,1,24.444444,2
34698,12,19,1,0,23.42,0.0,76.8,5.0,3.36,4.78,0.0,0,1,24.444444,2
34699,12,20,1,0,23.45,0.0,77.05,5.7,2.52,5.01,0.0,0,1,24.444444,2
34700,12,21,1,0,23.41,0.0,77.02,5.1,4.56,4.18,0.0,0,1,24.444444,2
34701,12,22,1,0,23.61,0.0,74.54,10.8,1.44,9.61,0.0,0,1,24.444444,2
34702,12,23,1,0,23.54,0.0,73.49,7.3,3.0,5.29,0.0,0,1,24.444444,2
34703,12,24,1,0,23.42,0.0,73.87,5.3,0.84,3.68,0.0,0,1,24.444444,2
34704,12,1,2,0,23.37,0.0,74.25,4.9,0.6,3.42,0.0,0,1,24.444444,2
34705,12,2,2,0,23.35,0.0,74.4,5.3,1.8,3.61,0.0,0,1,24.444444,2
34706,12,3,2,0,23.32,0.0,75.07,4.0,0.6,3.23,0.0,0,1,24.444444,2
34707,12,4,2,0,23.31,0.0,76.25,3.4,1.32,3.0,0.0,0,1,24.444444,2
34708,12,5,2,0,23.27,0.0,76.79,3.3,0.12,2.59,0.0,0,1,24.444444,2
34709,12,6,2,0,23.24,0.0,76.52,3.6,0.12,2.52,0.0,0,1,24.444444,2
34710,12,7,2,0,23.26,0.0,75.82,4.5,1.56,3.16,0.0,0,1,24.444444,2
34711,12,8,2,0,23.27,0.0,75.52,4.8,1.56,3.12,0.0,0,1,24.444444,2
34712,12,9,2,0,23.2,0.0,75.85,3.6,4.8,1.88,0.0,0,1,24.444444,2
34713,12,10,2,0,23.16,0.0,76.18,3.8,12.24,1.7,0.0,0,1,24.444444,2
34714,12,11,2,0,23.19,0.0,75.43,4.3,12.72,2.64,84.2666,0,1,24.444444,2
34715,12,12,2,0,23.29,0.0,74.49,4.9,12.84,4.07,140.524,0,1,24.444444,2
34716,12,13,2,0,23.38,0.0,73.76,3.8,1.8,4.61,230.166,0,1,24.444444,2
34717,12,14,2,0,23.55,0.0,71.9,4.8,2.28,9.3,393.544,0,1,24.444444,2
34718,12,15,2,0,23.76,0.0,68.89,8.9,2.16,13.73,239.45,0,1,24.444444,2
34719,12,16,2,0,23.65,0.0,68.66,3.9,2.64,6.48,108.888,0,1,24.444444,2
34720,12,17,2,0,23.57,0.0,69.02,4.8,3.84,5.56,24.7148,0,1,24.444444,2
34721,12,18,2,0,23.52,0.0,69.11,5.1,9.96,5.15,0.0,0,1,24.444444,2
34722,12,19,2,0,23.5,0.0,68.98,4.7,5.88,4.81,0.0,0,1,24.444444,2
34723,12,20,2,0,23.53,0.0,68.36,6.6,2.76,5.96,0.0,0,1,24.444444,2
34724,12,21,2,0,23.7,0.0,66.37,11.1,3.6,10.7,0.0,0,1,24.444444,2
34725,12,22,2,0,23.59,0.0,66.76,5.4,2.52,5.04,0.0,0,1,24.444444,2
34726,12,23,2,0,23.53,0.0,68.44,5.4,1.8,4.8,0.0,0,1,24.444444,2
34727,12,24,2,0,23.6,0.0,68.57,8.9,1.92,7.43,0.0,0,1,24.444444,2
34728,12,1,3,0,23.41,0.0,69.83,3.9,1.8,3.05,0.0,0,1,24.444444,2
34729,12,2,3,0,23.37,0.0,70.89,4.4,0.96,3.27,0.0,0,1,24.444444,2
34730,12,3,3,0,23.36,0.0,71.47,4.8,0.12,3.35,0.0,0,1,24.444444,2
34731,12,4,3,0,23.47,0.0,70.95,8.1,6.36,5.28,0.0,0,1,24.444444,2
34732,12,5,3,0,23.42,0.0,71.37,6.0,0.12,3.87,0.0,0,1,24.444444,2
34733,12,6,3,0,23.33,0.0,72.71,3.8,0.96,2.51,0.0,0,1,24.444444,2
34734,12,7,3,0,23.35,0.0,73.45,5.3,1.32,3.75,0.0,0,1,24.444444,2
34735,12,8,3,0,23.51,0.0,72.74,4.1,16.08,7.31,62.0924,0,1,24.444444,2
34736,12,9,3,0,23.66,0.0,69.98,5.5,3.24,14.18,248.605,0,1,24.444444,2
34737,12,10,3,0,23.72,0.0,67.11,5.0,8.64,12.96,422.289,0,1,24.444444,2
34738,12,11,3,0,23.72,0.0,64.93,7.4,1.32,10.35,275.912,0,1,24.444444,2
34739,12,12,3,0,23.69,0.0,64.7,5.6,1.92,8.39,192.34,0,1,24.444444,2
34740,12,13,3,0,23.74,0.0,64.64,4.7,3.36,10.63,250.975,0,1,24.444444,2
34741,12,14,3,0,23.86,0.0,64.02,5.8,2.04,16.37,263.411,0,1,24.444444,2
34742,12,15,3,0,24.02,0.0,61.47,10.0,1.8,28.02,423.138,0,1,24.444444,2
34743,12,16,3,0,24.06,0.0,58.45,11.2,1.32,30.49,335.103,0,1,24.444444,2
34744,12,17,3,0,24.05,0.0,58.84,6.3,2.64,18.66,126.075,0,1,24.444444,2
34745,12,18,3,0,24.07,0.0,60.44,12.0,2.28,23.91,0.0,0,1,24.444444,2
34746,12,19,3,0,24.07,0.0,61.27,9.3,3.12,20.05,0.0,0,1,24.444444,2
34747,12,20,3,0,24.06,0.0,63.75,6.6,3.0,15.49,0.0,0,1,24.444444,2
34748,12,21,3,0,24.07,0.0,65.1,10.3,2.04,21.2,0.0,0,1,24.444444,2
34749,12,22,3,0,24.07,0.0,66.43,7.3,2.4,16.09,0.0,0,1,24.444444,2
34750,12,23,3,0,24.07,0.0,65.34,15.8,2.04,29.44,0.0,0,1,24.444444,2
34751,12,24,3,0,24.01,0.0,65.04,6.1,0.84,11.0,0.0,0,1,24.444444,2
34752,12,1,4,0,23.9,0.0,68.07,4.2,0.24,8.62,0.0,0,1,24.444444,2
34753,12,2,4,0,23.83,0.0,71.16,3.7,0.48,8.42,0.0,0,1,24.444444,2
34754,12,3,4,0,23.81,0.0,73.99,3.7,0.12,8.94,0.0,0,1,24.444444,2
34755,12,4,4,0,23.8,0.0,76.14,3.7,0.12,9.26,0.0,0,1,24.444444,2
34756,12,5,4,0,23.75,0.0,78.17,3.2,5.4,8.46,0.0,0,1,24.444444,2
34757,12,6,4,0,23.75,0.0,79.23,3.7,1.44,9.15,0.0,0,1,24.444444,2
34758,12,7,4,0,23.79,0.0,79.31,4.7,1.08,10.84,0.0,0,1,24.444444,2
34759,12,8,4,0,23.95,0.0,77.35,9.1,26.52,17.55,24.106,0,1,24.444444,2
34760,12,9,4,0,23.9,0.0,76.34,4.8,7.08,12.58,132.856,0,1,24.444444,2
34761,12,10,4,0,23.91,0.0,75.45,5.4,3.6,13.58,214.282,0,1,24.444444,2
34762,12,11,4,0,23.89,0.0,74.23,4.8,8.88,12.04,180.668,0,1,24.444444,2
34763,12,12,4,0,23.92,0.0,72.15,4.1,3.0,15.62,329.017,0,1,24.444444,2
34764,12,13,4,0,24.0,0.0,67.9,4.3,1.2,23.36,636.772,0,1,24.444444,2
34765,12,14,4,0,24.06,0.0,62.24,5.0,0.48,28.42,595.793,0,1,24.444444,2
34766,12,15,4,0,24.08,0.01,56.17,10.5,2.28,38.89,507.607,0,1,24.444444,2
34767,12,16,4,0,24.07,0.0,52.63,3.9,1.44,26.45,358.234,0,1,24.444444,2
34768,12,17,4,0,24.06,0.0,51.43,3.7,0.72,18.51,141.536,0,1,24.444444,2
34769,12,18,4,0,24.07,0.0,50.86,9.6,3.6,19.23,0.0,0,1,24.444444,2
34770,12,19,4,0,24.08,0.0,50.75,10.4,0.72,19.14,0.0,0,1,24.444444,2
34771,12,20,4,0,24.06,0.0,51.57,7.1,1.32,12.56,0.0,0,1,24.444444,2
34772,12,21,4,0,24.06,0.0,52.62,9.1,2.88,12.69,0.0,0,1,24.444444,2
34773,12,22,4,0,24.01,0.0,53.9,7.8,1.08,10.43,0.0,0,1,24.444444,2
34774,12,23,4,0,24.0,0.0,55.84,9.3,1.92,10.63,0.0,0,1,24.444444,2
34775,12,24,4,0,23.87,0.0,57.66,7.1,0.6,6.93,0.0,0,1,24.444444,2
34776,12,1,5,0,23.81,0.0,58.61,8.9,0.72,6.85,0.0,0,1,24.444444,2
34777,12,2,5,0,23.7,0.0,58.86,8.6,0.36,5.11,0.0,0,1,24.444444,2
34778,12,3,5,0,23.35,0.0,60.19,3.9,0.12,1.85,0.0,0,1,24.444444,2
34779,12,4,5,0,23.14,0.0,60.75,3.5,0.48,1.27,0.0,0,1,24.444444,2
34780,12,5,5,0,22.98,0.0,60.53,3.2,0.36,0.91,0.0,0,1,24.444444,2
34781,12,6,5,0,23.03,0.0,59.81,5.7,0.84,1.4,0.0,0,1,24.444444,2
34782,12,7,5,0,22.94,0.0,59.98,3.8,3.12,0.79,0.0,0,1,24.444444,2
34783,12,8,5,0,23.39,0.0,57.98,9.6,13.68,4.78,64.8589,0,1,24.444444,2
34784,12,9,5,0,23.66,0.0,56.45,9.9,6.84,11.01,260.82,0,1,24.444444,2
34785,12,10,5,0,23.74,0.0,56.02,7.5,5.4,13.33,427.729,0,1,24.444444,2
34786,12,11,5,0,23.83,0.0,55.04,9.2,4.08,17.8,544.572,0,1,24.444444,2
34787,12,12,5,0,23.89,0.0,53.39,8.5,6.48,19.06,605.634,0,1,24.444444,2
34788,12,13,5,0,23.93,0.0,52.38,8.0,0.6,18.13,487.869,0,1,24.444444,2
34789,12,14,5,0,24.0,0.0,51.87,9.7,3.48,17.68,183.52,0,1,24.444444,2
34790,12,15,5,0,24.04,0.0,52.39,9.4,1.32,19.41,183.808,0,1,24.444444,2
34791,12,16,5,0,24.05,0.0,52.74,9.6,1.8,24.51,336.897,0,1,24.444444,2
34792,12,17,5,0,24.06,0.0,53.47,9.1,1.56,19.21,118.559,0,1,24.444444,2
34793,12,18,5,0,24.06,0.0,55.41,8.8,2.52,15.75,0.0,0,1,24.444444,2
34794,12,19,5,0,24.07,0.0,56.8,11.2,3.12,20.16,0.0,0,1,24.444444,2
34795,12,20,5,0,24.07,0.0,58.76,9.5,1.56,17.1,0.0,0,1,24.444444,2
34796,12,21,5,0,24.07,0.0,60.06,12.0,4.08,20.41,0.0,0,1,24.444444,2
34797,12,22,5,0,24.07,0.0,59.84,15.5,3.36,25.5,0.0,0,1,24.444444,2
34798,12,23,5,0,24.07,0.0,60.97,10.8,0.72,17.88,0.0,0,1,24.444444,2
34799,12,24,5,0,24.07,0.0,62.76,10.4,1.32,16.26,0.0,0,1,24.444444,2
34800,12,1,6,0,24.03,0.0,64.65,8.4,0.36,12.32,0.0,0,1,24.444444,2
34801,12,2,6,0,24.01,0.0,66.08,8.6,0.48,12.09,0.0,0,1,24.444444,2
34802,12,3,6,0,23.99,0.0,67.12,8.4,0.24,11.36,0.0,0,1,24.444444,2
34803,12,4,6,0,23.96,0.0,68.23,7.9,0.36,10.45,0.0,0,1,24.444444,2
34804,12,5,6,0,23.96,0.0,68.95,8.4,0.36,10.86,0.0,0,1,24.444444,2
34805,12,6,6,0,23.74,0.0,71.47,3.1,0.6,5.11,0.0,0,1,24.444444,2
34806,12,7,6,0,23.87,0.0,71.71,8.4,5.52,11.2,0.0,0,1,24.444444,2
34807,12,8,6,0,23.97,0.0,69.32,10.3,18.48,20.62,58.7753,0,1,24.444444,2
34808,12,9,6,0,24.01,0.0,66.55,9.4,18.36,24.57,246.112,0,1,24.444444,2
34809,12,10,6,0,24.05,0.0,64.34,9.7,3.48,25.14,387.856,0,1,24.444444,2
34810,12,11,6,0,24.07,0.0,63.2,9.8,10.08,25.02,363.378,0,1,24.444444,2
34811,12,12,6,0,24.07,0.0,61.76,8.5,2.76,26.01,310.827,0,1,24.444444,2
34812,12,13,6,0,24.07,0.0,59.32,9.2,4.92,30.07,369.736,0,1,24.444444,2
34813,12,14,6,0,24.07,0.0,57.86,8.8,1.2,28.32,238.165,0,1,24.444444,2
34814,12,15,6,0,24.07,0.0,57.63,9.4,1.8,30.44,174.84,0,1,24.444444,2
34815,12,16,6,0,24.07,0.0,56.77,10.7,3.6,37.43,343.821,0,1,24.444444,2
34816,12,17,6,0,24.07,0.0,57.0,7.8,1.92,26.63,129.156,0,1,24.444444,2
34817,12,18,6,0,24.07,0.0,58.96,8.9,0.72,23.39,0.0,0,1,24.444444,2
34818,12,19,6,0,24.07,0.0,59.98,11.3,4.8,27.03,0.0,0,1,24.444444,2
34819,12,20,6,0,24.07,0.0,60.58,12.0,2.76,26.16,0.0,0,1,24.444444,2
34820,12,21,6,0,24.07,0.0,61.1,11.3,0.72,22.95,0.0,0,1,24.444444,2
34821,12,22,6,0,24.07,0.0,61.77,11.0,3.96,21.79,0.0,0,1,24.444444,2
34822,12,23,6,0,24.07,0.0,63.1,10.2,1.56,19.36,0.0,0,1,24.444444,2
34823,12,24,6,0,24.07,0.0,63.66,12.7,2.28,23.03,0.0,0,1,24.444444,2
34824,12,1,7,0,23.95,0.0,66.91,3.6,0.6,9.11,0.0,0,1,24.444444,2
34825,12,2,7,0,23.98,0.0,70.17,6.3,0.6,12.21,0.0,0,1,24.444444,2
34826,12,3,7,0,23.87,0.0,73.05,3.3,0.24,8.37,0.0,0,1,24.444444,2
34827,12,4,7,0,23.81,0.0,75.6,3.6,0.6,8.58,0.0,0,1,24.444444,2
34828,12,5,7,0,23.76,0.0,77.11,3.4,0.0,8.11,0.0,0,1,24.444444,2
34829,12,6,7,0,23.74,0.0,77.69,3.7,0.84,8.19,0.0,0,1,24.444444,2
34830,12,7,7,0,23.72,0.0,78.36,3.4,3.24,8.15,0.0,0,1,24.444444,2
34831,12,8,7,0,23.84,0.0,77.02,6.7,12.24,12.77,32.8735,0,1,24.444444,2
34832,12,9,7,0,23.77,0.0,74.6,4.4,8.64,9.03,151.52,0,1,24.444444,2
34833,12,10,7,0,23.77,0.0,71.09,4.4,5.64,10.58,270.406,0,1,24.444444,2
34834,12,11,7,0,23.81,0.0,65.98,3.7,4.44,11.65,406.762,0,1,24.444444,2
34835,12,12,7,0,23.96,0.0,60.83,10.6,1.92,17.11,336.543,0,1,24.444444,2
34836,12,13,7,0,23.97,0.0,56.36,9.5,4.32,13.77,296.219,0,1,24.444444,2
34837,12,14,7,0,24.01,0.0,52.49,9.1,3.96,15.46,393.369,0,1,24.444444,2
34838,12,15,7,0,24.07,0.0,48.6,12.0,1.56,21.82,497.72,0,1,24.444444,2
34839,12,16,7,0,24.05,0.0,46.43,9.2,2.28,16.27,336.347,0,1,24.444444,2
34840,12,17,7,0,23.86,0.0,45.78,5.5,0.72,7.96,119.824,0,1,24.444444,2
34841,12,18,7,0,23.93,0.0,44.8,13.0,1.56,10.18,0.0,0,1,24.444444,2
34842,12,19,7,0,23.91,0.0,44.63,11.9,0.84,8.2,0.0,0,1,24.444444,2
34843,12,20,7,0,23.77,0.0,45.13,10.8,2.4,5.58,0.0,0,1,24.444444,2
34844,12,21,7,0,23.53,0.0,45.68,8.2,4.44,2.75,0.0,0,1,24.444444,2
34845,12,22,7,0,23.57,0.0,45.14,11.5,1.44,4.07,0.0,0,1,24.444444,2
34846,12,23,7,0,23.44,0.0,45.13,9.5,2.4,2.45,0.0,0,1,24.444444,2
34847,12,24,7,0,23.31,0.0,45.34,9.6,1.08,1.95,0.0,0,1,24.444444,2
34848,12,1,1,0,22.97,0.0,46.29,4.3,2.16,0.36,0.0,0,1,24.444444,2
34849,12,2,1,0,22.81,0.0,46.59,3.6,0.6,0.15,0.0,0,1,24.444444,2
34850,12,3,1,0,22.75,0.0,46.35,3.7,0.0,0.05,0.0,0,1,24.444444,2
34851,12,4,1,0,22.71,0.0,46.11,3.4,0.24,0.0,0.0,0,1,24.444444,2
34852,12,5,1,0,22.68,0.0,45.77,3.8,0.24,0.0,0.0,0,1,24.444444,2
34853,12,6,1,0,22.67,0.0,45.62,4.7,0.36,0.0,0.0,0,1,24.444444,2
34854,12,7,1,0,22.64,0.0,45.52,3.5,4.8,0.0,0.0,0,1,24.444444,2
34855,12,8,1,0,22.71,0.0,45.28,5.0,3.24,0.02,61.0189,0,1,24.444444,2
34856,12,9,1,0,22.87,0.0,44.57,2.9,9.36,0.18,256.534,0,1,24.444444,2
34857,12,10,1,0,23.06,0.0,43.56,4.6,11.64,2.1,440.178,0,1,24.444444,2
34858,12,11,1,0,23.23,0.0,42.58,6.4,17.4,4.41,571.254,0,1,24.444444,2
34859,12,12,1,0,23.28,0.0,42.15,3.4,14.4,4.86,643.332,0,1,24.444444,2
34860,12,13,1,0,23.39,0.0,41.78,4.6,2.76,7.25,659.232,0,1,24.444444,2
34861,12,14,1,0,23.53,0.0,41.45,5.8,8.88,9.59,622.524,0,1,24.444444,2
34862,12,15,1,0,23.74,0.0,40.53,11.1,3.48,16.06,520.927,0,1,24.444444,2
34863,12,16,1,0,23.7,0.0,40.15,5.4,6.48,11.62,362.549,0,1,24.444444,2
34864,12,17,1,0,23.66,0.0,39.76,5.9,11.88,8.37,138.57,0,1,24.444444,2
34865,12,18,1,0,23.59,0.0,39.86,6.7,3.12,5.42,0.0,0,1,24.444444,2
34866,12,19,1,0,23.57,0.0,40.35,6.6,4.68,4.69,0.0,0,1,24.444444,2
34867,12,20,1,0,23.56,0.0,40.82,9.1,2.64,4.96,0.0,0,1,24.444444,2
34868,12,21,1,0,23.47,0.0,40.73,8.0,2.28,2.86,0.0,0,1,24.444444,2
34869,12,22,1,0,23.3,0.0,40.54,6.7,4.44,1.57,0.0,0,1,24.444444,2
34870,12,23,1,0,23.17,0.0,40.36,7.0,5.16,1.19,0.0,0,1,24.444444,2
34871,12,24,1,0,23.03,0.0,39.67,7.2,1.2,0.81,0.0,0,1,24.444444,2
34872,12,1,8,0,22.87,0.0,38.86,6.5,0.96,0.33,0.0,0,1,24.444444,2
34873,12,2,8,0,22.71,0.0,38.06,3.4,0.6,0.0,0.0,0,1,24.444444,2
34874,12,3,8,0,22.64,0.0,37.06,3.9,0.6,0.0,0.0,0,1,24.444444,2
34875,12,4,8,0,22.6,0.0,36.17,3.2,2.64,0.0,0.0,0,1,24.444444,2
34876,12,5,8,0,22.58,0.0,35.33,4.7,0.6,0.0,0.0,0,1,24.444444,2
34877,12,6,8,0,22.54,0.0,34.4,3.6,0.36,0.0,0.0,0,1,24.444444,2
34878,12,7,8,0,22.52,0.0,33.11,3.9,1.32,0.0,0.0,0,1,24.444444,2
34879,12,8,8,0,22.52,0.0,30.67,4.0,4.92,0.0,68.3946,0,1,24.444444,2
34880,12,9,8,0,22.6,0.0,28.22,3.5,8.4,0.0,285.327,0,1,24.444444,2
34881,12,10,8,0,22.76,0.0,25.83,3.7,6.96,0.05,479.742,0,1,24.444444,2
34882,12,11,8,0,22.84,0.0,23.85,4.2,14.16,0.36,625.927,0,1,24.444444,2
34883,12,12,8,0,22.9,0.0,22.29,3.8,12.72,0.88,694.891,0,1,24.444444,2
34884,12,13,8,0,23.01,0.0,21.13,4.3,5.64,1.54,710.33,0,1,24.444444,2
34885,12,14,8,0,23.15,0.0,20.19,4.2,1.32,2.42,657.456,0,1,24.444444,2
34886,12,15,8,0,23.43,0.0,19.51,11.1,1.44,6.95,559.166,0,1,24.444444,2
34887,12,16,8,0,23.45,0.0,19.2,6.8,4.2,4.85,395.066,0,1,24.444444,2
34888,12,17,8,0,23.32,0.0,19.17,4.9,3.36,1.81,158.649,0,1,24.444444,2
34889,12,18,8,0,22.97,0.0,19.73,4.7,4.08,0.56,0.0,0,1,24.444444,2
34890,12,19,8,0,22.86,0.0,20.73,4.6,3.96,0.4,0.0,0,1,24.444444,2
34891,12,20,8,0,22.85,0.0,21.96,7.5,1.68,0.5,0.0,0,1,24.444444,2
34892,12,21,8,0,22.99,0.0,22.93,12.5,3.72,1.09,0.0,0,1,24.444444,2
34893,12,22,8,0,22.89,0.0,24.2,9.9,3.48,0.5,0.0,0,1,24.444444,2
34894,12,23,8,0,22.68,0.0,25.68,4.1,3.48,0.0,0.0,0,1,24.444444,2
34895,12,24,8,0,22.66,0.0,26.78,5.6,2.16,0.0,0.0,0,1,24.444444,2
34896,12,1,3,0,22.63,0.0,27.81,4.9,0.36,0.0,0.0,0,1,24.444444,2
34897,12,2,3,0,22.58,0.0,28.21,3.9,0.72,0.0,0.0,0,1,24.444444,2
34898,12,3,3,0,22.55,0.0,29.15,3.5,0.36,0.0,0.0,0,1,24.444444,2
34899,12,4,3,0,22.54,0.0,30.72,3.7,0.48,0.0,0.0,0,1,24.444444,2
34900,12,5,3,0,22.54,0.0,32.11,4.0,0.24,0.0,0.0,0,1,24.444444,2
34901,12,6,3,0,22.53,0.0,33.31,3.7,2.04,0.0,0.0,0,1,24.444444,2
34902,12,7,3,0,22.52,0.0,34.29,3.6,6.12,0.0,0.0,0,1,24.444444,2
34903,12,8,3,0,22.53,0.0,35.16,4.2,5.04,0.0,56.0786,0,1,24.444444,2
34904,12,9,3,0,22.51,0.0,35.66,4.0,5.76,0.0,74.3195,0,1,24.444444,2
34905,12,10,3,0,22.51,0.0,35.74,4.5,9.12,0.0,122.885,0,1,24.444444,2
34906,12,11,3,0,22.6,0.0,35.72,6.7,1.8,0.0,359.949,0,1,24.444444,2
34907,12,12,3,0,22.71,0.0,35.37,11.4,5.64,0.06,82.105,0,1,24.444444,2
34908,12,13,3,0,22.62,0.0,35.69,4.3,5.76,0.0,125.963,0,1,24.444444,2
34909,12,14,3,0,22.64,0.0,36.4,4.2,7.08,0.0,224.83,0,1,24.444444,2
34910,12,15,3,0,23.06,0.0,36.24,10.6,1.08,1.66,398.419,0,1,24.444444,2
34911,12,16,3,0,23.35,0.0,36.92,11.5,2.28,3.53,343.22,0,1,24.444444,2
34912,12,17,3,0,23.05,0.0,39.47,3.9,3.0,0.51,120.449,0,1,24.444444,2
34913,12,18,3,0,23.09,0.0,41.59,11.3,1.56,1.59,0.0,0,1,24.444444,2
34914,12,19,3,0,23.19,0.0,43.97,11.5,2.16,2.03,0.0,0,1,24.444444,2
34915,12,20,3,0,23.01,0.0,47.53,6.8,3.6,0.74,0.0,0,1,24.444444,2
34916,12,21,3,0,22.97,0.0,49.39,8.6,4.8,0.95,0.0,0,1,24.444444,2
34917,12,22,3,0,22.9,0.0,50.58,8.1,2.88,0.57,0.0,0,1,24.444444,2
34918,12,23,3,0,22.89,0.0,50.58,10.1,1.44,0.78,0.0,0,1,24.444444,2
34919,12,24,3,0,23.25,0.0,48.81,20.1,1.2,3.57,0.0,0,1,24.444444,2
34920,12,1,4,0,22.78,0.0,49.99,4.4,0.48,0.0,0.0,0,1,24.444444,2
34921,12,2,4,0,22.66,0.0,50.36,3.5,0.72,0.0,0.0,0,1,24.444444,2
34922,12,3,4,0,22.63,0.0,50.12,4.0,0.36,0.0,0.0,0,1,24.444444,2
34923,12,4,4,0,22.59,0.0,49.24,4.1,0.12,0.0,0.0,0,1,24.444444,2
34924,12,5,4,0,22.57,0.0,48.25,3.4,2.04,0.0,0.0,0,1,24.444444,2
34925,12,6,4,0,22.56,0.0,47.47,3.6,2.76,0.0,0.0,0,1,24.444444,2
34926,12,7,4,0,22.54,0.0,46.59,3.7,2.4,0.0,0.0,0,1,24.444444,2
34927,12,8,4,0,22.53,0.0,45.35,3.8,22.32,0.0,51.5395,0,1,24.444444,2
34928,12,9,4,0,22.54,0.0,43.7,5.4,12.24,0.0,165.771,0,1,24.444444,2
34929,12,10,4,0,22.52,0.0,41.95,5.5,4.2,0.0,35.5697,0,1,24.444444,2
34930,12,11,4,0,22.51,0.0,40.69,5.4,1.68,0.0,91.8905,0,1,24.444444,2
34931,12,12,4,0,22.49,0.0,39.78,4.6,2.28,0.0,91.3912,0,1,24.444444,2
34932,12,13,4,0,22.48,0.0,39.0,4.6,6.12,0.0,117.339,0,1,24.444444,2
34933,12,14,4,0,22.48,0.0,38.22,4.3,1.44,0.0,91.3717,0,1,24.444444,2
34934,12,15,4,0,22.53,0.0,37.73,10.0,0.24,0.0,52.8793,0,1,24.444444,2
34935,12,16,4,0,22.5,0.0,37.63,4.0,1.8,0.0,16.5919,0,1,24.444444,2
34936,12,17,4,0,22.48,0.0,37.34,4.6,0.84,0.0,0.97925,0,1,24.444444,2
34937,12,18,4,0,22.54,0.0,37.03,9.2,3.84,0.0,0.0,0,1,24.444444,2
34938,12,19,4,0,22.59,0.0,37.02,10.2,3.6,0.0,0.0,0,1,24.444444,2
34939,12,20,4,0,22.57,0.0,37.02,8.4,5.04,0.0,0.0,0,1,24.444444,2
34940,12,21,4,0,22.59,0.0,36.46,10.3,11.28,0.0,0.0,0,1,24.444444,2
34941,12,22,4,0,22.57,0.0,36.26,7.4,1.56,0.0,0.0,0,1,24.444444,2
34942,12,23,4,0,22.54,0.0,36.37,6.9,1.08,0.0,0.0,0,1,24.444444,2
34943,12,24,4,0,22.53,0.0,36.63,6.5,0.6,0.0,0.0,0,1,24.444444,2
34944,12,1,5,0,22.56,0.0,36.58,9.1,0.24,0.0,0.0,0,1,24.444444,2
34945,12,2,5,0,22.55,0.0,36.17,8.4,0.6,0.0,0.0,0,1,24.444444,2
34946,12,3,5,0,22.49,0.0,36.06,3.3,0.12,0.0,0.0,0,1,24.444444,2
34947,12,4,5,0,22.48,0.0,35.82,5.4,0.6,0.0,0.0,0,1,24.444444,2
34948,12,5,5,0,22.48,0.0,35.46,3.3,0.12,0.0,0.0,0,1,24.444444,2
34949,12,6,5,0,22.48,0.0,34.98,4.5,1.08,0.0,0.0,0,1,24.444444,2
34950,12,7,5,0,22.48,0.0,35.06,4.5,4.8,0.0,0.0,0,1,24.444444,2
34951,12,8,5,0,22.48,0.0,35.34,7.5,12.48,0.0,0.0,0,1,24.444444,2
34952,12,9,5,0,22.48,0.0,35.34,8.7,4.44,0.0,36.4346,0,1,24.444444,2
34953,12,10,5,0,22.49,0.0,34.83,9.2,4.8,0.0,66.2274,0,1,24.444444,2
34954,12,11,5,0,22.49,0.0,34.4,8.9,5.16,0.0,110.668,0,1,24.444444,2
34955,12,12,5,0,22.54,0.0,34.08,10.4,1.8,0.0,249.202,0,1,24.444444,2
34956,12,13,5,0,22.52,0.0,33.96,7.4,0.84,0.0,211.302,0,1,24.444444,2
34957,12,14,5,0,22.54,0.0,33.81,9.6,1.92,0.0,126.384,0,1,24.444444,2
34958,12,15,5,0,22.57,0.0,33.78,9.7,2.04,0.0,82.7607,0,1,24.444444,2
34959,12,16,5,0,22.68,0.0,33.77,9.7,1.32,0.0,269.493,0,1,24.444444,2
34960,12,17,5,0,22.68,0.0,34.06,8.4,2.64,0.0,132.033,0,1,24.444444,2
34961,12,18,5,0,22.62,0.0,34.78,9.1,1.32,0.0,0.0,0,1,24.444444,2
34962,12,19,5,0,22.66,0.0,35.73,9.9,2.88,0.0,0.0,0,1,24.444444,2
34963,12,20,5,0,22.67,0.0,36.66,9.4,2.16,0.0,0.0,0,1,24.444444,2
34964,12,21,5,0,22.67,0.0,36.99,9.3,2.16,0.0,0.0,0,1,24.444444,2
34965,12,22,5,0,22.72,0.0,36.73,12.8,1.68,0.34,0.0,0,1,24.444444,2
34966,12,23,5,0,22.69,0.0,36.21,10.5,0.6,0.06,0.0,0,1,24.444444,2
34967,12,24,5,0,22.69,0.0,35.61,10.7,0.36,0.11,0.0,0,1,24.444444,2
34968,12,1,6,0,22.7,0.0,35.01,12.0,0.0,0.25,0.0,0,1,24.444444,2
34969,12,2,6,0,22.65,0.0,34.61,8.6,0.6,0.0,0.0,0,1,24.444444,2
34970,12,3,6,0,22.62,0.0,34.07,8.4,0.0,0.0,0.0,0,1,24.444444,2
34971,12,4,6,0,22.63,0.0,33.28,9.8,0.0,0.0,0.0,0,1,24.444444,2
34972,12,5,6,0,22.59,0.0,32.66,8.0,2.28,0.0,0.0,0,1,24.444444,2
34973,12,6,6,0,22.53,0.0,32.21,5.0,1.92,0.0,0.0,0,1,24.444444,2
34974,12,7,6,0,22.54,0.0,31.47,8.4,2.76,0.0,0.0,0,1,24.444444,2
34975,12,8,6,0,22.57,0.0,30.56,8.8,15.48,0.0,0.0,0,1,24.444444,2
34976,12,9,6,0,22.74,0.0,29.03,10.1,8.76,0.07,268.619,0,1,24.444444,2
34977,12,10,6,0,22.92,0.0,27.0,9.9,3.36,0.51,469.27,0,1,24.444444,2
34978,12,11,6,0,23.03,0.0,25.54,9.3,11.16,1.21,604.28,0,1,24.444444,2
34979,12,12,6,0,23.22,0.0,24.34,13.9,5.52,4.07,682.242,0,1,24.444444,2
34980,12,13,6,0,23.24,0.0,23.72,9.1,1.32,3.61,697.475,0,1,24.444444,2
34981,12,14,6,0,23.33,0.0,22.91,9.3,3.48,5.16,657.462,0,1,24.444444,2
34982,12,15,6,0,23.46,0.0,22.21,10.3,0.6,7.58,545.9,0,1,24.444444,2
34983,12,16,6,0,23.5,0.0,22.08,9.1,0.84,7.61,377.92,0,1,24.444444,2
34984,12,17,6,0,23.47,0.0,22.49,8.7,3.0,4.59,166.265,0,1,24.444444,2
34985,12,18,6,0,23.33,0.0,23.56,9.1,1.44,1.64,0.949855,0,1,24.444444,2
34986,12,19,6,0,23.3,0.0,24.96,9.9,3.12,1.91,0.0,0,1,24.444444,2
34987,12,20,6,0,23.31,0.0,26.21,9.8,6.72,1.79,0.0,0,1,24.444444,2
34988,12,21,6,0,23.31,0.0,27.66,11.0,2.04,1.9,0.0,0,1,24.444444,2
34989,12,22,6,0,23.28,0.0,29.09,11.5,1.08,1.74,0.0,0,1,24.444444,2
34990,12,23,6,0,23.18,0.0,30.49,10.7,2.04,1.22,0.0,0,1,24.444444,2
34991,12,24,6,0,23.24,0.0,31.75,14.1,1.32,2.08,0.0,0,1,24.444444,2
34992,12,1,7,0,22.9,0.0,33.49,5.8,1.2,0.13,0.0,0,1,24.444444,2
34993,12,2,7,0,22.77,0.0,34.95,7.0,0.24,0.18,0.0,0,1,24.444444,2
34994,12,3,7,0,22.7,0.0,36.1,5.0,0.12,0.0,0.0,0,1,24.444444,2
34995,12,4,7,0,22.66,0.0,36.64,4.6,0.84,0.0,0.0,0,1,24.444444,2
34996,12,5,7,0,22.66,0.0,36.71,5.2,0.84,0.0,0.0,0,1,24.444444,2
34997,12,6,7,0,22.61,0.0,37.15,4.0,1.2,0.0,0.0,0,1,24.444444,2
34998,12,7,7,0,22.6,0.0,37.31,5.2,8.04,0.0,0.0,0,1,24.444444,2
34999,12,8,7,0,22.65,0.0,37.63,3.7,7.44,0.0,0.0,0,1,24.444444,2
35000,12,9,7,0,22.89,0.0,37.28,4.7,5.28,0.23,254.711,0,1,24.444444,2
35001,12,10,7,0,23.04,0.0,37.4,4.0,13.8,1.12,391.076,0,1,24.444444,2
35002,12,11,7,0,23.11,0.0,37.27,4.1,3.12,2.0,452.756,0,1,24.444444,2
35003,12,12,7,0,23.24,0.0,36.89,5.1,2.28,3.66,510.492,0,1,24.444444,2
35004,12,13,7,0,23.33,0.0,36.59,4.2,1.56,4.61,600.741,0,1,24.444444,2
35005,12,14,7,0,23.52,0.0,36.46,9.4,4.56,6.8,329.598,0,1,24.444444,2
35006,12,15,7,0,23.67,0.0,36.49,10.3,0.48,11.1,442.1,0,1,24.444444,2
35007,12,16,7,0,23.75,0.0,36.93,10.5,1.68,12.63,380.95,0,1,24.444444,2
35008,12,17,7,0,23.58,0.0,38.05,4.2,1.68,5.44,161.821,0,1,24.444444,2
35009,12,18,7,0,23.58,0.0,39.09,10.1,4.08,5.93,0.334195,0,1,24.444444,2
35010,12,19,7,0,23.6,0.0,40.01,10.5,5.88,5.99,0.0,0,1,24.444444,2
35011,12,20,7,0,23.55,0.0,41.3,9.2,7.92,4.58,0.0,0,1,24.444444,2
35012,12,21,7,0,23.56,0.0,42.12,10.9,3.12,5.2,0.0,0,1,24.444444,2
35013,12,22,7,0,23.51,0.0,43.12,10.3,3.36,3.97,0.0,0,1,24.444444,2
35014,12,23,7,0,23.34,0.0,45.37,7.5,3.0,1.77,0.0,0,1,24.444444,2
35015,12,24,7,0,23.34,0.0,46.93,10.4,1.92,2.44,0.0,0,1,24.444444,2
35016,12,1,1,0,23.0,0.0,48.56,5.3,0.72,0.42,0.0,0,1,24.444444,2
35017,12,2,1,0,22.74,0.0,49.23,2.9,0.24,0.0,0.0,0,1,24.444444,2
35018,12,3,1,0,22.71,0.0,49.06,4.6,0.12,0.0,0.0,0,1,24.444444,2
35019,12,4,1,0,22.66,0.0,48.24,4.4,0.48,0.0,0.0,0,1,24.444444,2
35020,12,5,1,0,22.62,0.0,47.0,4.1,0.36,0.0,0.0,0,1,24.444444,2
35021,12,6,1,0,22.56,0.0,45.96,3.2,5.4,0.0,0.0,0,1,24.444444,2
35022,12,7,1,0,22.53,0.0,44.46,3.8,3.72,0.0,0.0,0,1,24.444444,2
35023,12,8,1,0,22.54,0.0,43.2,4.1,4.68,0.0,0.0,0,1,24.444444,2
35024,12,9,1,0,22.64,0.0,41.69,5.6,4.32,0.0,240.845,0,1,24.444444,2
35025,12,10,1,0,22.67,0.0,40.43,4.0,9.0,0.0,316.824,0,1,24.444444,2
35026,12,11,1,0,22.58,0.0,39.15,4.0,10.56,0.0,53.5757,0,1,24.444444,2
35027,12,12,1,0,22.59,0.0,37.07,5.5,12.24,0.0,53.703,0,1,24.444444,2
35028,12,13,1,0,22.57,0.0,35.05,4.3,3.48,0.0,60.7576,0,1,24.444444,2
35029,12,14,1,0,22.56,0.0,33.53,4.7,6.72,0.0,41.0094,0,1,24.444444,2
35030,12,15,1,0,22.64,0.0,32.16,10.1,5.76,0.0,49.9113,0,1,24.444444,2
35031,12,16,1,0,22.57,0.0,31.24,4.6,3.6,0.0,32.0975,0,1,24.444444,2
35032,12,17,1,0,22.54,0.0,29.99,7.0,5.52,0.0,7.95811,0,1,24.444444,2
35033,12,18,1,0,22.49,0.0,29.05,4.2,8.16,0.0,0.0,0,1,24.444444,2
35034,12,19,1,0,22.48,0.0,28.53,5.0,1.92,0.0,0.0,0,1,24.444444,2
35035,12,20,1,0,22.49,0.0,27.86,7.0,3.0,0.0,0.0,0,1,24.444444,2
35036,12,21,1,0,22.48,0.0,26.65,7.3,2.76,0.0,0.0,0,1,24.444444,2
35037,12,22,1,0,22.5,0.0,25.36,10.6,2.16,0.0,0.0,0,1,24.444444,2
35038,12,23,1,0,22.48,0.0,24.4,5.5,1.68,0.0,0.0,0,1,24.444444,2
35039,12,24,1,0,22.48,0.0,23.31,6.2,4.92,0.0,0.0,0,1,24.444444,2
